0.0	43.06	44.86666666666667	45.24666666666667	45.473333333333336	45.36666666666667	45.56	45.806666666666665	45.733333333333334	45.36666666666667	45.61333333333334	45.76	45.89333333333333	45.29333333333334	45.17333333333333	45.486666666666665	45.28666666666667	45.32	45.48	45.71333333333333	45.93333333333333	45.39333333333333	45.54	45.54666666666667	45.46666666666667	45.20666666666666	45.46666666666667	45.733333333333334	45.733333333333334	45.82666666666667	45.766666666666666	45.72666666666667	45.56	45.14	44.61333333333334	42.96	0.0
0.0	43.193333333333335	44.77333333333333	45.093333333333334	45.486666666666665	45.82	45.61333333333334	45.49333333333333	45.44	45.46666666666667	45.72	45.62	45.86	45.413333333333334	45.593333333333334	45.92666666666667	45.9	45.68	45.873333333333335	45.593333333333334	45.513333333333335	45.57333333333333	45.76	45.9	45.54666666666667	45.6	45.58	45.413333333333334	45.693333333333335	45.39333333333333	45.75333333333333	45.57333333333333	45.58	45.32	44.8	43.0	0.0
0.0	43.28	45.04	45.29333333333334	45.406666666666666	45.553333333333335	45.666666666666664	45.28	45.88666666666666	45.68666666666667	45.66	45.86666666666667	45.53333333333333	45.733333333333334	45.71333333333333	45.593333333333334	45.79333333333334	45.56666666666667	45.70666666666666	45.27333333333333	45.54666666666667	45.44	45.70666666666666	45.75333333333333	45.26	45.60666666666667	45.653333333333336	45.486666666666665	45.42666666666667	45.49333333333333	45.526666666666664	45.17333333333333	45.586666666666666	45.17333333333333	44.68	43.18666666666667	0.0
0.0	43.26	44.693333333333335	45.12	45.42	45.306666666666665	45.306666666666665	45.473333333333336	45.58	45.306666666666665	45.553333333333335	45.44	45.593333333333334	45.586666666666666	45.693333333333335	45.28666666666667	45.526666666666664	45.49333333333333	45.48	45.44	45.72666666666667	45.46	45.27333333333333	45.70666666666666	45.29333333333334	45.34	45.68	45.39333333333333	45.413333333333334	45.64666666666667	45.42	45.45333333333333	45.22666666666667	44.96	44.666666666666664	43.34	0.0
0.0	43.28	44.42666666666667	44.986666666666665	45.18	45.24	45.07333333333333	45.48	45.086666666666666	45.48	45.29333333333334	45.266666666666666	45.29333333333334	45.54	45.2	45.20666666666666	45.26	45.35333333333333	45.53333333333333	45.053333333333335	45.21333333333333	45.373333333333335	45.3	45.36	45.18666666666667	45.04666666666667	45.086666666666666	44.99333333333333	45.48	45.38	45.306666666666665	45.473333333333336	44.986666666666665	44.96	44.32666666666667	43.14	0.0
0.0	43.1	44.8	45.153333333333336	45.18	45.193333333333335	45.25333333333333	45.20666666666666	45.06	45.4	45.28666666666667	45.45333333333333	45.61333333333334	45.48	45.32666666666667	45.21333333333333	45.56	45.31333333333333	45.373333333333335	45.026666666666664	45.38666666666666	45.52	45.50666666666667	45.36666666666667	45.22666666666667	45.446666666666665	45.53333333333333	45.34	45.593333333333334	45.18	45.07333333333333	45.29333333333334	45.26	45.026666666666664	44.593333333333334	43.06	0.0
0.0	43.17333333333333	44.553333333333335	45.28	45.50666666666667	45.846666666666664	45.833333333333336	45.14666666666667	45.413333333333334	45.56666666666667	45.626666666666665	45.513333333333335	45.49333333333333	45.78	45.62	45.22	45.57333333333333	45.653333333333336	45.86666666666667	45.39333333333333	45.57333333333333	45.413333333333334	45.4	45.54	45.64666666666667	46.00666666666667	45.45333333333333	45.49333333333333	45.58	45.46666666666667	45.64	45.513333333333335	45.56666666666667	45.18666666666667	44.4	43.22666666666667	0.0
0.0	43.126666666666665	44.526666666666664	44.8	45.26	45.38666666666666	45.306666666666665	45.03333333333333	45.406666666666666	45.35333333333333	45.50666666666667	45.593333333333334	45.54	45.18666666666667	45.166666666666664	45.333333333333336	45.413333333333334	45.266666666666666	45.446666666666665	45.74666666666667	45.32666666666667	45.693333333333335	45.31333333333333	45.54	45.6	45.27333333333333	45.22	45.4	45.653333333333336	45.446666666666665	45.346666666666664	45.266666666666666	45.233333333333334	45.02	44.513333333333335	42.79333333333334	0.0
0.0	42.96	44.44	44.86666666666667	45.28666666666667	45.193333333333335	45.35333333333333	45.053333333333335	45.2	45.21333333333333	45.333333333333336	45.513333333333335	45.35333333333333	45.26	45.32666666666667	45.32	45.54	45.46666666666667	45.24666666666667	45.2	45.526666666666664	45.193333333333335	45.27333333333333	45.04	45.266666666666666	45.06666666666667	45.12	44.96	45.306666666666665	45.0	45.18	45.446666666666665	45.333333333333336	45.1	44.49333333333333	42.88666666666666	0.0
0.0	43.153333333333336	44.60666666666667	44.72666666666667	45.166666666666664	45.126666666666665	45.02	44.96666666666667	44.94	44.96	45.086666666666666	44.99333333333333	44.98	45.166666666666664	45.3	45.24666666666667	45.44	45.18666666666667	45.16	45.086666666666666	45.26	45.32	45.36	45.18666666666667	45.1	45.086666666666666	45.166666666666664	45.126666666666665	45.04666666666667	45.013333333333335	45.193333333333335	45.17333333333333	45.03333333333333	44.88666666666666	44.6	43.14666666666667	0.0
0.0	43.03333333333333	44.43333333333333	45.32	45.24	45.5	45.35333333333333	45.306666666666665	45.126666666666665	45.26	45.346666666666664	45.446666666666665	45.54	45.553333333333335	45.34	45.666666666666664	45.58	45.68	45.913333333333334	45.42666666666667	45.193333333333335	45.17333333333333	45.36	45.45333333333333	45.22	45.32	45.5	45.553333333333335	45.553333333333335	45.38666666666666	45.5	45.64	45.48	44.96666666666667	44.6	43.013333333333335	0.0
0.0	43.32666666666667	44.54666666666667	44.906666666666666	45.00666666666667	45.17333333333333	45.43333333333333	45.373333333333335	45.36666666666667	45.60666666666667	45.54666666666667	45.266666666666666	45.28666666666667	45.42	45.49333333333333	45.44	45.346666666666664	45.56	45.4	45.48	45.153333333333336	45.373333333333335	45.473333333333336	45.60666666666667	45.52	45.46	45.32666666666667	45.20666666666666	45.04	45.44	45.39333333333333	45.27333333333333	45.346666666666664	44.89333333333333	44.94	43.153333333333336	0.0
0.0	42.72	44.18	44.88666666666666	44.95333333333333	44.973333333333336	45.36	44.92666666666667	44.6	44.96	44.84	45.166666666666664	45.00666666666667	45.093333333333334	44.92666666666667	44.9	44.92	44.986666666666665	45.18	45.02	45.00666666666667	45.21333333333333	45.32	45.086666666666666	45.35333333333333	45.233333333333334	45.06666666666667	44.92666666666667	45.013333333333335	44.98	45.02	44.95333333333333	44.666666666666664	44.54	44.193333333333335	42.89333333333333	0.0
0.0	43.07333333333333	44.76	45.21333333333333	45.413333333333334	45.586666666666666	45.46666666666667	45.70666666666666	45.60666666666667	45.593333333333334	45.52	45.58	45.67333333333333	45.553333333333335	45.6	45.54	45.53333333333333	45.58	45.22	45.46	45.45333333333333	45.446666666666665	45.373333333333335	45.38	45.513333333333335	45.68	45.833333333333336	45.593333333333334	45.56	45.446666666666665	45.44	45.45333333333333	45.666666666666664	45.13333333333333	44.75333333333333	43.26	0.0
0.0	43.0	44.49333333333333	45.17333333333333	45.36666666666667	45.486666666666665	45.44	45.486666666666665	45.8	45.346666666666664	45.38666666666666	45.22	45.266666666666666	45.24666666666667	45.593333333333334	45.57333333333333	45.473333333333336	45.513333333333335	45.266666666666666	45.64666666666667	45.48	44.973333333333336	44.986666666666665	45.22666666666667	45.553333333333335	45.28	45.406666666666666	45.4	45.42666666666667	45.513333333333335	45.17333333333333	45.56	45.13333333333333	45.11333333333334	44.333333333333336	43.12	0.0
0.0	43.14	44.48	45.1	44.973333333333336	45.406666666666666	45.31333333333333	45.486666666666665	45.373333333333335	45.3	45.52	45.733333333333334	45.31333333333333	45.36666666666667	45.45333333333333	45.31333333333333	45.48	45.873333333333335	45.46	45.053333333333335	45.1	45.64666666666667	45.306666666666665	45.46666666666667	45.54666666666667	45.413333333333334	45.43333333333333	45.36666666666667	45.32	45.36	45.4	45.21333333333333	45.07333333333333	45.03333333333333	44.53333333333333	42.89333333333333	0.0
0.0	42.70666666666666	44.02	44.67333333333333	44.82	44.98	44.846666666666664	44.78666666666667	45.013333333333335	44.98	45.28666666666667	44.986666666666665	45.32666666666667	45.04	44.72666666666667	44.806666666666665	44.986666666666665	45.1	45.06	44.693333333333335	44.92	44.986666666666665	44.76	44.93333333333333	45.04666666666667	45.026666666666664	44.70666666666666	44.733333333333334	45.013333333333335	44.98	44.913333333333334	44.98	44.833333333333336	44.52	43.92666666666667	42.68	0.0
0.0	43.14	44.60666666666667	45.03333333333333	45.446666666666665	45.46666666666667	45.67333333333333	45.44	45.48	45.486666666666665	45.38	45.46666666666667	45.833333333333336	45.53333333333333	45.526666666666664	45.62	45.58	45.44	45.626666666666665	45.693333333333335	45.48	45.733333333333334	45.42	45.766666666666666	45.833333333333336	45.56	45.56	45.473333333333336	45.473333333333336	45.54	45.31333333333333	45.48	45.24	45.24666666666667	44.733333333333334	43.31333333333333	0.0
0.0	42.93333333333333	44.72666666666667	45.24666666666667	45.1	45.08	45.46	45.66	45.373333333333335	45.54666666666667	45.67333333333333	45.34	45.42	45.35333333333333	45.626666666666665	45.52	45.42666666666667	45.32666666666667	45.54666666666667	45.266666666666666	45.46	45.193333333333335	45.32	45.27333333333333	45.346666666666664	45.53333333333333	45.39333333333333	45.373333333333335	45.56666666666667	45.32666666666667	45.25333333333333	45.2	45.27333333333333	45.14666666666667	44.43333333333333	43.093333333333334	0.0
0.0	43.153333333333336	44.57333333333333	45.38666666666666	45.50666666666667	45.406666666666666	45.36	45.24666666666667	45.25333333333333	45.32	45.20666666666666	45.04666666666667	45.39333333333333	45.48	45.38666666666666	45.27333333333333	45.50666666666667	45.373333333333335	45.20666666666666	45.473333333333336	45.3	45.03333333333333	45.56	45.473333333333336	45.026666666666664	44.973333333333336	45.346666666666664	45.346666666666664	45.46666666666667	45.346666666666664	45.10666666666667	45.36666666666667	45.22666666666667	45.18	44.626666666666665	42.77333333333333	0.0
0.0	42.95333333333333	44.02	44.626666666666665	44.5	44.873333333333335	44.74	44.94	44.79333333333334	44.81333333333333	44.66	44.71333333333333	44.6	45.08	44.62	44.986666666666665	44.76	44.806666666666665	44.86	44.64666666666667	44.88	44.986666666666665	44.846666666666664	44.88	44.36666666666667	44.64	44.74	44.86666666666667	44.64666666666667	44.58	44.57333333333333	44.84	44.57333333333333	44.58	43.82666666666667	42.486666666666665	0.0
0.0	43.166666666666664	44.34	45.00666666666667	45.27333333333333	45.4	45.653333333333336	45.3	45.36666666666667	45.35333333333333	45.27333333333333	45.32	45.57333333333333	45.18666666666667	45.31333333333333	45.17333333333333	45.42666666666667	45.46666666666667	45.266666666666666	45.29333333333334	45.24	45.66	45.7	45.526666666666664	45.61333333333334	45.22	45.4	45.21333333333333	45.32	45.166666666666664	45.126666666666665	45.266666666666666	44.833333333333336	44.906666666666666	44.733333333333334	42.88	0.0
0.0	42.906666666666666	44.56	45.26	45.17333333333333	45.32666666666667	45.25333333333333	45.49333333333333	45.28666666666667	45.413333333333334	45.373333333333335	45.46666666666667	45.36	45.513333333333335	45.49333333333333	45.153333333333336	45.473333333333336	45.28	45.373333333333335	45.22666666666667	45.45333333333333	45.473333333333336	45.46666666666667	45.36	45.58	45.5	45.32666666666667	45.58	45.6	45.5	45.473333333333336	45.35333333333333	45.38	44.85333333333333	44.6	43.013333333333335	0.0
0.0	43.28	44.72	45.02	45.22	45.54	45.42	45.43333333333333	45.35333333333333	45.446666666666665	45.22	45.42	45.22	45.64	45.513333333333335	45.266666666666666	45.50666666666667	45.35333333333333	45.48	45.413333333333334	45.586666666666666	45.46666666666667	45.593333333333334	45.77333333333333	45.413333333333334	45.36666666666667	45.36666666666667	45.29333333333334	45.45333333333333	45.62	45.48	45.486666666666665	45.446666666666665	45.026666666666664	44.526666666666664	43.193333333333335	0.0
0.0	42.973333333333336	44.626666666666665	45.22	45.266666666666666	45.29333333333334	45.526666666666664	45.42	45.44	45.42666666666667	45.7	45.38	45.806666666666665	45.39333333333333	45.46666666666667	45.48	45.60666666666667	45.44	45.58	45.306666666666665	45.24666666666667	45.76	45.266666666666666	45.626666666666665	45.70666666666666	45.8	45.666666666666664	45.56	45.46666666666667	45.36666666666667	45.586666666666666	45.27333333333333	45.60666666666667	45.166666666666664	44.346666666666664	42.9	0.0
0.0	42.626666666666665	44.346666666666664	45.24	45.02	45.126666666666665	45.4	45.6	45.586666666666666	45.63333333333333	45.266666666666666	45.26	45.29333333333334	45.16	45.2	45.42	45.42	45.45333333333333	45.653333333333336	45.5	45.54	45.62	45.92	45.266666666666666	45.18666666666667	45.346666666666664	45.486666666666665	45.35333333333333	45.62	45.333333333333336	45.08	45.42666666666667	45.11333333333334	44.693333333333335	44.67333333333333	43.333333333333336	0.0
0.0	43.013333333333335	44.553333333333335	45.0	45.4	45.21333333333333	45.25333333333333	45.5	45.36666666666667	45.88	45.873333333333335	45.12	45.24	45.626666666666665	45.57333333333333	45.60666666666667	45.64666666666667	45.653333333333336	45.5	45.38	45.4	45.38	45.52	45.64666666666667	45.7	45.46	45.42666666666667	45.38	45.526666666666664	45.57333333333333	45.21333333333333	45.17333333333333	45.45333333333333	45.00666666666667	44.373333333333335	42.99333333333333	0.0
0.0	43.20666666666666	44.72	45.38	45.333333333333336	45.20666666666666	45.89333333333333	45.693333333333335	45.593333333333334	45.54666666666667	45.833333333333336	45.38	45.906666666666666	45.52	45.806666666666665	45.7	45.81333333333333	45.526666666666664	45.61333333333334	45.5	45.473333333333336	45.56666666666667	45.473333333333336	45.64	45.6	45.553333333333335	45.8	45.58	45.36	45.2	45.24666666666667	45.31333333333333	45.60666666666667	45.34	44.9	43.053333333333335	0.0
0.0	42.70666666666666	43.973333333333336	44.50666666666667	44.88	44.986666666666665	45.11333333333334	44.84	45.0	45.28666666666667	45.11333333333334	45.04666666666667	44.66	44.78	44.986666666666665	45.14	44.94	45.2	45.28666666666667	45.08	44.67333333333333	44.82666666666667	45.24	45.14	45.18666666666667	44.89333333333333	45.03333333333333	45.086666666666666	45.32666666666667	44.93333333333333	45.013333333333335	44.99333333333333	44.806666666666665	44.32	44.14	42.88666666666666	0.0
0.0	43.18666666666667	44.64666666666667	45.233333333333334	44.99333333333333	45.39333333333333	45.586666666666666	45.64666666666667	45.586666666666666	45.70666666666666	45.68	45.82666666666667	45.68666666666667	45.36	45.586666666666666	45.53333333333333	45.74	45.93333333333333	45.56666666666667	45.8	45.75333333333333	45.39333333333333	45.3	45.82666666666667	45.54	45.46	45.3	45.86666666666667	45.56666666666667	45.89333333333333	45.79333333333334	45.31333333333333	45.38	45.38666666666666	44.92666666666667	43.3	0.0
0.0	42.89333333333333	44.526666666666664	44.99333333333333	45.48	45.53333333333333	45.973333333333336	45.54	45.42666666666667	45.42	45.61333333333334	45.593333333333334	45.5	45.38666666666666	45.413333333333334	45.6	45.49333333333333	45.48	45.86	45.42	45.4	45.28	45.526666666666664	45.666666666666664	45.71333333333333	45.57333333333333	45.39333333333333	45.36	45.54666666666667	45.373333333333335	45.29333333333334	45.22	45.32666666666667	44.96666666666667	44.766666666666666	43.22666666666667	0.0
0.0	42.913333333333334	44.52	44.99333333333333	45.166666666666664	45.08	45.02	45.026666666666664	45.22	45.18666666666667	45.0	45.153333333333336	45.35333333333333	45.193333333333335	45.3	45.666666666666664	45.3	45.43333333333333	45.333333333333336	45.193333333333335	45.27333333333333	45.22666666666667	45.266666666666666	45.32666666666667	45.45333333333333	44.986666666666665	45.36666666666667	45.03333333333333	44.92666666666667	45.06	45.32	45.14	45.10666666666667	44.986666666666665	44.26	42.70666666666666	0.0
0.0	43.22	45.0	45.12	45.56666666666667	45.45333333333333	45.62	45.48	45.49333333333333	45.75333333333333	45.68	45.57333333333333	45.61333333333334	45.86666666666667	45.56666666666667	45.586666666666666	45.60666666666667	45.85333333333333	45.54	45.72666666666667	45.446666666666665	45.446666666666665	45.50666666666667	45.03333333333333	45.44	45.38666666666666	45.76	45.62	45.406666666666666	45.653333333333336	45.71333333333333	45.44	45.48	45.02	44.89333333333333	43.026666666666664	0.0
0.0	43.193333333333335	44.346666666666664	44.89333333333333	45.06	45.11333333333334	45.28666666666667	45.13333333333333	45.36666666666667	45.50666666666667	45.13333333333333	45.24666666666667	45.24	45.64	45.473333333333336	45.50666666666667	45.21333333333333	45.42666666666667	45.39333333333333	45.22	45.60666666666667	45.166666666666664	45.266666666666666	45.406666666666666	45.38666666666666	45.32	44.99333333333333	45.233333333333334	45.0	45.21333333333333	45.373333333333335	45.20666666666666	44.88	45.11333333333334	44.473333333333336	42.98	0.0
0.0	43.166666666666664	44.666666666666664	44.873333333333335	44.98	45.193333333333335	45.25333333333333	45.626666666666665	45.72666666666667	45.54666666666667	45.67333333333333	45.38	45.34	45.66	45.61333333333334	45.49333333333333	45.733333333333334	45.57333333333333	45.3	45.413333333333334	45.346666666666664	45.28666666666667	45.406666666666666	45.22666666666667	45.346666666666664	45.373333333333335	45.193333333333335	45.53333333333333	45.373333333333335	45.373333333333335	45.266666666666666	45.32	45.39333333333333	44.84	44.81333333333333	43.02	0.0
0.0	42.94	44.68	45.10666666666667	45.513333333333335	45.46666666666667	45.306666666666665	45.39333333333333	45.52	45.413333333333334	45.44	45.666666666666664	45.58	45.266666666666666	44.96666666666667	45.12	45.46666666666667	45.413333333333334	45.36	45.32666666666667	45.346666666666664	45.53333333333333	45.62	45.36	45.38	45.54	45.38666666666666	45.42	45.25333333333333	45.52	45.74	45.34	45.1	45.3	44.52	43.00666666666667	0.0
0.0	43.166666666666664	44.46	45.086666666666666	45.16	45.346666666666664	44.986666666666665	45.6	45.666666666666664	45.49333333333333	45.78	45.473333333333336	45.666666666666664	45.54666666666667	45.61333333333334	45.42666666666667	45.306666666666665	45.58	45.56	45.766666666666666	45.446666666666665	45.49333333333333	45.373333333333335	45.60666666666667	45.60666666666667	45.43333333333333	45.373333333333335	45.306666666666665	45.473333333333336	45.48	45.486666666666665	45.50666666666667	45.45333333333333	45.04	44.7	43.0	0.0
0.0	43.053333333333335	44.45333333333333	44.94	45.166666666666664	45.16	45.28666666666667	45.22	45.56	45.38666666666666	45.666666666666664	45.27333333333333	45.6	45.26	45.44	45.46666666666667	45.64	45.3	45.32	45.38	45.16	45.22666666666667	45.18	45.68	45.27333333333333	45.26	45.46	45.44	45.42	45.38	45.38	45.29333333333334	45.233333333333334	45.233333333333334	44.35333333333333	43.233333333333334	0.0
0.0	43.16	44.72666666666667	45.56	45.36666666666667	45.58	45.53333333333333	45.266666666666666	45.86	45.62	45.52	46.086666666666666	45.766666666666666	45.833333333333336	45.693333333333335	45.42	45.20666666666666	45.31333333333333	45.18	45.46	45.6	45.75333333333333	45.586666666666666	45.95333333333333	45.513333333333335	45.46666666666667	45.373333333333335	45.42666666666667	45.6	45.60666666666667	45.60666666666667	45.28	45.44	45.53333333333333	44.86666666666667	43.333333333333336	0.0
0.0	42.833333333333336	44.36666666666667	44.86	44.72	44.88	45.07333333333333	45.02	45.17333333333333	45.166666666666664	45.29333333333334	45.24666666666667	45.153333333333336	45.586666666666666	45.18	45.14666666666667	45.2	45.06666666666667	45.29333333333334	45.513333333333335	45.406666666666666	45.266666666666666	45.053333333333335	45.36	45.08	45.12	45.626666666666665	45.22666666666667	45.193333333333335	45.32	45.27333333333333	45.593333333333334	45.00666666666667	44.86666666666667	44.72	42.906666666666666	0.0
0.0	43.20666666666666	44.42	45.28	45.18666666666667	45.306666666666665	45.32	45.39333333333333	45.12	45.13333333333333	45.28	45.153333333333336	45.35333333333333	45.22	45.26	45.38	45.346666666666664	45.053333333333335	45.24	45.11333333333334	45.44	45.34	45.053333333333335	45.126666666666665	45.306666666666665	45.56666666666667	45.54	45.32	45.29333333333334	45.166666666666664	44.92666666666667	45.473333333333336	44.94	44.92666666666667	44.29333333333334	42.846666666666664	0.0
0.0	43.093333333333334	44.64666666666667	45.20666666666666	45.12	45.02	45.406666666666666	45.28666666666667	45.406666666666666	45.166666666666664	45.653333333333336	45.53333333333333	45.56	45.63333333333333	45.62	45.42666666666667	45.35333333333333	45.24	45.093333333333334	45.22	45.44	45.57333333333333	45.58	45.10666666666667	45.44	45.32666666666667	45.27333333333333	45.36	45.26	45.446666666666665	45.306666666666665	45.4	45.48	45.25333333333333	44.4	43.093333333333334	0.0
0.0	42.98	44.3	45.053333333333335	45.12	45.21333333333333	45.50666666666667	45.306666666666665	45.50666666666667	45.666666666666664	45.42	45.49333333333333	45.58	45.306666666666665	45.31333333333333	45.526666666666664	45.6	45.57333333333333	45.46666666666667	45.44	45.49333333333333	45.413333333333334	45.2	45.7	45.17333333333333	45.333333333333336	45.153333333333336	45.446666666666665	45.38	45.233333333333334	45.2	45.36	45.48	45.13333333333333	44.49333333333333	43.1	0.0
0.0	43.10666666666667	44.27333333333333	44.766666666666666	45.086666666666666	45.013333333333335	45.06	45.093333333333334	44.973333333333336	45.06	44.88666666666666	45.093333333333334	45.17333333333333	45.13333333333333	45.2	45.14	44.86	45.10666666666667	45.10666666666667	45.29333333333334	45.43333333333333	45.44	45.22	44.99333333333333	45.54666666666667	45.10666666666667	45.35333333333333	45.49333333333333	45.42	45.25333333333333	45.1	45.086666666666666	45.27333333333333	44.92	44.593333333333334	43.06666666666667	0.0
0.0	42.833333333333336	44.54	45.086666666666666	45.04666666666667	45.06	45.21333333333333	45.233333333333334	45.093333333333334	45.35333333333333	45.086666666666666	45.166666666666664	45.28	45.166666666666664	45.22	45.486666666666665	45.266666666666666	45.553333333333335	45.17333333333333	45.166666666666664	45.38	45.42666666666667	45.126666666666665	45.46666666666667	45.31333333333333	45.10666666666667	45.31333333333333	45.06666666666667	45.18	45.00666666666667	45.053333333333335	44.9	45.06	45.013333333333335	44.62	43.026666666666664	0.0
0.0	42.93333333333333	44.8	45.4	45.36666666666667	45.46	45.74666666666667	45.473333333333336	45.526666666666664	45.846666666666664	45.693333333333335	45.78	45.473333333333336	45.82666666666667	45.62	45.56	45.68	45.513333333333335	45.68666666666667	45.586666666666666	45.57333333333333	45.6	45.48	45.473333333333336	45.513333333333335	45.486666666666665	45.54	45.54	45.446666666666665	45.96	45.446666666666665	45.4	45.32	45.24	44.79333333333334	43.026666666666664	0.0
0.0	42.973333333333336	44.60666666666667	44.92666666666667	45.053333333333335	45.3	45.32	45.27333333333333	45.42666666666667	45.61333333333334	45.733333333333334	45.50666666666667	45.6	45.64	45.38666666666666	45.626666666666665	45.513333333333335	45.42	45.64666666666667	45.79333333333334	45.72	45.50666666666667	45.733333333333334	45.413333333333334	45.46666666666667	45.53333333333333	45.653333333333336	45.306666666666665	45.39333333333333	45.49333333333333	45.406666666666666	45.14	45.54666666666667	45.24	44.92	43.26	0.0
0.0	43.0	44.32	44.92666666666667	45.04	44.98	45.086666666666666	45.11333333333334	45.32666666666667	45.10666666666667	45.193333333333335	45.28666666666667	45.46	44.833333333333336	45.013333333333335	45.413333333333334	45.82	45.31333333333333	45.22	45.18666666666667	45.346666666666664	45.22666666666667	45.27333333333333	45.24666666666667	45.49333333333333	45.2	45.56	45.28	44.95333333333333	45.35333333333333	45.35333333333333	45.193333333333335	45.38666666666666	44.96	44.61333333333334	43.35333333333333	0.0
0.0	42.89333333333333	44.2	44.946666666666665	44.96	45.06666666666667	45.373333333333335	45.31333333333333	45.18	45.18	45.10666666666667	44.8	45.08	45.08	45.153333333333336	45.28666666666667	44.85333333333333	45.3	45.086666666666666	44.92666666666667	45.36	44.9	45.24666666666667	45.053333333333335	45.11333333333334	44.78	45.026666666666664	45.21333333333333	45.34	45.153333333333336	45.06666666666667	45.18666666666667	45.013333333333335	44.95333333333333	44.66	43.10666666666667	0.0
0.0	43.18666666666667	44.733333333333334	45.06666666666667	44.986666666666665	45.3	45.27333333333333	45.026666666666664	45.32	45.373333333333335	45.29333333333334	45.333333333333336	45.446666666666665	45.593333333333334	45.42	45.27333333333333	45.42	45.29333333333334	45.473333333333336	45.20666666666666	45.32	45.32666666666667	45.22	45.42	45.586666666666666	45.18	45.57333333333333	45.32	45.35333333333333	45.39333333333333	45.2	45.14666666666667	45.13333333333333	44.88	44.70666666666666	42.93333333333333	0.0
0.0	43.22	44.95333333333333	45.56	45.4	45.666666666666664	45.733333333333334	45.64	45.89333333333333	45.666666666666664	45.88	45.873333333333335	46.04	45.873333333333335	45.86	45.88	45.74	45.82666666666667	45.553333333333335	46.17333333333333	45.86666666666667	45.81333333333333	45.68	45.8	45.84	45.81333333333333	45.70666666666666	45.846666666666664	45.553333333333335	45.906666666666666	45.846666666666664	45.7	45.64666666666667	45.74666666666667	44.70666666666666	43.36666666666667	0.0
0.0	43.04	44.46666666666667	44.93333333333333	45.153333333333336	45.38	45.42666666666667	45.08	45.22666666666667	45.18666666666667	45.38	45.10666666666667	45.25333333333333	45.266666666666666	45.14666666666667	45.593333333333334	45.086666666666666	45.18666666666667	45.026666666666664	45.266666666666666	45.38666666666666	45.28666666666667	45.18	45.35333333333333	45.13333333333333	45.24	45.39333333333333	45.16	45.08	45.166666666666664	44.846666666666664	45.153333333333336	45.29333333333334	44.92	44.406666666666666	42.88666666666666	0.0
0.0	43.093333333333334	44.526666666666664	44.81333333333333	45.00666666666667	45.20666666666666	45.29333333333334	45.4	45.18	45.38	45.11333333333334	45.14666666666667	45.373333333333335	45.17333333333333	45.10666666666667	45.04	45.11333333333334	45.513333333333335	45.38	45.29333333333334	45.653333333333336	45.513333333333335	45.42666666666667	45.39333333333333	45.57333333333333	45.42	44.95333333333333	45.28666666666667	45.54666666666667	45.21333333333333	45.44	45.24	44.973333333333336	44.84	44.64	43.02	0.0
0.0	43.093333333333334	44.48	44.81333333333333	44.94	44.94	45.03333333333333	45.306666666666665	45.22666666666667	45.24	45.36	45.14	45.266666666666666	45.18	45.39333333333333	45.3	45.346666666666664	45.5	45.24666666666667	45.053333333333335	45.1	45.36	45.193333333333335	45.71333333333333	45.17333333333333	45.053333333333335	45.31333333333333	45.24666666666667	45.153333333333336	45.10666666666667	45.026666666666664	44.82	44.7	44.72666666666667	44.35333333333333	42.95333333333333	0.0
0.0	43.28666666666667	44.85333333333333	45.32666666666667	45.71333333333333	45.50666666666667	45.60666666666667	45.95333333333333	45.76	45.82	45.526666666666664	45.64	45.766666666666666	45.70666666666666	45.67333333333333	46.02	45.86666666666667	45.82666666666667	45.64666666666667	45.78666666666667	45.58	45.64	45.653333333333336	45.79333333333334	45.78666666666667	45.78666666666667	45.61333333333334	45.54666666666667	45.986666666666665	45.766666666666666	45.906666666666666	45.67333333333333	45.43333333333333	45.24	44.61333333333334	43.42666666666667	0.0
0.0	43.24	44.38666666666666	45.16	45.20666666666666	45.18666666666667	45.49333333333333	45.38666666666666	45.46	45.39333333333333	45.34	45.35333333333333	45.29333333333334	45.18666666666667	45.36	45.1	45.32	45.46	45.39333333333333	45.31333333333333	45.16	45.27333333333333	45.53333333333333	45.46666666666667	45.42	45.18666666666667	45.22666666666667	45.413333333333334	45.4	45.233333333333334	45.67333333333333	45.46666666666667	45.28666666666667	44.913333333333334	44.46666666666667	42.873333333333335	0.0
0.0	42.96	44.16	44.88666666666666	45.13333333333333	45.2	45.48	45.32	44.86666666666667	45.10666666666667	45.306666666666665	45.0	45.34	45.166666666666664	45.13333333333333	44.833333333333336	45.02	44.84	44.946666666666665	45.00666666666667	45.39333333333333	45.126666666666665	45.18666666666667	45.24666666666667	45.25333333333333	45.04666666666667	45.34	45.20666666666666	45.03333333333333	45.67333333333333	45.18666666666667	45.373333333333335	44.72666666666667	44.78666666666667	44.526666666666664	43.20666666666666	0.0
0.0	43.16	44.593333333333334	45.04	45.27333333333333	45.373333333333335	45.766666666666666	45.54666666666667	45.46	45.626666666666665	45.49333333333333	45.553333333333335	45.306666666666665	45.7	45.64	45.21333333333333	45.306666666666665	45.52	45.586666666666666	45.6	45.45333333333333	45.306666666666665	45.75333333333333	45.64	45.29333333333334	45.38666666666666	45.61333333333334	45.526666666666664	45.64	45.71333333333333	45.24666666666667	45.266666666666666	45.52	45.126666666666665	44.62	43.2	0.0
0.0	43.31333333333333	44.27333333333333	44.77333333333333	45.38	45.31333333333333	45.553333333333335	45.35333333333333	45.45333333333333	45.3	45.473333333333336	45.266666666666666	45.333333333333336	45.48	45.22666666666667	45.54666666666667	45.18	45.22666666666667	45.28666666666667	45.406666666666666	45.38	45.4	45.233333333333334	45.413333333333334	45.28	45.49333333333333	45.32	45.17333333333333	45.11333333333334	45.24	45.24666666666667	45.28	45.20666666666666	45.24666666666667	44.58	43.28	0.0
0.0	43.03333333333333	44.53333333333333	45.06	45.593333333333334	45.46666666666667	45.373333333333335	45.166666666666664	45.38	45.49333333333333	45.553333333333335	45.693333333333335	45.473333333333336	45.49333333333333	45.306666666666665	45.36	45.36	45.35333333333333	45.22666666666667	45.45333333333333	45.32666666666667	45.45333333333333	45.58	45.693333333333335	45.56666666666667	45.626666666666665	45.53333333333333	45.3	45.586666666666666	45.64	45.34	45.093333333333334	45.26	44.68	44.43333333333333	42.86666666666667	0.0
0.0	43.04666666666667	44.553333333333335	45.093333333333334	45.42	45.6	45.76	45.72666666666667	45.473333333333336	45.44	45.84	45.846666666666664	45.81333333333333	45.413333333333334	45.74666666666667	45.52	45.36666666666667	45.48	45.49333333333333	45.52	45.58	45.333333333333336	45.8	45.64	45.57333333333333	46.00666666666667	45.88666666666666	45.58	45.58	45.62	45.49333333333333	45.44	45.20666666666666	45.14666666666667	44.79333333333334	43.093333333333334	0.0
0.0	43.166666666666664	44.3	45.013333333333335	45.013333333333335	45.42	45.24	45.2	45.13333333333333	45.16	45.02	45.04	45.27333333333333	45.093333333333334	45.3	45.39333333333333	45.24666666666667	45.26	45.233333333333334	45.43333333333333	45.333333333333336	45.26	45.406666666666666	45.64	45.67333333333333	45.306666666666665	45.52	45.78666666666667	45.46666666666667	45.36666666666667	45.053333333333335	45.193333333333335	45.38	45.1	44.166666666666664	42.82666666666667	0.0
0.0	43.11333333333334	44.68666666666667	45.12	45.28	45.29333333333334	45.43333333333333	45.526666666666664	45.473333333333336	45.266666666666666	45.21333333333333	45.38666666666666	45.18	45.266666666666666	45.45333333333333	45.593333333333334	45.5	45.34	45.26	45.38666666666666	45.093333333333334	45.266666666666666	45.486666666666665	45.38	45.28	45.25333333333333	45.18666666666667	45.193333333333335	45.50666666666667	45.63333333333333	45.29333333333334	45.18	45.17333333333333	45.22666666666667	44.31333333333333	43.13333333333333	0.0
0.0	42.88	44.946666666666665	45.126666666666665	45.52	45.42666666666667	45.2	45.24666666666667	45.513333333333335	45.666666666666664	45.46	45.733333333333334	45.513333333333335	45.413333333333334	45.5	45.733333333333334	45.53333333333333	45.74666666666667	45.34	45.56666666666667	46.026666666666664	45.52	45.77333333333333	45.553333333333335	45.31333333333333	45.39333333333333	45.333333333333336	45.6	45.56	45.46666666666667	45.78	45.666666666666664	45.513333333333335	45.29333333333334	44.92	43.13333333333333	0.0
0.0	42.9	44.46	44.8	45.03333333333333	45.46	45.10666666666667	45.2	45.346666666666664	44.986666666666665	45.233333333333334	45.24	45.586666666666666	45.36	44.8	45.24666666666667	45.413333333333334	45.20666666666666	45.093333333333334	45.166666666666664	45.153333333333336	45.306666666666665	45.08	45.53333333333333	45.44	45.086666666666666	45.06	45.12	45.166666666666664	45.24666666666667	44.93333333333333	45.24666666666667	44.873333333333335	44.60666666666667	44.22	42.68666666666667	0.0
0.0	42.92	44.31333333333333	44.913333333333334	44.72	44.873333333333335	45.086666666666666	45.18666666666667	45.44	45.3	45.28	44.98	45.3	45.49333333333333	45.24	44.96	45.126666666666665	45.12	45.22	45.28	45.306666666666665	45.406666666666666	45.2	45.22	45.35333333333333	44.96666666666667	45.46666666666667	45.22666666666667	45.193333333333335	45.28666666666667	45.086666666666666	45.13333333333333	44.8	44.78	44.306666666666665	42.99333333333333	0.0
0.0	42.74	44.413333333333334	44.806666666666665	45.153333333333336	45.18666666666667	45.233333333333334	45.166666666666664	45.086666666666666	44.95333333333333	45.43333333333333	45.17333333333333	44.95333333333333	45.02	45.22	45.04666666666667	45.00666666666667	45.04666666666667	45.16	45.07333333333333	44.99333333333333	45.06	45.26	44.99333333333333	45.08	45.166666666666664	45.0	45.02	45.22666666666667	45.07333333333333	45.12	45.06666666666667	44.93333333333333	44.86666666666667	44.18	42.846666666666664	0.0
0.0	43.166666666666664	44.61333333333334	45.153333333333336	45.36666666666667	45.16	45.26	45.58	45.02	45.27333333333333	45.25333333333333	45.71333333333333	45.71333333333333	45.406666666666666	45.45333333333333	45.13333333333333	45.333333333333336	45.61333333333334	45.25333333333333	45.34	45.39333333333333	45.36666666666667	45.79333333333334	45.31333333333333	45.48	45.52	45.626666666666665	45.42	45.28	45.233333333333334	45.61333333333334	45.0	45.08	45.07333333333333	44.473333333333336	42.973333333333336	0.0
0.0	43.18	44.68	45.446666666666665	45.126666666666665	45.61333333333334	45.513333333333335	45.513333333333335	45.733333333333334	45.53333333333333	45.28666666666667	45.64666666666667	45.54	45.77333333333333	45.68666666666667	45.42	45.76	45.49333333333333	45.666666666666664	45.43333333333333	45.693333333333335	45.346666666666664	45.78	45.18666666666667	45.54	45.233333333333334	45.49333333333333	45.84	45.526666666666664	45.67333333333333	45.36	45.48	45.45333333333333	45.21333333333333	44.86	43.17333333333333	0.0
0.0	43.08	44.60666666666667	45.21333333333333	45.28	45.11333333333334	45.18	45.11333333333334	45.39333333333333	45.74	45.71333333333333	45.43333333333333	45.46	45.513333333333335	45.64	45.71333333333333	45.46666666666667	45.53333333333333	45.45333333333333	45.4	45.586666666666666	45.36666666666667	45.473333333333336	45.32666666666667	45.446666666666665	45.46	45.1	45.39333333333333	45.43333333333333	45.64	45.25333333333333	45.32	45.553333333333335	44.96666666666667	44.38666666666666	43.17333333333333	0.0
0.0	43.17333333333333	44.64666666666667	45.42	45.526666666666664	45.42	45.653333333333336	45.486666666666665	45.22666666666667	45.63333333333333	45.193333333333335	45.76	45.86666666666667	45.56666666666667	45.56	45.60666666666667	45.96	45.57333333333333	45.82666666666667	45.64666666666667	45.973333333333336	45.62	45.766666666666666	45.9	45.49333333333333	45.64666666666667	45.72666666666667	45.53333333333333	45.71333333333333	45.486666666666665	45.79333333333334	45.5	45.57333333333333	45.306666666666665	44.82666666666667	43.34	0.0
0.0	43.1	44.16	44.92	45.0	45.00666666666667	45.233333333333334	45.28	45.06666666666667	45.28666666666667	45.26	45.4	45.36666666666667	45.093333333333334	45.13333333333333	45.086666666666666	45.053333333333335	45.24666666666667	45.16	45.126666666666665	45.49333333333333	45.31333333333333	45.406666666666666	45.14666666666667	45.38	45.54	45.413333333333334	45.67333333333333	45.36	44.94	45.053333333333335	45.20666666666666	44.92666666666667	44.733333333333334	44.35333333333333	43.08	0.0
0.0	42.89333333333333	44.2	44.9	45.16	45.13333333333333	45.11333333333334	45.233333333333334	45.29333333333334	45.4	45.22	45.266666666666666	45.32	45.3	45.06	45.306666666666665	45.46666666666667	45.25333333333333	45.26	45.26	45.14	45.20666666666666	45.306666666666665	45.5	45.446666666666665	45.2	45.16	45.00666666666667	45.126666666666665	45.5	45.346666666666664	45.21333333333333	45.21333333333333	44.846666666666664	44.31333333333333	42.806666666666665	0.0
0.0	43.126666666666665	44.60666666666667	44.766666666666666	45.07333333333333	45.18666666666667	45.42	45.2	45.053333333333335	45.29333333333334	45.20666666666666	45.54	45.64666666666667	45.35333333333333	45.38	45.13333333333333	45.233333333333334	45.42	45.18	45.193333333333335	45.28666666666667	45.39333333333333	45.43333333333333	45.22666666666667	45.32	45.12	45.36	44.99333333333333	45.24666666666667	45.44	45.04	45.03333333333333	45.20666666666666	45.233333333333334	44.36666666666667	42.89333333333333	0.0
0.0	42.946666666666665	44.57333333333333	44.76	45.14	45.27333333333333	45.3	45.333333333333336	45.39333333333333	45.64666666666667	45.25333333333333	45.32	45.22666666666667	45.233333333333334	45.24666666666667	45.32	45.35333333333333	45.5	45.34	45.406666666666666	45.14666666666667	45.32666666666667	45.32	45.43333333333333	45.31333333333333	45.34	45.32	45.21333333333333	45.373333333333335	45.29333333333334	45.18	45.39333333333333	45.25333333333333	44.92	44.32666666666667	42.88666666666666	0.0
0.0	42.986666666666665	44.32666666666667	44.94	45.16	45.053333333333335	45.32666666666667	45.2	45.21333333333333	45.44	45.49333333333333	45.093333333333334	44.98	45.306666666666665	45.27333333333333	45.306666666666665	45.22	45.61333333333334	45.446666666666665	45.54	45.25333333333333	45.06	45.2	45.22	45.07333333333333	45.16	45.14	45.10666666666667	44.99333333333333	45.06666666666667	45.31333333333333	44.99333333333333	44.68666666666667	44.62	44.233333333333334	42.973333333333336	0.0
0.0	42.98	44.4	45.04	45.08	45.24	45.266666666666666	45.166666666666664	45.406666666666666	45.27333333333333	45.53333333333333	45.18666666666667	45.266666666666666	45.126666666666665	45.36	44.67333333333333	45.16	45.00666666666667	45.406666666666666	45.11333333333334	45.32	45.42666666666667	45.22666666666667	45.26	45.43333333333333	45.36	45.46	45.35333333333333	45.48	45.153333333333336	45.346666666666664	45.12	45.25333333333333	44.94	44.42	42.85333333333333	0.0
0.0	43.24	44.84	45.3	45.88666666666666	45.6	45.88	45.93333333333333	45.78666666666667	45.63333333333333	45.46666666666667	45.75333333333333	45.48	45.60666666666667	45.54666666666667	45.72	46.06	45.92666666666667	46.00666666666667	45.766666666666666	45.913333333333334	45.56	45.66	45.76	45.81333333333333	45.71333333333333	45.54	45.53333333333333	45.89333333333333	45.806666666666665	45.74	45.78666666666667	45.64	45.49333333333333	44.78	43.21333333333333	0.0
0.0	43.22666666666667	44.74666666666667	45.03333333333333	45.333333333333336	45.38	45.20666666666666	45.1	45.653333333333336	45.593333333333334	45.586666666666666	45.68666666666667	45.42	45.57333333333333	45.486666666666665	45.54	45.56	45.406666666666666	45.193333333333335	45.693333333333335	45.76	45.54	45.373333333333335	45.42	45.486666666666665	45.653333333333336	45.46666666666667	45.32	45.28	45.22	45.45333333333333	45.31333333333333	45.26	45.08	44.32666666666667	42.78	0.0
0.0	43.2	44.28666666666667	44.973333333333336	45.04666666666667	45.36666666666667	45.28666666666667	45.06666666666667	45.16	45.3	44.986666666666665	45.26	45.17333333333333	45.0	45.34	45.17333333333333	45.22	45.13333333333333	45.06666666666667	45.20666666666666	45.35333333333333	45.666666666666664	45.22666666666667	45.54666666666667	45.18666666666667	45.32666666666667	45.54	45.4	45.11333333333334	45.22666666666667	45.25333333333333	45.18	45.333333333333336	44.89333333333333	44.14666666666667	43.1	0.0
0.0	43.233333333333334	44.75333333333333	45.06	45.31333333333333	45.653333333333336	45.46666666666667	45.54	45.52	45.56	45.24	45.446666666666665	45.84	45.70666666666666	45.53333333333333	45.64666666666667	45.4	45.71333333333333	45.873333333333335	45.57333333333333	45.50666666666667	45.5	45.38666666666666	45.266666666666666	45.22	45.46666666666667	45.7	45.5	45.46666666666667	45.28666666666667	45.406666666666666	45.25333333333333	45.486666666666665	45.013333333333335	44.28	43.18666666666667	0.0
0.0	43.38	44.9	45.14	45.39333333333333	45.413333333333334	45.57333333333333	45.58	45.913333333333334	46.0	45.89333333333333	45.693333333333335	46.04	45.74	45.77333333333333	45.78666666666667	45.653333333333336	45.373333333333335	45.28666666666667	45.5	45.49333333333333	45.553333333333335	45.42666666666667	45.64666666666667	45.593333333333334	45.486666666666665	45.35333333333333	45.666666666666664	45.64	45.64	45.7	45.54	45.626666666666665	44.96	44.653333333333336	43.126666666666665	0.0
0.0	43.266666666666666	44.92666666666667	45.39333333333333	45.61333333333334	45.62	45.553333333333335	45.806666666666665	45.39333333333333	45.66	45.56666666666667	45.913333333333334	45.72666666666667	45.85333333333333	45.806666666666665	45.666666666666664	45.74	45.46	45.68	45.86666666666667	45.72666666666667	45.63333333333333	45.333333333333336	45.72666666666667	45.72	45.373333333333335	45.72666666666667	45.486666666666665	45.62	45.44	45.71333333333333	45.48	45.6	45.26	44.61333333333334	43.14	0.0
0.0	43.193333333333335	44.626666666666665	44.88	45.32	45.56666666666667	45.70666666666666	45.38	45.60666666666667	45.72	45.84	45.54666666666667	45.593333333333334	45.8	45.81333333333333	45.653333333333336	45.593333333333334	45.35333333333333	45.6	45.733333333333334	45.84	45.63333333333333	45.52	45.49333333333333	45.446666666666665	45.58	45.56	45.8	45.62	45.66	45.54	45.62	45.446666666666665	45.11333333333334	44.586666666666666	43.70666666666666	0.0
0.0	43.32666666666667	44.77333333333333	45.14666666666667	45.46	45.24666666666667	45.70666666666666	45.56666666666667	45.553333333333335	45.66	45.34	45.50666666666667	45.346666666666664	45.22	45.17333333333333	45.24666666666667	45.22	45.653333333333336	45.27333333333333	45.486666666666665	45.60666666666667	45.42	45.68666666666667	45.626666666666665	45.38666666666666	45.29333333333334	45.446666666666665	45.77333333333333	45.32666666666667	45.45333333333333	45.68	45.46	45.2	44.973333333333336	44.266666666666666	43.2	0.0
0.0	43.10666666666667	44.68	44.9	45.08	45.04	45.373333333333335	45.44	45.42666666666667	45.03333333333333	45.266666666666666	45.2	45.446666666666665	45.486666666666665	45.36	45.233333333333334	45.36666666666667	45.28666666666667	45.42666666666667	45.34	45.306666666666665	45.43333333333333	45.35333333333333	45.39333333333333	45.3	44.92666666666667	45.07333333333333	45.32	45.38666666666666	45.26	45.08	45.42666666666667	45.126666666666665	45.10666666666667	44.593333333333334	42.99333333333333	0.0
0.0	43.026666666666664	44.45333333333333	45.18	44.96	45.0	45.406666666666666	45.42	45.46	45.166666666666664	45.18	45.24666666666667	45.0	45.16	45.1	45.07333333333333	44.986666666666665	45.16	45.086666666666666	45.333333333333336	45.36666666666667	45.053333333333335	45.473333333333336	45.08	45.07333333333333	45.34	45.28666666666667	45.21333333333333	45.21333333333333	44.94	45.04	45.053333333333335	44.99333333333333	44.79333333333334	44.56666666666667	43.17333333333333	0.0
0.0	43.20666666666666	44.153333333333336	45.093333333333334	45.14666666666667	45.24	45.10666666666667	45.56	45.28	45.0	45.39333333333333	45.03333333333333	45.25333333333333	45.16	45.07333333333333	45.12	44.99333333333333	45.0	45.486666666666665	45.18	45.093333333333334	45.806666666666665	45.32666666666667	45.56666666666667	45.21333333333333	45.45333333333333	45.13333333333333	45.39333333333333	45.1	44.986666666666665	44.99333333333333	45.36666666666667	45.06	44.553333333333335	44.56	43.093333333333334	0.0
0.0	42.78	44.486666666666665	44.693333333333335	45.0	45.38	45.56666666666667	45.26	45.44	45.026666666666664	45.04	45.44	45.093333333333334	44.88666666666666	45.08	45.39333333333333	45.46666666666667	45.36666666666667	45.43333333333333	45.17333333333333	45.17333333333333	45.46	45.266666666666666	45.126666666666665	45.36	44.98	45.56	45.4	45.42666666666667	45.21333333333333	45.26	45.29333333333334	45.06666666666667	44.96666666666667	44.7	42.873333333333335	0.0
0.0	43.17333333333333	44.42666666666667	44.89333333333333	44.88666666666666	45.21333333333333	45.24	45.1	45.14666666666667	45.46	45.46666666666667	45.766666666666666	45.54	45.086666666666666	45.38	45.12	45.42666666666667	45.513333333333335	45.32666666666667	45.46666666666667	45.06	45.166666666666664	45.64666666666667	45.48	45.46	45.31333333333333	45.21333333333333	44.71333333333333	45.17333333333333	45.193333333333335	45.233333333333334	44.77333333333333	44.96	44.81333333333333	44.25333333333333	42.8	0.0
0.0	43.1	44.64666666666667	44.593333333333334	44.986666666666665	45.35333333333333	45.333333333333336	45.36	45.28	45.3	45.13333333333333	45.38666666666666	45.07333333333333	45.20666666666666	45.29333333333334	45.36	45.46666666666667	45.126666666666665	45.14	45.04	45.57333333333333	45.53333333333333	45.36666666666667	45.38	45.44	45.31333333333333	45.25333333333333	45.333333333333336	45.18666666666667	45.42666666666667	44.98	45.32	45.14666666666667	44.92666666666667	44.5	42.946666666666665	0.0
0.0	42.70666666666666	44.526666666666664	44.84	45.166666666666664	45.14	44.86666666666667	45.27333333333333	45.32666666666667	45.086666666666666	45.34	45.11333333333334	45.126666666666665	44.88666666666666	45.10666666666667	45.21333333333333	45.36666666666667	45.1	44.973333333333336	45.14	45.02	45.06666666666667	44.82666666666667	44.873333333333335	45.11333333333334	45.026666666666664	44.92666666666667	45.17333333333333	45.26	45.36	45.17333333333333	45.306666666666665	44.986666666666665	44.71333333333333	44.22666666666667	42.77333333333333	0.0
0.0	43.36	44.92	45.34	45.46	45.473333333333336	45.31333333333333	45.46	45.46666666666667	45.68	45.56	45.693333333333335	45.72	45.906666666666666	45.81333333333333	45.806666666666665	45.733333333333334	45.806666666666665	45.53333333333333	45.56666666666667	45.666666666666664	45.82666666666667	45.68666666666667	45.68666666666667	46.086666666666666	45.68	45.56666666666667	45.68666666666667	45.92	45.78	45.64666666666667	45.61333333333334	45.333333333333336	45.07333333333333	44.74666666666667	43.653333333333336	0.0
0.0	43.26	44.85333333333333	45.053333333333335	45.28666666666667	45.25333333333333	45.46666666666667	45.27333333333333	45.653333333333336	45.71333333333333	45.53333333333333	45.406666666666666	45.43333333333333	45.42	45.806666666666665	45.79333333333334	45.806666666666665	45.72	45.54	45.4	45.38	45.72	45.46	45.46	45.46666666666667	45.486666666666665	45.38666666666666	45.38	45.333333333333336	45.233333333333334	45.54666666666667	45.67333333333333	45.38666666666666	45.27333333333333	44.84	43.14666666666667	0.0
0.0	43.32	44.806666666666665	45.08	45.43333333333333	45.486666666666665	45.35333333333333	45.653333333333336	45.346666666666664	45.58	45.8	45.666666666666664	45.58	45.653333333333336	45.48	45.53333333333333	45.406666666666666	45.5	45.62	45.766666666666666	45.75333333333333	45.68666666666667	45.446666666666665	45.593333333333334	45.48	45.593333333333334	45.43333333333333	45.28666666666667	45.78666666666667	45.44	45.373333333333335	45.68	45.42666666666667	45.333333333333336	44.693333333333335	43.38666666666666	0.0
0.0	43.28	44.973333333333336	45.2	45.63333333333333	45.34	45.6	45.48	45.62	45.68666666666667	45.38666666666666	45.35333333333333	45.233333333333334	45.46666666666667	45.53333333333333	45.666666666666664	45.48	45.76	45.49333333333333	45.84	45.56	45.56	45.78666666666667	45.553333333333335	45.53333333333333	45.346666666666664	45.626666666666665	45.36666666666667	45.39333333333333	45.54666666666667	45.36666666666667	45.553333333333335	45.28666666666667	45.25333333333333	44.413333333333334	43.24666666666667	0.0
0.0	43.486666666666665	44.846666666666664	45.22666666666667	45.5	45.54	45.846666666666664	45.34	45.653333333333336	45.72666666666667	45.74	45.99333333333333	45.50666666666667	45.75333333333333	45.64666666666667	45.693333333333335	45.906666666666666	45.593333333333334	45.42	45.6	45.52	45.36	45.64	45.43333333333333	45.57333333333333	45.72666666666667	45.96666666666667	45.72666666666667	45.68	45.74	45.806666666666665	45.5	45.34	45.38	44.74666666666667	43.20666666666666	0.0
0.0	43.29333333333334	44.50666666666667	44.79333333333334	45.24	45.373333333333335	45.27333333333333	45.48	45.66	45.62	45.44	45.57333333333333	45.46666666666667	45.58	45.54	45.78666666666667	45.56	45.346666666666664	45.54	45.306666666666665	45.36	45.6	45.806666666666665	45.52	45.62	45.48	45.58	45.6	45.38666666666666	45.193333333333335	45.7	45.34	45.38	45.153333333333336	44.54666666666667	43.36	0.0
0.0	43.13333333333333	44.95333333333333	45.13333333333333	44.93333333333333	45.26	45.56666666666667	45.526666666666664	45.6	45.553333333333335	45.82666666666667	45.66	45.06	45.346666666666664	45.92666666666667	45.593333333333334	45.64666666666667	45.446666666666665	45.626666666666665	45.72666666666667	45.586666666666666	45.38	45.733333333333334	45.60666666666667	45.5	45.86	45.6	45.22	45.74666666666667	45.63333333333333	45.3	45.45333333333333	45.68666666666667	45.32666666666667	44.70666666666666	43.14	0.0
0.0	43.333333333333336	44.71333333333333	45.04666666666667	45.28666666666667	45.4	45.2	45.45333333333333	45.42	45.36666666666667	45.406666666666666	45.56	45.25333333333333	45.46666666666667	45.64	45.52	45.666666666666664	45.48	45.413333333333334	45.39333333333333	45.56666666666667	45.49333333333333	45.42	45.43333333333333	45.3	45.45333333333333	45.42666666666667	45.27333333333333	45.74	45.7	45.75333333333333	45.126666666666665	45.193333333333335	44.906666666666666	44.733333333333334	43.26	0.0
0.0	43.026666666666664	44.346666666666664	44.68666666666667	44.906666666666666	45.233333333333334	45.18666666666667	45.333333333333336	45.733333333333334	45.306666666666665	45.38	45.25333333333333	45.35333333333333	45.266666666666666	45.166666666666664	45.22	45.413333333333334	45.58	45.6	45.333333333333336	45.58	45.526666666666664	45.693333333333335	45.14666666666667	45.27333333333333	45.42	45.28666666666667	45.63333333333333	45.49333333333333	45.18	45.32666666666667	45.07333333333333	45.17333333333333	44.846666666666664	44.4	43.0	0.0
0.0	43.43333333333333	44.92	45.26	45.266666666666666	45.42666666666667	45.7	45.77333333333333	46.07333333333333	45.64666666666667	45.906666666666666	45.86666666666667	45.72666666666667	45.666666666666664	45.86	45.78666666666667	45.653333333333336	45.88666666666666	45.89333333333333	45.72	45.67333333333333	45.67333333333333	45.766666666666666	45.86666666666667	45.733333333333334	45.906666666666666	45.806666666666665	45.653333333333336	45.806666666666665	45.61333333333334	45.60666666666667	45.526666666666664	45.71333333333333	45.48	45.24	43.45333333333333	0.0
0.0	42.946666666666665	44.56	44.9	45.166666666666664	45.36	45.27333333333333	45.52	45.70666666666666	45.64	45.693333333333335	45.333333333333336	45.6	45.666666666666664	45.32666666666667	45.36	45.36666666666667	45.4	45.513333333333335	45.2	45.373333333333335	45.63333333333333	45.50666666666667	45.61333333333334	45.46666666666667	45.48	45.54666666666667	45.373333333333335	45.48	45.36666666666667	45.486666666666665	45.31333333333333	45.266666666666666	45.25333333333333	44.626666666666665	43.233333333333334	0.0
0.0	42.913333333333334	44.3	44.81333333333333	45.1	45.04	45.166666666666664	45.21333333333333	45.06	45.093333333333334	45.266666666666666	45.21333333333333	45.013333333333335	45.13333333333333	45.32666666666667	45.39333333333333	45.153333333333336	45.22	44.98	45.07333333333333	45.18666666666667	45.13333333333333	44.906666666666666	45.24666666666667	45.07333333333333	45.013333333333335	44.96666666666667	45.22666666666667	45.20666666666666	45.093333333333334	45.25333333333333	44.913333333333334	44.86666666666667	44.48	43.99333333333333	42.81333333333333	0.0
0.0	42.913333333333334	44.53333333333333	44.653333333333336	45.086666666666666	45.373333333333335	45.00666666666667	45.32	45.32	45.22666666666667	45.35333333333333	44.99333333333333	45.553333333333335	45.42666666666667	45.406666666666666	45.53333333333333	45.16	45.06	45.46666666666667	45.39333333333333	45.093333333333334	45.04	45.193333333333335	45.06666666666667	45.42	45.3	45.06	45.18666666666667	45.34	45.32666666666667	45.38	44.8	45.04	44.96666666666667	44.14	42.873333333333335	0.0
0.0	42.78666666666667	44.08	44.513333333333335	44.79333333333334	45.03333333333333	45.07333333333333	45.20666666666666	45.233333333333334	45.44	45.04	45.29333333333334	44.94	44.99333333333333	44.913333333333334	45.24	44.92	45.14666666666667	45.126666666666665	45.153333333333336	45.02	44.78666666666667	45.086666666666666	45.22666666666667	45.28	45.053333333333335	45.18	45.0	44.8	44.88	44.78666666666667	44.96666666666667	44.593333333333334	44.64	44.24	42.846666666666664	0.0
0.0	42.913333333333334	44.60666666666667	44.81333333333333	45.333333333333336	45.35333333333333	45.36	45.60666666666667	45.5	45.52	45.653333333333336	45.52	45.46	45.553333333333335	45.44	45.42666666666667	45.806666666666665	45.39333333333333	45.593333333333334	45.56666666666667	45.74666666666667	45.85333333333333	45.77333333333333	45.56666666666667	45.94	45.64	45.36	45.593333333333334	45.13333333333333	45.2	45.44	45.44	45.54666666666667	45.333333333333336	44.82666666666667	42.93333333333333	0.0
0.0	42.846666666666664	44.14	44.62	44.89333333333333	45.11333333333334	45.32	45.153333333333336	45.306666666666665	45.486666666666665	44.95333333333333	44.906666666666666	44.873333333333335	44.96666666666667	45.34	45.22666666666667	45.2	45.346666666666664	44.93333333333333	45.333333333333336	45.42	45.093333333333334	45.026666666666664	45.06	44.906666666666666	44.913333333333334	45.126666666666665	45.026666666666664	45.14666666666667	45.553333333333335	45.526666666666664	45.32666666666667	44.873333333333335	45.08	44.7	42.973333333333336	0.0
0.0	42.75333333333333	44.32	45.14	45.18	45.333333333333336	44.95333333333333	45.16	45.26	45.093333333333334	45.166666666666664	45.153333333333336	45.32666666666667	45.22	44.92	45.24	45.0	44.95333333333333	45.11333333333334	44.986666666666665	45.06666666666667	45.3	45.233333333333334	45.42	45.21333333333333	45.18	45.026666666666664	45.266666666666666	45.04	45.166666666666664	45.013333333333335	45.06	45.36	44.85333333333333	44.22666666666667	43.1	0.0
0.0	43.126666666666665	45.0	45.27333333333333	45.31333333333333	45.49333333333333	45.233333333333334	45.16	45.57333333333333	45.31333333333333	45.43333333333333	45.266666666666666	45.473333333333336	45.54	44.96666666666667	45.20666666666666	45.00666666666667	45.10666666666667	45.29333333333334	45.593333333333334	45.36666666666667	45.413333333333334	45.32	45.4	45.1	45.4	45.36	45.61333333333334	45.53333333333333	45.35333333333333	45.42666666666667	45.46	45.04666666666667	44.93333333333333	44.56666666666667	42.66	0.0
0.0	43.04	44.39333333333333	45.193333333333335	45.46	45.46666666666667	45.64666666666667	45.32666666666667	45.57333333333333	45.46	45.57333333333333	45.72666666666667	45.4	45.6	45.49333333333333	45.57333333333333	45.42666666666667	45.626666666666665	45.693333333333335	45.43333333333333	45.45333333333333	45.333333333333336	45.21333333333333	45.38	45.50666666666667	45.54	45.473333333333336	45.82666666666667	45.78666666666667	45.513333333333335	45.806666666666665	45.38	45.06666666666667	45.03333333333333	44.593333333333334	43.18666666666667	0.0
0.0	43.093333333333334	44.7	45.2	45.32	45.406666666666666	45.38666666666666	45.42	45.38	45.193333333333335	45.14666666666667	45.32	45.4	45.446666666666665	45.413333333333334	45.266666666666666	45.473333333333336	45.28	45.31333333333333	45.153333333333336	45.46666666666667	45.25333333333333	45.38666666666666	45.25333333333333	45.526666666666664	45.52	45.48	45.406666666666666	45.593333333333334	45.45333333333333	45.31333333333333	45.48	45.086666666666666	44.86	44.28	43.053333333333335	0.0
0.0	43.24666666666667	44.72666666666667	45.166666666666664	45.58	45.446666666666665	45.53333333333333	45.45333333333333	45.68	45.3	45.49333333333333	45.16	45.49333333333333	45.553333333333335	45.36	45.24666666666667	45.6	45.64	45.3	45.54666666666667	45.49333333333333	45.54	45.43333333333333	45.373333333333335	45.373333333333335	45.513333333333335	45.64	45.846666666666664	45.46	45.54	45.44	45.24	45.16	45.22666666666667	44.71333333333333	43.2	0.0
0.0	43.2	44.74666666666667	45.266666666666666	45.6	45.22	45.66	45.34	45.833333333333336	45.406666666666666	45.56	45.43333333333333	45.58	45.54	45.32666666666667	45.46666666666667	45.54666666666667	45.62	45.526666666666664	45.77333333333333	45.7	45.76	45.68	45.513333333333335	45.666666666666664	45.75333333333333	45.62	45.54	45.82	45.56	45.873333333333335	45.766666666666666	45.593333333333334	45.593333333333334	44.806666666666665	43.44	0.0
0.0	42.88666666666666	44.513333333333335	45.14666666666667	45.333333333333336	45.32	45.67333333333333	45.513333333333335	45.626666666666665	45.5	45.333333333333336	45.333333333333336	45.373333333333335	45.35333333333333	45.84	45.373333333333335	45.446666666666665	45.66	45.486666666666665	45.38	45.653333333333336	45.66	45.84	45.833333333333336	45.626666666666665	46.053333333333335	45.46	45.4	45.63333333333333	45.5	45.593333333333334	45.29333333333334	45.39333333333333	45.17333333333333	44.62	43.17333333333333	0.0
0.0	43.153333333333336	44.54666666666667	44.86666666666667	44.79333333333334	45.06666666666667	45.02	45.36666666666667	45.42	45.153333333333336	45.42666666666667	45.60666666666667	45.54666666666667	45.413333333333334	45.38666666666666	45.49333333333333	45.16	45.593333333333334	45.35333333333333	45.1	45.18666666666667	45.413333333333334	45.4	45.36	45.25333333333333	45.333333333333336	45.18	45.193333333333335	45.20666666666666	45.093333333333334	45.3	45.45333333333333	45.16	45.16	44.54	42.906666666666666	0.0
0.0	43.233333333333334	44.42	45.13333333333333	45.56666666666667	45.68666666666667	45.42	45.22	45.72	45.64666666666667	45.72666666666667	45.36666666666667	45.25333333333333	45.57333333333333	45.766666666666666	45.973333333333336	45.666666666666664	45.666666666666664	45.48	45.28666666666667	45.62	45.653333333333336	45.553333333333335	45.53333333333333	45.72666666666667	45.38666666666666	45.64	45.60666666666667	45.5	45.38	45.346666666666664	45.44	45.38	45.24666666666667	44.593333333333334	43.16	0.0
0.0	43.333333333333336	44.78	45.18666666666667	45.63333333333333	45.48	45.626666666666665	45.54	45.873333333333335	45.61333333333334	45.63333333333333	45.406666666666666	45.833333333333336	45.92	45.593333333333334	45.72	45.666666666666664	45.64666666666667	45.7	45.806666666666665	45.53333333333333	45.67333333333333	45.68	45.473333333333336	45.7	45.833333333333336	45.64	45.6	45.64666666666667	45.74666666666667	45.70666666666666	45.553333333333335	45.71333333333333	45.82666666666667	44.86	43.27333333333333	0.0
0.0	42.95333333333333	44.406666666666666	44.84	45.25333333333333	44.7	45.18	45.406666666666666	45.03333333333333	45.04666666666667	45.03333333333333	45.12	45.42666666666667	45.153333333333336	45.32666666666667	45.10666666666667	45.153333333333336	45.1	45.04	45.14	45.36	45.153333333333336	45.45333333333333	45.28	45.126666666666665	44.833333333333336	45.2	45.18	44.986666666666665	45.333333333333336	45.026666666666664	45.04666666666667	44.56666666666667	44.64	44.28	42.99333333333333	0.0
0.0	43.14	44.72666666666667	45.12	45.373333333333335	45.38	45.43333333333333	45.53333333333333	45.42666666666667	45.4	45.74666666666667	45.666666666666664	45.62	45.66	45.76	45.70666666666666	45.86	45.58	45.52	45.74	45.66	45.49333333333333	45.62	45.56	45.526666666666664	45.5	45.373333333333335	45.32	45.58	45.833333333333336	45.72	45.35333333333333	45.32	45.153333333333336	44.71333333333333	42.946666666666665	0.0
0.0	42.53333333333333	43.873333333333335	44.446666666666665	44.79333333333334	44.86666666666667	44.88	44.96666666666667	45.026666666666664	44.94	44.806666666666665	44.86666666666667	44.79333333333334	44.96666666666667	45.22	45.10666666666667	44.92666666666667	44.78666666666667	44.93333333333333	45.13333333333333	45.166666666666664	45.17333333333333	44.78666666666667	44.913333333333334	45.10666666666667	44.84	45.02	45.093333333333334	45.153333333333336	45.32666666666667	45.3	44.913333333333334	44.873333333333335	44.71333333333333	44.24	42.72666666666667	0.0
0.0	42.95333333333333	44.56	45.11333333333334	45.02	45.20666666666666	45.166666666666664	45.32666666666667	45.45333333333333	45.56	45.24666666666667	45.18	45.346666666666664	45.53333333333333	45.3	45.18	45.126666666666665	45.13333333333333	45.25333333333333	45.35333333333333	45.093333333333334	45.25333333333333	45.373333333333335	45.50666666666667	45.193333333333335	45.25333333333333	45.14666666666667	45.11333333333334	45.14666666666667	45.32666666666667	45.70666666666666	45.38666666666666	45.13333333333333	45.04666666666667	44.413333333333334	43.093333333333334	0.0
0.0	43.28666666666667	44.56	45.3	45.79333333333334	45.86666666666667	45.68	45.70666666666666	45.733333333333334	45.446666666666665	45.72666666666667	45.873333333333335	45.6	45.71333333333333	45.666666666666664	45.49333333333333	45.526666666666664	45.486666666666665	45.75333333333333	45.60666666666667	45.77333333333333	45.75333333333333	45.93333333333333	45.96	45.72	45.72	45.54666666666667	45.36666666666667	45.346666666666664	45.38666666666666	45.32666666666667	45.586666666666666	45.71333333333333	45.233333333333334	44.95333333333333	43.36	0.0
0.0	43.22	44.626666666666665	44.95333333333333	45.3	44.946666666666665	45.06	45.06666666666667	45.12	44.946666666666665	45.21333333333333	45.00666666666667	45.22666666666667	45.42	45.34	45.45333333333333	45.38666666666666	45.27333333333333	45.58	45.34	45.18	45.36	45.833333333333336	45.586666666666666	45.31333333333333	45.553333333333335	45.27333333333333	45.17333333333333	45.45333333333333	45.53333333333333	45.5	45.193333333333335	45.013333333333335	44.98	44.3	42.93333333333333	0.0
0.0	43.06	44.486666666666665	45.093333333333334	45.153333333333336	45.093333333333334	45.7	45.08	45.45333333333333	45.36	45.18	45.4	45.38666666666666	45.26	45.4	45.653333333333336	45.593333333333334	45.406666666666666	45.49333333333333	45.38	45.26	45.17333333333333	45.26	45.22	45.27333333333333	45.32666666666667	45.66	45.36666666666667	45.14666666666667	45.373333333333335	45.31333333333333	45.406666666666666	45.4	45.013333333333335	44.36	43.0	0.0
0.0	42.93333333333333	44.24666666666667	45.08	44.98	45.39333333333333	45.4	45.22	45.35333333333333	45.16	45.38	45.54	45.06666666666667	45.32666666666667	45.126666666666665	45.38666666666666	45.45333333333333	45.27333333333333	45.54666666666667	45.54666666666667	45.46	45.6	45.56666666666667	45.74666666666667	45.833333333333336	45.49333333333333	45.67333333333333	45.57333333333333	45.54666666666667	45.78	45.586666666666666	45.486666666666665	45.3	45.086666666666666	44.64	42.81333333333333	0.0
0.0	43.04666666666667	44.42666666666667	44.806666666666665	45.06	45.36666666666667	45.233333333333334	45.306666666666665	45.16	45.18	45.18666666666667	45.53333333333333	45.26	45.233333333333334	45.486666666666665	45.21333333333333	45.333333333333336	45.233333333333334	45.16	45.11333333333334	45.306666666666665	45.42666666666667	45.44	45.39333333333333	45.26	45.14	44.99333333333333	45.28	45.18666666666667	45.21333333333333	45.38666666666666	45.17333333333333	45.10666666666667	45.08	44.6	43.093333333333334	0.0
0.0	42.68	44.67333333333333	44.99333333333333	45.18	45.17333333333333	45.27333333333333	45.2	45.39333333333333	45.25333333333333	45.42	45.20666666666666	45.52	45.35333333333333	45.22	45.486666666666665	45.42	45.46666666666667	45.38666666666666	45.39333333333333	45.32666666666667	45.373333333333335	45.346666666666664	45.38666666666666	45.32666666666667	45.446666666666665	45.22666666666667	44.8	45.25333333333333	45.53333333333333	45.486666666666665	45.3	45.34	45.03333333333333	44.45333333333333	42.86666666666667	0.0
0.0	43.24666666666667	44.50666666666667	45.07333333333333	45.18666666666667	45.58	45.52	45.36	45.56666666666667	45.46666666666667	45.44	45.486666666666665	45.48	45.42666666666667	45.44	45.373333333333335	45.42	44.78	45.25333333333333	45.22	45.11333333333334	45.14	45.48	45.626666666666665	45.486666666666665	45.7	45.513333333333335	45.586666666666666	45.5	45.43333333333333	45.38666666666666	45.42	45.233333333333334	44.89333333333333	44.67333333333333	43.10666666666667	0.0
0.0	43.18666666666667	45.03333333333333	45.04	45.5	45.70666666666666	45.67333333333333	45.43333333333333	45.8	45.593333333333334	45.8	45.42	45.60666666666667	45.553333333333335	45.333333333333336	45.693333333333335	45.5	45.806666666666665	45.666666666666664	45.67333333333333	45.56666666666667	45.53333333333333	45.553333333333335	45.42666666666667	45.586666666666666	45.95333333333333	45.7	45.70666666666666	45.7	45.58	45.78666666666667	45.53333333333333	45.54	45.17333333333333	44.61333333333334	43.333333333333336	0.0
0.0	42.98	44.28	44.7	44.95333333333333	45.11333333333334	45.31333333333333	45.04666666666667	45.086666666666666	45.14666666666667	45.03333333333333	45.1	45.126666666666665	45.14666666666667	45.233333333333334	45.18666666666667	45.35333333333333	45.086666666666666	45.13333333333333	44.98	45.233333333333334	44.946666666666665	45.24666666666667	45.32	45.04	45.28	44.9	44.906666666666666	45.026666666666664	44.81333333333333	44.77333333333333	44.53333333333333	44.72	44.75333333333333	44.333333333333336	42.946666666666665	0.0
0.0	43.14	44.32666666666667	44.96666666666667	45.22	45.1	45.42666666666667	45.1	45.20666666666666	45.35333333333333	45.25333333333333	45.17333333333333	45.013333333333335	45.04666666666667	45.13333333333333	45.08	45.24	44.86666666666667	45.413333333333334	45.233333333333334	45.34	45.32	45.373333333333335	45.28666666666667	45.413333333333334	45.39333333333333	45.513333333333335	45.49333333333333	45.44	45.24666666666667	45.306666666666665	45.24	44.93333333333333	44.78666666666667	44.26	43.053333333333335	0.0
0.0	43.07333333333333	44.593333333333334	44.92	45.653333333333336	45.486666666666665	45.53333333333333	45.53333333333333	45.666666666666664	45.56666666666667	45.39333333333333	45.61333333333334	45.52	46.013333333333335	45.71333333333333	45.70666666666666	45.693333333333335	45.70666666666666	45.64	45.54666666666667	45.233333333333334	45.62	45.63333333333333	45.513333333333335	45.95333333333333	45.82	45.77333333333333	45.553333333333335	45.666666666666664	45.71333333333333	45.44	45.75333333333333	45.62	45.20666666666666	44.92	43.56666666666667	0.0
0.0	43.24	44.586666666666666	44.96	45.72	45.45333333333333	45.66	45.626666666666665	45.473333333333336	45.46666666666667	45.346666666666664	45.64666666666667	45.81333333333333	45.22	45.22666666666667	45.346666666666664	45.76	45.233333333333334	45.22	45.553333333333335	45.57333333333333	45.62	45.70666666666666	45.46	45.49333333333333	45.333333333333336	45.4	45.68	45.473333333333336	45.45333333333333	45.17333333333333	45.22666666666667	45.06	44.68666666666667	44.17333333333333	43.42666666666667	0.0
0.0	43.413333333333334	44.626666666666665	45.22666666666667	45.36666666666667	45.473333333333336	45.27333333333333	45.54	45.26	45.34	45.3	45.60666666666667	45.70666666666666	45.64666666666667	45.486666666666665	45.62	45.52	45.64	45.4	45.72	45.64	45.54666666666667	45.54	45.43333333333333	45.513333333333335	45.593333333333334	45.85333333333333	45.62	45.6	45.44	45.406666666666666	45.14	45.166666666666664	45.06	44.7	43.166666666666664	0.0
0.0	43.1	44.513333333333335	44.88666666666666	45.21333333333333	45.306666666666665	45.233333333333334	45.18666666666667	45.346666666666664	45.28	45.22666666666667	44.96	44.79333333333334	45.3	45.36	45.50666666666667	45.413333333333334	45.593333333333334	45.4	45.17333333333333	44.89333333333333	45.10666666666667	45.27333333333333	45.14666666666667	45.026666666666664	45.11333333333334	44.93333333333333	45.13333333333333	45.02	44.913333333333334	45.12	45.32666666666667	45.03333333333333	44.9	44.34	42.96	0.0
0.0	43.0	44.7	44.733333333333334	44.94	45.14	45.306666666666665	45.24666666666667	45.473333333333336	45.28	45.526666666666664	45.593333333333334	45.25333333333333	45.18	45.21333333333333	45.31333333333333	45.413333333333334	45.11333333333334	45.03333333333333	45.026666666666664	45.20666666666666	45.026666666666664	45.43333333333333	45.473333333333336	45.61333333333334	45.36	45.14	45.11333333333334	45.166666666666664	45.12	45.333333333333336	45.08	45.21333333333333	45.27333333333333	44.56	42.946666666666665	0.0
0.0	43.02	44.513333333333335	45.18666666666667	45.306666666666665	45.38	45.486666666666665	45.486666666666665	45.77333333333333	45.586666666666666	45.49333333333333	45.406666666666666	45.67333333333333	45.38666666666666	45.39333333333333	45.32666666666667	45.553333333333335	45.54	45.71333333333333	45.89333333333333	45.50666666666667	45.64666666666667	45.71333333333333	45.63333333333333	45.56666666666667	45.4	45.126666666666665	45.153333333333336	45.45333333333333	45.413333333333334	45.653333333333336	45.26	45.44	45.06666666666667	44.68666666666667	43.086666666666666	0.0
0.0	43.06666666666667	44.28666666666667	44.56666666666667	44.81333333333333	45.013333333333335	44.95333333333333	45.21333333333333	45.0	44.82666666666667	45.093333333333334	45.126666666666665	45.08	45.24	45.29333333333334	45.373333333333335	45.446666666666665	45.333333333333336	45.43333333333333	44.84	45.21333333333333	45.013333333333335	45.24	45.02	45.446666666666665	45.03333333333333	45.08	45.18	45.24	45.06666666666667	45.22666666666667	44.99333333333333	44.946666666666665	44.973333333333336	44.406666666666666	42.973333333333336	0.0
0.0	43.413333333333334	44.43333333333333	44.92	45.306666666666665	45.29333333333334	45.093333333333334	45.32	45.00666666666667	45.46666666666667	45.12	45.49333333333333	45.17333333333333	45.306666666666665	45.486666666666665	45.406666666666666	45.5	45.50666666666667	45.14	45.32666666666667	45.25333333333333	45.18666666666667	45.2	45.38666666666666	45.04	45.35333333333333	45.38666666666666	45.27333333333333	45.04	45.13333333333333	45.053333333333335	45.42	44.92	44.96666666666667	44.6	43.08	0.0
0.0	43.166666666666664	44.806666666666665	45.22666666666667	45.17333333333333	45.42	45.28666666666667	45.46	45.61333333333334	45.473333333333336	45.45333333333333	45.82666666666667	45.42	45.61333333333334	45.36	45.64666666666667	45.54666666666667	45.72	45.63333333333333	45.62	45.946666666666665	45.60666666666667	45.693333333333335	45.50666666666667	45.526666666666664	45.486666666666665	45.68	45.52	45.36	45.333333333333336	45.49333333333333	45.00666666666667	45.28	45.21333333333333	44.77333333333333	43.16	0.0
0.0	43.32	44.873333333333335	45.413333333333334	45.46	45.62	45.61333333333334	45.86666666666667	45.76	45.76	45.54666666666667	45.766666666666666	45.88	45.96	45.986666666666665	46.026666666666664	46.1	45.84	45.766666666666666	45.946666666666665	45.72	46.166666666666664	45.82	45.873333333333335	45.906666666666666	45.77333333333333	46.17333333333333	45.693333333333335	45.72	45.86	45.846666666666664	45.653333333333336	45.52	45.08	44.78666666666667	43.35333333333333	0.0
0.0	43.013333333333335	44.306666666666665	44.74	44.833333333333336	45.08	44.85333333333333	45.08	45.24	45.25333333333333	45.36	45.06666666666667	45.093333333333334	45.29333333333334	45.22	45.013333333333335	45.17333333333333	45.31333333333333	45.12	45.02	45.28666666666667	45.18666666666667	45.03333333333333	45.04666666666667	45.18	45.36	45.2	45.42666666666667	45.28666666666667	45.08	44.98	44.88666666666666	44.96666666666667	45.06	44.513333333333335	42.82	0.0
0.0	42.6	44.00666666666667	45.026666666666664	45.346666666666664	45.013333333333335	45.013333333333335	45.03333333333333	45.06666666666667	45.20666666666666	45.10666666666667	44.82666666666667	45.21333333333333	45.086666666666666	45.14666666666667	45.3	45.31333333333333	45.21333333333333	45.553333333333335	45.10666666666667	45.473333333333336	45.093333333333334	45.406666666666666	45.22	45.21333333333333	45.00666666666667	45.06	44.99333333333333	45.11333333333334	45.14	45.093333333333334	45.053333333333335	44.88666666666666	45.12	44.5	42.92	0.0
0.0	43.10666666666667	44.35333333333333	45.03333333333333	45.29333333333334	45.086666666666666	45.473333333333336	45.38	45.22666666666667	45.29333333333334	45.18666666666667	45.413333333333334	45.553333333333335	45.27333333333333	45.413333333333334	45.45333333333333	45.56	45.166666666666664	45.00666666666667	45.193333333333335	45.45333333333333	45.57333333333333	45.333333333333336	45.29333333333334	45.12	45.2	45.32666666666667	45.36666666666667	45.14666666666667	45.4	45.3	45.12	45.166666666666664	44.8	44.56666666666667	42.693333333333335	0.0
0.0	43.22	44.63333333333333	45.14	45.32666666666667	45.593333333333334	45.486666666666665	45.6	45.373333333333335	45.36666666666667	45.513333333333335	45.14	45.333333333333336	45.35333333333333	45.31333333333333	45.626666666666665	45.31333333333333	45.513333333333335	45.1	45.233333333333334	45.46	45.22666666666667	45.22	45.513333333333335	45.52	45.49333333333333	45.56	45.71333333333333	45.39333333333333	45.373333333333335	45.346666666666664	45.26	45.28	45.22666666666667	44.333333333333336	43.11333333333334	0.0
0.0	43.14666666666667	44.446666666666665	44.94	45.28	45.13333333333333	45.32666666666667	45.06666666666667	45.36	45.46666666666667	45.50666666666667	45.62	45.39333333333333	45.373333333333335	45.24666666666667	45.666666666666664	45.50666666666667	45.093333333333334	45.486666666666665	45.54666666666667	45.39333333333333	45.60666666666667	45.22666666666667	45.35333333333333	45.28	45.66	45.00666666666667	45.24	45.1	45.24	45.52	45.34	45.06666666666667	44.8	44.38	42.913333333333334	0.0
0.0	43.08	44.58	45.16	45.22666666666667	45.14666666666667	45.56666666666667	45.24666666666667	45.20666666666666	45.373333333333335	45.35333333333333	45.14	45.306666666666665	45.56	45.28666666666667	45.31333333333333	45.52	45.266666666666666	45.32666666666667	45.18666666666667	45.28	45.44	45.44	45.57333333333333	45.45333333333333	45.45333333333333	45.06666666666667	45.2	45.56	45.086666666666666	45.2	45.22	45.1	44.79333333333334	44.39333333333333	43.053333333333335	0.0
0.0	42.76	44.233333333333334	44.66	44.846666666666664	44.693333333333335	45.04	45.42	45.14666666666667	45.38666666666666	44.98	44.99333333333333	45.02	45.126666666666665	45.013333333333335	45.34	45.0	45.233333333333334	44.846666666666664	45.053333333333335	44.98	44.986666666666665	44.806666666666665	44.98	44.973333333333336	45.026666666666664	44.82666666666667	45.233333333333334	44.54	45.02	44.766666666666666	45.06666666666667	44.64	44.64	43.95333333333333	42.66	0.0
0.0	42.766666666666666	44.3	44.733333333333334	45.093333333333334	44.98	45.07333333333333	45.26	45.21333333333333	45.21333333333333	45.346666666666664	45.08	44.99333333333333	45.0	44.946666666666665	44.92666666666667	45.266666666666666	44.96666666666667	45.25333333333333	45.026666666666664	45.03333333333333	45.18	45.42666666666667	44.84	44.78	45.22666666666667	45.18	45.18	45.31333333333333	45.153333333333336	45.24666666666667	44.846666666666664	45.02	45.166666666666664	44.473333333333336	43.126666666666665	0.0
0.0	42.94	44.50666666666667	44.906666666666666	45.18	45.38666666666666	45.34	45.70666666666666	45.36666666666667	45.27333333333333	45.446666666666665	45.49333333333333	45.43333333333333	45.56	45.5	45.26	45.306666666666665	45.346666666666664	45.04666666666667	45.446666666666665	45.49333333333333	45.46666666666667	45.49333333333333	45.333333333333336	45.406666666666666	45.36666666666667	45.24	45.42	45.63333333333333	45.373333333333335	45.42666666666667	45.346666666666664	45.38	44.88666666666666	44.593333333333334	43.20666666666666	0.0
0.0	43.31333333333333	44.61333333333334	44.67333333333333	44.94	45.11333333333334	45.14	45.16	45.68666666666667	45.42666666666667	45.4	45.626666666666665	45.28	45.5	45.32	45.2	45.266666666666666	45.473333333333336	45.38	45.406666666666666	45.46	45.60666666666667	45.406666666666666	45.68	45.593333333333334	45.373333333333335	45.513333333333335	45.48	44.9	45.50666666666667	45.22666666666667	45.46666666666667	45.4	44.94	44.39333333333333	43.04	0.0
0.0	43.1	44.53333333333333	44.84	45.28666666666667	45.25333333333333	45.32	45.3	45.76	45.4	45.413333333333334	45.72	45.28	45.49333333333333	45.45333333333333	45.653333333333336	45.586666666666666	45.42666666666667	45.56666666666667	45.71333333333333	45.38666666666666	45.093333333333334	45.413333333333334	45.71333333333333	45.50666666666667	45.4	45.39333333333333	45.513333333333335	45.43333333333333	45.42666666666667	45.373333333333335	45.08	44.85333333333333	45.06	44.43333333333333	42.82	0.0
0.0	43.38	44.833333333333336	45.11333333333334	45.406666666666666	45.70666666666666	45.913333333333334	45.733333333333334	45.61333333333334	45.57333333333333	45.78	45.7	45.85333333333333	45.81333333333333	45.64666666666667	45.74666666666667	45.5	45.28666666666667	45.44	45.56666666666667	45.38666666666666	45.44	45.513333333333335	45.43333333333333	45.75333333333333	45.75333333333333	45.67333333333333	45.62	45.61333333333334	45.72666666666667	45.54	45.57333333333333	45.64666666666667	45.61333333333334	44.86666666666667	43.406666666666666	0.0
0.0	43.153333333333336	44.513333333333335	44.92	44.92	45.12	45.45333333333333	45.026666666666664	45.24	45.14666666666667	45.03333333333333	45.266666666666666	45.126666666666665	45.013333333333335	45.24	45.086666666666666	45.06	45.413333333333334	45.14666666666667	45.193333333333335	44.96666666666667	45.026666666666664	44.986666666666665	45.24666666666667	44.99333333333333	45.17333333333333	45.28666666666667	45.22	45.1	44.95333333333333	44.973333333333336	44.833333333333336	45.026666666666664	44.54666666666667	44.34	42.86	0.0
0.0	43.48	44.43333333333333	44.913333333333334	45.53333333333333	45.473333333333336	45.42666666666667	45.306666666666665	45.333333333333336	45.49333333333333	45.53333333333333	45.486666666666665	45.39333333333333	45.60666666666667	45.48	45.46	45.553333333333335	45.473333333333336	45.42	45.653333333333336	45.18666666666667	45.413333333333334	45.39333333333333	45.193333333333335	45.64	45.68	45.68	45.526666666666664	45.07333333333333	45.306666666666665	45.17333333333333	45.28	45.053333333333335	45.1	44.35333333333333	42.913333333333334	0.0
0.0	43.013333333333335	44.46	45.16	45.32666666666667	45.56666666666667	45.76	45.53333333333333	45.34	45.36666666666667	45.14	44.96666666666667	45.31333333333333	45.46666666666667	45.31333333333333	45.38666666666666	45.76	45.36666666666667	45.44	45.6	45.78	45.71333333333333	45.306666666666665	45.49333333333333	45.36	45.25333333333333	45.11333333333334	45.42	45.42666666666667	45.58	45.653333333333336	45.593333333333334	45.25333333333333	45.27333333333333	44.4	43.22	0.0
0.0	43.193333333333335	44.38	45.22666666666667	45.166666666666664	45.26	45.306666666666665	45.53333333333333	45.6	45.166666666666664	45.52	45.27333333333333	45.22	45.32666666666667	45.52	45.626666666666665	45.64666666666667	45.3	45.53333333333333	45.20666666666666	45.486666666666665	45.24666666666667	45.346666666666664	45.64666666666667	45.32666666666667	45.24	45.193333333333335	45.32666666666667	45.13333333333333	45.25333333333333	45.49333333333333	45.10666666666667	45.21333333333333	45.28666666666667	44.67333333333333	42.806666666666665	0.0
0.0	43.06666666666667	44.653333333333336	44.95333333333333	45.373333333333335	45.32666666666667	45.31333333333333	45.29333333333334	45.28666666666667	45.74666666666667	45.77333333333333	45.60666666666667	45.54666666666667	45.24666666666667	45.486666666666665	45.38666666666666	45.43333333333333	45.22	45.526666666666664	45.78	45.46666666666667	45.52	45.406666666666666	45.513333333333335	45.54	45.693333333333335	44.94	45.68666666666667	45.17333333333333	45.31333333333333	45.39333333333333	45.50666666666667	45.473333333333336	45.04	44.95333333333333	42.946666666666665	0.0
0.0	42.99333333333333	44.166666666666664	44.78	44.9	45.126666666666665	45.12	45.11333333333334	45.14666666666667	45.026666666666664	45.07333333333333	44.873333333333335	44.99333333333333	44.82666666666667	45.04	45.13333333333333	45.233333333333334	45.11333333333334	45.24666666666667	45.306666666666665	45.166666666666664	45.406666666666666	45.12	45.22666666666667	45.27333333333333	45.14	45.21333333333333	45.306666666666665	45.153333333333336	44.8	45.0	45.06666666666667	45.266666666666666	44.85333333333333	44.4	42.733333333333334	0.0
0.0	42.75333333333333	44.25333333333333	44.913333333333334	45.22666666666667	45.38666666666666	45.153333333333336	45.35333333333333	45.42666666666667	45.38	45.12	45.38666666666666	45.43333333333333	45.22	45.586666666666666	45.20666666666666	45.14666666666667	45.36	45.193333333333335	45.12	45.32	45.38666666666666	45.24	45.28666666666667	45.32666666666667	45.233333333333334	45.373333333333335	45.28	45.27333333333333	45.24	45.126666666666665	44.64	45.06	44.913333333333334	44.36	42.93333333333333	0.0
0.0	43.06	44.666666666666664	45.093333333333334	44.946666666666665	45.31333333333333	45.086666666666666	45.12	45.413333333333334	45.03333333333333	45.28	44.96	45.42666666666667	45.52	45.38666666666666	45.38	45.5	45.666666666666664	45.733333333333334	45.49333333333333	45.42	45.3	45.373333333333335	45.526666666666664	45.31333333333333	45.126666666666665	45.3	45.346666666666664	45.36	45.27333333333333	45.29333333333334	45.18	45.086666666666666	45.1	44.43333333333333	42.88	0.0
0.0	43.18	44.61333333333334	45.2	45.053333333333335	45.38666666666666	45.266666666666666	45.14	45.14666666666667	45.053333333333335	45.39333333333333	45.28	45.153333333333336	45.233333333333334	45.153333333333336	45.44	45.35333333333333	45.406666666666666	45.126666666666665	45.3	45.50666666666667	45.16	45.28666666666667	45.42	45.22	45.38	45.45333333333333	45.46	45.3	45.12	45.22666666666667	45.31333333333333	44.973333333333336	44.78	44.27333333333333	42.9	0.0
0.0	42.86666666666667	44.513333333333335	45.153333333333336	45.0	44.98	45.00666666666667	45.16	45.27333333333333	45.34	45.04	44.96666666666667	45.04666666666667	45.126666666666665	44.89333333333333	45.126666666666665	45.18666666666667	45.22666666666667	45.053333333333335	45.35333333333333	45.31333333333333	45.18666666666667	45.21333333333333	45.04	45.026666666666664	45.07333333333333	45.26	45.14	45.473333333333336	45.07333333333333	45.2	45.153333333333336	45.03333333333333	44.653333333333336	44.42	42.94	0.0
0.0	42.94	44.35333333333333	44.96666666666667	45.593333333333334	45.026666666666664	45.02	45.27333333333333	45.16	45.28	45.126666666666665	45.22	45.61333333333334	45.24666666666667	45.38	45.11333333333334	44.986666666666665	45.04666666666667	45.12	45.013333333333335	45.49333333333333	45.346666666666664	45.17333333333333	45.50666666666667	45.13333333333333	45.233333333333334	45.02	45.04	45.29333333333334	44.94	45.14	45.54	45.166666666666664	44.74	44.45333333333333	42.873333333333335	0.0
0.0	43.12	44.49333333333333	45.06	44.93333333333333	44.99333333333333	45.08	44.99333333333333	44.96666666666667	45.26	45.08	44.88666666666666	45.013333333333335	45.2	45.22	45.42	45.42666666666667	45.44	45.193333333333335	45.18	45.21333333333333	45.166666666666664	45.3	45.17333333333333	45.093333333333334	45.42666666666667	45.266666666666666	45.333333333333336	45.193333333333335	45.086666666666666	45.32	45.04666666666667	45.013333333333335	44.79333333333334	44.16	42.56666666666667	0.0
0.0	42.88666666666666	44.32666666666667	45.06	44.96666666666667	44.95333333333333	45.17333333333333	45.0	45.06	45.04666666666667	44.85333333333333	45.24666666666667	45.26	45.25333333333333	45.11333333333334	45.473333333333336	45.21333333333333	45.42666666666667	44.96	45.20666666666666	45.013333333333335	45.27333333333333	45.11333333333334	45.2	45.153333333333336	45.406666666666666	45.2	44.96666666666667	45.086666666666666	45.093333333333334	44.98	45.28666666666667	45.0	44.526666666666664	44.653333333333336	42.8	0.0
0.0	42.99333333333333	44.79333333333334	44.766666666666666	45.1	45.3	45.406666666666666	45.32	45.333333333333336	45.18666666666667	45.49333333333333	45.44	45.3	45.32666666666667	45.56	45.406666666666666	45.413333333333334	45.32666666666667	45.42666666666667	45.48	45.43333333333333	45.24	45.32	45.233333333333334	45.193333333333335	45.413333333333334	45.60666666666667	45.26	45.166666666666664	45.49333333333333	45.49333333333333	45.166666666666664	45.026666666666664	44.64666666666667	44.39333333333333	42.88666666666666	0.0
0.0	43.03333333333333	44.74	45.35333333333333	45.39333333333333	45.28666666666667	45.50666666666667	45.7	45.38666666666666	45.53333333333333	45.446666666666665	45.82	45.693333333333335	45.74	45.806666666666665	45.54	45.72	45.526666666666664	45.64666666666667	45.53333333333333	45.60666666666667	45.64	45.64666666666667	45.92666666666667	45.54	45.486666666666665	45.8	45.58	45.82	45.78	45.54666666666667	45.57333333333333	45.56666666666667	45.5	44.60666666666667	43.32666666666667	0.0
0.0	43.28666666666667	44.54666666666667	45.24	45.373333333333335	45.42666666666667	45.22666666666667	45.50666666666667	45.74666666666667	45.74	45.67333333333333	45.406666666666666	45.60666666666667	45.553333333333335	45.44	45.486666666666665	45.20666666666666	45.42666666666667	45.60666666666667	45.88666666666666	45.38666666666666	45.846666666666664	45.49333333333333	45.52	45.4	45.32	45.086666666666666	45.67333333333333	45.64	45.34	45.406666666666666	45.406666666666666	45.166666666666664	45.06666666666667	44.61333333333334	43.153333333333336	0.0
0.0	42.71333333333333	43.906666666666666	44.54666666666667	44.913333333333334	44.56	45.14666666666667	45.00666666666667	44.946666666666665	45.04666666666667	45.093333333333334	45.126666666666665	45.13333333333333	44.846666666666664	44.92666666666667	45.2	45.13333333333333	44.86666666666667	44.92666666666667	44.88	44.6	45.013333333333335	45.35333333333333	45.07333333333333	44.72666666666667	45.026666666666664	45.10666666666667	45.026666666666664	45.04	44.82666666666667	44.82	44.94	45.04	44.806666666666665	44.42	42.806666666666665	0.0
0.0	43.166666666666664	44.45333333333333	45.0	45.18666666666667	45.24666666666667	45.44	45.52	45.166666666666664	45.42	45.38666666666666	45.486666666666665	45.24666666666667	45.13333333333333	45.013333333333335	45.28666666666667	45.54	45.6	45.513333333333335	45.50666666666667	44.99333333333333	45.406666666666666	45.54666666666667	45.79333333333334	45.52	45.50666666666667	45.526666666666664	45.333333333333336	45.526666666666664	45.45333333333333	45.03333333333333	44.74666666666667	45.413333333333334	44.913333333333334	44.76	43.11333333333334	0.0
0.0	43.406666666666666	44.77333333333333	45.35333333333333	45.626666666666665	45.68	45.666666666666664	45.70666666666666	45.60666666666667	45.513333333333335	45.78	45.94	45.77333333333333	45.45333333333333	45.67333333333333	45.66	46.053333333333335	45.66	45.74666666666667	45.46	45.733333333333334	46.04	45.54	45.626666666666665	45.89333333333333	45.913333333333334	45.54666666666667	46.306666666666665	45.913333333333334	45.7	45.76	46.013333333333335	45.6	45.373333333333335	44.846666666666664	43.24	0.0
0.0	42.906666666666666	44.6	45.07333333333333	45.18666666666667	45.1	45.36	45.70666666666666	45.64666666666667	45.77333333333333	45.873333333333335	45.61333333333334	45.32	45.57333333333333	45.653333333333336	45.46666666666667	45.82666666666667	45.54	45.593333333333334	45.38	45.72	45.56666666666667	45.6	45.38666666666666	45.56666666666667	45.593333333333334	45.45333333333333	45.57333333333333	45.68	45.233333333333334	45.36666666666667	45.52	45.28666666666667	45.00666666666667	44.86666666666667	43.413333333333334	0.0
0.0	42.873333333333335	44.18	44.6	45.153333333333336	45.486666666666665	45.18	45.25333333333333	45.58	45.34	45.16	45.14666666666667	45.233333333333334	45.36	45.026666666666664	45.193333333333335	45.8	45.733333333333334	45.36666666666667	45.67333333333333	45.24666666666667	45.46666666666667	45.39333333333333	45.29333333333334	45.44	45.10666666666667	45.1	45.38	45.61333333333334	45.78666666666667	45.13333333333333	45.02	45.153333333333336	44.56666666666667	44.49333333333333	43.0	0.0
0.0	42.78	44.81333333333333	45.03333333333333	45.13333333333333	45.42666666666667	45.446666666666665	45.29333333333334	45.29333333333334	45.46	45.79333333333334	45.7	45.7	45.593333333333334	45.39333333333333	45.50666666666667	45.48	45.36666666666667	45.346666666666664	45.48	45.74	45.61333333333334	45.29333333333334	45.26	45.38	45.36666666666667	45.27333333333333	45.48	45.413333333333334	45.66	45.26	45.406666666666666	45.43333333333333	45.233333333333334	44.95333333333333	43.14666666666667	0.0
0.0	43.153333333333336	44.08	44.82666666666667	45.026666666666664	45.266666666666666	45.04666666666667	45.34	44.96	45.32	44.973333333333336	45.22	45.18	45.26	45.2	45.06	45.086666666666666	45.42666666666667	45.31333333333333	45.486666666666665	45.03333333333333	45.013333333333335	45.16	45.10666666666667	45.20666666666666	44.92	44.99333333333333	45.153333333333336	45.28	45.22666666666667	45.04666666666667	45.06	45.086666666666666	44.8	44.266666666666666	42.766666666666666	0.0
0.0	43.12	44.486666666666665	44.86	44.946666666666665	45.406666666666666	45.593333333333334	45.54666666666667	45.17333333333333	45.486666666666665	45.553333333333335	45.4	45.14666666666667	45.35333333333333	45.24	45.22	45.39333333333333	45.4	45.76	45.32	45.46	45.5	45.39333333333333	45.46	45.35333333333333	45.43333333333333	45.446666666666665	45.513333333333335	45.553333333333335	45.26	45.50666666666667	45.44	45.34	45.166666666666664	44.586666666666666	43.266666666666666	0.0
0.0	43.053333333333335	44.486666666666665	45.1	44.86	45.35333333333333	45.72666666666667	45.593333333333334	45.70666666666666	45.46666666666667	45.733333333333334	45.78	46.0	45.58	45.61333333333334	45.7	45.88	45.693333333333335	45.56666666666667	45.81333333333333	45.693333333333335	45.513333333333335	45.166666666666664	45.42	45.3	45.36666666666667	45.61333333333334	45.89333333333333	45.94	45.666666666666664	45.98	45.77333333333333	45.35333333333333	44.95333333333333	44.526666666666664	43.18	0.0
0.0	42.913333333333334	44.67333333333333	44.98	45.266666666666666	45.43333333333333	45.27333333333333	45.52	45.34	45.18666666666667	45.39333333333333	45.44	45.45333333333333	45.36666666666667	45.1	45.49333333333333	45.26	45.24	45.693333333333335	45.406666666666666	45.053333333333335	45.473333333333336	45.31333333333333	45.406666666666666	45.413333333333334	45.513333333333335	45.46	45.22	45.086666666666666	45.306666666666665	45.166666666666664	45.32666666666667	45.373333333333335	45.266666666666666	44.61333333333334	43.00666666666667	0.0
0.0	43.12	44.57333333333333	44.96666666666667	45.10666666666667	45.25333333333333	45.34	45.26	45.29333333333334	45.46	45.593333333333334	45.586666666666666	45.56666666666667	45.666666666666664	45.50666666666667	45.31333333333333	45.45333333333333	45.526666666666664	45.28	45.56	45.486666666666665	45.406666666666666	45.446666666666665	45.28	45.54666666666667	45.38	45.5	45.64	45.2	45.71333333333333	45.24	45.553333333333335	45.26	44.93333333333333	44.53333333333333	42.86666666666667	0.0
0.0	43.126666666666665	44.44	45.21333333333333	45.32	45.70666666666666	45.46	45.473333333333336	45.64	45.18	45.28	45.593333333333334	45.56	45.66	45.45333333333333	45.70666666666666	45.626666666666665	45.593333333333334	45.74666666666667	45.71333333333333	45.61333333333334	45.52	45.77333333333333	45.60666666666667	45.64	45.53333333333333	45.71333333333333	45.31333333333333	45.71333333333333	45.76	45.46	45.04666666666667	45.0	44.96	44.553333333333335	43.32666666666667	0.0
0.0	43.513333333333335	44.9	45.18666666666667	45.526666666666664	45.68666666666667	45.333333333333336	45.48	45.653333333333336	45.58	45.653333333333336	45.56666666666667	45.9	45.62	45.306666666666665	45.85333333333333	45.66	45.413333333333334	45.70666666666666	45.82666666666667	45.58	45.666666666666664	45.82666666666667	45.48	45.473333333333336	45.52	45.34	45.93333333333333	45.58	45.35333333333333	45.36	45.333333333333336	45.333333333333336	45.20666666666666	44.77333333333333	43.18666666666667	0.0
0.0	43.22	44.76	45.32666666666667	45.35333333333333	45.54666666666667	45.54	45.36666666666667	45.34	45.56666666666667	45.446666666666665	45.31333333333333	45.5	45.4	45.39333333333333	45.46	45.56	45.60666666666667	45.46	45.666666666666664	45.666666666666664	45.18666666666667	45.446666666666665	45.6	45.36666666666667	45.76	45.35333333333333	45.31333333333333	45.67333333333333	45.58	45.67333333333333	45.42	45.413333333333334	45.086666666666666	44.82666666666667	43.266666666666666	0.0
0.0	43.17333333333333	44.406666666666666	44.61333333333334	45.28666666666667	45.22666666666667	45.56666666666667	45.486666666666665	45.34	45.14	44.92	44.986666666666665	45.07333333333333	45.53333333333333	45.57333333333333	45.36	45.20666666666666	45.3	45.52	45.27333333333333	45.446666666666665	45.593333333333334	45.38666666666666	45.36	45.42	45.513333333333335	45.513333333333335	45.31333333333333	45.28	45.0	45.22	45.08	45.4	44.946666666666665	44.5	43.0	0.0
0.0	42.88666666666666	44.56666666666667	45.24	45.1	45.32	45.20666666666666	45.586666666666666	45.22	45.44	45.446666666666665	45.49333333333333	45.553333333333335	45.63333333333333	45.34	45.373333333333335	45.586666666666666	45.44	45.38666666666666	45.27333333333333	45.54666666666667	45.406666666666666	45.50666666666667	45.413333333333334	45.473333333333336	45.38666666666666	45.35333333333333	45.16	45.20666666666666	45.306666666666665	45.36	45.26	45.486666666666665	45.026666666666664	44.6	42.76	0.0
0.0	42.93333333333333	44.71333333333333	45.04	45.18	45.24	45.64666666666667	45.526666666666664	45.7	45.29333333333334	45.446666666666665	45.333333333333336	45.35333333333333	45.45333333333333	45.60666666666667	45.473333333333336	45.50666666666667	45.3	45.06666666666667	45.026666666666664	45.193333333333335	45.58	45.72	45.36666666666667	45.333333333333336	45.48	45.653333333333336	45.44	45.22	45.28	45.626666666666665	45.446666666666665	45.35333333333333	45.18	44.54	43.166666666666664	0.0
0.0	42.67333333333333	44.233333333333334	44.57333333333333	45.04	45.32666666666667	45.586666666666666	45.22	45.24	45.053333333333335	45.333333333333336	45.306666666666665	45.22	45.21333333333333	44.913333333333334	45.193333333333335	45.03333333333333	45.00666666666667	45.24	45.24	44.92	45.13333333333333	45.126666666666665	45.06	45.03333333333333	45.12	45.20666666666666	45.24666666666667	45.24666666666667	45.29333333333334	45.03333333333333	45.25333333333333	45.153333333333336	44.873333333333335	44.45333333333333	42.94	0.0
0.0	43.07333333333333	44.22	44.82666666666667	44.913333333333334	45.24666666666667	45.03333333333333	45.36	45.153333333333336	45.38	45.093333333333334	45.026666666666664	45.126666666666665	45.38666666666666	45.16	45.07333333333333	45.233333333333334	45.08	45.28	45.12	45.18	45.16	45.10666666666667	45.17333333333333	45.473333333333336	45.48	45.36	45.12	45.14666666666667	45.27333333333333	45.06666666666667	45.333333333333336	45.17333333333333	44.74	44.346666666666664	43.10666666666667	0.0
0.0	43.00666666666667	44.38	44.7	45.06	45.18	45.233333333333334	45.093333333333334	44.986666666666665	44.626666666666665	45.21333333333333	44.593333333333334	44.89333333333333	45.17333333333333	44.82666666666667	44.79333333333334	44.96666666666667	45.12	44.96	44.89333333333333	45.22666666666667	45.34	45.02	45.193333333333335	45.16	45.17333333333333	45.06666666666667	45.02	45.17333333333333	45.026666666666664	44.92666666666667	44.98	44.78666666666667	44.68	44.093333333333334	42.68666666666667	0.0
0.0	43.3	44.76	44.833333333333336	45.053333333333335	45.24	45.193333333333335	45.54666666666667	45.846666666666664	45.36	45.526666666666664	45.53333333333333	45.526666666666664	45.553333333333335	45.666666666666664	45.6	45.61333333333334	45.62	45.54666666666667	45.54666666666667	45.12	45.166666666666664	45.25333333333333	45.693333333333335	45.52	45.406666666666666	45.61333333333334	45.58	45.346666666666664	45.43333333333333	45.35333333333333	45.63333333333333	45.473333333333336	45.16	44.45333333333333	42.986666666666665	0.0
0.0	42.94	44.50666666666667	45.17333333333333	44.873333333333335	45.35333333333333	45.5	45.266666666666666	45.46	45.70666666666666	45.32	45.27333333333333	45.58	45.34	45.56666666666667	45.31333333333333	45.26	45.39333333333333	45.24666666666667	45.266666666666666	45.43333333333333	45.6	45.67333333333333	45.373333333333335	45.18	45.36	45.693333333333335	45.333333333333336	45.46	45.36	45.38666666666666	45.473333333333336	45.306666666666665	45.08	44.25333333333333	42.846666666666664	0.0
