-0.8370370370370362
-0.8444444444444441
-0.8441975308641967
-0.8419753086419746
-0.829629629629629
-0.8377777777777773
-0.8227160493827155
-0.8259259259259257
-0.8246913580246906
-0.8345679012345674
-0.8358024691358017
-0.8281481481481475
-0.836296296296296
-0.8330864197530856
-0.84395061728395
-0.838024691358024
-0.8335802469135793
-0.8281481481481475
-0.8209876543209873
-0.8323456790123448
-0.8350617283950609
-0.8316049382716043
-0.8399999999999991
-0.8158024691358017
-0.8229629629629627
-0.8424691358024685
-0.8471604938271591
-0.786913580246913
-0.8340740740740735
-0.8367901234567896
-0.8199999999999993
-0.8599999999999989
-0.8269135802469127
-0.8661728395061721
-0.8259259259259255
-0.8259259259259253
-0.8572839506172831
-0.8323456790123452
-0.8217283950617279
-0.8479012345679006
-0.8533333333333324
-0.8540740740740731
-0.8158024691358019
-0.8241975308641969
-0.8162962962962955
-0.8120987654320982
-0.8066666666666665
-0.8535802469135795
-0.8343209876543205
-0.8187654320987651
-0.8160493827160487
-0.7898765432098757
-0.8320987654320982
-0.8355555555555549
-0.8498765432098756
-0.8424691358024684
-0.8283950617283942
-0.8417283950617281
-0.8530864197530856
-0.82074074074074
-0.865679012345678
-0.8281481481481481
-0.8525925925925923
-0.8399999999999996
-0.8451851851851848
-0.8506172839506169
-0.812098765432098
-0.840987654320987
-0.8022222222222217
-0.8358024691358015
-0.8498765432098756
-0.8306172839506165
-0.837777777777777
-0.8288888888888883
-0.8372839506172834
-0.8311111111111101
-0.819012345679012
-0.8167901234567895
-0.8402469135802461
-0.8153086419753082
-0.825925925925925
-0.8338271604938265
-0.8404938271604934
-0.8412345679012336
-0.8118518518518513
-0.8422222222222211
-0.8464197530864191
-0.8125925925925918
-0.8493827160493822
-0.8377777777777771
-0.8066666666666665
-0.8190123456790115
-0.8241975308641967
-0.806666666666666
-0.8279012345679007
-0.8417283950617273
-0.8283950617283943
-0.8113580246913573
-0.8296296296296288
-0.8372839506172832
-0.8449382716049372
-0.8153086419753084
-0.8367901234567898
-0.8308641975308643
-0.8424691358024687
-0.8461728395061723
-0.8091358024691356
-0.8409876543209872
-0.821481481481481
-0.8246913580246904
-0.8629629629629622
-0.8227160493827156
-0.8217283950617278
-0.8123456790123452
-0.8323456790123447
-0.8217283950617278
-0.805925925925925
-0.8069135802469135
-0.8212345679012337
-0.8308641975308637
-0.7962962962962956
-0.83037037037037
-0.8298765432098759
-0.8323456790123454
-0.8291358024691352
-0.8409876543209869
-0.8288888888888879
-0.8404938271604931
-0.7982716049382711
-0.8264197530864191
-0.8414814814814804
-0.8281481481481477
-0.855308641975308
-0.839999999999999
-0.8395061728395056
-0.8377777777777775
-0.8212345679012342
-0.8548148148148139
-0.8148148148148142
-0.828395061728394
-0.8318518518518513
-0.8441975308641966
-0.8637037037037031
-0.8256790123456786
-0.8071604938271596
-0.8190123456790116
-0.8481481481481475
-0.7987654320987652
-0.8323456790123451
-0.807654320987654
-0.8180246913580244
-0.8269135802469127
-0.8145679012345675
-0.8269135802469136
-0.8540740740740733
-0.8491358024691354
-0.829382716049382
-0.8254320987654317
-0.849382716049382
-0.8106172839506166
-0.8162962962962961
-0.840493827160493
-0.8432098765432094
-0.824197530864197
-0.8308641975308637
-0.8199999999999998
-0.8209876543209872
-0.8439506172839498
-0.8451851851851849
-0.8528395061728389
-0.8338271604938267
-0.8570370370370364
-0.829629629629629
-0.8313580246913576
-0.8641975308641967
-0.8402469135802461
-0.8086419753086413
-0.844444444444444
-0.7997530864197527
-0.8264197530864191
-0.8575308641975302
-0.8387654320987646
-0.8291358024691351
-0.8291358024691351
-0.8308641975308639
-0.8306172839506171
-0.8143209876543204
-0.8301234567901229
-0.8182716049382706
-0.819259259259259
-0.8382716049382711
-0.8409876543209872
