0.0	49.666666666666664	54.46666666666667	57.193333333333335	59.25333333333333	60.74666666666667	61.67333333333333	62.32	63.10666666666667	64.03333333333333	64.48666666666666	64.98	65.25333333333333	65.59333333333333	65.94	65.78	66.32666666666667	66.34666666666666	66.24666666666667	66.51333333333334	66.44	66.34666666666666	66.02	65.88666666666667	65.48666666666666	64.64	64.55333333333333	63.9	62.92	62.60666666666667	61.68666666666667	60.61333333333334	59.44	57.25333333333333	54.193333333333335	49.9	0.0
0.0	49.846666666666664	54.6	57.08	59.07333333333333	60.67333333333333	61.53333333333333	62.8	63.42666666666667	64.2	64.44666666666667	65.33333333333333	65.35333333333334	65.66666666666667	65.52	65.88666666666667	65.69333333333333	65.91333333333333	65.89333333333333	65.83333333333333	65.96	65.67333333333333	65.72666666666667	65.32666666666667	65.54	65.16666666666667	64.18	63.74666666666667	63.32	62.5	62.04	60.5	59.24	57.36	54.63333333333333	49.98	0.0
0.0	49.56666666666667	54.32666666666667	57.126666666666665	58.88666666666666	60.586666666666666	61.56666666666667	62.28666666666667	63.306666666666665	63.49333333333333	63.986666666666665	64.45333333333333	64.8	65.45333333333333	65.76	65.43333333333334	65.5	65.7	64.94666666666667	65.26666666666667	65.24666666666667	64.60666666666667	64.59333333333333	64.49333333333334	64.66	64.05333333333333	63.43333333333333	63.06	62.14	62.26	60.94	60.42666666666667	58.666666666666664	56.93333333333333	54.14666666666667	49.38	0.0
0.0	49.68666666666667	54.446666666666665	57.14666666666667	59.20666666666666	60.153333333333336	61.29333333333334	61.92	62.653333333333336	63.233333333333334	63.48	63.873333333333335	64.18666666666667	64.15333333333334	64.52666666666667	64.71333333333334	65.34666666666666	65.2	65.23333333333333	65.17333333333333	65.11333333333333	64.74666666666667	65.17333333333333	64.68	64.86666666666666	64.53333333333333	63.84	63.61333333333334	63.14	62.3	60.96666666666667	60.13333333333333	58.913333333333334	56.833333333333336	54.346666666666664	49.68666666666667	0.0
0.0	49.66	54.153333333333336	56.82666666666667	58.78666666666667	60.126666666666665	60.85333333333333	62.00666666666667	62.58	63.266666666666666	63.693333333333335	64.08	64.26	64.78	65.02	65.26	65.34666666666666	65.52666666666667	65.56666666666666	65.83333333333333	65.81333333333333	65.29333333333334	65.46666666666667	65.31333333333333	64.80666666666667	64.52666666666667	64.21333333333334	63.513333333333335	62.93333333333333	62.16	61.32666666666667	59.973333333333336	58.973333333333336	56.93333333333333	54.28666666666667	49.39333333333333	0.0
0.0	49.81333333333333	54.02	56.56666666666667	58.64666666666667	60.26	61.29333333333334	61.84	62.52	63.21333333333333	63.6	64.04666666666667	64.18	64.48	64.93333333333334	65.02	65.40666666666667	65.52666666666667	65.46	65.67333333333333	65.56	65.6	65.66	65.40666666666667	65.03333333333333	64.25333333333333	64.02666666666667	63.5	62.766666666666666	62.27333333333333	61.18666666666667	59.973333333333336	58.67333333333333	56.86	53.973333333333336	49.333333333333336	0.0
0.0	49.78	54.48	57.18	58.86	60.626666666666665	61.44	62.54	62.973333333333336	63.27333333333333	64.07333333333334	64.62666666666667	65.20666666666666	65.54	65.36666666666666	65.62	65.66	65.82	65.80666666666667	65.74666666666667	65.92666666666666	65.88	65.38	65.32666666666667	64.82666666666667	64.42	64.28	63.67333333333333	62.86666666666667	62.54666666666667	61.34	60.413333333333334	59.27333333333333	57.553333333333335	54.586666666666666	49.81333333333333	0.0
0.0	49.64666666666667	54.48	57.08	58.74	60.16	61.38	62.36	63.12	63.833333333333336	64.04666666666667	64.38666666666667	65.02	64.92	65.44	65.24	65.32	65.28	65.1	65.58	65.48666666666666	65.1	65.3	65.16	64.42	63.946666666666665	63.56666666666667	63.17333333333333	63.0	62.473333333333336	61.6	60.31333333333333	59.03333333333333	57.193333333333335	54.48	49.72666666666667	0.0
0.0	49.806666666666665	54.24	57.07333333333333	59.10666666666667	60.46666666666667	61.22	62.24	62.72	63.58	64.36	64.5	64.44	64.66	65.24666666666667	65.34666666666666	65.81333333333333	65.82	65.54666666666667	65.74	65.61333333333333	65.78	65.32666666666667	64.98	64.39333333333333	64.22666666666667	64.00666666666666	63.413333333333334	63.08	62.32	60.973333333333336	59.71333333333333	58.89333333333333	56.98	54.31333333333333	49.86	0.0
0.0	49.52	54.24666666666667	57.00666666666667	58.9	60.24666666666667	61.22666666666667	62.24	63.2	63.24	63.99333333333333	64.02666666666667	64.47333333333333	65.13333333333334	65.08	65.28666666666666	65.76666666666667	65.68666666666667	66.01333333333334	66.32666666666667	65.69333333333333	65.53333333333333	65.52	65.4	65.10666666666667	64.57333333333334	63.806666666666665	63.21333333333333	62.56666666666667	61.88666666666666	61.10666666666667	59.9	58.72	56.373333333333335	53.92	49.45333333333333	0.0
0.0	49.74666666666667	54.31333333333333	57.14	58.986666666666665	60.346666666666664	61.3	62.21333333333333	62.70666666666666	62.906666666666666	63.446666666666665	63.766666666666666	64.06	64.86666666666666	64.67333333333333	65.06	65.0	65.34666666666666	64.94	65.11333333333333	65.4	65.54	65.31333333333333	65.06666666666666	64.86666666666666	64.38666666666667	63.98	63.79333333333334	62.85333333333333	62.32666666666667	61.39333333333333	60.34	59.126666666666665	56.913333333333334	54.053333333333335	49.57333333333333	0.0
0.0	49.60666666666667	54.36666666666667	57.10666666666667	58.873333333333335	60.21333333333333	61.166666666666664	62.22	62.82666666666667	63.513333333333335	63.906666666666666	64.74666666666667	64.78666666666666	64.82666666666667	65.16666666666667	65.19333333333333	64.94666666666667	65.47333333333333	65.45333333333333	65.80666666666667	65.46	65.3	65.33333333333333	64.79333333333334	64.22666666666667	64.10666666666667	63.86666666666667	63.446666666666665	62.81333333333333	62.36	61.473333333333336	60.22	58.76	56.986666666666665	54.24	49.486666666666665	0.0
0.0	49.6	54.27333333333333	57.17333333333333	58.7	60.27333333333333	61.57333333333333	62.45333333333333	63.126666666666665	63.986666666666665	64.46	64.96666666666667	65.18	65.55333333333333	65.59333333333333	65.2	65.69333333333333	65.51333333333334	65.77333333333333	65.5	65.19333333333333	64.97333333333333	64.9	64.80666666666667	64.61333333333333	64.34666666666666	63.82	63.18666666666667	62.82	61.82	61.04666666666667	59.75333333333333	58.64666666666667	56.986666666666665	54.24	49.446666666666665	0.0
0.0	49.48	53.973333333333336	56.373333333333335	58.446666666666665	59.513333333333335	60.846666666666664	61.70666666666666	62.54	62.95333333333333	63.67333333333333	63.88	64.3	64.59333333333333	64.94	65.11333333333333	65.44	65.5	65.30666666666667	65.22666666666667	65.14666666666666	65.16	64.96666666666667	64.70666666666666	64.38666666666667	64.19333333333333	63.946666666666665	63.54666666666667	62.63333333333333	61.77333333333333	61.026666666666664	59.946666666666665	58.71333333333333	56.68666666666667	54.58	49.56	0.0
0.0	50.14	54.693333333333335	57.166666666666664	58.82666666666667	60.20666666666666	61.31333333333333	62.166666666666664	62.94	63.166666666666664	63.986666666666665	64.64	65.02666666666667	65.34	65.83333333333333	65.96666666666667	65.82	65.93333333333334	66.12666666666667	66.07333333333334	66.02	65.75333333333333	65.76	65.3	65.12	64.81333333333333	64.64666666666666	63.986666666666665	63.08	62.3	61.38666666666666	60.64666666666667	59.18666666666667	57.64666666666667	54.32666666666667	49.82666666666667	0.0
0.0	49.86	54.67333333333333	57.42	59.24	60.08	61.093333333333334	62.10666666666667	62.82666666666667	63.306666666666665	63.72666666666667	64.36666666666666	64.74666666666667	65.05333333333333	65.51333333333334	65.67333333333333	65.40666666666667	65.98	65.61333333333333	65.77333333333333	65.54	65.38	65.28666666666666	64.74	64.94666666666667	64.29333333333334	63.98	63.60666666666667	62.74	62.14666666666667	61.64	60.38666666666666	59.18	57.233333333333334	54.6	49.593333333333334	0.0
0.0	49.54	54.48	57.11333333333334	59.07333333333333	60.193333333333335	61.026666666666664	61.733333333333334	62.42666666666667	63.04666666666667	63.81333333333333	63.99333333333333	64.44666666666667	65.07333333333334	65.16	65.5	65.78666666666666	65.56	65.56	65.71333333333334	65.6	65.62	65.38666666666667	65.12666666666667	64.73333333333333	64.14666666666666	63.82666666666667	63.61333333333334	62.72	62.32666666666667	61.50666666666667	60.29333333333334	59.126666666666665	57.6	54.78	49.56666666666667	0.0
0.0	49.8	54.61333333333334	57.27333333333333	59.14666666666667	60.4	61.36	62.76	63.07333333333333	64.19333333333333	64.48	64.82	64.94	65.32666666666667	65.41333333333333	65.8	65.62666666666667	65.78666666666666	65.76	65.46666666666667	65.93333333333334	65.71333333333334	65.37333333333333	65.25333333333333	65.21333333333334	64.65333333333334	63.986666666666665	63.9	62.733333333333334	62.013333333333335	61.48	59.913333333333334	58.82666666666667	57.06	54.03333333333333	49.67333333333333	0.0
0.0	49.57333333333333	54.35333333333333	57.266666666666666	59.086666666666666	59.92	61.13333333333333	62.04666666666667	62.9	63.526666666666664	64.14	64.56	64.64	65.14	65.48666666666666	65.32666666666667	65.30666666666667	65.42666666666666	65.69333333333333	65.60666666666667	65.66	65.81333333333333	65.62666666666667	65.14666666666666	64.58	64.61333333333333	64.31333333333333	63.36	62.86666666666667	62.446666666666665	61.233333333333334	60.193333333333335	59.10666666666667	57.10666666666667	54.513333333333335	49.62	0.0
0.0	49.78666666666667	54.74666666666667	56.64666666666667	58.96666666666667	60.153333333333336	61.36666666666667	62.43333333333333	63.026666666666664	63.68	64.38666666666667	64.75333333333333	64.94	64.93333333333334	65.4	65.41333333333333	65.36666666666666	65.56666666666666	65.39333333333333	65.02	65.41333333333333	65.37333333333333	65.12	65.08666666666667	64.49333333333334	64.42	64.09333333333333	63.38	62.946666666666665	62.053333333333335	61.46666666666667	60.3	58.873333333333335	56.75333333333333	54.28	49.406666666666666	0.0
0.0	49.6	54.346666666666664	57.32	58.94	60.57333333333333	61.35333333333333	62.04666666666667	63.22	63.833333333333336	64.38	64.36666666666666	64.76666666666667	64.83333333333333	65.24	66.04	65.8	65.96	66.32	66.38666666666667	65.84666666666666	65.84	65.76666666666667	65.21333333333334	64.89333333333333	64.84	64.47333333333333	63.48	63.24666666666667	62.35333333333333	61.766666666666666	60.71333333333333	59.06666666666667	56.973333333333336	54.166666666666664	49.50666666666667	0.0
0.0	49.22666666666667	54.22666666666667	56.846666666666664	58.46	60.12	61.21333333333333	61.92	62.64	63.11333333333334	63.92666666666667	64.19333333333333	64.66666666666667	64.66666666666667	64.86	65.38666666666667	65.63333333333334	65.67333333333333	65.06	65.07333333333334	65.24	65.34666666666666	65.42666666666666	65.12	64.62666666666667	64.38	64.12	63.413333333333334	62.94	62.34	61.053333333333335	60.013333333333335	58.446666666666665	56.833333333333336	54.20666666666666	49.78666666666667	0.0
0.0	49.593333333333334	54.233333333333334	56.70666666666666	58.57333333333333	60.1	61.026666666666664	61.86	62.693333333333335	63.44	63.86	64.3	64.60666666666667	65.02	64.96	65.2	65.41333333333333	65.46	65.84666666666666	65.46666666666667	65.7	65.73333333333333	65.56666666666666	64.93333333333334	64.70666666666666	64.5	63.973333333333336	63.79333333333334	63.07333333333333	62.5	61.75333333333333	60.44	58.79333333333334	56.93333333333333	53.946666666666665	49.5	0.0
0.0	49.626666666666665	54.52	57.06666666666667	58.78	60.03333333333333	61.126666666666665	61.82666666666667	62.873333333333335	63.406666666666666	63.9	64.59333333333333	64.65333333333334	64.54666666666667	64.59333333333333	64.64666666666666	65.18666666666667	65.22	65.38	65.54	65.06	65.12	64.98	64.58666666666667	64.96	64.59333333333333	64.17333333333333	63.38666666666666	62.86666666666667	62.25333333333333	61.49333333333333	60.4	58.96	57.10666666666667	54.56	49.62	0.0
0.0	49.77333333333333	54.58	56.99333333333333	58.92666666666667	59.79333333333334	60.86	61.693333333333335	62.88	62.98	63.72	64.42666666666666	64.42666666666666	64.8	65.2	65.58666666666667	65.20666666666666	65.19333333333333	65.52	65.36666666666666	65.34666666666666	65.08666666666667	64.73333333333333	64.28	64.29333333333334	63.873333333333335	63.49333333333333	63.07333333333333	62.38666666666666	61.70666666666666	60.74	59.9	58.4	56.86666666666667	53.86	49.06666666666667	0.0
0.0	49.593333333333334	54.49333333333333	57.26	59.553333333333335	60.78666666666667	61.373333333333335	62.44	63.28666666666667	63.94	64.58	64.56666666666666	64.92	65.42	65.66	65.59333333333333	65.85333333333334	66.10666666666667	65.86666666666666	65.98666666666666	65.64	65.61333333333333	65.54	65.43333333333334	65.20666666666666	65.08	64.66666666666667	64.35333333333334	63.513333333333335	62.7	61.76	60.586666666666666	59.16	57.17333333333333	54.593333333333334	49.63333333333333	0.0
0.0	49.693333333333335	54.513333333333335	57.26	58.913333333333334	60.36666666666667	61.74666666666667	62.39333333333333	62.913333333333334	63.626666666666665	64.2	64.27333333333333	64.66	65.14666666666666	65.36	65.38666666666667	65.40666666666667	65.67333333333333	65.34666666666666	65.11333333333333	65.44666666666667	65.43333333333334	65.18	65.22	64.58	64.12	63.66	63.49333333333333	62.82666666666667	62.14	61.38666666666666	60.44	58.913333333333334	57.10666666666667	54.446666666666665	49.906666666666666	0.0
0.0	49.43333333333333	54.24	56.82666666666667	58.71333333333333	59.78666666666667	61.3	61.92	62.66	63.266666666666666	63.593333333333334	64.04666666666667	64.24	64.60666666666667	65.02666666666667	65.54666666666667	65.7	65.76	65.73333333333333	65.77333333333333	65.45333333333333	65.45333333333333	65.02	64.40666666666667	64.38666666666667	64.14	63.973333333333336	63.32666666666667	62.846666666666664	62.42	61.46	60.18666666666667	58.64666666666667	56.74	54.36	49.733333333333334	0.0
0.0	49.67333333333333	54.43333333333333	56.986666666666665	58.79333333333334	60.013333333333335	61.446666666666665	62.36	62.78666666666667	63.22	63.553333333333335	64.04	64.80666666666667	65.00666666666666	64.90666666666667	65.26666666666667	65.40666666666667	65.5	65.26	65.56666666666666	65.33333333333333	65.35333333333334	65.11333333333333	64.74	64.35333333333334	64.46	63.93333333333333	63.306666666666665	62.63333333333333	62.013333333333335	60.98	60.21333333333333	58.626666666666665	56.593333333333334	54.17333333333333	49.82	0.0
0.0	49.82	54.153333333333336	56.84	59.00666666666667	60.12	61.1	62.266666666666666	62.79333333333334	63.553333333333335	63.92	64.63333333333334	64.98	65.36666666666666	65.43333333333334	65.28666666666666	65.20666666666666	65.64	65.8	65.7	65.70666666666666	65.41333333333333	65.14	64.67333333333333	64.56	64.12	63.86	63.03333333333333	62.88666666666666	61.89333333333333	61.27333333333333	60.18	58.96666666666667	57.1	54.513333333333335	50.06666666666667	0.0
0.0	49.44	54.17333333333333	56.846666666666664	59.306666666666665	60.20666666666666	61.193333333333335	61.846666666666664	62.413333333333334	63.17333333333333	63.68	64.04	64.34	65.11333333333333	65.38666666666667	65.49333333333334	65.71333333333334	65.68666666666667	65.55333333333333	65.45333333333333	65.28666666666666	65.24	65.15333333333334	64.96666666666667	64.34	64.03333333333333	64.28666666666666	63.72666666666667	63.086666666666666	62.153333333333336	61.32666666666667	60.053333333333335	58.94	56.92	54.27333333333333	49.693333333333335	0.0
0.0	49.99333333333333	54.4	57.153333333333336	59.18	60.42666666666667	61.38666666666666	61.806666666666665	62.626666666666665	63.70666666666666	64.14	64.34666666666666	64.54	64.61333333333333	65.34	64.99333333333334	65.30666666666667	65.46666666666667	65.26	65.14666666666666	65.28	65.3	65.0	64.68666666666667	64.28666666666666	64.41333333333333	64.04	63.50666666666667	63.20666666666666	62.29333333333334	61.49333333333333	60.06666666666667	58.78666666666667	56.766666666666666	54.593333333333334	49.63333333333333	0.0
0.0	49.82666666666667	54.66	56.86	59.026666666666664	60.373333333333335	61.306666666666665	62.27333333333333	63.28	63.46	63.98	64.5	64.85333333333334	65.46	65.52	65.86666666666666	66.1	66.01333333333334	66.07333333333334	66.28666666666666	65.94666666666667	66.22	66.13333333333334	65.72	65.52666666666667	64.92	64.50666666666666	63.86	63.5	62.733333333333334	62.11333333333334	60.62	59.473333333333336	57.21333333333333	54.946666666666665	49.906666666666666	0.0
0.0	49.5	54.35333333333333	57.11333333333334	58.96666666666667	60.61333333333334	61.39333333333333	62.03333333333333	62.806666666666665	63.333333333333336	64.06666666666666	64.31333333333333	64.64	65.17333333333333	65.18	65.44	65.22666666666667	65.23333333333333	65.58	65.55333333333333	65.57333333333334	65.74	65.17333333333333	65.06	64.74	64.02	63.98	63.693333333333335	62.96666666666667	62.1	61.153333333333336	59.973333333333336	58.766666666666666	56.79333333333334	54.43333333333333	49.406666666666666	0.0
0.0	49.76	54.486666666666665	57.04666666666667	58.78	60.36	61.266666666666666	62.126666666666665	62.82	63.446666666666665	63.973333333333336	64.31333333333333	64.97333333333333	65.24666666666667	65.42666666666666	65.28	65.27333333333333	65.8	65.94666666666667	65.79333333333334	65.92	65.44666666666667	65.02	65.11333333333333	64.69333333333333	64.28	63.89333333333333	63.42	62.873333333333335	62.28666666666667	61.74666666666667	60.406666666666666	59.20666666666666	57.27333333333333	54.553333333333335	49.46	0.0
0.0	50.12	54.84	57.653333333333336	59.18	60.56666666666667	61.75333333333333	62.38666666666666	62.78	63.76	64.39333333333333	64.74666666666667	65.02	65.48	65.86	65.78666666666666	65.80666666666667	66.14666666666666	66.00666666666666	65.82666666666667	65.69333333333333	65.41333333333333	65.22666666666667	65.05333333333333	65.13333333333334	64.64666666666666	64.11333333333333	63.61333333333334	63.06666666666667	62.49333333333333	61.593333333333334	60.06666666666667	58.98	57.08	54.38	49.72666666666667	0.0
0.0	49.5	54.1	57.03333333333333	58.733333333333334	59.94	60.94	61.98	62.693333333333335	63.32666666666667	63.52	63.986666666666665	64.43333333333334	64.7	64.88666666666667	65.09333333333333	65.49333333333334	65.3	65.31333333333333	65.27333333333333	65.14	65.01333333333334	64.64	64.48	64.52	64.15333333333334	63.94	63.28666666666667	62.833333333333336	62.153333333333336	61.08	60.04	58.78666666666667	56.78	54.11333333333334	49.53333333333333	0.0
0.0	49.74	54.67333333333333	57.0	58.86666666666667	60.18666666666667	61.44	62.553333333333335	63.406666666666666	63.733333333333334	64.07333333333334	64.30666666666667	64.48666666666666	65.00666666666666	65.32666666666667	65.60666666666667	65.64	65.24	65.77333333333333	65.56666666666666	65.38	65.39333333333333	65.16666666666667	64.88666666666667	64.77333333333333	64.48666666666666	64.16	63.42666666666667	63.1	61.96666666666667	61.126666666666665	60.14	58.92	56.98	53.92	49.50666666666667	0.0
0.0	49.78666666666667	55.086666666666666	57.526666666666664	59.12	60.44	61.78	62.553333333333335	63.10666666666667	64.07333333333334	64.36	64.43333333333334	64.74	64.96	65.28	65.75333333333333	65.63333333333334	65.82666666666667	65.76	65.66666666666667	65.09333333333333	65.07333333333334	64.92666666666666	64.9	64.67333333333333	64.4	63.986666666666665	63.7	62.62	62.00666666666667	61.193333333333335	60.34	58.906666666666666	57.06	54.56666666666667	49.653333333333336	0.0
0.0	49.593333333333334	54.46666666666667	57.126666666666665	59.11333333333334	60.586666666666666	61.14	62.46	63.02	63.72	64.14	64.37333333333333	64.89333333333333	65.31333333333333	66.01333333333334	65.86666666666666	65.9	66.02	66.05333333333333	65.92	65.44	65.5	65.28	65.12666666666667	64.85333333333334	64.28	64.00666666666666	63.413333333333334	62.913333333333334	62.553333333333335	61.406666666666666	59.833333333333336	58.486666666666665	56.68666666666667	53.873333333333335	49.62	0.0
0.0	49.81333333333333	54.48	57.02	58.913333333333334	60.166666666666664	61.18	62.346666666666664	63.38	63.46	64.14	64.34666666666666	64.22	64.59333333333333	64.87333333333333	64.88	65.05333333333333	65.42	65.32	65.72	65.24666666666667	64.86	64.97333333333333	64.58	64.49333333333334	63.906666666666666	63.52	62.913333333333334	62.806666666666665	61.92666666666667	61.266666666666666	59.99333333333333	59.026666666666664	57.14	54.64	49.626666666666665	0.0
0.0	49.6	53.74	56.43333333333333	58.32	59.56	60.45333333333333	61.38666666666666	62.14666666666667	63.10666666666667	63.5	63.833333333333336	64.11333333333333	64.12666666666667	64.59333333333333	64.44666666666667	64.8	65.24666666666667	64.91333333333333	64.77333333333333	64.78666666666666	64.78	64.91333333333333	64.58666666666667	64.21333333333334	63.70666666666666	63.413333333333334	63.11333333333334	62.38	61.81333333333333	60.593333333333334	59.99333333333333	58.78	56.833333333333336	53.79333333333334	49.43333333333333	0.0
0.0	49.72666666666667	54.31333333333333	57.013333333333335	58.79333333333334	59.52	60.63333333333333	61.906666666666666	62.28666666666667	63.28	64.0	64.06666666666666	64.5	64.99333333333334	64.76	65.5	65.07333333333334	65.43333333333334	65.40666666666667	65.13333333333334	65.38666666666667	64.88666666666667	65.13333333333334	64.87333333333333	64.40666666666667	64.02	63.78	63.29333333333334	62.653333333333336	61.86	61.18666666666667	59.95333333333333	59.14	56.913333333333334	54.446666666666665	49.57333333333333	0.0
0.0	49.84	54.82	57.26	59.153333333333336	60.76	61.82	62.43333333333333	63.29333333333334	63.54	64.60666666666667	64.42	64.93333333333334	64.75333333333333	65.05333333333333	65.19333333333333	65.44	65.2	65.41333333333333	65.82	65.62666666666667	65.26	65.14	65.16666666666667	64.58666666666667	64.24666666666667	63.833333333333336	63.36666666666667	62.913333333333334	62.06	61.56666666666667	60.013333333333335	59.17333333333333	56.74	54.28666666666667	49.626666666666665	0.0
0.0	49.36	53.986666666666665	56.84	58.60666666666667	60.14666666666667	61.42	62.166666666666664	62.75333333333333	63.486666666666665	63.906666666666666	64.44	64.64666666666666	65.3	65.58	65.59333333333333	65.76666666666667	65.72	65.83333333333333	65.47333333333333	65.38	65.56	64.86666666666666	64.74666666666667	64.85333333333334	64.22666666666667	63.9	63.31333333333333	62.64666666666667	61.58	60.74	59.846666666666664	58.66	56.71333333333333	54.11333333333334	49.32	0.0
0.0	50.07333333333333	54.553333333333335	57.14	59.06	60.49333333333333	61.413333333333334	62.36	62.86	63.61333333333334	64.27333333333333	64.86	64.85333333333334	65.20666666666666	65.57333333333334	65.48666666666666	65.58666666666667	65.59333333333333	65.52666666666667	65.58	65.70666666666666	65.9	65.32666666666667	65.2	64.87333333333333	64.84	64.55333333333333	64.18666666666667	63.44	62.64	61.74666666666667	60.7	59.34	57.50666666666667	54.82666666666667	50.233333333333334	0.0
0.0	49.3	54.17333333333333	57.193333333333335	59.346666666666664	60.446666666666665	61.77333333333333	62.406666666666666	63.2	63.986666666666665	64.67333333333333	65.1	65.32	65.69333333333333	65.88666666666667	66.02	66.1	66.16666666666667	66.14666666666666	66.37333333333333	66.06666666666666	65.92666666666666	65.34666666666666	65.16	64.97333333333333	64.08666666666667	63.76	63.63333333333333	62.88	62.413333333333334	61.473333333333336	60.27333333333333	59.17333333333333	57.193333333333335	54.62	49.68666666666667	0.0
0.0	49.666666666666664	54.64	57.02	58.29333333333334	59.96	61.24	61.88666666666666	62.82666666666667	63.45333333333333	63.70666666666666	64.04666666666667	64.58666666666667	64.70666666666666	65.01333333333334	64.9	65.49333333333334	65.61333333333333	65.80666666666667	65.70666666666666	65.08	64.96666666666667	64.92	64.74	64.62666666666667	64.38666666666667	63.95333333333333	63.3	62.806666666666665	62.03333333333333	61.266666666666666	60.2	58.9	57.34	54.446666666666665	49.46	0.0
0.0	49.58	54.46	57.2	59.07333333333333	60.3	61.346666666666664	62.333333333333336	63.27333333333333	63.76	64.42666666666666	64.36666666666666	65.25333333333333	65.30666666666667	65.65333333333334	65.68666666666667	65.68666666666667	65.59333333333333	65.88666666666667	65.90666666666667	65.45333333333333	65.74666666666667	65.26	64.92666666666666	64.72666666666667	64.88666666666667	64.50666666666666	63.7	63.02	62.86666666666667	61.42666666666667	60.32	58.94	56.946666666666665	54.62	49.72666666666667	0.0
0.0	49.64	54.233333333333334	57.1	59.28666666666667	60.526666666666664	61.60666666666667	62.54666666666667	63.56666666666667	63.82	64.42	64.75333333333333	65.19333333333333	65.76	65.32	65.71333333333334	65.81333333333333	65.83333333333333	65.52666666666667	65.74	65.32666666666667	65.60666666666667	65.3	65.46	64.71333333333334	64.23333333333333	63.766666666666666	63.42	62.74666666666667	62.013333333333335	61.08	60.22666666666667	58.72	57.11333333333334	54.446666666666665	49.43333333333333	0.0
0.0	49.406666666666666	54.086666666666666	56.766666666666666	58.446666666666665	59.64666666666667	60.74	61.67333333333333	62.53333333333333	62.99333333333333	63.733333333333334	63.84	64.41333333333333	64.7	64.73333333333333	64.82666666666667	65.27333333333333	65.37333333333333	65.53333333333333	65.52	64.86	65.28	65.09333333333333	64.91333333333333	64.18666666666667	64.22666666666667	63.92	62.98	62.74666666666667	62.04	61.17333333333333	60.266666666666666	58.86	57.31333333333333	54.39333333333333	49.986666666666665	0.0
0.0	49.6	54.21333333333333	56.7	58.413333333333334	60.06666666666667	61.26	62.126666666666665	62.82666666666667	63.50666666666667	64.43333333333334	64.84	64.8	64.9	65.31333333333333	65.38666666666667	65.43333333333334	65.35333333333334	65.52	65.5	65.48	64.87333333333333	65.10666666666667	64.58	64.15333333333334	64.29333333333334	64.01333333333334	63.446666666666665	62.906666666666666	62.086666666666666	61.906666666666666	60.24666666666667	59.26	56.973333333333336	54.333333333333336	49.6	0.0
0.0	49.74	54.38	57.14	59.04	60.54	61.39333333333333	62.086666666666666	62.92	63.973333333333336	64.0	64.1	64.86	65.16	64.92	65.00666666666666	65.33333333333333	65.62	65.44666666666667	65.50666666666666	65.14	65.11333333333333	64.94666666666667	64.74666666666667	64.6	64.23333333333333	63.99333333333333	63.52	62.62	62.34	61.68666666666667	60.64	59.17333333333333	57.306666666666665	54.78	49.56	0.0
0.0	49.48	54.58	56.86666666666667	58.94	60.18	61.18	62.10666666666667	63.06666666666667	63.94	64.63333333333334	64.84	65.25333333333333	65.65333333333334	65.96666666666667	65.79333333333334	65.86666666666666	65.69333333333333	65.48	65.42666666666666	65.64666666666666	65.73333333333333	65.22	64.9	64.84	64.33333333333333	64.1	63.07333333333333	62.88666666666666	62.18	61.45333333333333	60.086666666666666	58.946666666666665	56.96	54.06666666666667	49.44	0.0
0.0	49.626666666666665	54.486666666666665	57.32666666666667	59.22666666666667	60.346666666666664	61.70666666666666	62.526666666666664	63.12	63.74	64.28	64.58	65.08	65.35333333333334	65.47333333333333	65.9	66.21333333333334	65.94666666666667	66.21333333333334	65.74	65.91333333333333	65.66	65.59333333333333	65.56666666666666	65.36666666666666	65.06666666666666	64.8	64.09333333333333	63.46666666666667	62.84	61.693333333333335	60.473333333333336	59.486666666666665	57.46	54.46666666666667	49.873333333333335	0.0
0.0	49.78666666666667	54.46666666666667	56.61333333333334	58.78666666666667	60.13333333333333	61.14666666666667	62.333333333333336	63.3	63.666666666666664	63.60666666666667	64.31333333333333	64.93333333333334	65.34	65.69333333333333	65.86	65.99333333333334	66.14666666666666	66.24666666666667	66.3	66.12666666666667	65.68	65.62666666666667	65.6	64.82	64.45333333333333	64.32666666666667	63.76	63.11333333333334	62.00666666666667	61.45333333333333	59.82666666666667	58.766666666666666	56.96666666666667	54.5	49.4	0.0
0.0	49.82666666666667	54.70666666666666	57.086666666666666	59.086666666666666	61.1	61.70666666666666	62.17333333333333	62.92	63.70666666666666	64.1	64.55333333333333	64.76	64.94	65.42	65.22666666666667	65.27333333333333	65.72	65.85333333333334	65.84666666666666	65.72666666666667	65.52	65.36	64.90666666666667	64.64666666666666	64.40666666666667	64.26666666666667	63.626666666666665	63.093333333333334	62.16	61.20666666666666	60.58	58.846666666666664	57.32	54.46666666666667	49.593333333333334	0.0
0.0	49.126666666666665	53.92	57.053333333333335	58.79333333333334	60.22	60.92666666666667	61.74	62.24	62.77333333333333	63.44	63.906666666666666	64.56666666666666	64.88	65.4	64.92666666666666	65.36	65.27333333333333	65.28	65.02	65.16666666666667	65.32	64.97333333333333	64.72	64.50666666666666	63.98	63.74666666666667	63.093333333333334	62.32666666666667	61.95333333333333	60.526666666666664	59.79333333333334	58.08	56.29333333333334	54.013333333333335	49.16	0.0
0.0	49.693333333333335	54.04	56.733333333333334	58.74	60.406666666666666	61.50666666666667	62.36666666666667	63.22	63.67333333333333	63.9	64.44666666666667	64.95333333333333	65.5	65.59333333333333	65.61333333333333	65.74666666666667	65.64666666666666	65.48666666666666	65.32666666666667	65.2	65.02	65.12	64.78666666666666	64.65333333333334	64.1	63.913333333333334	62.873333333333335	62.82	61.986666666666665	61.5	59.96666666666667	58.95333333333333	56.82666666666667	54.266666666666666	49.72	0.0
0.0	49.31333333333333	54.25333333333333	56.88666666666666	58.75333333333333	60.27333333333333	61.11333333333334	62.27333333333333	62.99333333333333	63.32666666666667	63.766666666666666	64.46666666666667	64.56666666666666	65.09333333333333	65.02666666666667	65.12	65.25333333333333	65.16	64.94	65.21333333333334	64.97333333333333	64.90666666666667	64.76	64.6	64.43333333333334	63.96	63.766666666666666	63.07333333333333	62.81333333333333	62.24	60.906666666666666	59.85333333333333	58.406666666666666	56.79333333333334	54.20666666666666	49.75333333333333	0.0
0.0	49.64	54.32	57.2	58.93333333333333	59.986666666666665	61.66	62.13333333333333	62.66	63.473333333333336	63.75333333333333	64.01333333333334	64.31333333333333	64.78	65.16666666666667	65.69333333333333	65.58666666666667	65.54	65.24	65.36	65.53333333333333	65.12666666666667	65.08	64.61333333333333	64.44	64.12	64.06	62.92	62.50666666666667	61.74	61.22666666666667	60.013333333333335	58.78	56.766666666666666	53.973333333333336	49.50666666666667	0.0
0.0	49.72666666666667	54.666666666666664	57.18	58.94	60.36	61.32	62.24	62.9	63.31333333333333	63.733333333333334	64.18	64.69333333333333	65.1	65.23333333333333	65.54	65.12	65.42666666666666	65.54	65.2	65.01333333333334	64.96	64.66666666666667	64.48666666666666	64.37333333333333	63.94	64.32666666666667	63.79333333333334	63.06	62.16	61.44	60.193333333333335	58.66	57.153333333333336	54.39333333333333	49.766666666666666	0.0
0.0	49.846666666666664	54.46	57.11333333333334	58.66	59.63333333333333	60.98	61.85333333333333	62.64666666666667	63.12	63.82	64.57333333333334	64.86	65.2	65.11333333333333	65.60666666666667	65.68666666666667	65.29333333333334	65.98	65.96	65.84	65.84	65.49333333333334	64.92	64.55333333333333	64.4	64.04666666666667	63.82666666666667	63.13333333333333	62.20666666666666	61.1	60.56	59.00666666666667	56.78666666666667	54.35333333333333	49.8	0.0
0.0	49.64	54.62	57.06666666666667	59.25333333333333	60.84	61.72	62.653333333333336	62.99333333333333	63.58	64.42	64.81333333333333	64.82	64.99333333333334	65.31333333333333	65.48666666666666	65.36	65.51333333333334	65.12	65.32666666666667	65.38	65.5	64.94	64.66666666666667	64.59333333333333	63.973333333333336	63.32666666666667	63.093333333333334	62.85333333333333	62.193333333333335	61.653333333333336	60.22	58.78	57.086666666666666	54.24666666666667	49.74666666666667	0.0
0.0	49.43333333333333	54.026666666666664	57.03333333333333	59.126666666666665	60.20666666666666	61.333333333333336	62.20666666666666	63.126666666666665	63.18666666666667	64.11333333333333	64.52	64.98666666666666	65.37333333333333	65.20666666666666	65.85333333333334	65.85333333333334	65.94666666666667	65.82666666666667	66.35333333333334	66.14	65.69333333333333	65.86666666666666	65.68666666666667	65.3	65.10666666666667	64.35333333333334	63.77333333333333	63.093333333333334	62.53333333333333	61.48	60.36	59.06666666666667	57.026666666666664	54.31333333333333	49.666666666666664	0.0
0.0	49.446666666666665	54.17333333333333	57.08	58.553333333333335	60.053333333333335	60.79333333333334	61.54	62.766666666666666	63.18666666666667	63.593333333333334	64.05333333333333	64.02	64.48666666666666	64.8	64.99333333333334	65.06	65.46	65.32666666666667	65.1	65.06	65.06666666666666	64.99333333333334	65.04	64.42666666666666	63.98	63.846666666666664	63.17333333333333	62.346666666666664	61.50666666666667	60.84	59.76	58.526666666666664	56.89333333333333	53.89333333333333	49.34	0.0
0.0	49.666666666666664	54.46666666666667	57.12	59.25333333333333	60.29333333333334	61.56666666666667	62.486666666666665	63.166666666666664	63.74666666666667	64.35333333333334	64.06	64.92	65.23333333333333	65.72	65.76	65.67333333333333	65.94	65.8	66.1	65.57333333333334	65.43333333333334	65.51333333333334	65.22	65.02	64.44	63.88666666666666	63.34	62.913333333333334	62.10666666666667	61.36666666666667	60.38	59.49333333333333	57.193333333333335	54.5	49.5	0.0
0.0	49.85333333333333	54.32	57.22	58.79333333333334	60.22	60.873333333333335	61.38666666666666	62.5	63.38666666666666	63.74666666666667	64.43333333333334	64.80666666666667	65.24	65.24666666666667	65.45333333333333	65.78	65.84666666666666	65.90666666666667	65.88666666666667	66.11333333333333	65.86666666666666	65.48	65.20666666666666	64.80666666666667	64.64666666666666	63.70666666666666	63.56	62.626666666666665	62.06	61.38666666666666	60.25333333333333	59.02	57.026666666666664	54.29333333333334	49.78666666666667	0.0
0.0	49.64	54.53333333333333	56.99333333333333	58.9	60.14666666666667	61.233333333333334	61.93333333333333	62.913333333333334	63.373333333333335	63.973333333333336	63.986666666666665	64.66666666666667	65.07333333333334	65.14	65.48666666666666	65.39333333333333	65.31333333333333	65.24666666666667	65.19333333333333	65.52	65.44666666666667	64.92	64.40666666666667	64.51333333333334	64.24666666666667	63.88666666666666	63.18666666666667	62.85333333333333	62.13333333333333	60.75333333333333	60.08	58.36666666666667	56.92	54.22	49.67333333333333	0.0
0.0	49.58	54.56	57.17333333333333	58.68666666666667	60.28	61.35333333333333	62.34	63.18	63.86666666666667	64.34666666666666	64.77333333333333	64.94	65.44	65.36	64.99333333333334	65.44666666666667	65.64666666666666	65.58666666666667	65.36	65.45333333333333	65.28	65.29333333333334	65.04666666666667	64.52666666666667	64.20666666666666	63.446666666666665	62.846666666666664	62.46666666666667	61.79333333333334	61.093333333333334	59.52	58.486666666666665	56.846666666666664	54.54666666666667	49.446666666666665	0.0
0.0	49.766666666666666	54.74	57.16	59.46	60.693333333333335	61.54	62.46666666666667	63.18666666666667	63.68	64.54	65.1	65.21333333333334	64.92666666666666	65.73333333333333	65.79333333333334	65.64666666666666	66.06	65.82	65.99333333333334	65.78666666666666	65.54666666666667	65.42	65.22	65.32	64.54666666666667	64.40666666666667	63.733333333333334	63.10666666666667	62.94	61.46	60.346666666666664	58.833333333333336	57.49333333333333	54.526666666666664	49.8	0.0
0.0	49.64	54.36	57.193333333333335	59.013333333333335	60.16	61.34	62.18	62.88	63.42666666666667	63.82666666666667	64.32666666666667	64.28	64.69333333333333	64.92	64.98666666666666	65.18666666666667	65.22	65.18	65.51333333333334	65.12666666666667	64.97333333333333	64.96	64.48	64.32666666666667	64.2	64.06	63.20666666666666	62.71333333333333	62.03333333333333	61.32	60.086666666666666	58.22666666666667	56.86666666666667	54.06	49.36666666666667	0.0
0.0	49.96666666666667	54.38666666666666	57.13333333333333	58.653333333333336	60.57333333333333	61.22666666666667	62.28666666666667	62.833333333333336	63.56666666666667	64.14	64.59333333333333	65.30666666666667	65.36	65.60666666666667	65.69333333333333	66.1	66.14666666666666	66.04666666666667	65.63333333333334	65.56666666666666	65.3	65.4	65.33333333333333	64.92	64.87333333333333	64.28666666666666	63.553333333333335	63.02	62.68666666666667	62.093333333333334	61.013333333333335	59.56	57.36	54.693333333333335	49.873333333333335	0.0
0.0	49.38666666666666	54.29333333333334	56.77333333333333	58.78	60.13333333333333	60.873333333333335	62.00666666666667	62.52	63.44	63.96	64.49333333333334	64.64666666666666	64.74	65.56	65.35333333333334	65.67333333333333	65.35333333333334	65.71333333333334	65.83333333333333	65.82	65.38	65.03333333333333	64.76	64.37333333333333	64.06666666666666	63.64666666666667	63.06	62.52	61.89333333333333	61.21333333333333	60.16	58.82666666666667	56.86	54.086666666666666	49.28666666666667	0.0
0.0	49.906666666666666	54.84	57.3	58.833333333333336	60.38	61.38	61.986666666666665	63.1	63.373333333333335	63.873333333333335	64.44	65.10666666666667	65.32666666666667	65.54	65.95333333333333	66.11333333333333	65.83333333333333	65.98666666666666	65.88666666666667	65.95333333333333	65.84	65.44	65.2	65.05333333333333	64.74666666666667	64.35333333333334	63.593333333333334	63.193333333333335	62.42	61.28	59.93333333333333	58.85333333333333	57.346666666666664	54.42	49.86	0.0
0.0	49.46	53.9	56.766666666666666	58.88	60.03333333333333	60.92666666666667	61.8	62.653333333333336	62.986666666666665	64.13333333333334	64.21333333333334	64.62666666666667	64.93333333333334	64.76666666666667	65.57333333333334	65.40666666666667	65.15333333333334	65.58666666666667	65.55333333333333	65.28666666666666	65.47333333333333	65.08666666666667	64.98666666666666	64.62	64.28	63.873333333333335	63.4	62.9	61.833333333333336	60.88666666666666	59.88	58.446666666666665	56.986666666666665	54.333333333333336	49.38	0.0
0.0	49.46666666666667	54.233333333333334	56.85333333333333	59.153333333333336	60.1	60.92	62.16	62.76	62.92666666666667	63.626666666666665	63.85333333333333	64.2	64.55333333333333	64.86	65.00666666666666	65.31333333333333	64.84	64.97333333333333	64.78666666666666	64.61333333333333	64.84666666666666	64.78666666666666	65.01333333333334	64.32	63.99333333333333	63.586666666666666	63.266666666666666	62.766666666666666	61.653333333333336	60.96666666666667	60.54666666666667	58.88666666666666	56.96666666666667	54.24	49.473333333333336	0.0
0.0	49.89333333333333	54.46	56.95333333333333	59.03333333333333	60.32666666666667	61.333333333333336	62.08	62.846666666666664	63.42666666666667	64.11333333333333	64.78666666666666	65.0	65.11333333333333	65.21333333333334	65.62	65.62666666666667	65.68666666666667	65.92666666666666	66.23333333333333	65.69333333333333	65.28666666666666	65.55333333333333	65.09333333333333	64.96	64.64666666666666	64.23333333333333	63.28	62.946666666666665	62.27333333333333	61.50666666666667	60.24	59.0	57.52	54.766666666666666	49.86666666666667	0.0
0.0	49.72	54.553333333333335	57.126666666666665	59.086666666666666	60.653333333333336	61.14666666666667	62.346666666666664	62.77333333333333	63.473333333333336	63.98	64.35333333333334	64.58666666666667	65.22	65.32	65.42666666666666	65.86666666666666	65.95333333333333	65.79333333333334	65.64666666666666	65.53333333333333	65.46	65.49333333333334	64.38	64.35333333333334	64.12	63.68666666666667	62.99333333333333	63.093333333333334	61.8	60.806666666666665	60.04	58.96666666666667	56.93333333333333	54.18	49.63333333333333	0.0
0.0	49.92666666666667	54.60666666666667	57.13333333333333	59.04	60.333333333333336	61.82	62.74	63.446666666666665	64.4	64.85333333333334	64.72666666666667	65.4	65.26666666666667	65.52	65.84666666666666	65.8	66.03333333333333	65.77333333333333	65.73333333333333	65.64666666666666	65.43333333333334	64.95333333333333	64.84	64.88	64.25333333333333	64.16	63.553333333333335	63.013333333333335	61.906666666666666	61.17333333333333	60.06	58.77333333333333	56.89333333333333	54.3	49.70666666666666	0.0
0.0	49.58	54.093333333333334	57.053333333333335	58.846666666666664	60.22666666666667	61.56666666666667	61.96666666666667	62.88666666666666	63.16	63.513333333333335	63.806666666666665	64.6	64.57333333333334	64.91333333333333	65.22666666666667	65.10666666666667	64.64	64.95333333333333	65.12	65.30666666666667	65.08	64.67333333333333	64.54666666666667	64.37333333333333	63.86	63.766666666666666	63.12	62.76	62.35333333333333	61.31333333333333	60.5	58.7	56.806666666666665	54.34	49.29333333333334	0.0
0.0	49.553333333333335	54.22666666666667	56.98	58.333333333333336	59.60666666666667	60.846666666666664	61.626666666666665	62.28666666666667	63.3	63.766666666666666	64.4	64.09333333333333	65.01333333333334	64.88666666666667	64.82	65.34	65.22	65.41333333333333	65.67333333333333	65.47333333333333	65.04	65.04	64.34	64.16	64.19333333333333	63.49333333333333	63.11333333333334	62.446666666666665	61.86	61.18666666666667	59.96	58.526666666666664	57.07333333333333	54.166666666666664	49.66	0.0
0.0	49.63333333333333	54.3	57.00666666666667	58.86	60.48	61.31333333333333	62.693333333333335	63.17333333333333	64.04666666666667	64.29333333333334	64.97333333333333	65.13333333333334	65.14666666666666	64.95333333333333	65.64	65.94666666666667	65.91333333333333	66.23333333333333	66.16666666666667	65.79333333333334	65.80666666666667	65.83333333333333	65.57333333333334	65.27333333333333	64.75333333333333	64.4	63.82666666666667	63.27333333333333	62.45333333333333	61.266666666666666	60.346666666666664	59.053333333333335	57.27333333333333	54.46666666666667	49.71333333333333	0.0
0.0	49.54666666666667	54.64	57.03333333333333	58.82666666666667	60.093333333333334	60.99333333333333	62.36	63.08	63.7	64.11333333333333	64.53333333333333	64.59333333333333	64.94666666666667	65.24666666666667	65.40666666666667	65.1	65.54666666666667	65.27333333333333	65.13333333333334	65.53333333333333	65.24	65.29333333333334	64.7	64.72666666666667	64.85333333333334	64.15333333333334	63.64666666666667	62.96	62.0	61.306666666666665	59.9	58.74666666666667	56.766666666666666	53.88666666666666	49.553333333333335	0.0
0.0	49.60666666666667	54.28666666666667	56.693333333333335	58.66	59.89333333333333	61.5	62.20666666666666	63.053333333333335	63.72	64.26666666666667	64.69333333333333	65.04	65.14	64.70666666666666	65.22	65.25333333333333	65.21333333333334	65.70666666666666	65.84666666666666	65.78666666666666	65.58	65.31333333333333	65.46	65.4	64.82	64.38666666666667	63.693333333333335	63.26	62.486666666666665	61.71333333333333	60.42666666666667	58.38	56.81333333333333	54.02	49.48	0.0
0.0	49.28	54.3	57.18	59.02	60.38	61.54666666666667	62.266666666666666	63.64666666666667	63.733333333333334	64.02	64.33333333333333	64.75333333333333	64.87333333333333	65.20666666666666	65.14	65.16	65.54	65.57333333333334	65.33333333333333	65.52	65.47333333333333	65.09333333333333	64.88	64.76666666666667	64.52	63.72666666666667	63.373333333333335	62.8	62.4	61.406666666666666	60.28666666666667	58.92666666666667	57.026666666666664	54.333333333333336	49.54	0.0
0.0	49.653333333333336	54.306666666666665	57.04	58.98	60.17333333333333	61.04	62.22	62.61333333333334	63.44	64.30666666666667	64.32	64.36	64.76666666666667	65.19333333333333	65.04666666666667	65.37333333333333	65.50666666666666	65.5	65.41333333333333	65.40666666666667	65.00666666666666	65.24666666666667	65.16	64.82666666666667	64.89333333333333	64.14666666666666	63.486666666666665	62.54666666666667	62.126666666666665	61.20666666666666	60.14666666666667	58.68666666666667	57.06	54.406666666666666	49.8	0.0
0.0	49.846666666666664	54.63333333333333	57.373333333333335	59.026666666666664	60.43333333333333	61.513333333333335	62.36666666666667	63.21333333333333	63.94	64.08666666666667	64.81333333333333	64.68	65.14	65.29333333333334	65.17333333333333	65.56666666666666	65.52	65.53333333333333	65.77333333333333	65.49333333333334	65.38666666666667	65.23333333333333	64.84	64.85333333333334	64.25333333333333	63.9	63.49333333333333	63.21333333333333	62.026666666666664	61.67333333333333	60.526666666666664	59.08	57.2	54.2	49.666666666666664	0.0
0.0	49.7	54.8	57.22666666666667	59.053333333333335	59.98	61.18666666666667	61.89333333333333	62.72	63.52	63.93333333333333	64.5	65.06666666666666	65.42	65.9	65.92	65.83333333333333	65.74666666666667	65.85333333333334	65.62666666666667	65.60666666666667	65.69333333333333	65.52666666666667	64.86	64.63333333333334	64.54	63.733333333333334	63.68	63.166666666666664	62.553333333333335	61.586666666666666	60.486666666666665	59.18666666666667	57.28	54.406666666666666	49.7	0.0
0.0	49.31333333333333	54.42666666666667	57.2	59.093333333333334	60.82666666666667	61.75333333333333	62.446666666666665	62.84	63.42666666666667	63.9	64.37333333333333	64.54	65.12	64.97333333333333	65.07333333333334	65.1	65.78666666666666	66.18	65.66	65.64666666666666	65.14	65.56666666666666	65.27333333333333	65.04666666666667	64.63333333333334	64.34	63.71333333333333	63.346666666666664	62.266666666666666	61.03333333333333	59.72	58.93333333333333	56.63333333333333	54.233333333333334	49.60666666666667	0.0
0.0	49.666666666666664	54.6	57.13333333333333	59.04	60.733333333333334	61.28666666666667	62.44	62.946666666666665	63.586666666666666	64.27333333333333	64.89333333333333	65.02	65.23333333333333	65.57333333333334	65.44666666666667	65.84	65.80666666666667	65.66666666666667	65.83333333333333	65.47333333333333	65.73333333333333	65.14	65.14666666666666	64.75333333333333	64.41333333333333	64.01333333333334	63.38666666666666	62.71333333333333	62.20666666666666	61.28	60.586666666666666	59.166666666666664	57.473333333333336	54.78666666666667	49.766666666666666	0.0
0.0	49.88	54.61333333333334	57.08	59.00666666666667	60.48	61.6	62.86666666666667	63.46	64.39333333333333	64.72	64.69333333333333	64.98	65.69333333333333	65.62666666666667	65.38666666666667	65.7	65.77333333333333	65.94666666666667	65.70666666666666	65.84	66.06666666666666	65.34666666666666	65.5	64.86	64.51333333333334	64.02666666666667	63.38	63.16	62.07333333333333	61.593333333333334	60.34	59.1	57.3	54.49333333333333	49.72666666666667	0.0
0.0	50.026666666666664	54.75333333333333	57.42	59.333333333333336	60.78	62.06666666666667	62.96666666666667	63.92666666666667	64.22	64.56666666666666	64.68666666666667	65.36666666666666	65.21333333333334	65.66	65.9	65.96666666666667	66.30666666666667	66.09333333333333	65.8	65.80666666666667	65.77333333333333	65.91333333333333	65.67333333333333	65.47333333333333	64.55333333333333	64.24	63.88666666666666	63.11333333333334	62.71333333333333	61.513333333333335	60.873333333333335	58.906666666666666	57.373333333333335	54.346666666666664	49.94	0.0
0.0	49.74666666666667	54.66	57.053333333333335	58.86	60.29333333333334	61.50666666666667	62.66	63.22	63.74666666666667	63.973333333333336	64.46	64.77333333333333	65.04666666666667	65.67333333333333	65.78	66.06	65.88	66.04	65.70666666666666	65.66	65.34	65.52	65.35333333333334	64.65333333333334	64.61333333333333	63.82	63.68	62.766666666666666	62.28	61.24666666666667	59.88	58.193333333333335	56.92	54.68	49.57333333333333	0.0
0.0	49.513333333333335	54.58	57.08	59.04	60.35333333333333	61.61333333333334	62.306666666666665	62.973333333333336	63.7	64.16	64.57333333333334	64.63333333333334	65.09333333333333	65.52	65.58	65.8	65.58	65.62666666666667	65.70666666666666	65.65333333333334	65.41333333333333	65.32	65.27333333333333	65.08666666666667	64.7	63.96	63.71333333333333	62.95333333333333	62.12	61.36	60.373333333333335	58.96666666666667	57.25333333333333	54.193333333333335	49.85333333333333	0.0
0.0	49.593333333333334	54.406666666666666	57.38666666666666	59.2	60.74666666666667	61.52	62.68	63.20666666666666	63.96666666666667	64.24	64.8	65.17333333333333	65.42	65.02666666666667	65.3	65.61333333333333	65.92666666666666	66.03333333333333	65.96	65.82666666666667	65.79333333333334	65.43333333333334	65.28	65.06	64.56	64.32666666666667	63.6	63.193333333333335	62.48	61.27333333333333	60.513333333333335	59.28666666666667	57.266666666666666	54.53333333333333	49.78666666666667	0.0
0.0	49.79333333333334	54.17333333333333	57.306666666666665	59.3	60.49333333333333	61.84	62.653333333333336	63.22	63.78	64.37333333333333	64.81333333333333	65.06666666666666	65.34666666666666	65.47333333333333	65.7	66.02666666666667	65.82666666666667	65.74	65.68	65.82666666666667	65.65333333333334	65.35333333333334	65.15333333333334	65.04666666666667	64.74	64.39333333333333	63.79333333333334	63.36666666666667	62.72	61.75333333333333	60.44	59.333333333333336	56.86	54.24	49.64	0.0
0.0	49.79333333333334	54.5	57.346666666666664	59.013333333333335	60.28666666666667	61.95333333333333	62.72666666666667	63.44	63.68	64.18666666666667	64.74	65.0	65.42666666666666	65.46666666666667	65.57333333333334	65.52666666666667	65.84	65.92	66.34666666666666	65.92	65.40666666666667	65.51333333333334	65.23333333333333	64.85333333333334	64.56	64.0	63.39333333333333	62.92	62.346666666666664	61.346666666666664	60.346666666666664	58.653333333333336	57.04	54.31333333333333	49.806666666666665	0.0
0.0	49.64	54.38	57.29333333333334	58.77333333333333	60.50666666666667	61.446666666666665	62.3	63.093333333333334	63.76	64.12	64.58	64.75333333333333	65.17333333333333	65.19333333333333	65.51333333333334	65.42666666666666	65.7	65.75333333333333	65.53333333333333	65.48666666666666	65.33333333333333	65.72666666666667	65.14	64.86666666666666	64.47333333333333	64.02666666666667	63.39333333333333	62.74666666666667	62.32	61.54	60.306666666666665	58.946666666666665	57.0	54.38666666666666	49.74	0.0
0.0	49.38666666666666	54.42666666666667	57.10666666666667	59.02	60.54	61.39333333333333	62.56	62.99333333333333	63.50666666666667	64.12	64.50666666666666	64.73333333333333	65.26666666666667	65.49333333333334	65.4	65.27333333333333	65.49333333333334	65.57333333333334	65.73333333333333	65.94666666666667	65.84	65.76666666666667	64.96	64.53333333333333	64.30666666666667	63.526666666666664	63.31333333333333	62.82666666666667	61.913333333333334	61.04666666666667	60.00666666666667	58.56	56.86666666666667	54.513333333333335	49.153333333333336	0.0
0.0	49.62	54.333333333333336	57.12	59.06666666666667	60.733333333333334	61.49333333333333	61.96666666666667	62.833333333333336	63.50666666666667	64.05333333333333	64.52	64.64666666666666	65.12	65.18666666666667	65.18666666666667	65.34666666666666	65.75333333333333	65.97333333333333	66.32666666666667	65.85333333333334	65.72666666666667	65.84666666666666	65.42666666666666	64.91333333333333	64.26666666666667	63.833333333333336	63.28	62.5	61.86666666666667	60.98	60.153333333333336	58.74666666666667	57.24	54.36	49.78666666666667	0.0
0.0	49.693333333333335	54.54666666666667	57.43333333333333	59.17333333333333	60.49333333333333	61.22666666666667	62.32666666666667	62.946666666666665	63.7	64.2	64.48666666666666	65.04	65.40666666666667	65.84	66.29333333333334	65.90666666666667	65.92666666666666	65.94666666666667	66.04	65.63333333333334	65.53333333333333	65.29333333333334	64.91333333333333	64.76	64.62666666666667	63.906666666666666	63.473333333333336	63.0	62.233333333333334	61.62	60.61333333333334	59.08	57.34	54.70666666666666	49.85333333333333	0.0
0.0	49.66	53.93333333333333	56.846666666666664	58.95333333333333	60.04666666666667	61.17333333333333	61.82666666666667	62.78666666666667	63.42	64.06	64.45333333333333	64.75333333333333	65.06666666666666	65.36666666666666	65.32	65.01333333333334	65.38666666666667	65.4	65.70666666666666	65.72666666666667	65.48666666666666	65.26	64.88666666666667	64.68	64.25333333333333	63.906666666666666	63.42	62.9	62.14666666666667	61.473333333333336	60.3	59.1	56.913333333333334	54.08	49.52	0.0
0.0	49.98	54.013333333333335	56.92666666666667	58.50666666666667	60.06	60.766666666666666	61.95333333333333	62.60666666666667	63.16	63.43333333333333	64.38666666666667	64.49333333333334	64.56666666666666	64.76666666666667	64.80666666666667	64.99333333333334	65.21333333333334	65.52666666666667	65.04666666666667	64.89333333333333	64.82666666666667	65.11333333333333	64.94	64.72666666666667	64.32666666666667	63.74666666666667	63.766666666666666	62.586666666666666	62.02	61.00666666666667	59.70666666666666	58.593333333333334	56.70666666666666	53.78666666666667	49.34	0.0
0.0	49.71333333333333	54.126666666666665	57.026666666666664	58.71333333333333	60.24666666666667	61.06666666666667	62.086666666666666	62.9	63.32666666666667	64.28	64.44666666666667	64.60666666666667	65.12	65.40666666666667	65.58	65.44666666666667	65.73333333333333	65.87333333333333	65.26	64.96	65.06666666666666	64.94	64.96666666666667	64.62	64.51333333333334	64.06666666666666	63.766666666666666	63.00666666666667	62.126666666666665	61.446666666666665	60.25333333333333	58.96	56.82666666666667	54.1	49.12	0.0
0.0	49.78	54.5	57.44	58.95333333333333	60.28	61.166666666666664	62.3	63.03333333333333	63.82666666666667	64.38666666666667	64.63333333333334	64.94	65.00666666666666	65.41333333333333	65.55333333333333	65.18666666666667	65.33333333333333	65.16666666666667	65.23333333333333	65.15333333333334	65.1	65.03333333333333	64.51333333333334	64.32666666666667	64.44	63.72666666666667	63.266666666666666	62.913333333333334	62.08	61.56666666666667	60.306666666666665	58.84	57.06666666666667	54.34	49.586666666666666	0.0
0.0	49.50666666666667	54.346666666666664	56.96666666666667	58.4	60.013333333333335	61.093333333333334	61.93333333333333	62.473333333333336	63.25333333333333	63.626666666666665	64.16	64.26666666666667	64.60666666666667	65.12	65.56	65.46	65.27333333333333	65.3	65.39333333333333	65.00666666666666	65.10666666666667	64.70666666666666	64.7	64.19333333333333	64.09333333333333	63.373333333333335	62.6	62.3	61.593333333333334	61.086666666666666	60.3	58.85333333333333	57.126666666666665	54.28666666666667	49.373333333333335	0.0
0.0	49.54	54.14	57.013333333333335	58.86	60.2	61.6	61.79333333333334	62.64	63.71333333333333	63.53333333333333	64.16	64.63333333333334	65.29333333333334	65.57333333333334	65.46666666666667	65.27333333333333	65.16666666666667	65.56666666666666	65.46	65.63333333333334	65.40666666666667	64.96	65.18666666666667	64.7	64.31333333333333	64.36	63.64666666666667	63.166666666666664	62.49333333333333	61.38666666666666	60.373333333333335	58.85333333333333	56.986666666666665	54.31333333333333	49.593333333333334	0.0
0.0	49.66	54.193333333333335	57.31333333333333	59.12	60.806666666666665	61.63333333333333	62.28	63.58	64.00666666666666	64.44666666666667	64.60666666666667	65.04	65.54666666666667	65.9	65.68666666666667	66.10666666666667	66.0	66.12666666666667	65.58	65.82	65.95333333333333	65.51333333333334	65.5	65.05333333333333	64.66	63.93333333333333	63.846666666666664	63.44	62.85333333333333	61.46	60.446666666666665	58.9	57.18666666666667	54.413333333333334	49.63333333333333	0.0
0.0	49.48	54.4	57.153333333333336	58.56666666666667	59.70666666666666	61.093333333333334	62.00666666666667	62.693333333333335	63.81333333333333	64.06	64.48	64.71333333333334	64.83333333333333	65.31333333333333	65.58666666666667	65.73333333333333	65.43333333333334	65.54666666666667	65.68	65.74	65.7	65.33333333333333	65.14	64.60666666666667	64.43333333333334	64.18	63.53333333333333	63.233333333333334	62.553333333333335	61.32666666666667	60.44	59.14	56.86666666666667	53.9	49.473333333333336	0.0
0.0	49.733333333333334	54.42	57.486666666666665	59.02	60.48	61.526666666666664	62.526666666666664	63.13333333333333	63.77333333333333	64.22	64.64	65.04	65.16	65.36666666666666	64.84	65.64666666666666	65.70666666666666	65.80666666666667	65.35333333333334	65.58666666666667	65.6	65.31333333333333	65.09333333333333	65.02666666666667	64.39333333333333	63.96	63.346666666666664	62.913333333333334	62.06	61.26	60.193333333333335	58.49333333333333	56.82	54.3	49.593333333333334	0.0
0.0	49.72	54.13333333333333	56.70666666666666	58.81333333333333	59.913333333333334	61.07333333333333	61.9	62.5	63.446666666666665	64.06	64.34	64.69333333333333	64.90666666666667	65.32666666666667	65.60666666666667	65.43333333333334	65.38666666666667	65.54666666666667	65.45333333333333	65.26	65.32666666666667	65.12	65.10666666666667	64.66666666666667	64.46	63.72	63.29333333333334	62.81333333333333	62.3	61.4	60.13333333333333	58.553333333333335	56.733333333333334	54.486666666666665	49.45333333333333	0.0
0.0	49.766666666666666	54.45333333333333	56.81333333333333	58.806666666666665	60.406666666666666	61.06666666666667	61.78	62.85333333333333	63.64666666666667	63.74666666666667	64.24	64.74	65.12	65.18666666666667	65.54	65.43333333333334	65.47333333333333	65.80666666666667	65.76666666666667	66.0	65.97333333333333	65.35333333333334	65.20666666666666	65.3	64.52	64.32	63.2	62.78666666666667	61.98	61.16	59.77333333333333	58.42666666666667	56.86666666666667	54.28	49.513333333333335	0.0
0.0	49.733333333333334	54.053333333333335	56.68	58.50666666666667	60.21333333333333	61.8	62.82666666666667	63.333333333333336	63.93333333333333	64.03333333333333	64.44	64.88	64.68	64.92666666666666	65.43333333333334	65.67333333333333	65.4	65.76	65.64	65.68666666666667	65.46	65.28666666666666	65.0	64.82666666666667	64.46666666666667	63.94	63.54	62.93333333333333	62.53333333333333	61.44	59.82	58.626666666666665	57.126666666666665	54.28666666666667	49.46	0.0
0.0	49.56	54.11333333333334	57.14666666666667	58.82666666666667	60.44	61.586666666666666	62.32666666666667	62.75333333333333	63.31333333333333	64.1	64.14	65.07333333333334	65.19333333333333	65.26	65.15333333333334	65.49333333333334	65.16	65.63333333333334	65.74	65.44666666666667	65.46	65.40666666666667	64.7	64.34	63.9	63.58	63.35333333333333	62.846666666666664	62.08	61.526666666666664	60.14	58.94	57.513333333333335	54.49333333333333	49.71333333333333	0.0
0.0	49.64	54.36	57.093333333333334	59.25333333333333	60.526666666666664	61.7	62.29333333333334	63.093333333333334	63.52	63.78666666666667	64.3	64.67333333333333	65.02666666666667	65.44666666666667	65.51333333333334	65.42	65.64	65.84666666666666	65.70666666666666	65.38666666666667	65.32666666666667	65.18	64.97333333333333	64.99333333333334	64.42666666666666	64.05333333333333	63.45333333333333	63.14666666666667	62.32	61.5	60.34	58.88	56.873333333333335	54.17333333333333	49.68666666666667	0.0
0.0	49.346666666666664	54.04	57.126666666666665	58.88	59.86666666666667	60.86666666666667	61.846666666666664	62.70666666666666	63.026666666666664	63.77333333333333	63.99333333333333	64.44666666666667	64.96	65.08666666666667	65.32666666666667	65.60666666666667	65.69333333333333	65.49333333333334	65.64	65.43333333333334	65.34666666666666	65.21333333333334	64.76666666666667	64.47333333333333	64.22	63.96666666666667	63.48	62.46	62.21333333333333	61.10666666666667	59.906666666666666	58.62	57.126666666666665	54.43333333333333	49.653333333333336	0.0
0.0	49.72666666666667	54.233333333333334	57.17333333333333	59.03333333333333	60.7	61.486666666666665	62.093333333333334	63.02	63.66	63.95333333333333	64.34	64.91333333333333	65.40666666666667	66.06	65.68666666666667	65.84666666666666	65.96	66.18666666666667	65.82666666666667	65.62	65.62	65.84666666666666	65.76	65.19333333333333	64.76	64.38	63.52	63.1	62.4	61.346666666666664	60.32666666666667	59.153333333333336	57.1	54.76	50.0	0.0
0.0	49.70666666666666	54.526666666666664	56.88666666666666	58.88666666666666	60.44	61.06	61.973333333333336	62.74666666666667	63.68666666666667	63.733333333333334	64.48666666666666	64.65333333333334	64.28	65.03333333333333	65.04666666666667	65.16666666666667	65.66666666666667	65.35333333333334	65.18	65.23333333333333	65.16666666666667	64.83333333333333	64.72666666666667	64.38666666666667	64.31333333333333	63.88666666666666	63.57333333333333	62.96	61.946666666666665	60.84	60.07333333333333	58.88	56.64	54.22666666666667	49.593333333333334	0.0
0.0	49.56666666666667	54.16	56.72	58.806666666666665	59.89333333333333	61.42666666666667	62.34	63.0	63.306666666666665	63.95333333333333	64.25333333333333	64.65333333333334	64.44	64.99333333333334	65.05333333333333	65.1	64.86666666666666	65.12	65.08666666666667	65.11333333333333	64.87333333333333	64.86	64.84	64.26	63.88	63.32666666666667	63.06666666666667	62.153333333333336	61.35333333333333	60.95333333333333	59.973333333333336	58.66	56.62	54.193333333333335	49.22	0.0
0.0	49.54666666666667	54.22666666666667	56.94	58.78666666666667	60.25333333333333	61.29333333333334	62.06666666666667	62.986666666666665	63.74	64.02	64.38	64.86666666666666	65.24666666666667	65.43333333333334	65.48666666666666	65.68	65.94666666666667	65.86	65.82666666666667	65.93333333333334	65.45333333333333	65.22	64.82666666666667	65.02	64.62666666666667	64.13333333333334	63.64	63.126666666666665	62.36666666666667	61.526666666666664	60.4	59.11333333333334	57.446666666666665	54.74666666666667	50.14	0.0
0.0	49.48	54.04	56.85333333333333	58.54666666666667	60.14666666666667	61.34	61.99333333333333	62.973333333333336	63.913333333333334	64.13333333333334	64.79333333333334	64.74666666666667	65.04666666666667	65.52	65.46666666666667	65.66	65.96666666666667	65.82666666666667	65.46	65.29333333333334	65.35333333333334	65.14666666666666	64.75333333333333	64.73333333333333	64.45333333333333	63.54666666666667	63.64666666666667	63.166666666666664	62.38	60.86666666666667	59.873333333333335	58.586666666666666	56.88	54.846666666666664	49.57333333333333	0.0
0.0	50.13333333333333	54.766666666666666	57.34	59.32666666666667	60.43333333333333	61.86	62.666666666666664	63.12	63.75333333333333	64.23333333333333	65.08	65.43333333333334	65.47333333333333	65.52	65.84666666666666	65.8	65.9	65.68666666666667	65.83333333333333	65.62666666666667	65.37333333333333	65.28666666666666	65.29333333333334	64.69333333333333	64.40666666666667	64.26	63.75333333333333	62.8	62.25333333333333	61.25333333333333	60.29333333333334	58.846666666666664	57.053333333333335	54.27333333333333	49.93333333333333	0.0
0.0	49.4	54.00666666666667	56.45333333333333	58.54666666666667	59.666666666666664	60.833333333333336	61.78666666666667	62.24	63.413333333333334	63.72666666666667	64.44666666666667	64.89333333333333	64.89333333333333	64.93333333333334	65.44	65.42666666666666	65.48666666666666	65.4	65.75333333333333	65.52	65.66	65.20666666666666	64.7	64.82666666666667	64.56666666666666	63.586666666666666	63.373333333333335	62.98	62.42	61.25333333333333	60.20666666666666	59.00666666666667	57.013333333333335	54.473333333333336	49.693333333333335	0.0
0.0	49.78	54.57333333333333	57.413333333333334	59.17333333333333	60.346666666666664	61.94	62.42666666666667	63.14666666666667	63.653333333333336	64.06	64.58	64.72666666666667	65.12	65.44	65.67333333333333	65.48666666666666	65.77333333333333	65.79333333333334	65.72666666666667	65.41333333333333	65.43333333333334	65.54666666666667	65.46	65.23333333333333	64.78	64.53333333333333	63.946666666666665	63.35333333333333	62.693333333333335	61.04	60.27333333333333	59.126666666666665	57.31333333333333	54.66	49.85333333333333	0.0
0.0	50.0	54.61333333333334	57.373333333333335	59.193333333333335	60.486666666666665	61.78	62.413333333333334	62.72	63.74666666666667	64.00666666666666	64.52	64.92666666666666	65.01333333333334	65.09333333333333	65.38	65.26666666666667	65.55333333333333	65.79333333333334	65.55333333333333	65.82	65.78666666666666	65.39333333333333	65.5	65.44	64.68666666666667	64.2	63.96	63.5	63.16	61.95333333333333	60.513333333333335	59.17333333333333	57.48	54.26	49.66	0.0
0.0	49.43333333333333	54.16	57.31333333333333	58.84	60.27333333333333	60.89333333333333	61.973333333333336	63.13333333333333	63.56666666666667	63.806666666666665	64.29333333333334	64.8	64.89333333333333	65.09333333333333	65.49333333333334	65.61333333333333	65.84	65.85333333333334	66.05333333333333	65.75333333333333	65.92666666666666	65.39333333333333	65.05333333333333	64.94666666666667	64.46666666666667	64.00666666666666	63.53333333333333	62.593333333333334	61.833333333333336	60.846666666666664	60.346666666666664	58.653333333333336	57.20666666666666	54.1	49.49333333333333	0.0
0.0	49.27333333333333	53.79333333333334	57.166666666666664	58.70666666666666	59.82666666666667	61.233333333333334	62.14	62.81333333333333	63.28	63.93333333333333	64.64	65.16666666666667	65.33333333333333	65.66	65.81333333333333	65.98666666666666	65.81333333333333	65.89333333333333	65.68666666666667	65.82666666666667	65.64	65.56666666666666	65.34	65.02	64.5	64.01333333333334	63.42666666666667	63.166666666666664	61.946666666666665	61.45333333333333	60.28666666666667	58.81333333333333	56.693333333333335	53.946666666666665	49.28	0.0
0.0	49.56666666666667	54.25333333333333	56.78666666666667	58.806666666666665	59.78666666666667	61.24666666666667	62.20666666666666	62.63333333333333	63.64	63.81333333333333	64.65333333333334	64.87333333333333	65.02666666666667	65.46	65.52	65.54666666666667	65.67333333333333	65.70666666666666	65.91333333333333	65.68666666666667	65.03333333333333	64.77333333333333	64.40666666666667	64.16666666666667	63.82	63.626666666666665	63.14	62.473333333333336	61.78	60.92	59.873333333333335	58.72	56.733333333333334	53.986666666666665	49.193333333333335	0.0
0.0	49.413333333333334	54.29333333333334	57.0	58.7	60.17333333333333	61.34	61.733333333333334	62.846666666666664	63.0	63.78	64.26666666666667	64.33333333333333	65.07333333333334	65.18666666666667	65.43333333333334	65.44	65.15333333333334	65.2	65.34	65.52	65.31333333333333	65.25333333333333	65.44666666666667	65.04666666666667	65.04	64.50666666666666	63.693333333333335	63.39333333333333	62.32	61.54666666666667	60.24	58.42666666666667	57.1	54.2	49.54666666666667	0.0
0.0	49.79333333333334	54.306666666666665	57.02	58.8	60.00666666666667	61.02	61.93333333333333	62.99333333333333	63.42666666666667	64.04	64.58666666666667	64.73333333333333	65.02666666666667	65.22666666666667	65.36666666666666	65.34	65.66666666666667	65.70666666666666	65.83333333333333	65.30666666666667	65.16	65.14666666666666	64.96	64.76666666666667	64.81333333333333	63.846666666666664	63.24	63.24	62.74666666666667	61.526666666666664	60.31333333333333	59.04666666666667	57.22	54.413333333333334	49.74666666666667	0.0
0.0	49.64	54.45333333333333	57.14	58.82	60.12	61.1	61.906666666666666	62.78	63.44	64.24	64.34	64.60666666666667	65.31333333333333	65.21333333333334	65.6	65.45333333333333	65.74666666666667	65.46666666666667	65.88	65.4	65.18	64.94	64.7	64.52666666666667	64.52	63.99333333333333	63.76	63.053333333333335	62.233333333333334	61.38666666666666	60.07333333333333	59.14666666666667	57.38	54.71333333333333	50.1	0.0
0.0	49.7	54.03333333333333	57.053333333333335	58.8	60.70666666666666	61.60666666666667	62.54666666666667	63.28666666666667	63.99333333333333	64.42666666666666	64.86666666666666	65.07333333333334	65.32666666666667	65.71333333333334	65.94666666666667	65.94666666666667	65.82666666666667	65.68666666666667	65.65333333333334	65.61333333333333	65.48	65.32	64.9	64.85333333333334	64.60666666666667	64.16666666666667	63.66	63.026666666666664	62.22	61.18	60.11333333333334	58.92	56.82666666666667	54.34	49.46	0.0
0.0	49.96666666666667	54.593333333333334	57.193333333333335	59.14666666666667	60.666666666666664	61.17333333333333	62.553333333333335	63.56	63.74	64.45333333333333	64.61333333333333	64.94666666666667	65.40666666666667	65.52	65.7	65.62	65.92666666666666	65.93333333333334	66.06	66.15333333333334	66.09333333333333	65.99333333333334	66.16	65.85333333333334	65.2	65.05333333333333	64.45333333333333	63.766666666666666	63.28666666666667	62.44	60.81333333333333	59.473333333333336	57.64666666666667	54.89333333333333	50.20666666666666	0.0
0.0	49.7	54.46666666666667	57.17333333333333	58.9	59.96666666666667	61.233333333333334	62.26	63.1	63.9	64.40666666666667	64.77333333333333	65.09333333333333	65.65333333333334	65.54666666666667	65.90666666666667	65.80666666666667	65.73333333333333	65.85333333333334	66.10666666666667	65.96	66.1	65.79333333333334	65.82	65.12	65.0	64.62	63.906666666666666	63.48	62.56	62.04666666666667	60.38666666666666	59.03333333333333	57.193333333333335	54.5	49.88	0.0
0.0	49.446666666666665	53.99333333333333	56.98	58.99333333333333	60.06666666666667	61.32	62.14666666666667	62.986666666666665	63.29333333333334	64.02	64.45333333333333	64.70666666666666	64.79333333333334	65.36666666666666	65.38666666666667	65.08666666666667	65.45333333333333	65.47333333333333	65.24	65.40666666666667	65.08	64.93333333333334	64.57333333333334	64.34	63.986666666666665	63.72	63.17333333333333	62.77333333333333	61.973333333333336	61.013333333333335	60.25333333333333	58.733333333333334	56.71333333333333	54.346666666666664	49.49333333333333	0.0
0.0	49.52	54.48	57.36	59.086666666666666	60.38666666666666	61.42666666666667	62.04666666666667	62.56666666666667	62.98	64.10666666666667	64.15333333333334	64.79333333333334	65.22666666666667	65.24666666666667	65.56	65.72666666666667	66.01333333333334	66.12	65.87333333333333	65.57333333333334	65.39333333333333	65.28666666666666	65.29333333333334	65.04666666666667	64.8	64.1	63.913333333333334	63.14666666666667	62.473333333333336	61.4	60.11333333333334	58.67333333333333	57.02	54.58	49.74	0.0
0.0	49.82	54.49333333333333	57.24	59.36	60.74666666666667	61.68	62.28	63.10666666666667	63.77333333333333	64.3	64.50666666666666	64.8	65.74666666666667	65.41333333333333	65.42	65.8	65.79333333333334	65.76	65.98	65.78666666666666	65.77333333333333	65.18	64.86	64.88666666666667	64.47333333333333	64.54	63.82	63.61333333333334	62.833333333333336	61.61333333333334	60.486666666666665	59.27333333333333	57.806666666666665	54.56	49.56666666666667	0.0
0.0	49.63333333333333	54.473333333333336	57.306666666666665	59.10666666666667	60.626666666666665	61.52	61.986666666666665	63.02	63.586666666666666	64.56666666666666	64.75333333333333	64.78666666666666	64.98666666666666	65.33333333333333	65.46	65.31333333333333	65.52	65.56666666666666	65.66666666666667	65.5	65.39333333333333	65.38	64.88666666666667	64.72666666666667	64.26666666666667	63.74666666666667	63.74	63.16	62.086666666666666	61.27333333333333	60.21333333333333	58.62	57.22	54.406666666666666	49.50666666666667	0.0
0.0	49.60666666666667	54.28666666666667	57.29333333333334	59.17333333333333	60.78	61.76	62.5	63.12	63.806666666666665	64.56666666666666	64.62666666666667	64.68	65.07333333333334	65.14	65.43333333333334	65.80666666666667	65.86	65.96	65.94666666666667	65.84666666666666	65.98	65.97333333333333	65.78	65.44666666666667	64.87333333333333	64.72666666666667	63.98	63.45333333333333	62.553333333333335	61.82666666666667	60.70666666666666	59.36666666666667	57.56666666666667	54.66	49.70666666666666	0.0
0.0	49.34	54.26	56.806666666666665	58.72	60.12	61.333333333333336	62.28666666666667	62.666666666666664	63.42666666666667	63.98	64.46	64.40666666666667	64.72666666666667	64.96666666666667	65.78666666666666	65.56666666666666	65.46666666666667	65.72	65.92	65.32666666666667	65.28	65.33333333333333	64.82666666666667	64.50666666666666	64.44666666666667	64.0	63.626666666666665	62.53333333333333	61.9	61.14	60.06	58.93333333333333	56.88666666666666	54.233333333333334	49.98	0.0
0.0	49.63333333333333	54.07333333333333	57.38666666666666	59.013333333333335	60.32666666666667	61.486666666666665	62.586666666666666	63.28	63.74	64.25333333333333	64.71333333333334	65.06666666666666	65.33333333333333	65.42666666666666	65.74	65.86	66.06	66.08666666666667	66.13333333333334	65.76666666666667	65.6	65.74666666666667	65.49333333333334	65.06	64.36666666666666	64.23333333333333	63.63333333333333	63.32666666666667	62.88	61.86666666666667	60.45333333333333	59.34	57.32	54.693333333333335	49.8	0.0
0.0	49.49333333333333	54.04666666666667	56.86	58.56666666666667	59.92	60.67333333333333	61.8	62.35333333333333	63.166666666666664	63.28666666666667	63.34	63.81333333333333	64.28666666666666	64.57333333333334	64.85333333333334	64.86666666666666	64.91333333333333	65.04666666666667	65.06	64.72	65.20666666666666	64.90666666666667	64.48	64.33333333333333	64.17333333333333	63.7	63.4	62.57333333333333	61.54666666666667	60.95333333333333	59.82666666666667	58.62	56.766666666666666	54.25333333333333	49.26	0.0
0.0	49.60666666666667	54.413333333333334	56.95333333333333	59.29333333333334	60.68666666666667	61.31333333333333	62.46666666666667	63.18	63.35333333333333	64.06666666666666	64.44666666666667	64.55333333333333	65.02666666666667	65.24666666666667	65.8	65.49333333333334	65.32666666666667	65.10666666666667	65.54	65.48	65.36666666666666	65.47333333333333	65.28666666666666	64.92	64.74666666666667	64.25333333333333	63.8	63.233333333333334	62.57333333333333	61.39333333333333	60.233333333333334	59.14666666666667	57.12	54.446666666666665	49.666666666666664	0.0
0.0	49.7	54.48	57.4	59.42666666666667	60.70666666666666	62.053333333333335	62.8	63.64666666666667	64.06	64.35333333333334	64.80666666666667	64.98666666666666	65.25333333333333	65.29333333333334	65.87333333333333	65.91333333333333	66.02666666666667	66.35333333333334	66.14	65.96666666666667	66.22666666666667	65.64666666666666	65.51333333333334	65.05333333333333	64.92	64.66666666666667	63.88	63.53333333333333	62.86666666666667	61.85333333333333	61.03333333333333	59.486666666666665	57.666666666666664	54.79333333333334	50.26	0.0
0.0	49.86666666666667	54.36666666666667	56.653333333333336	58.62	60.16	61.48	62.086666666666666	62.85333333333333	63.513333333333335	64.11333333333333	64.41333333333333	64.61333333333333	65.29333333333334	65.57333333333334	65.47333333333333	65.49333333333334	65.54666666666667	65.83333333333333	65.91333333333333	65.84666666666666	65.60666666666667	64.96666666666667	64.86	64.77333333333333	64.61333333333333	64.16666666666667	63.54	62.82	62.266666666666666	61.306666666666665	60.08	58.64	56.68666666666667	54.39333333333333	49.733333333333334	0.0
0.0	49.586666666666666	54.35333333333333	56.96	58.733333333333334	60.13333333333333	61.29333333333334	62.17333333333333	62.946666666666665	63.3	63.586666666666666	63.94	64.22666666666667	64.84666666666666	65.00666666666666	64.99333333333334	65.55333333333333	65.4	65.42	65.17333333333333	65.20666666666666	65.1	64.9	64.92666666666666	64.2	63.70666666666666	63.42666666666667	63.31333333333333	62.84	62.32666666666667	61.29333333333334	60.153333333333336	58.79333333333334	56.95333333333333	54.72666666666667	49.42666666666667	0.0
0.0	49.666666666666664	54.49333333333333	57.13333333333333	58.92666666666667	60.1	61.24666666666667	62.13333333333333	62.806666666666665	63.16	63.38666666666666	64.50666666666666	64.82666666666667	64.72	65.18	65.31333333333333	65.79333333333334	65.68	65.53333333333333	65.9	65.62666666666667	65.32	65.62	65.24	64.91333333333333	64.6	64.16666666666667	63.8	62.913333333333334	62.17333333333333	61.346666666666664	59.986666666666665	58.88	57.233333333333334	54.36	49.88666666666666	0.0
0.0	49.346666666666664	54.67333333333333	56.88666666666666	58.233333333333334	59.81333333333333	61.00666666666667	62.18666666666667	63.24	63.593333333333334	64.12	64.46666666666667	64.72	65.09333333333333	65.48666666666666	65.6	65.58	65.48	65.72	65.6	65.24	65.27333333333333	64.78	64.84666666666666	64.68	64.11333333333333	63.96	63.21333333333333	62.58	62.026666666666664	61.16	60.3	58.693333333333335	57.08	54.18	49.52	0.0
0.0	49.81333333333333	54.70666666666666	57.233333333333334	59.04666666666667	60.25333333333333	61.71333333333333	62.233333333333334	63.31333333333333	64.03333333333333	64.38666666666667	64.64	65.24	65.5	65.51333333333334	66.07333333333334	65.80666666666667	65.93333333333334	66.36	66.08	65.96666666666667	65.80666666666667	65.64666666666666	65.66	65.05333333333333	64.9	64.16	63.60666666666667	63.17333333333333	62.346666666666664	61.693333333333335	60.693333333333335	59.10666666666667	57.26	54.36	49.72666666666667	0.0
0.0	49.82	54.82666666666667	57.413333333333334	59.373333333333335	60.806666666666665	61.266666666666666	62.22	62.82666666666667	63.22666666666667	63.85333333333333	64.26666666666667	64.91333333333333	65.22666666666667	65.42	65.62	66.28	66.10666666666667	65.94	66.14666666666666	65.82666666666667	65.73333333333333	65.76666666666667	65.59333333333333	64.86666666666666	64.71333333333334	64.36666666666666	63.9	63.10666666666667	62.56	61.513333333333335	60.6	59.28666666666667	57.31333333333333	54.486666666666665	49.93333333333333	0.0
0.0	49.46666666666667	54.07333333333333	57.193333333333335	58.906666666666666	60.48	61.72	62.526666666666664	62.98	63.36666666666667	63.806666666666665	64.35333333333334	64.95333333333333	64.90666666666667	65.07333333333334	65.06666666666666	65.58666666666667	65.43333333333334	65.65333333333334	65.56666666666666	65.22666666666667	65.20666666666666	65.12	65.12	65.04666666666667	64.70666666666666	64.24666666666667	63.56666666666667	62.93333333333333	62.27333333333333	61.14	60.0	58.62	56.71333333333333	53.973333333333336	49.586666666666666	0.0
0.0	49.4	54.20666666666666	56.98	58.62	60.07333333333333	61.63333333333333	62.18666666666667	63.04666666666667	63.346666666666664	63.72	64.16666666666667	64.40666666666667	64.55333333333333	65.14	65.28	65.62	65.18	65.3	65.41333333333333	65.28666666666666	65.25333333333333	64.91333333333333	64.91333333333333	64.7	64.17333333333333	63.94	62.88666666666666	62.6	61.71333333333333	60.93333333333333	60.13333333333333	58.62	57.22	54.306666666666665	49.61333333333334	0.0
0.0	49.82666666666667	54.373333333333335	56.63333333333333	58.64666666666667	59.70666666666666	61.0	61.89333333333333	62.406666666666666	62.873333333333335	63.653333333333336	64.0	64.44666666666667	64.70666666666666	65.35333333333334	65.39333333333333	65.28666666666666	65.46	65.02	65.12666666666667	64.96	64.97333333333333	65.28	64.98	64.55333333333333	64.14	63.733333333333334	63.666666666666664	62.60666666666667	62.1	61.11333333333334	60.39333333333333	58.473333333333336	56.89333333333333	53.79333333333334	49.76	0.0
0.0	49.64	54.093333333333334	57.08	58.53333333333333	59.86666666666667	61.13333333333333	62.07333333333333	62.7	63.07333333333333	63.64666666666667	63.846666666666664	64.28666666666666	64.96666666666667	65.01333333333334	65.02666666666667	65.34	65.59333333333333	65.42666666666666	65.50666666666666	65.16666666666667	65.34666666666666	65.34	65.12	64.46666666666667	64.26666666666667	63.50666666666667	63.266666666666666	62.653333333333336	61.99333333333333	61.00666666666667	59.92666666666667	58.45333333333333	56.60666666666667	54.2	49.71333333333333	0.0
0.0	49.693333333333335	54.52	57.413333333333334	59.22666666666667	60.446666666666665	61.46	62.093333333333334	62.66	63.75333333333333	63.98	64.44	64.50666666666666	65.12666666666667	65.20666666666666	65.4	65.89333333333333	65.66	65.26666666666667	65.78	65.33333333333333	65.10666666666667	64.99333333333334	64.86666666666666	64.66	64.31333333333333	64.01333333333334	63.75333333333333	62.79333333333334	62.013333333333335	61.373333333333335	60.36	58.96666666666667	56.833333333333336	54.38666666666666	49.6	0.0
0.0	49.74	54.8	57.46	58.92666666666667	60.473333333333336	61.6	62.666666666666664	63.21333333333333	64.18	64.05333333333333	65.06	65.1	65.91333333333333	65.98666666666666	66.14	66.35333333333334	65.79333333333334	66.54666666666667	66.18666666666667	66.32	65.84	65.41333333333333	65.15333333333334	64.68666666666667	64.28666666666666	64.22	63.486666666666665	63.06	62.45333333333333	61.53333333333333	60.43333333333333	58.86	57.193333333333335	54.653333333333336	49.88666666666666	0.0
0.0	49.6	54.38	57.32	59.14	60.52	61.166666666666664	62.31333333333333	63.0	63.62	64.15333333333334	64.22	64.94	65.3	65.64666666666666	65.49333333333334	65.71333333333334	66.04666666666667	65.92666666666666	65.93333333333334	66.22666666666667	66.13333333333334	66.12666666666667	65.56666666666666	64.90666666666667	64.8	64.24666666666667	63.92	63.093333333333334	62.34	61.64	60.373333333333335	59.36666666666667	57.193333333333335	54.82	49.74666666666667	0.0
0.0	49.67333333333333	54.306666666666665	56.89333333333333	58.54666666666667	59.9	61.013333333333335	61.93333333333333	62.72	63.473333333333336	63.586666666666666	64.27333333333333	64.38	64.62666666666667	64.88	64.77333333333333	65.30666666666667	65.12666666666667	65.17333333333333	65.22666666666667	64.97333333333333	64.76	64.51333333333334	64.64666666666666	64.34666666666666	63.99333333333333	63.58	63.07333333333333	62.61333333333334	61.56	60.693333333333335	59.88666666666666	58.54666666666667	56.88666666666666	54.306666666666665	49.66	0.0
0.0	50.10666666666667	54.7	57.21333333333333	59.593333333333334	60.89333333333333	61.78666666666667	62.653333333333336	63.26	63.92	64.67333333333333	65.31333333333333	65.28	65.63333333333334	65.82	65.62666666666667	65.92	65.9	65.9	65.7	65.70666666666666	65.50666666666666	65.44	64.96666666666667	65.03333333333333	64.48	64.34	64.02666666666667	63.233333333333334	62.63333333333333	61.4	60.44	58.84	57.0	54.333333333333336	49.72	0.0
0.0	49.48	54.61333333333334	57.44	59.14666666666667	60.486666666666665	61.42	62.24	63.11333333333334	63.71333333333333	64.58	64.88666666666667	65.16666666666667	65.45333333333333	65.74	66.02	65.72666666666667	66.0	66.47333333333333	66.64	66.37333333333333	66.20666666666666	66.0	65.72666666666667	65.34	65.02	64.7	64.17333333333333	63.56666666666667	62.57333333333333	61.9	60.86	59.3	57.31333333333333	54.693333333333335	49.86	0.0
0.0	49.22666666666667	54.12	56.92666666666667	59.0	60.24666666666667	61.31333333333333	62.593333333333334	63.02	63.61333333333334	63.98	64.32666666666667	64.58666666666667	65.24666666666667	65.06	65.51333333333334	65.58666666666667	65.42666666666666	65.7	65.92	65.66666666666667	65.53333333333333	65.34666666666666	65.18666666666667	64.64	64.28	64.32666666666667	63.82666666666667	63.04666666666667	62.07333333333333	61.14666666666667	60.32	58.88	56.82666666666667	54.21333333333333	49.56	0.0
0.0	49.43333333333333	54.406666666666666	56.973333333333336	58.77333333333333	60.5	61.526666666666664	62.153333333333336	62.96	63.32	64.14	64.54666666666667	64.90666666666667	64.86	65.37333333333333	65.45333333333333	65.9	66.1	65.8	66.34666666666666	65.96666666666667	65.68	65.07333333333334	65.04666666666667	64.92666666666666	64.54	64.48	63.473333333333336	63.27333333333333	62.10666666666667	60.973333333333336	60.13333333333333	59.02	57.1	54.81333333333333	49.626666666666665	0.0
0.0	49.62	54.34	57.11333333333334	58.9	60.266666666666666	61.52	62.46	63.166666666666664	63.54666666666667	63.98	64.46666666666667	65.27333333333333	65.2	65.44	65.46	65.82	65.70666666666666	65.84	65.78666666666666	65.7	65.74666666666667	65.84666666666666	65.2	65.03333333333333	64.45333333333333	64.08666666666667	63.666666666666664	63.053333333333335	62.35333333333333	61.36	60.54666666666667	59.17333333333333	56.95333333333333	54.52	49.82666666666667	0.0
0.0	49.86666666666667	54.35333333333333	57.32	59.126666666666665	60.44	61.61333333333334	62.38	63.38	63.68666666666667	64.42666666666666	64.76	65.06	65.23333333333333	65.63333333333334	65.36	65.46	65.66666666666667	65.39333333333333	65.06666666666666	65.38666666666667	65.14666666666666	65.09333333333333	64.80666666666667	64.27333333333333	63.88666666666666	63.373333333333335	62.973333333333336	62.39333333333333	61.906666666666666	61.36	59.96666666666667	58.77333333333333	56.913333333333334	54.126666666666665	49.64	0.0
0.0	49.766666666666666	54.28	56.96	58.9	60.406666666666666	61.333333333333336	62.34	63.16	63.60666666666667	63.973333333333336	64.48666666666666	64.83333333333333	64.88666666666667	64.99333333333334	65.20666666666666	65.51333333333334	65.48	65.44666666666667	65.71333333333334	65.43333333333334	65.60666666666667	65.46	65.00666666666666	64.64	64.18666666666667	63.54666666666667	62.833333333333336	62.60666666666667	61.70666666666666	60.95333333333333	60.20666666666666	58.486666666666665	57.086666666666666	54.35333333333333	49.84	0.0
0.0	49.74	54.513333333333335	57.306666666666665	58.96	60.13333333333333	61.48	62.24666666666667	62.666666666666664	63.166666666666664	63.98	64.15333333333334	64.58	64.87333333333333	65.07333333333334	65.38	65.58	65.90666666666667	65.75333333333333	65.52	65.70666666666666	65.62666666666667	65.33333333333333	65.10666666666667	64.7	64.78666666666666	64.55333333333333	63.79333333333334	62.88	62.18	61.166666666666664	60.24666666666667	59.053333333333335	57.42666666666667	54.346666666666664	49.92666666666667	0.0
0.0	49.693333333333335	54.18666666666667	56.9	58.766666666666666	60.2	61.473333333333336	62.93333333333333	62.96666666666667	63.666666666666664	64.54	64.92	64.94	64.98666666666666	65.14666666666666	65.02	65.62	65.43333333333334	65.42	65.33333333333333	65.28666666666666	65.41333333333333	64.92666666666666	64.96666666666667	65.29333333333334	64.78666666666666	64.44666666666667	63.473333333333336	62.873333333333335	61.81333333333333	61.28	59.96666666666667	58.96	56.973333333333336	54.166666666666664	49.666666666666664	0.0
0.0	49.5	54.21333333333333	57.04	58.653333333333336	60.60666666666667	61.39333333333333	62.32	63.13333333333333	63.593333333333334	64.30666666666667	64.36666666666666	64.88666666666667	64.98666666666666	65.15333333333334	65.52	65.5	65.77333333333333	65.73333333333333	65.80666666666667	65.68666666666667	65.31333333333333	64.97333333333333	64.86	64.57333333333334	64.16	63.53333333333333	63.20666666666666	62.6	61.96	61.193333333333335	60.03333333333333	58.61333333333334	56.63333333333333	54.36666666666667	49.486666666666665	0.0
0.0	49.586666666666666	54.626666666666665	57.20666666666666	58.6	60.36666666666667	61.25333333333333	62.00666666666667	62.92666666666667	63.626666666666665	63.88	64.30666666666667	65.06	65.22	65.82	65.44666666666667	65.55333333333333	65.69333333333333	65.56666666666666	66.05333333333333	65.76	65.66666666666667	65.56	65.15333333333334	64.34666666666666	64.59333333333333	63.92	63.78666666666667	63.32666666666667	62.406666666666666	61.24	60.053333333333335	58.693333333333335	57.07333333333333	54.38666666666666	50.02	0.0
0.0	49.833333333333336	54.20666666666666	57.093333333333334	58.81333333333333	59.833333333333336	60.93333333333333	62.026666666666664	63.03333333333333	63.50666666666667	63.81333333333333	64.56	64.72	65.00666666666666	65.32666666666667	65.28666666666666	65.13333333333334	65.61333333333333	65.54666666666667	65.80666666666667	65.98	65.72666666666667	65.42	65.39333333333333	65.02666666666667	64.58666666666667	64.05333333333333	63.626666666666665	62.86	62.28	61.62	60.34	59.26	57.193333333333335	54.46666666666667	49.74666666666667	0.0
0.0	49.93333333333333	54.486666666666665	57.21333333333333	58.72	60.026666666666664	61.13333333333333	61.96	62.92666666666667	63.72666666666667	63.68	64.0	64.41333333333333	64.65333333333334	65.23333333333333	65.5	65.32	65.38	65.82666666666667	65.53333333333333	65.58	65.31333333333333	65.08666666666667	65.16666666666667	64.33333333333333	64.30666666666667	63.81333333333333	63.31333333333333	62.82666666666667	61.86	60.906666666666666	60.06666666666667	58.64	57.00666666666667	54.32666666666667	49.833333333333336	0.0
0.0	49.54	54.513333333333335	57.346666666666664	59.38	60.29333333333334	61.766666666666666	62.78	63.93333333333333	64.08666666666667	64.74	65.34	65.7	65.75333333333333	66.00666666666666	66.3	66.28	66.84666666666666	66.52	66.41333333333333	66.53333333333333	66.08666666666667	65.99333333333334	65.86	65.67333333333333	65.24	64.71333333333334	63.906666666666666	63.44	62.60666666666667	61.5	60.553333333333335	59.28	57.50666666666667	54.42666666666667	49.88	0.0
0.0	49.38666666666666	54.50666666666667	56.68666666666667	58.833333333333336	60.5	61.3	62.21333333333333	62.78	63.10666666666667	64.08	64.18666666666667	64.69333333333333	64.94666666666667	65.18	65.36	65.66	65.82	65.74666666666667	65.78	65.8	65.9	65.80666666666667	65.78	64.96666666666667	64.52666666666667	64.28	63.81333333333333	62.88666666666666	62.18	61.56666666666667	60.14	58.42666666666667	56.7	54.03333333333333	49.22666666666667	0.0
0.0	49.526666666666664	54.473333333333336	56.98	58.766666666666666	60.806666666666665	61.52	62.46	63.00666666666667	63.35333333333333	63.95333333333333	64.37333333333333	64.95333333333333	65.19333333333333	65.03333333333333	65.39333333333333	65.63333333333334	65.68666666666667	65.56	65.88666666666667	65.31333333333333	65.22666666666667	65.12666666666667	65.0	64.92	64.46666666666667	63.92666666666667	63.92	63.24	62.43333333333333	61.306666666666665	60.54666666666667	59.34	57.38	54.77333333333333	49.873333333333335	0.0
0.0	49.98	54.96	57.16	59.16	60.593333333333334	61.52	62.45333333333333	63.57333333333333	64.28666666666666	64.88	64.78666666666666	64.95333333333333	65.36	65.53333333333333	65.71333333333334	66.0	66.23333333333333	66.34	66.38	65.99333333333334	65.75333333333333	65.60666666666667	65.48666666666666	64.82666666666667	64.61333333333333	64.01333333333334	63.49333333333333	63.18666666666667	61.973333333333336	61.38	60.81333333333333	59.22666666666667	57.82	55.0	50.0	0.0
0.0	49.70666666666666	54.45333333333333	56.92666666666667	58.806666666666665	59.99333333333333	61.053333333333335	62.02	62.833333333333336	63.45333333333333	64.06666666666666	64.27333333333333	64.80666666666667	64.98	65.04	65.24	65.25333333333333	65.34	65.31333333333333	65.56666666666666	65.11333333333333	65.16666666666667	65.07333333333334	64.82666666666667	64.7	64.19333333333333	63.82	63.43333333333333	62.68	62.24	61.44	60.333333333333336	58.92	56.84	54.20666666666666	49.56	0.0
0.0	49.77333333333333	54.22	57.14666666666667	58.94	60.29333333333334	61.56666666666667	62.64666666666667	63.4	63.82	64.56	65.04666666666667	64.98	65.41333333333333	65.27333333333333	65.38666666666667	65.63333333333334	65.44	65.53333333333333	65.82	65.97333333333333	65.75333333333333	65.57333333333334	65.38	65.10666666666667	64.46	64.19333333333333	63.733333333333334	63.08	62.27333333333333	61.06	60.18666666666667	58.77333333333333	57.00666666666667	54.593333333333334	49.766666666666666	0.0
0.0	49.60666666666667	54.1	57.26	58.99333333333333	60.56	61.50666666666667	62.18	62.96	63.75333333333333	64.13333333333334	64.66	65.09333333333333	65.52	65.46	66.05333333333333	65.84	66.04666666666667	65.86666666666666	66.06666666666666	65.97333333333333	65.74	65.72	65.24666666666667	64.89333333333333	64.52	64.48	64.04	63.446666666666665	62.77333333333333	61.76	60.77333333333333	59.333333333333336	57.27333333333333	54.64	50.026666666666664	0.0
0.0	49.22666666666667	53.986666666666665	57.1	58.513333333333335	60.42	61.42666666666667	62.346666666666664	62.64666666666667	63.346666666666664	64.47333333333333	64.32	65.06666666666666	65.21333333333334	64.96666666666667	65.19333333333333	65.42	65.52	65.66	65.4	65.33333333333333	65.54666666666667	65.47333333333333	65.22666666666667	65.01333333333334	64.66	64.13333333333334	63.913333333333334	63.233333333333334	62.38666666666666	61.54666666666667	60.20666666666666	58.86666666666667	56.7	54.3	49.43333333333333	0.0
0.0	49.66	54.36	56.57333333333333	58.92666666666667	60.333333333333336	61.64	62.39333333333333	62.8	63.446666666666665	64.14666666666666	64.32	64.70666666666666	65.13333333333334	65.31333333333333	65.60666666666667	65.72666666666667	65.62666666666667	65.52666666666667	65.74	65.48	65.06666666666666	65.16	64.58	64.5	64.13333333333334	63.873333333333335	63.43333333333333	62.526666666666664	61.78	61.153333333333336	60.306666666666665	58.95333333333333	56.973333333333336	54.413333333333334	49.44	0.0
0.0	49.81333333333333	54.24666666666667	57.02	58.94	60.56	61.54	62.48	63.233333333333334	63.48	64.34	64.91333333333333	64.80666666666667	65.32	65.32666666666667	65.78666666666666	65.93333333333334	65.87333333333333	65.79333333333334	65.74	65.7	66.08	65.63333333333334	65.11333333333333	64.99333333333334	64.77333333333333	64.52	64.06	63.593333333333334	62.43333333333333	61.58	60.44	58.96666666666667	57.166666666666664	54.56	49.74	0.0
0.0	49.62	54.413333333333334	57.26	58.70666666666666	59.99333333333333	61.266666666666666	61.95333333333333	62.96666666666667	63.74666666666667	64.08666666666667	64.32666666666667	64.58	64.68666666666667	65.18	65.6	65.40666666666667	65.51333333333334	65.6	65.54666666666667	65.14666666666666	65.24666666666667	65.08	65.05333333333333	64.86666666666666	64.49333333333334	63.873333333333335	63.026666666666664	62.74666666666667	61.58	61.20666666666666	60.24	58.62	56.64666666666667	53.986666666666665	49.49333333333333	0.0
0.0	49.89333333333333	54.70666666666666	57.06666666666667	59.03333333333333	60.46666666666667	61.77333333333333	62.653333333333336	63.513333333333335	63.53333333333333	64.35333333333334	64.78	65.28666666666666	65.31333333333333	65.51333333333334	65.68666666666667	65.69333333333333	65.91333333333333	65.85333333333334	66.00666666666666	65.75333333333333	65.44666666666667	65.35333333333334	64.93333333333334	64.66	64.18666666666667	63.82	63.45333333333333	62.626666666666665	62.446666666666665	61.4	60.446666666666665	59.153333333333336	57.29333333333334	54.833333333333336	49.58	0.0
0.0	49.61333333333334	54.3	57.12	59.026666666666664	60.35333333333333	61.586666666666666	62.44	63.32	63.873333333333335	64.15333333333334	64.82666666666667	64.99333333333334	65.11333333333333	65.63333333333334	65.7	65.94666666666667	66.63333333333334	66.37333333333333	66.23333333333333	66.31333333333333	65.76	65.48666666666666	65.64	64.96	64.72666666666667	64.07333333333334	63.52	62.92	62.46	61.72	60.38666666666666	58.946666666666665	57.0	54.27333333333333	49.94	0.0
0.0	49.626666666666665	54.24666666666667	57.24666666666667	58.96666666666667	60.34	61.4	62.34	63.266666666666666	63.56666666666667	64.19333333333333	64.57333333333334	64.95333333333333	65.4	65.54	65.66666666666667	65.82666666666667	66.27333333333333	66.10666666666667	66.37333333333333	66.08666666666667	65.96666666666667	65.76	65.87333333333333	65.26	64.93333333333334	64.44	63.95333333333333	63.1	62.67333333333333	61.653333333333336	60.92666666666667	59.17333333333333	57.45333333333333	54.446666666666665	49.7	0.0
0.0	49.76	54.126666666666665	57.406666666666666	59.013333333333335	60.28	61.35333333333333	62.50666666666667	63.03333333333333	63.666666666666664	64.06	64.65333333333334	65.0	65.38666666666667	65.84	65.72666666666667	65.70666666666666	65.76	66.05333333333333	66.00666666666666	65.86666666666666	65.41333333333333	65.32	65.02	64.80666666666667	64.64666666666666	63.93333333333333	63.46	62.913333333333334	62.22	61.17333333333333	60.373333333333335	59.06666666666667	56.86666666666667	54.24666666666667	49.833333333333336	0.0
0.0	49.36666666666667	54.22666666666667	57.32	59.03333333333333	60.093333333333334	61.14	61.75333333333333	62.84	63.126666666666665	63.54	64.3	64.53333333333333	64.82	65.02	65.09333333333333	65.0	65.04	65.28	65.8	65.58666666666667	65.19333333333333	65.04666666666667	65.20666666666666	65.03333333333333	64.26	63.78666666666667	63.63333333333333	63.3	62.44	61.58	60.586666666666666	59.22666666666667	57.373333333333335	54.39333333333333	49.60666666666667	0.0
0.0	49.093333333333334	54.31333333333333	56.693333333333335	58.35333333333333	59.70666666666666	60.7	62.026666666666664	62.54666666666667	63.21333333333333	63.626666666666665	63.98	64.51333333333334	64.64666666666666	64.97333333333333	65.15333333333334	65.26	65.37333333333333	65.12	65.62666666666667	65.40666666666667	65.06	65.25333333333333	65.11333333333333	64.60666666666667	64.13333333333334	63.94	63.22	62.85333333333333	62.21333333333333	61.16	59.68	58.5	56.92666666666667	54.126666666666665	49.24	0.0
0.0	49.42666666666667	54.53333333333333	57.1	59.31333333333333	60.46666666666667	61.60666666666667	62.46666666666667	63.053333333333335	63.89333333333333	64.12666666666667	64.42666666666666	65.27333333333333	65.31333333333333	65.68	65.96666666666667	65.94666666666667	65.82	65.9	65.49333333333334	65.40666666666667	65.63333333333334	65.54666666666667	65.5	65.06666666666666	64.78666666666666	64.30666666666667	63.84	63.53333333333333	62.513333333333335	61.60666666666667	60.413333333333334	59.153333333333336	57.61333333333334	54.54	49.833333333333336	0.0
0.0	49.94	54.806666666666665	57.75333333333333	59.66	60.61333333333334	61.48	62.67333333333333	63.48	64.1	64.54	65.24666666666667	65.34	65.91333333333333	66.16666666666667	66.33333333333333	66.24666666666667	66.48	66.51333333333334	66.28	66.5	66.34	66.16	65.74	65.54666666666667	65.16	64.50666666666666	64.14666666666666	63.413333333333334	62.74666666666667	61.78	60.833333333333336	59.54666666666667	57.49333333333333	54.526666666666664	49.78	0.0
0.0	49.67333333333333	54.16	56.86666666666667	59.026666666666664	60.21333333333333	61.17333333333333	61.92	62.57333333333333	63.346666666666664	64.04	64.5	64.93333333333334	65.37333333333333	65.43333333333334	65.5	65.58666666666667	65.97333333333333	66.21333333333334	65.47333333333333	65.68	65.50666666666666	65.47333333333333	65.44	64.90666666666667	64.58	64.30666666666667	63.626666666666665	62.86666666666667	62.12	61.02	60.42666666666667	58.88666666666666	57.52	54.24	49.92	0.0
