0.0	48.28	52.49333333333333	54.7	56.38	57.57333333333333	58.79333333333334	59.32666666666667	59.86	60.22	60.413333333333334	60.68666666666667	60.56	60.89333333333333	60.94	60.95333333333333	61.06666666666667	60.78666666666667	61.02	61.16	61.12	60.586666666666666	60.553333333333335	60.96666666666667	60.29333333333334	60.48	60.08	59.53333333333333	59.17333333333333	58.75333333333333	58.086666666666666	57.153333333333336	55.95333333333333	54.36666666666667	52.24666666666667	48.27333333333333	0.0
0.0	47.61333333333334	51.5	53.78	55.28666666666667	56.35333333333333	57.57333333333333	58.02	58.84	59.50666666666667	59.57333333333333	60.3	60.25333333333333	60.513333333333335	60.9	60.986666666666665	60.66	60.8	60.86666666666667	61.17333333333333	60.56	60.653333333333336	60.626666666666665	60.42666666666667	60.18666666666667	60.06	59.84	59.27333333333333	58.766666666666666	57.986666666666665	57.52	56.95333333333333	55.58	54.04666666666667	52.14666666666667	48.053333333333335	0.0
0.0	48.07333333333333	52.346666666666664	54.373333333333335	55.85333333333333	57.153333333333336	57.72666666666667	58.72666666666667	59.28	59.00666666666667	59.57333333333333	60.32666666666667	60.18	60.17333333333333	60.4	60.70666666666666	60.52	60.626666666666665	60.63333333333333	60.68666666666667	60.76	60.766666666666666	60.57333333333333	60.39333333333333	60.6	60.2	59.76	59.266666666666666	58.8	58.06666666666667	57.48	56.78	55.906666666666666	54.58	52.22666666666667	48.14	0.0
0.0	48.06666666666667	51.733333333333334	53.913333333333334	55.42666666666667	56.62	57.48	57.66	58.62	59.193333333333335	59.68666666666667	59.92	59.88666666666666	59.98	60.57333333333333	60.78	60.653333333333336	60.846666666666664	60.99333333333333	60.6	60.513333333333335	60.32666666666667	60.38	60.446666666666665	59.88666666666666	59.42666666666667	58.913333333333334	58.99333333333333	58.406666666666666	58.18	57.60666666666667	56.71333333333333	55.70666666666666	54.45333333333333	52.28	47.92666666666667	0.0
0.0	48.03333333333333	51.96	54.36666666666667	55.56666666666667	56.48	57.46	58.733333333333334	59.32666666666667	60.06	60.12	60.49333333333333	60.56666666666667	60.526666666666664	60.913333333333334	60.946666666666665	61.026666666666664	61.43333333333333	61.39333333333333	60.913333333333334	60.973333333333336	60.92	60.54	60.653333333333336	60.45333333333333	60.193333333333335	60.053333333333335	59.693333333333335	59.29333333333334	58.54	57.86666666666667	57.28	56.14666666666667	54.24666666666667	51.89333333333333	48.39333333333333	0.0
0.0	48.346666666666664	52.22	54.38	55.913333333333334	56.76	57.86666666666667	58.50666666666667	59.086666666666666	59.64	60.13333333333333	60.46666666666667	60.473333333333336	60.82666666666667	60.88666666666666	61.20666666666666	61.22666666666667	61.14	61.10666666666667	61.42666666666667	60.86666666666667	60.733333333333334	60.946666666666665	60.56666666666667	60.43333333333333	60.413333333333334	60.20666666666666	59.95333333333333	59.46666666666667	58.77333333333333	58.233333333333334	57.193333333333335	56.10666666666667	54.526666666666664	52.626666666666665	48.46	0.0
0.0	48.28666666666667	52.36	54.82	56.28666666666667	56.93333333333333	58.02	58.653333333333336	59.473333333333336	60.126666666666665	60.0	60.22	60.50666666666667	61.03333333333333	60.9	61.193333333333335	61.306666666666665	61.5	61.626666666666665	61.5	60.88666666666666	60.946666666666665	60.78	60.406666666666666	60.28	60.013333333333335	59.766666666666666	59.35333333333333	58.74666666666667	58.22666666666667	57.86666666666667	57.233333333333334	56.00666666666667	54.526666666666664	52.406666666666666	48.04666666666667	0.0
0.0	48.18666666666667	52.56	54.89333333333333	56.22666666666667	57.29333333333334	58.026666666666664	58.95333333333333	59.54	60.39333333333333	60.28666666666667	61.00666666666667	60.833333333333336	60.79333333333334	61.12	61.093333333333334	61.086666666666666	61.02	61.126666666666665	61.10666666666667	61.07333333333333	61.193333333333335	61.026666666666664	60.57333333333333	60.46	60.406666666666666	59.9	59.58	58.96666666666667	58.61333333333334	57.76	57.18	55.68666666666667	54.0	51.94	48.03333333333333	0.0
0.0	48.46666666666667	52.57333333333333	54.64	56.35333333333333	57.126666666666665	57.873333333333335	58.66	59.406666666666666	59.986666666666665	59.986666666666665	60.02	60.166666666666664	60.76	60.78	60.8	61.10666666666667	60.96	61.17333333333333	61.193333333333335	61.17333333333333	61.26	61.04	60.36	60.60666666666667	60.13333333333333	59.946666666666665	59.64	59.04	58.473333333333336	57.61333333333334	56.94	56.18	54.586666666666666	52.373333333333335	48.306666666666665	0.0
0.0	48.02	52.093333333333334	54.63333333333333	56.36	57.093333333333334	57.79333333333334	58.22666666666667	58.64	59.54	60.06666666666667	60.26	60.13333333333333	60.446666666666665	60.6	60.62	60.81333333333333	60.93333333333333	60.973333333333336	60.85333333333333	60.77333333333333	60.693333333333335	60.39333333333333	60.406666666666666	60.3	60.00666666666667	59.66	59.333333333333336	58.77333333333333	58.21333333333333	57.44	56.74	55.72666666666667	54.14	51.79333333333334	48.153333333333336	0.0
0.0	48.333333333333336	52.60666666666667	55.026666666666664	56.18666666666667	57.193333333333335	58.373333333333335	58.846666666666664	59.233333333333334	59.88	60.36666666666667	60.346666666666664	60.64666666666667	61.35333333333333	61.06666666666667	61.10666666666667	61.26	61.233333333333334	61.373333333333335	61.24	61.586666666666666	61.3	61.6	60.85333333333333	60.846666666666664	60.806666666666665	60.38666666666666	60.086666666666666	59.76	59.093333333333334	58.233333333333334	57.04	56.32	54.76	52.43333333333333	48.513333333333335	0.0
0.0	47.88666666666666	51.96666666666667	54.166666666666664	55.88	56.58	57.61333333333334	58.9	59.093333333333334	59.473333333333336	59.95333333333333	60.31333333333333	60.36	60.86666666666667	60.946666666666665	61.053333333333335	61.053333333333335	61.14	61.21333333333333	60.82666666666667	61.11333333333334	61.02	61.013333333333335	60.77333333333333	60.6	60.26	60.08	59.49333333333333	59.00666666666667	58.46	57.74666666666667	56.89333333333333	56.21333333333333	54.44	51.95333333333333	48.093333333333334	0.0
0.0	47.96	52.086666666666666	54.093333333333334	55.666666666666664	57.28666666666667	57.99333333333333	58.75333333333333	58.96666666666667	59.513333333333335	60.026666666666664	60.373333333333335	60.833333333333336	60.72666666666667	61.306666666666665	61.34	61.193333333333335	60.92	60.76	61.093333333333334	60.84	60.82666666666667	60.32666666666667	60.78666666666667	60.89333333333333	60.72	60.11333333333334	59.68	59.093333333333334	58.4	57.72666666666667	56.913333333333334	55.7	54.35333333333333	52.14	48.20666666666666	0.0
0.0	48.1	52.61333333333334	54.526666666666664	56.053333333333335	57.10666666666667	58.0	58.63333333333333	59.38	59.95333333333333	60.04666666666667	60.36666666666667	60.833333333333336	60.526666666666664	60.76	61.07333333333333	61.13333333333333	61.04	61.03333333333333	61.62	61.36	61.306666666666665	60.666666666666664	60.53333333333333	60.54666666666667	60.74	60.16	59.75333333333333	59.193333333333335	58.43333333333333	57.906666666666666	57.50666666666667	56.026666666666664	54.526666666666664	52.333333333333336	48.26	0.0
0.0	48.38666666666666	52.266666666666666	54.75333333333333	56.17333333333333	57.446666666666665	58.38	58.78	59.22666666666667	59.593333333333334	60.39333333333333	60.406666666666666	60.62	60.373333333333335	60.77333333333333	60.89333333333333	61.14666666666667	61.06666666666667	61.22	61.093333333333334	61.32	61.00666666666667	61.013333333333335	61.04	60.56666666666667	60.20666666666666	60.25333333333333	59.9	58.96	58.92	57.57333333333333	57.24	55.986666666666665	54.70666666666666	52.42666666666667	48.13333333333333	0.0
0.0	47.96666666666667	52.053333333333335	54.4	55.84	56.92	57.67333333333333	58.24	58.946666666666665	59.38	59.67333333333333	60.46	60.44	60.626666666666665	60.593333333333334	60.95333333333333	61.346666666666664	61.00666666666667	61.053333333333335	60.64666666666667	60.88	60.70666666666666	60.913333333333334	60.5	60.28	59.806666666666665	59.48	59.20666666666666	59.06666666666667	58.20666666666666	57.54666666666667	56.733333333333334	55.766666666666666	54.44	52.2	48.26	0.0
0.0	48.04	52.14	54.38	56.03333333333333	56.9	57.666666666666664	58.693333333333335	59.52	59.86666666666667	60.00666666666667	60.32666666666667	60.346666666666664	60.593333333333334	60.92666666666667	61.22666666666667	61.166666666666664	61.38666666666666	61.346666666666664	61.27333333333333	61.42	61.17333333333333	61.053333333333335	60.84	60.58	60.14666666666667	59.8	59.45333333333333	59.45333333333333	58.98	58.25333333333333	57.373333333333335	56.03333333333333	54.666666666666664	52.61333333333334	47.99333333333333	0.0
0.0	48.12	52.20666666666666	54.58	56.153333333333336	56.82666666666667	58.04666666666667	58.78666666666667	58.906666666666666	59.32666666666667	59.78	60.39333333333333	60.11333333333334	60.45333333333333	60.36	60.873333333333335	61.126666666666665	60.92	61.04	60.88	61.053333333333335	60.79333333333334	60.79333333333334	61.0	60.31333333333333	59.89333333333333	59.74666666666667	59.29333333333334	58.96666666666667	58.6	58.0	56.906666666666666	55.64	54.25333333333333	52.08	48.02	0.0
0.0	48.02	51.82666666666667	54.18	56.013333333333335	57.026666666666664	57.6	58.03333333333333	58.68666666666667	59.053333333333335	59.486666666666665	59.78	60.166666666666664	60.61333333333334	60.3	60.56	60.88	60.50666666666667	61.026666666666664	60.72666666666667	60.76	60.413333333333334	60.27333333333333	60.20666666666666	60.306666666666665	59.71333333333333	59.25333333333333	59.266666666666666	59.086666666666666	58.873333333333335	58.0	57.093333333333334	56.27333333333333	54.666666666666664	52.166666666666664	47.78	0.0
0.0	48.38666666666666	51.913333333333334	54.513333333333335	55.666666666666664	56.76	57.74	58.306666666666665	59.193333333333335	59.333333333333336	59.67333333333333	60.36666666666667	60.486666666666665	60.973333333333336	61.02	60.9	60.88666666666666	61.28666666666667	61.07333333333333	60.75333333333333	60.653333333333336	60.70666666666666	61.013333333333335	60.79333333333334	60.18	60.0	59.88	59.36666666666667	59.18	58.72	58.0	57.093333333333334	55.78666666666667	54.32	51.693333333333335	47.79333333333334	0.0
0.0	48.486666666666665	52.71333333333333	55.13333333333333	56.153333333333336	57.53333333333333	58.26	59.13333333333333	59.68	60.38	60.266666666666666	60.7	61.14666666666667	61.27333333333333	61.14666666666667	60.9	61.00666666666667	60.99333333333333	61.28666666666667	61.03333333333333	61.2	61.26	61.03333333333333	61.00666666666667	60.72666666666667	60.5	60.29333333333334	59.626666666666665	59.266666666666666	58.3	57.64	57.346666666666664	56.06666666666667	54.56666666666667	52.45333333333333	48.333333333333336	0.0
0.0	48.21333333333333	52.013333333333335	54.27333333333333	55.873333333333335	56.86666666666667	57.78666666666667	58.50666666666667	58.72666666666667	59.126666666666665	60.00666666666667	59.88	60.013333333333335	60.473333333333336	60.57333333333333	60.70666666666666	60.8	60.913333333333334	61.093333333333334	60.846666666666664	60.77333333333333	60.22	60.89333333333333	60.52	60.28666666666667	59.98	59.63333333333333	59.5	58.88666666666666	58.333333333333336	57.806666666666665	56.733333333333334	55.76	54.306666666666665	51.906666666666666	47.846666666666664	0.0
0.0	48.06	52.04666666666667	54.58	56.21333333333333	57.52	58.14	58.733333333333334	59.526666666666664	59.846666666666664	60.14	60.43333333333333	60.653333333333336	60.76	60.906666666666666	61.31333333333333	61.413333333333334	61.166666666666664	61.14666666666667	61.46	61.413333333333334	61.373333333333335	61.153333333333336	60.81333333333333	60.586666666666666	60.38666666666666	60.266666666666666	59.54666666666667	59.67333333333333	58.766666666666666	58.13333333333333	57.24	56.333333333333336	54.593333333333334	52.5	48.4	0.0
0.0	47.94	52.193333333333335	54.306666666666665	55.68	56.71333333333333	57.88666666666666	58.24666666666667	58.79333333333334	59.12	59.71333333333333	59.74666666666667	60.66	60.586666666666666	60.66	60.46666666666667	60.88	60.79333333333334	60.873333333333335	60.77333333333333	60.49333333333333	60.50666666666667	60.39333333333333	60.04	60.48	59.89333333333333	59.78666666666667	59.38666666666666	58.946666666666665	58.233333333333334	57.72666666666667	57.02	56.14	54.54	52.45333333333333	48.10666666666667	0.0
0.0	48.22666666666667	52.36	54.42666666666667	55.973333333333336	56.946666666666665	57.806666666666665	58.346666666666664	59.233333333333334	59.693333333333335	59.86666666666667	60.193333333333335	60.56	60.72	61.093333333333334	61.10666666666667	61.14666666666667	61.373333333333335	61.086666666666666	61.28	61.14666666666667	61.00666666666667	60.78666666666667	60.88666666666666	60.78666666666667	60.24666666666667	59.82666666666667	59.68	59.38666666666666	59.026666666666664	58.1	57.086666666666666	56.16	54.9	52.32	48.44	0.0
0.0	48.13333333333333	52.00666666666667	54.586666666666666	55.94	57.42	58.14666666666667	58.94	59.31333333333333	60.06	60.32666666666667	60.53333333333333	60.95333333333333	60.526666666666664	60.71333333333333	60.71333333333333	60.78666666666667	60.62	60.653333333333336	61.45333333333333	60.68	60.72666666666667	60.72666666666667	60.31333333333333	60.28	60.093333333333334	60.026666666666664	59.43333333333333	58.77333333333333	58.74	58.14666666666667	57.26	55.833333333333336	54.6	52.07333333333333	48.266666666666666	0.0
0.0	48.5	52.126666666666665	54.06	55.68666666666667	57.14666666666667	57.78666666666667	58.6	58.9	59.36666666666667	59.98	60.39333333333333	60.513333333333335	60.833333333333336	61.026666666666664	61.28	60.986666666666665	61.06666666666667	61.053333333333335	61.446666666666665	61.526666666666664	61.46666666666667	61.306666666666665	60.913333333333334	60.79333333333334	60.38	59.88	59.766666666666666	59.32	58.27333333333333	57.72666666666667	56.873333333333335	55.68	54.31333333333333	52.13333333333333	48.14	0.0
0.0	48.12	52.24666666666667	54.5	55.733333333333334	57.03333333333333	57.57333333333333	58.406666666666666	58.96666666666667	59.45333333333333	59.75333333333333	60.07333333333333	60.82	60.67333333333333	61.1	61.266666666666666	61.34	61.72	61.46666666666667	61.306666666666665	61.013333333333335	60.72666666666667	60.913333333333334	60.666666666666664	60.42666666666667	60.54666666666667	60.46666666666667	59.81333333333333	59.12	58.32	57.63333333333333	57.00666666666667	56.093333333333334	54.50666666666667	52.333333333333336	48.07333333333333	0.0
0.0	48.50666666666667	52.10666666666667	54.31333333333333	55.86666666666667	57.0	57.586666666666666	58.52	59.03333333333333	59.593333333333334	59.9	60.17333333333333	60.733333333333334	60.86666666666667	61.10666666666667	61.38	61.34	61.24666666666667	61.3	61.22666666666667	61.02	60.913333333333334	60.913333333333334	60.74666666666667	60.413333333333334	60.093333333333334	59.72666666666667	59.68	59.233333333333334	58.74666666666667	58.04666666666667	57.58	55.96666666666667	54.64666666666667	52.36666666666667	48.54666666666667	0.0
0.0	48.18	52.25333333333333	54.61333333333334	55.873333333333335	57.053333333333335	58.18	58.373333333333335	59.43333333333333	59.4	60.60666666666667	60.39333333333333	60.766666666666666	60.86	61.06	60.98	61.053333333333335	61.333333333333336	61.48	61.14	61.1	61.266666666666666	61.10666666666667	60.77333333333333	60.473333333333336	60.18666666666667	60.08	59.233333333333334	59.10666666666667	58.193333333333335	57.626666666666665	57.1	56.233333333333334	54.513333333333335	52.373333333333335	47.93333333333333	0.0
0.0	48.14666666666667	52.46	54.446666666666665	56.18	57.04666666666667	57.7	58.64	59.42	59.60666666666667	59.78666666666667	60.04	60.28666666666667	60.586666666666666	61.29333333333334	61.20666666666666	60.81333333333333	61.1	61.34	60.92	61.20666666666666	60.98	61.10666666666667	61.04666666666667	60.88	60.58	60.24	59.66	58.99333333333333	58.53333333333333	57.806666666666665	56.88	55.96666666666667	54.31333333333333	52.24	48.473333333333336	0.0
0.0	48.333333333333336	52.346666666666664	54.42666666666667	55.68	56.88666666666666	58.02	58.56	59.24666666666667	59.78666666666667	60.25333333333333	60.34	60.61333333333334	60.58	60.93333333333333	61.22	61.34	61.56666666666667	61.24666666666667	60.96	61.26	60.82666666666667	61.053333333333335	60.5	60.26	60.20666666666666	59.9	59.74	59.653333333333336	58.38666666666666	57.486666666666665	56.63333333333333	55.766666666666666	54.93333333333333	52.56666666666667	48.36666666666667	0.0
0.0	48.2	52.57333333333333	54.42	55.78666666666667	56.72666666666667	57.68	58.34	59.00666666666667	59.77333333333333	59.913333333333334	60.03333333333333	60.57333333333333	61.06	60.6	61.0	60.86666666666667	61.10666666666667	60.913333333333334	60.946666666666665	60.93333333333333	60.88666666666666	60.7	60.3	60.153333333333336	59.733333333333334	59.486666666666665	58.95333333333333	58.53333333333333	58.04	57.526666666666664	56.766666666666666	55.766666666666666	53.96666666666667	52.21333333333333	48.233333333333334	0.0
0.0	48.306666666666665	52.27333333333333	54.653333333333336	56.04	57.03333333333333	57.95333333333333	58.806666666666665	58.81333333333333	59.6	59.72	60.086666666666666	60.82666666666667	60.7	60.8	61.266666666666666	61.25333333333333	61.46	61.42666666666667	61.693333333333335	61.526666666666664	61.24666666666667	61.166666666666664	60.64666666666667	60.56666666666667	60.22	60.07333333333333	59.26	58.833333333333336	58.50666666666667	57.593333333333334	57.18666666666667	55.986666666666665	54.60666666666667	52.2	48.20666666666666	0.0
0.0	47.666666666666664	52.10666666666667	54.07333333333333	55.79333333333334	56.873333333333335	57.77333333333333	58.513333333333335	59.11333333333334	59.63333333333333	59.52	60.35333333333333	60.306666666666665	60.76	60.473333333333336	60.67333333333333	61.013333333333335	60.846666666666664	61.053333333333335	61.346666666666664	61.22666666666667	61.093333333333334	61.093333333333334	60.593333333333334	60.333333333333336	59.93333333333333	59.49333333333333	59.153333333333336	58.7	58.34	57.76	56.74666666666667	55.94	54.306666666666665	52.34	48.36666666666667	0.0
0.0	48.0	52.233333333333334	54.52	55.88	57.00666666666667	57.74666666666667	58.52	58.973333333333336	59.35333333333333	60.00666666666667	60.373333333333335	60.66	60.52	61.093333333333334	61.10666666666667	61.306666666666665	61.0	61.413333333333334	61.526666666666664	61.4	61.43333333333333	60.946666666666665	60.666666666666664	60.513333333333335	60.42	60.193333333333335	59.45333333333333	58.99333333333333	58.82666666666667	57.76	57.193333333333335	56.093333333333334	54.36666666666667	51.96666666666667	48.11333333333334	0.0
0.0	48.4	52.46666666666667	54.64	55.89333333333333	56.74666666666667	57.99333333333333	58.79333333333334	59.31333333333333	59.56666666666667	59.75333333333333	60.32666666666667	60.693333333333335	60.75333333333333	61.11333333333334	61.11333333333334	61.11333333333334	61.346666666666664	61.38666666666666	61.35333333333333	61.233333333333334	61.126666666666665	61.18666666666667	60.9	60.75333333333333	60.486666666666665	60.233333333333334	59.96	59.76	59.29333333333334	58.16	57.31333333333333	56.43333333333333	54.94	52.666666666666664	48.38	0.0
0.0	48.14666666666667	52.46666666666667	54.35333333333333	55.86	57.00666666666667	57.946666666666665	58.53333333333333	58.72	59.67333333333333	60.13333333333333	60.42	60.34	60.66	60.96	61.053333333333335	60.86	61.34	61.25333333333333	61.17333333333333	61.13333333333333	61.306666666666665	61.153333333333336	60.58	60.5	60.42666666666667	59.96	59.46	59.413333333333334	58.84	57.9	57.08	56.093333333333334	54.68	52.233333333333334	48.013333333333335	0.0
0.0	48.21333333333333	52.086666666666666	54.666666666666664	55.833333333333336	56.98	57.78	58.79333333333334	59.31333333333333	59.986666666666665	59.98	60.18666666666667	60.43333333333333	60.72	60.68666666666667	61.50666666666667	61.16	61.1	61.513333333333335	61.18	61.38	61.4	60.733333333333334	61.1	60.94	60.413333333333334	59.946666666666665	59.62	59.06	58.45333333333333	57.81333333333333	56.95333333333333	56.093333333333334	54.38666666666666	52.086666666666666	47.9	0.0
0.0	48.11333333333334	52.04666666666667	54.42666666666667	56.08	57.31333333333333	58.126666666666665	59.013333333333335	59.16	59.946666666666665	60.013333333333335	60.08	60.53333333333333	61.026666666666664	60.86	61.38666666666666	61.54666666666667	61.79333333333334	61.89333333333333	62.1	62.153333333333336	61.67333333333333	61.693333333333335	61.49333333333333	61.07333333333333	60.54	60.413333333333334	60.22	59.31333333333333	58.84	58.28	57.513333333333335	56.63333333333333	54.78666666666667	52.28	48.013333333333335	0.0
0.0	48.21333333333333	52.32	54.38666666666666	55.77333333333333	56.906666666666666	57.50666666666667	58.48	59.42	59.653333333333336	60.31333333333333	60.74	60.49333333333333	61.0	61.03333333333333	61.32	61.24666666666667	61.61333333333334	61.1	61.26	61.166666666666664	60.96666666666667	60.413333333333334	60.74	60.6	60.44	59.86	59.68666666666667	59.29333333333334	58.45333333333333	57.406666666666666	57.093333333333334	55.913333333333334	54.38666666666666	52.22666666666667	48.486666666666665	0.0
0.0	48.4	52.46	54.553333333333335	56.18	57.79333333333334	58.306666666666665	58.733333333333334	59.846666666666664	60.12	60.446666666666665	60.413333333333334	60.806666666666665	60.986666666666665	61.166666666666664	61.026666666666664	61.333333333333336	61.64666666666667	61.61333333333334	61.50666666666667	61.50666666666667	61.52	61.306666666666665	61.58	61.153333333333336	60.78666666666667	60.76	60.24	59.92	59.43333333333333	58.513333333333335	57.6	56.24666666666667	55.166666666666664	52.54	48.5	0.0
0.0	47.88666666666666	52.153333333333336	54.48	55.84	56.82666666666667	57.266666666666666	58.14666666666667	59.0	59.03333333333333	59.71333333333333	59.70666666666666	60.02	60.14666666666667	60.32666666666667	60.666666666666664	61.12	60.96	61.013333333333335	60.906666666666666	60.53333333333333	60.82	60.32666666666667	60.42666666666667	60.29333333333334	60.306666666666665	59.806666666666665	59.36	58.64666666666667	58.11333333333334	57.64666666666667	56.76	55.36	54.053333333333335	51.733333333333334	47.93333333333333	0.0
0.0	48.2	52.14666666666667	54.526666666666664	56.233333333333334	57.22	57.553333333333335	58.2	58.99333333333333	59.38	59.806666666666665	60.22	60.24666666666667	60.21333333333333	60.35333333333333	60.46666666666667	60.74	61.126666666666665	60.54	60.70666666666666	60.406666666666666	60.42	60.24666666666667	60.346666666666664	59.99333333333333	59.9	59.473333333333336	59.266666666666666	58.64666666666667	58.12	57.24666666666667	56.58	55.39333333333333	54.406666666666666	52.1	48.22666666666667	0.0
0.0	48.17333333333333	51.82	54.166666666666664	55.72666666666667	56.56666666666667	57.56	58.07333333333333	58.96666666666667	59.29333333333334	59.58	59.873333333333335	60.50666666666667	60.68666666666667	60.71333333333333	61.00666666666667	60.946666666666665	61.013333333333335	61.13333333333333	61.25333333333333	61.46	60.93333333333333	60.82	60.35333333333333	60.66	60.28	59.653333333333336	59.76	59.193333333333335	58.8	57.666666666666664	57.093333333333334	55.9	54.58	52.07333333333333	47.9	0.0
0.0	48.29333333333334	52.26	54.22666666666667	55.68	56.71333333333333	57.25333333333333	58.513333333333335	58.913333333333334	59.74666666666667	59.85333333333333	59.7	60.22	60.4	60.68666666666667	60.78	60.913333333333334	60.873333333333335	60.96	60.86666666666667	60.8	60.92666666666667	60.54	60.31333333333333	60.38666666666666	60.22	59.906666666666666	59.626666666666665	59.27333333333333	58.89333333333333	58.11333333333334	57.086666666666666	55.63333333333333	54.413333333333334	52.24	48.07333333333333	0.0
0.0	48.306666666666665	52.46666666666667	54.67333333333333	56.026666666666664	57.18666666666667	58.026666666666664	58.96666666666667	59.473333333333336	59.96666666666667	60.31333333333333	60.666666666666664	61.28	61.166666666666664	61.53333333333333	61.52	61.526666666666664	61.78	61.53333333333333	61.74	61.666666666666664	61.693333333333335	61.473333333333336	61.35333333333333	60.92666666666667	60.86666666666667	60.12	59.92666666666667	59.43333333333333	59.0	58.44	57.57333333333333	56.266666666666666	54.846666666666664	52.3	48.193333333333335	0.0
0.0	47.913333333333334	51.64	54.1	55.373333333333335	56.31333333333333	57.06666666666667	57.626666666666665	58.26	58.6	58.906666666666666	59.266666666666666	59.846666666666664	59.406666666666666	59.75333333333333	60.34	60.28666666666667	60.79333333333334	60.64	60.32	60.28666666666667	60.4	60.53333333333333	60.77333333333333	60.49333333333333	59.85333333333333	59.43333333333333	58.88666666666666	58.766666666666666	58.20666666666666	57.56666666666667	56.32	55.38666666666666	53.92	51.75333333333333	48.166666666666664	0.0
0.0	48.28666666666667	52.14	54.6	56.153333333333336	57.12	57.973333333333336	58.77333333333333	59.166666666666664	59.653333333333336	60.28666666666667	60.266666666666666	60.74	60.82	60.94	61.06	61.266666666666666	61.626666666666665	61.193333333333335	60.806666666666665	61.086666666666666	61.02	60.76	60.27333333333333	59.95333333333333	60.126666666666665	60.06	59.85333333333333	59.053333333333335	58.373333333333335	57.88	57.18	55.72666666666667	54.8	52.52	48.04666666666667	0.0
0.0	48.0	52.233333333333334	54.233333333333334	55.193333333333335	56.8	57.18	58.26	58.78	59.57333333333333	59.77333333333333	60.22	60.64666666666667	60.79333333333334	60.89333333333333	61.25333333333333	61.27333333333333	61.29333333333334	61.64666666666667	61.04666666666667	61.06666666666667	61.086666666666666	60.77333333333333	60.9	60.64666666666667	60.306666666666665	59.67333333333333	59.1	58.84	58.07333333333333	57.413333333333334	56.88	55.86	54.446666666666665	52.053333333333335	48.14666666666667	0.0
0.0	48.56666666666667	52.35333333333333	54.68	55.94	57.31333333333333	57.92666666666667	58.42666666666667	59.06	59.66	60.166666666666664	60.24666666666667	60.14	60.74	61.013333333333335	61.49333333333333	61.32	61.39333333333333	61.56666666666667	61.18	61.14	61.18666666666667	60.75333333333333	60.35333333333333	60.60666666666667	60.11333333333334	59.92	59.42	58.906666666666666	58.733333333333334	57.79333333333334	56.93333333333333	56.06666666666667	54.43333333333333	52.153333333333336	48.17333333333333	0.0
0.0	48.16	52.10666666666667	54.3	56.0	56.446666666666665	57.626666666666665	58.31333333333333	59.07333333333333	59.166666666666664	59.88666666666666	60.266666666666666	60.17333333333333	60.12	60.74666666666667	60.81333333333333	60.81333333333333	60.71333333333333	61.086666666666666	61.24	60.79333333333334	61.02	60.873333333333335	60.513333333333335	60.28666666666667	59.986666666666665	59.96666666666667	59.18	58.99333333333333	58.766666666666666	57.81333333333333	56.96	55.86	54.44	52.17333333333333	48.45333333333333	0.0
0.0	48.64	52.78666666666667	54.7	56.126666666666665	57.24666666666667	58.053333333333335	58.78666666666667	59.24666666666667	59.72666666666667	60.42	60.46666666666667	61.193333333333335	60.906666666666666	61.486666666666665	61.75333333333333	61.42666666666667	61.46	61.28666666666667	61.43333333333333	61.71333333333333	61.60666666666667	61.16	60.88666666666666	60.43333333333333	60.14666666666667	59.96	59.32666666666667	58.9	58.75333333333333	57.986666666666665	57.16	56.053333333333335	54.486666666666665	52.26	48.31333333333333	0.0
0.0	48.24	52.35333333333333	54.526666666666664	56.42666666666667	57.406666666666666	58.32	58.64666666666667	59.29333333333334	60.013333333333335	60.43333333333333	60.64666666666667	60.9	61.12	61.4	61.35333333333333	61.22	61.17333333333333	61.486666666666665	61.57333333333333	61.26	61.486666666666665	61.333333333333336	61.126666666666665	60.93333333333333	60.60666666666667	60.44	59.63333333333333	59.18	58.88666666666666	58.053333333333335	56.81333333333333	56.086666666666666	54.61333333333334	52.42	48.193333333333335	0.0
0.0	48.21333333333333	52.346666666666664	54.32	55.86666666666667	56.93333333333333	58.06666666666667	58.233333333333334	58.806666666666665	59.36	60.013333333333335	60.153333333333336	60.71333333333333	60.70666666666666	60.693333333333335	60.63333333333333	60.61333333333334	60.66	61.026666666666664	61.06666666666667	61.04	61.1	60.693333333333335	60.653333333333336	60.64	60.0	59.78	59.21333333333333	59.03333333333333	58.24	57.833333333333336	57.166666666666664	55.86	54.45333333333333	52.49333333333333	48.513333333333335	0.0
0.0	48.54	52.7	54.63333333333333	56.46	57.32666666666667	58.18666666666667	58.68666666666667	59.70666666666666	59.48	60.04666666666667	60.16	60.7	60.693333333333335	61.153333333333336	61.04666666666667	61.27333333333333	61.44	61.17333333333333	61.18	61.093333333333334	60.84	61.20666666666666	60.86	60.34	60.17333333333333	60.00666666666667	59.66	59.086666666666666	58.72	57.99333333333333	57.10666666666667	56.08	54.46	52.193333333333335	48.333333333333336	0.0
0.0	48.11333333333334	52.14666666666667	54.63333333333333	56.053333333333335	57.086666666666666	57.72	58.42	59.373333333333335	59.733333333333334	59.92	60.07333333333333	60.5	60.67333333333333	61.086666666666666	61.086666666666666	60.913333333333334	60.94	60.906666666666666	61.02	61.11333333333334	61.446666666666665	60.89333333333333	60.8	60.43333333333333	60.086666666666666	59.766666666666666	59.28666666666667	58.38666666666666	58.1	57.56666666666667	56.54666666666667	55.56	54.086666666666666	52.13333333333333	47.873333333333335	0.0
0.0	48.56	52.28	54.44	56.03333333333333	57.02	57.873333333333335	58.18666666666667	59.0	59.81333333333333	60.446666666666665	60.45333333333333	61.02	60.81333333333333	61.026666666666664	61.16	61.13333333333333	61.22666666666667	61.22	61.1	61.28	61.07333333333333	61.28	60.873333333333335	60.82	60.29333333333334	60.06666666666667	59.74666666666667	59.53333333333333	58.70666666666666	58.233333333333334	57.12	56.35333333333333	54.62	52.31333333333333	48.06666666666667	0.0
0.0	48.61333333333334	52.27333333333333	54.586666666666666	55.96	57.166666666666664	57.86	58.07333333333333	58.833333333333336	59.5	59.85333333333333	60.126666666666665	60.38666666666666	60.446666666666665	60.70666666666666	60.60666666666667	60.946666666666665	61.306666666666665	61.58	61.46666666666667	61.18	61.08	60.99333333333333	60.72	60.38666666666666	60.06666666666667	59.946666666666665	59.153333333333336	58.8	58.32	57.56	56.95333333333333	55.626666666666665	54.166666666666664	51.92	47.96666666666667	0.0
0.0	48.24666666666667	52.4	54.14	55.38	56.906666666666666	57.72	58.18	58.74666666666667	59.14	59.71333333333333	60.026666666666664	60.373333333333335	60.53333333333333	60.56666666666667	60.92	60.45333333333333	60.986666666666665	60.93333333333333	60.986666666666665	60.74	60.63333333333333	61.06	60.6	60.5	60.14	59.733333333333334	59.373333333333335	58.986666666666665	58.63333333333333	57.89333333333333	56.973333333333336	55.86666666666667	54.56666666666667	52.34	47.93333333333333	0.0
0.0	47.92	52.12	54.373333333333335	55.57333333333333	57.02	57.58	58.31333333333333	58.666666666666664	58.906666666666666	59.513333333333335	59.88	60.3	60.43333333333333	60.67333333333333	60.973333333333336	61.093333333333334	61.20666666666666	61.233333333333334	60.77333333333333	60.6	60.88	60.78	60.62	60.29333333333334	60.4	59.89333333333333	59.21333333333333	58.57333333333333	58.02	57.68666666666667	56.96	55.986666666666665	54.48	52.38	47.78	0.0
0.0	48.16	52.12	54.60666666666667	56.0	57.04	58.026666666666664	58.63333333333333	59.4	59.7	60.07333333333333	60.14666666666667	60.733333333333334	60.68666666666667	61.053333333333335	60.92	60.99333333333333	61.39333333333333	61.6	61.39333333333333	61.346666666666664	61.64	61.306666666666665	60.833333333333336	60.49333333333333	60.29333333333334	59.77333333333333	59.67333333333333	58.72666666666667	58.193333333333335	57.77333333333333	57.3	55.89333333333333	54.58	52.32666666666667	48.333333333333336	0.0
0.0	48.44	52.36	54.35333333333333	56.08	56.973333333333336	58.02	58.57333333333333	59.086666666666666	59.50666666666667	59.873333333333335	60.38	60.54666666666667	60.94	61.06666666666667	61.13333333333333	61.04666666666667	61.153333333333336	60.74666666666667	61.25333333333333	61.18	61.11333333333334	60.68666666666667	60.946666666666665	60.85333333333333	60.38666666666666	60.11333333333334	59.61333333333334	58.92666666666667	58.526666666666664	57.9	57.0	56.36666666666667	54.24	52.25333333333333	48.24666666666667	0.0
0.0	48.413333333333334	52.48	54.78	55.98	57.11333333333334	57.78666666666667	58.56666666666667	59.21333333333333	59.53333333333333	59.93333333333333	60.373333333333335	60.4	60.89333333333333	61.11333333333334	61.06666666666667	61.10666666666667	61.29333333333334	61.2	61.43333333333333	61.22	60.946666666666665	60.85333333333333	60.333333333333336	60.32	60.18	59.78666666666667	59.12	59.0	58.64	57.98	57.053333333333335	56.0	54.72	52.13333333333333	48.08	0.0
0.0	48.166666666666664	52.53333333333333	54.92	55.96	56.88	57.6	58.32666666666667	58.96	59.24	59.8	60.25333333333333	60.25333333333333	60.42	60.72	60.553333333333335	60.76	60.78	61.373333333333335	61.06	61.02	61.1	61.08	60.5	60.25333333333333	59.95333333333333	59.74666666666667	59.46666666666667	58.71333333333333	58.5	58.04666666666667	56.72	56.17333333333333	54.5	52.29333333333334	48.2	0.0
0.0	47.946666666666665	52.2	54.50666666666667	55.96	56.96	57.82666666666667	58.28666666666667	59.10666666666667	59.75333333333333	60.00666666666667	60.1	60.32666666666667	60.733333333333334	61.18666666666667	61.24666666666667	61.44	61.00666666666667	61.16	61.053333333333335	61.1	61.086666666666666	61.13333333333333	60.92	60.26	59.95333333333333	59.62	59.68666666666667	58.94	58.473333333333336	57.82	56.67333333333333	55.64	54.72	52.22	48.13333333333333	0.0
0.0	47.74	51.77333333333333	54.413333333333334	55.70666666666666	56.54666666666667	57.5	57.88666666666666	58.45333333333333	58.95333333333333	59.32	59.473333333333336	60.086666666666666	59.986666666666665	60.013333333333335	60.18	60.193333333333335	60.2	60.406666666666666	60.68	60.43333333333333	60.56666666666667	60.60666666666667	60.193333333333335	60.06666666666667	59.79333333333334	59.64666666666667	59.193333333333335	58.63333333333333	57.98	57.45333333333333	56.62	55.94	54.193333333333335	52.026666666666664	47.99333333333333	0.0
0.0	48.513333333333335	52.18666666666667	54.93333333333333	56.06666666666667	57.026666666666664	57.98	58.84	58.973333333333336	59.12	59.513333333333335	60.07333333333333	60.586666666666666	60.68	60.84	60.6	60.53333333333333	61.02	60.98	60.96666666666667	60.78	61.193333333333335	60.70666666666666	60.71333333333333	60.14666666666667	60.04666666666667	59.74	59.473333333333336	59.04	58.61333333333334	58.06666666666667	57.08	55.913333333333334	54.5	52.32666666666667	48.46	0.0
0.0	48.593333333333334	52.21333333333333	54.60666666666667	55.81333333333333	56.76	57.68666666666667	58.43333333333333	59.28	59.72	59.98	60.26	60.266666666666666	60.64666666666667	60.99333333333333	61.16	61.36666666666667	61.18	61.3	61.18666666666667	61.3	61.153333333333336	61.22666666666667	60.92	60.86666666666667	60.46	60.086666666666666	59.94	59.48	58.94	58.12	57.25333333333333	56.18	54.82666666666667	52.74666666666667	48.913333333333334	0.0
0.0	48.14666666666667	51.93333333333333	54.45333333333333	55.806666666666665	56.93333333333333	57.733333333333334	58.44	59.17333333333333	59.446666666666665	59.906666666666666	60.46666666666667	60.77333333333333	61.16	61.10666666666667	60.98	60.94	60.96	61.06666666666667	61.20666666666666	60.74	60.666666666666664	60.68666666666667	60.38666666666666	60.18666666666667	59.85333333333333	59.733333333333334	59.22	58.74666666666667	58.086666666666666	57.346666666666664	56.64	55.62	54.193333333333335	52.27333333333333	48.14666666666667	0.0
0.0	48.18666666666667	52.88	54.74	56.68	57.526666666666664	58.43333333333333	58.99333333333333	59.526666666666664	59.96666666666667	60.54	60.56666666666667	60.92666666666667	61.3	61.54	61.626666666666665	61.85333333333333	62.053333333333335	62.04666666666667	61.72	61.94	61.4	61.27333333333333	61.39333333333333	61.07333333333333	60.68	60.653333333333336	60.22	59.67333333333333	59.086666666666666	58.03333333333333	57.38	55.873333333333335	54.53333333333333	52.28	48.29333333333334	0.0
0.0	48.12	52.10666666666667	54.32666666666667	55.76	56.64666666666667	57.54	58.27333333333333	59.11333333333334	59.4	59.806666666666665	59.82666666666667	60.3	60.93333333333333	60.833333333333336	61.126666666666665	60.986666666666665	60.99333333333333	61.54666666666667	61.17333333333333	61.2	61.22	60.86666666666667	60.72	60.46	60.06666666666667	60.16	60.27333333333333	59.00666666666667	58.58	58.04666666666667	56.86	55.75333333333333	54.42	52.06	48.32666666666667	0.0
0.0	48.24666666666667	52.34	54.553333333333335	56.086666666666666	57.126666666666665	58.04	59.07333333333333	59.43333333333333	59.88	60.16	60.72666666666667	60.693333333333335	61.21333333333333	61.56	61.39333333333333	61.11333333333334	61.32666666666667	61.56666666666667	61.43333333333333	61.8	61.4	61.18666666666667	61.193333333333335	60.52	60.64	59.906666666666666	59.446666666666665	58.96666666666667	58.233333333333334	57.86	56.946666666666665	56.1	54.79333333333334	52.25333333333333	48.26	0.0
0.0	48.24	52.22666666666667	54.193333333333335	55.766666666666666	57.266666666666666	57.9	58.68666666666667	58.99333333333333	59.76	60.026666666666664	60.68666666666667	60.56666666666667	60.49333333333333	60.95333333333333	60.92	61.20666666666666	61.16	61.36	61.26	61.22	61.16	60.61333333333334	60.32666666666667	60.06666666666667	60.24666666666667	59.52	59.35333333333333	58.95333333333333	58.26	57.806666666666665	56.68	55.74666666666667	54.64	52.06	48.26	0.0
0.0	48.07333333333333	52.14	54.306666666666665	55.846666666666664	56.77333333333333	57.92666666666667	58.63333333333333	58.89333333333333	59.3	59.12	59.96	60.28	60.27333333333333	60.35333333333333	60.526666666666664	60.413333333333334	60.48	60.81333333333333	60.68	60.45333333333333	60.12	59.85333333333333	60.11333333333334	59.60666666666667	59.513333333333335	59.08	58.95333333333333	58.906666666666666	58.00666666666667	57.166666666666664	56.57333333333333	55.526666666666664	54.04	51.89333333333333	48.0	0.0
0.0	47.94	52.03333333333333	54.27333333333333	56.18666666666667	56.98	57.913333333333334	58.3	59.093333333333334	59.36	59.96	60.02	60.24	60.39333333333333	60.43333333333333	60.77333333333333	60.70666666666666	61.28	60.67333333333333	60.67333333333333	60.913333333333334	60.79333333333334	60.88	60.7	60.446666666666665	60.12	60.04666666666667	59.66	58.89333333333333	58.99333333333333	57.92666666666667	56.77333333333333	55.78	53.95333333333333	52.35333333333333	47.98	0.0
0.0	48.13333333333333	52.22666666666667	53.9	55.56666666666667	56.52	57.626666666666665	58.32666666666667	58.24	58.94	59.54	60.013333333333335	60.093333333333334	60.48	60.54666666666667	60.486666666666665	60.70666666666666	60.52	60.42666666666667	60.413333333333334	60.61333333333334	60.43333333333333	60.38	59.846666666666664	59.946666666666665	59.62	58.95333333333333	58.7	58.28	58.08	57.306666666666665	56.406666666666666	55.56666666666667	54.08	51.86	48.093333333333334	0.0
0.0	47.973333333333336	52.63333333333333	54.58	55.92	57.306666666666665	58.093333333333334	58.68666666666667	59.52	60.11333333333334	60.29333333333334	60.693333333333335	60.76	60.88	61.39333333333333	60.85333333333333	61.266666666666666	61.06	61.16	61.42	61.18666666666667	61.1	60.9	60.48	60.553333333333335	60.07333333333333	59.72	59.07333333333333	59.026666666666664	58.46666666666667	58.04	57.03333333333333	56.21333333333333	54.56	52.346666666666664	47.96666666666667	0.0
0.0	47.96	52.306666666666665	54.29333333333334	56.02	56.81333333333333	57.68	58.27333333333333	58.513333333333335	59.11333333333334	59.54666666666667	59.94	60.22	60.406666666666666	60.11333333333334	60.06666666666667	60.25333333333333	60.43333333333333	60.306666666666665	60.7	60.67333333333333	60.373333333333335	60.46	60.193333333333335	59.89333333333333	59.6	59.5	59.08	58.64	57.81333333333333	56.873333333333335	56.14666666666667	55.32	53.766666666666666	51.833333333333336	47.99333333333333	0.0
0.0	48.18	52.13333333333333	54.64666666666667	56.14666666666667	56.88666666666666	57.973333333333336	58.626666666666665	59.28	59.64	59.92	60.58	60.406666666666666	60.766666666666666	61.50666666666667	61.74666666666667	61.46666666666667	61.67333333333333	61.92	61.74666666666667	61.62	61.25333333333333	61.18	60.67333333333333	60.54	60.26	59.95333333333333	59.62	59.06666666666667	58.58	57.75333333333333	57.07333333333333	56.16	54.4	52.333333333333336	48.086666666666666	0.0
0.0	48.026666666666664	52.24666666666667	54.586666666666666	56.56666666666667	57.36	58.03333333333333	58.846666666666664	59.1	59.46666666666667	59.88666666666666	60.78666666666667	60.96	61.12	61.233333333333334	61.3	61.593333333333334	61.24	61.53333333333333	61.39333333333333	61.18666666666667	61.053333333333335	61.12	60.70666666666666	60.5	60.22	59.89333333333333	59.653333333333336	59.17333333333333	58.373333333333335	57.82	57.24	56.03333333333333	54.68	52.153333333333336	48.406666666666666	0.0
0.0	48.38	52.17333333333333	54.4	55.96666666666667	57.11333333333334	57.946666666666665	58.70666666666666	58.92	59.486666666666665	60.27333333333333	59.98	60.72666666666667	61.306666666666665	61.61333333333334	61.446666666666665	61.75333333333333	61.66	61.52	61.6	61.53333333333333	61.46	61.07333333333333	61.3	60.86666666666667	60.86	60.39333333333333	59.66	59.553333333333335	58.88	58.06	56.973333333333336	55.733333333333334	54.31333333333333	52.44	48.32666666666667	0.0
0.0	47.68666666666667	51.68	54.153333333333336	55.85333333333333	56.98	57.833333333333336	58.473333333333336	59.22	59.6	60.03333333333333	60.0	60.22666666666667	60.63333333333333	60.473333333333336	60.653333333333336	60.806666666666665	60.57333333333333	60.88	60.733333333333334	60.34	60.766666666666666	60.66	60.166666666666664	60.20666666666666	59.96	59.406666666666666	58.913333333333334	58.553333333333335	58.086666666666666	57.306666666666665	56.733333333333334	55.74	54.25333333333333	51.94	48.13333333333333	0.0
0.0	48.36	52.446666666666665	54.27333333333333	55.78	57.08	58.00666666666667	58.21333333333333	58.99333333333333	59.42	59.593333333333334	59.906666666666666	60.586666666666666	60.77333333333333	60.626666666666665	60.56666666666667	60.76	60.78666666666667	60.88666666666666	60.6	60.95333333333333	60.84	60.68666666666667	60.43333333333333	60.266666666666666	60.27333333333333	60.04666666666667	59.64666666666667	58.95333333333333	58.52	57.92	56.74	55.86	54.56	52.2	48.346666666666664	0.0
0.0	47.973333333333336	52.29333333333334	54.553333333333335	55.84	56.946666666666665	57.9	58.36	58.98	59.77333333333333	60.013333333333335	60.1	60.57333333333333	60.78	60.92666666666667	61.02	61.11333333333334	60.92	60.89333333333333	60.946666666666665	61.013333333333335	60.766666666666666	60.593333333333334	60.626666666666665	60.29333333333334	60.22666666666667	59.86666666666667	59.413333333333334	59.26	58.34	57.64	57.026666666666664	55.85333333333333	54.45333333333333	52.346666666666664	48.10666666666667	0.0
0.0	48.02	52.08	54.58	56.22666666666667	57.32	58.08	58.52	59.14666666666667	59.75333333333333	59.96666666666667	60.20666666666666	60.31333333333333	60.95333333333333	60.68666666666667	61.026666666666664	60.75333333333333	61.153333333333336	61.10666666666667	61.333333333333336	61.406666666666666	60.913333333333334	60.806666666666665	60.64	60.32666666666667	60.18666666666667	59.986666666666665	59.32	58.92	58.6	58.306666666666665	57.486666666666665	56.04	54.6	52.07333333333333	48.346666666666664	0.0
0.0	47.89333333333333	52.346666666666664	54.3	55.76	56.733333333333334	57.486666666666665	58.35333333333333	58.76	58.68	59.53333333333333	59.666666666666664	59.8	59.8	60.28666666666667	60.21333333333333	60.473333333333336	60.79333333333334	61.28	60.973333333333336	60.94	60.94	60.49333333333333	59.92	59.96666666666667	60.026666666666664	59.666666666666664	59.46	58.81333333333333	58.32	58.14666666666667	56.78	56.06	54.406666666666666	52.04666666666667	48.00666666666667	0.0
0.0	48.14	52.04	54.086666666666666	55.81333333333333	56.94	58.07333333333333	58.946666666666665	59.473333333333336	59.50666666666667	59.72	60.013333333333335	60.42	60.86	60.88666666666666	60.99333333333333	60.99333333333333	61.333333333333336	61.29333333333334	61.61333333333334	61.26	61.00666666666667	61.053333333333335	60.88	60.526666666666664	60.42	59.913333333333334	59.74666666666667	59.04	58.50666666666667	57.70666666666666	56.93333333333333	56.026666666666664	53.973333333333336	52.20666666666666	48.28666666666667	0.0
0.0	48.16	52.526666666666664	54.64	55.72	56.52	57.32	58.14666666666667	58.85333333333333	59.29333333333334	59.70666666666666	60.053333333333335	60.24	60.84	61.053333333333335	61.04666666666667	60.653333333333336	60.98	61.026666666666664	61.26	60.68666666666667	60.64666666666667	60.9	60.54666666666667	60.32666666666667	59.82	59.60666666666667	59.39333333333333	59.086666666666666	58.48	57.76	57.026666666666664	55.81333333333333	54.153333333333336	52.12	47.96666666666667	0.0
0.0	48.24666666666667	52.166666666666664	54.42	56.166666666666664	56.906666666666666	58.0	58.446666666666665	59.29333333333334	59.86	60.00666666666667	60.34	60.626666666666665	61.22	61.11333333333334	61.553333333333335	61.12	61.28	61.446666666666665	61.473333333333336	61.32666666666667	61.14	61.306666666666665	60.76	61.00666666666667	60.626666666666665	60.04	59.906666666666666	59.266666666666666	58.89333333333333	58.346666666666664	56.806666666666665	56.07333333333333	54.64666666666667	52.32	48.413333333333334	0.0
0.0	48.39333333333333	52.29333333333334	54.653333333333336	56.21333333333333	57.14666666666667	57.88	58.39333333333333	58.82	59.25333333333333	59.42	60.24	60.06	60.32666666666667	60.56	60.68666666666667	60.58	61.3	61.0	61.16	60.99333333333333	61.07333333333333	60.96	60.94	60.74	60.446666666666665	59.62	59.32	59.053333333333335	58.71333333333333	57.973333333333336	57.093333333333334	55.92666666666667	54.45333333333333	52.333333333333336	48.333333333333336	0.0
0.0	48.13333333333333	52.233333333333334	54.5	55.86	56.89333333333333	57.74666666666667	58.35333333333333	58.766666666666666	59.12	59.593333333333334	59.8	59.946666666666665	60.306666666666665	60.74666666666667	60.8	60.973333333333336	61.04	60.94	60.86666666666667	61.04	61.06666666666667	60.64666666666667	60.17333333333333	60.346666666666664	59.846666666666664	59.72	59.54666666666667	59.086666666666666	58.38666666666666	58.14	56.96	55.986666666666665	54.60666666666667	52.626666666666665	48.413333333333334	0.0
0.0	48.21333333333333	52.06	54.126666666666665	55.49333333333333	56.653333333333336	57.43333333333333	58.28666666666667	58.70666666666666	59.38666666666666	59.42666666666667	60.266666666666666	60.32666666666667	60.413333333333334	60.82	60.74666666666667	61.013333333333335	60.653333333333336	60.82666666666667	60.986666666666665	60.78	60.766666666666666	60.56	60.58	59.98	59.99333333333333	59.89333333333333	59.42	58.94	58.1	57.446666666666665	56.54	55.60666666666667	54.026666666666664	52.18	48.12	0.0
0.0	48.54666666666667	52.68	54.806666666666665	56.18	56.93333333333333	57.806666666666665	58.63333333333333	59.333333333333336	59.72	60.28666666666667	60.693333333333335	61.08	61.026666666666664	61.1	61.28666666666667	61.346666666666664	61.27333333333333	61.17333333333333	61.06666666666667	60.98	61.36	61.3	61.086666666666666	60.82	60.53333333333333	60.13333333333333	59.913333333333334	59.553333333333335	58.8	58.24666666666667	57.26	56.24666666666667	54.74	52.43333333333333	48.25333333333333	0.0
0.0	48.306666666666665	52.45333333333333	54.50666666666667	56.24666666666667	57.07333333333333	58.04666666666667	58.71333333333333	59.24666666666667	59.63333333333333	60.12	60.74	60.9	61.166666666666664	61.00666666666667	61.1	61.2	61.233333333333334	61.56	61.34	61.39333333333333	61.513333333333335	61.053333333333335	60.96	60.72666666666667	60.36666666666667	60.11333333333334	59.86	59.62	58.76	57.96666666666667	57.24	56.22666666666667	54.653333333333336	52.38666666666666	48.08	0.0
0.0	48.24	52.56666666666667	54.58	56.18	57.39333333333333	57.96	58.62	59.166666666666664	59.86666666666667	60.27333333333333	60.54	60.84	61.28	61.526666666666664	61.3	61.64666666666667	61.57333333333333	61.56	61.473333333333336	61.373333333333335	61.22666666666667	60.88666666666666	60.78	60.733333333333334	60.486666666666665	60.053333333333335	59.85333333333333	59.32666666666667	58.5	58.06666666666667	57.29333333333334	56.32666666666667	55.0	52.42	48.446666666666665	0.0
0.0	48.4	52.486666666666665	54.54666666666667	56.00666666666667	57.21333333333333	57.89333333333333	58.586666666666666	58.92666666666667	59.75333333333333	59.85333333333333	60.88666666666666	60.6	61.233333333333334	61.53333333333333	61.45333333333333	61.346666666666664	61.11333333333334	61.406666666666666	61.54	61.6	61.08	61.20666666666666	60.873333333333335	60.733333333333334	60.16	60.306666666666665	59.513333333333335	59.02	58.406666666666666	58.00666666666667	56.873333333333335	55.74	54.64	52.31333333333333	48.38666666666666	0.0
0.0	48.153333333333336	52.24666666666667	54.126666666666665	55.78	56.74666666666667	57.693333333333335	58.126666666666665	59.02	58.906666666666666	59.46	59.99333333333333	60.026666666666664	60.27333333333333	60.3	60.46666666666667	60.70666666666666	60.973333333333336	61.03333333333333	60.82	61.07333333333333	60.63333333333333	60.126666666666665	60.1	60.22666666666667	60.02	59.373333333333335	58.96	58.7	58.16	57.586666666666666	57.00666666666667	55.62	54.053333333333335	51.82666666666667	48.1	0.0
0.0	48.28	52.52	54.093333333333334	55.7	56.833333333333336	57.66	58.486666666666665	59.08	59.526666666666664	60.06	60.513333333333335	60.10666666666667	60.62	60.64666666666667	60.92	61.06	61.093333333333334	61.24	61.20666666666666	60.986666666666665	61.13333333333333	60.81333333333333	60.62	60.45333333333333	60.44	60.086666666666666	59.81333333333333	59.35333333333333	58.63333333333333	58.11333333333334	57.126666666666665	55.7	54.28666666666667	52.1	48.266666666666666	0.0
0.0	48.08	52.42	54.49333333333333	55.88666666666666	57.28	57.806666666666665	58.42	59.28	59.77333333333333	60.27333333333333	60.70666666666666	60.66	60.86666666666667	60.88666666666666	61.20666666666666	61.18666666666667	61.31333333333333	61.38666666666666	61.3	61.46666666666667	61.16	60.906666666666666	61.166666666666664	60.61333333333334	60.93333333333333	60.54	59.72	59.78	59.053333333333335	58.00666666666667	57.346666666666664	56.38666666666666	54.84	52.526666666666664	48.88	0.0
0.0	47.74666666666667	52.26	54.45333333333333	55.84	57.03333333333333	57.64	58.38	59.27333333333333	59.9	60.333333333333336	60.63333333333333	61.11333333333334	61.20666666666666	61.34	61.38	61.346666666666664	61.13333333333333	61.233333333333334	61.586666666666666	60.9	60.93333333333333	60.96666666666667	60.81333333333333	60.846666666666664	60.56666666666667	59.86	59.61333333333334	59.46	59.013333333333335	58.06	57.11333333333334	56.22	54.61333333333334	52.39333333333333	48.306666666666665	0.0
0.0	48.20666666666666	52.04666666666667	54.20666666666666	55.833333333333336	57.026666666666664	57.78666666666667	58.26	58.653333333333336	59.153333333333336	59.42666666666667	59.94	59.72666666666667	59.98	60.13333333333333	60.68	60.473333333333336	60.68	60.76	60.7	60.666666666666664	60.693333333333335	60.56666666666667	60.38	59.92	59.973333333333336	59.28	59.42666666666667	59.093333333333334	58.42	57.74	56.8	55.88666666666666	54.02	52.13333333333333	47.86666666666667	0.0
0.0	48.36	52.24	54.58	56.306666666666665	57.06666666666667	57.70666666666666	58.64	59.053333333333335	59.193333333333335	59.473333333333336	60.21333333333333	60.29333333333334	60.86666666666667	61.21333333333333	60.96666666666667	61.053333333333335	61.093333333333334	61.25333333333333	61.14666666666667	61.093333333333334	60.70666666666666	60.54	60.24666666666667	60.27333333333333	59.946666666666665	59.82666666666667	59.31333333333333	58.92	58.21333333333333	57.38666666666666	56.92	55.68	54.333333333333336	51.78666666666667	48.18666666666667	0.0
0.0	48.346666666666664	52.32666666666667	54.50666666666667	56.18666666666667	57.38666666666666	58.053333333333335	58.77333333333333	59.16	59.78	60.17333333333333	60.56	60.42	60.58	61.18	61.06	61.36666666666667	61.26	61.473333333333336	61.28666666666667	61.32666666666667	61.193333333333335	61.02	60.946666666666665	61.06666666666667	60.513333333333335	60.153333333333336	59.88666666666666	59.333333333333336	59.086666666666666	58.233333333333334	57.36666666666667	56.18666666666667	54.53333333333333	52.4	48.04	0.0
0.0	48.28666666666667	52.193333333333335	54.74	55.76	57.14666666666667	57.74666666666667	58.626666666666665	59.28	59.60666666666667	60.28666666666667	60.733333333333334	60.94	60.8	61.03333333333333	61.153333333333336	61.18	61.153333333333336	60.94	61.25333333333333	60.93333333333333	60.82666666666667	61.10666666666667	60.93333333333333	60.57333333333333	60.31333333333333	60.093333333333334	59.68	59.22666666666667	58.74	58.413333333333334	57.42	55.93333333333333	54.49333333333333	52.473333333333336	47.766666666666666	0.0
0.0	47.94	51.89333333333333	54.03333333333333	55.39333333333333	56.846666666666664	57.093333333333334	58.093333333333334	58.413333333333334	59.2	59.35333333333333	59.64666666666667	59.62	60.20666666666666	59.89333333333333	60.14	60.24	60.38	60.81333333333333	60.28666666666667	60.18666666666667	60.16	60.10666666666667	60.266666666666666	59.76	59.526666666666664	59.12	58.78666666666667	58.46666666666667	58.093333333333334	57.46666666666667	56.64666666666667	55.593333333333334	53.98	51.72	47.78	0.0
0.0	48.026666666666664	52.07333333333333	54.56666666666667	55.89333333333333	57.06666666666667	57.71333333333333	58.22666666666667	59.013333333333335	59.5	59.72666666666667	59.99333333333333	60.38666666666666	60.626666666666665	60.82	60.78666666666667	60.89333333333333	60.86	60.95333333333333	61.00666666666667	60.92666666666667	60.86666666666667	60.74	60.413333333333334	60.3	59.67333333333333	59.42	58.60666666666667	58.54	58.06	57.42666666666667	56.693333333333335	55.61333333333334	54.29333333333334	51.88666666666666	47.873333333333335	0.0
0.0	48.29333333333334	52.42666666666667	54.846666666666664	56.07333333333333	57.406666666666666	58.02	59.10666666666667	59.88666666666666	60.26	60.406666666666666	60.49333333333333	60.58	60.766666666666666	60.98	60.92666666666667	60.9	61.21333333333333	61.233333333333334	61.60666666666667	61.58	60.92666666666667	60.71333333333333	60.96	60.586666666666666	60.43333333333333	60.2	59.82	59.053333333333335	58.53333333333333	58.08	57.26	56.04666666666667	54.58	52.20666666666666	48.413333333333334	0.0
0.0	48.07333333333333	52.14666666666667	54.68666666666667	55.68666666666667	56.70666666666666	57.61333333333334	58.42666666666667	58.92	59.586666666666666	59.986666666666665	60.11333333333334	60.3	60.513333333333335	60.57333333333333	60.77333333333333	60.67333333333333	60.72	60.373333333333335	60.64666666666667	60.593333333333334	60.513333333333335	60.406666666666666	60.333333333333336	60.32666666666667	59.833333333333336	59.946666666666665	59.553333333333335	58.71333333333333	57.906666666666666	57.66	56.42666666666667	55.75333333333333	54.38666666666666	52.086666666666666	48.32666666666667	0.0
0.0	47.92666666666667	52.02	54.346666666666664	56.14	57.14666666666667	57.67333333333333	58.54	59.07333333333333	59.52	59.906666666666666	60.39333333333333	60.70666666666666	60.986666666666665	60.913333333333334	60.92666666666667	60.88	61.053333333333335	61.06666666666667	61.053333333333335	61.00666666666667	61.013333333333335	61.13333333333333	60.61333333333334	60.29333333333334	60.27333333333333	59.66	59.46666666666667	58.846666666666664	58.4	57.96666666666667	57.06666666666667	55.85333333333333	54.38666666666666	52.1	47.96666666666667	0.0
0.0	47.986666666666665	52.27333333333333	54.413333333333334	55.88666666666666	57.04666666666667	57.94	58.513333333333335	59.17333333333333	59.46666666666667	59.68	60.026666666666664	60.28666666666667	60.88666666666666	60.72	60.74666666666667	60.74666666666667	60.84	60.873333333333335	60.833333333333336	61.00666666666667	60.66	60.61333333333334	60.54	60.28666666666667	60.32	59.586666666666666	59.11333333333334	58.766666666666666	58.52	57.733333333333334	56.85333333333333	55.98	54.27333333333333	52.08	48.1	0.0
0.0	47.806666666666665	52.28666666666667	54.666666666666664	56.13333333333333	57.306666666666665	58.08	58.54	58.8	59.513333333333335	60.086666666666666	60.24666666666667	60.74666666666667	60.74666666666667	61.04666666666667	61.24	61.473333333333336	61.44	61.266666666666666	61.3	60.96	61.06666666666667	61.10666666666667	60.78666666666667	60.36666666666667	60.52	60.53333333333333	59.986666666666665	59.22666666666667	59.03333333333333	57.92666666666667	57.086666666666666	56.126666666666665	54.473333333333336	52.28	48.03333333333333	0.0
0.0	48.413333333333334	52.526666666666664	54.833333333333336	56.026666666666664	57.31333333333333	58.17333333333333	58.486666666666665	58.95333333333333	59.26	59.266666666666666	60.25333333333333	60.75333333333333	60.18	61.026666666666664	60.873333333333335	60.82666666666667	60.873333333333335	60.64666666666667	60.60666666666667	60.85333333333333	60.98	61.02	60.3	60.46	60.093333333333334	59.833333333333336	59.74	59.14666666666667	58.36	57.873333333333335	56.95333333333333	56.04	54.44	52.17333333333333	48.31333333333333	0.0
0.0	48.17333333333333	52.306666666666665	54.64666666666667	56.22666666666667	57.22	58.17333333333333	58.79333333333334	59.153333333333336	60.07333333333333	60.43333333333333	60.45333333333333	60.54666666666667	60.906666666666666	61.22	61.02	61.34	61.8	61.3	61.413333333333334	61.11333333333334	60.906666666666666	60.846666666666664	60.76	60.526666666666664	60.31333333333333	60.026666666666664	59.446666666666665	59.13333333333333	58.49333333333333	57.873333333333335	56.99333333333333	56.12	54.56	52.446666666666665	48.373333333333335	0.0
0.0	47.906666666666666	52.17333333333333	54.32666666666667	55.66	56.43333333333333	57.24	58.20666666666666	58.68666666666667	58.67333333333333	59.25333333333333	59.54	60.03333333333333	60.72	60.666666666666664	61.03333333333333	60.68	61.03333333333333	60.95333333333333	60.76	60.96666666666667	61.20666666666666	60.34	60.22666666666667	60.18	59.92	59.42666666666667	59.06666666666667	58.38666666666666	58.08	57.63333333333333	56.56	55.34	54.04666666666667	51.92666666666667	48.20666666666666	0.0
0.0	48.233333333333334	52.39333333333333	54.64	56.13333333333333	57.18	57.78	58.38	59.03333333333333	59.3	60.10666666666667	60.25333333333333	60.34	60.56	61.1	61.28	60.913333333333334	61.20666666666666	61.10666666666667	61.36666666666667	61.406666666666666	61.10666666666667	61.13333333333333	61.36	60.48	60.32666666666667	60.00666666666667	59.42666666666667	59.16	58.373333333333335	58.153333333333336	57.00666666666667	55.846666666666664	54.58	52.306666666666665	48.14	0.0
0.0	47.85333333333333	51.88	54.03333333333333	55.53333333333333	56.60666666666667	57.333333333333336	57.92	58.75333333333333	59.06666666666667	59.04666666666667	59.70666666666666	59.92	60.2	60.126666666666665	60.473333333333336	60.486666666666665	61.14666666666667	60.75333333333333	60.526666666666664	60.71333333333333	60.56	60.21333333333333	60.16	59.806666666666665	59.846666666666664	59.6	59.24	58.48	58.13333333333333	57.36	56.60666666666667	55.733333333333334	54.36666666666667	51.9	48.03333333333333	0.0
0.0	48.00666666666667	52.153333333333336	54.46	56.17333333333333	56.85333333333333	57.846666666666664	58.64	59.22	59.64	59.92	60.473333333333336	60.63333333333333	60.986666666666665	61.266666666666666	61.27333333333333	61.38	61.1	61.06	61.486666666666665	61.3	61.233333333333334	60.5	60.78666666666667	60.4	60.126666666666665	59.873333333333335	59.67333333333333	59.21333333333333	58.553333333333335	58.14666666666667	57.373333333333335	56.18666666666667	54.64666666666667	52.39333333333333	48.04	0.0
0.0	48.16	52.4	54.913333333333334	56.14	57.486666666666665	58.32666666666667	58.88666666666666	59.473333333333336	59.70666666666666	60.17333333333333	60.35333333333333	60.973333333333336	61.06666666666667	60.99333333333333	60.973333333333336	61.04666666666667	61.02	61.18	61.233333333333334	61.25333333333333	60.93333333333333	61.03333333333333	60.74	60.04666666666667	59.94	59.77333333333333	59.24666666666667	58.82	58.413333333333334	57.94	56.93333333333333	55.92	54.61333333333334	52.053333333333335	48.04666666666667	0.0
0.0	47.86666666666667	51.96	54.28	55.64	56.526666666666664	57.50666666666667	58.7	59.18	59.53333333333333	59.92	60.24666666666667	60.12	60.57333333333333	60.64666666666667	60.75333333333333	61.08	61.02	61.03333333333333	61.086666666666666	61.22666666666667	61.14666666666667	61.06	60.76	60.50666666666667	60.18666666666667	59.946666666666665	59.74666666666667	59.13333333333333	58.38666666666666	57.75333333333333	56.94	55.8	54.61333333333334	52.346666666666664	48.346666666666664	0.0
0.0	48.17333333333333	52.32	54.373333333333335	55.74666666666667	56.846666666666664	58.0	58.626666666666665	59.24666666666667	59.53333333333333	59.96666666666667	60.11333333333334	60.46	60.7	60.92	61.12	61.153333333333336	61.17333333333333	61.053333333333335	61.06666666666667	60.86666666666667	60.8	60.946666666666665	61.02	60.35333333333333	60.43333333333333	59.94	59.806666666666665	59.266666666666666	58.6	57.89333333333333	56.973333333333336	55.96	54.36666666666667	52.14666666666667	48.45333333333333	0.0
0.0	48.346666666666664	52.35333333333333	54.56666666666667	56.04	57.28	58.21333333333333	59.22	59.553333333333335	60.02	60.2	60.666666666666664	61.34	61.513333333333335	61.446666666666665	61.82	61.81333333333333	61.64666666666667	61.8	61.39333333333333	61.7	61.766666666666666	61.57333333333333	61.67333333333333	61.29333333333334	60.733333333333334	60.31333333333333	60.07333333333333	59.36666666666667	58.67333333333333	57.82	57.31333333333333	56.333333333333336	54.74	52.473333333333336	48.53333333333333	0.0
0.0	48.35333333333333	52.18	54.78666666666667	56.2	57.32666666666667	58.50666666666667	59.04666666666667	59.233333333333334	60.10666666666667	60.08	60.446666666666665	60.86	61.32	61.45333333333333	61.20666666666666	61.653333333333336	61.44	61.38	61.61333333333334	61.333333333333336	61.11333333333334	61.0	60.7	60.626666666666665	60.593333333333334	60.06666666666667	60.093333333333334	59.24	58.68666666666667	57.92666666666667	57.38	56.06666666666667	54.81333333333333	52.34	48.26	0.0
0.0	48.16	52.18666666666667	54.653333333333336	55.913333333333334	57.34	58.013333333333335	58.64666666666667	58.92666666666667	59.833333333333336	59.973333333333336	60.50666666666667	60.346666666666664	60.99333333333333	61.07333333333333	61.20666666666666	61.24666666666667	61.56666666666667	61.66	61.446666666666665	61.60666666666667	61.513333333333335	61.4	61.333333333333336	60.906666666666666	60.6	60.29333333333334	59.95333333333333	59.34	58.85333333333333	58.48	57.36666666666667	56.0	54.77333333333333	52.413333333333334	48.07333333333333	0.0
0.0	47.93333333333333	52.18666666666667	54.333333333333336	55.733333333333334	56.833333333333336	57.74666666666667	58.36666666666667	58.74666666666667	59.38	59.526666666666664	59.9	60.333333333333336	60.36	61.013333333333335	61.013333333333335	61.14666666666667	61.06	61.20666666666666	61.32666666666667	60.94	60.95333333333333	60.5	60.62	60.14666666666667	59.82	59.38	59.266666666666666	58.56	58.1	57.5	56.89333333333333	55.7	54.20666666666666	51.71333333333333	48.10666666666667	0.0
0.0	48.28	51.99333333333333	54.20666666666666	55.906666666666666	56.70666666666666	57.5	58.56666666666667	58.66	59.266666666666666	59.666666666666664	60.06	60.31333333333333	60.29333333333334	60.10666666666667	60.60666666666667	60.8	61.026666666666664	60.54666666666667	60.693333333333335	60.873333333333335	60.8	60.62	60.333333333333336	60.2	59.806666666666665	59.68666666666667	58.92666666666667	58.526666666666664	58.04666666666667	57.44	56.4	55.74	54.32	52.06666666666667	48.06666666666667	0.0
0.0	47.86666666666667	52.18	54.20666666666666	55.833333333333336	56.913333333333334	58.093333333333334	58.373333333333335	58.74666666666667	59.013333333333335	59.38666666666666	59.77333333333333	60.63333333333333	60.58	60.86666666666667	60.78666666666667	60.806666666666665	61.00666666666667	60.973333333333336	61.22	61.2	60.78	60.64	60.57333333333333	60.36666666666667	59.906666666666666	59.513333333333335	59.153333333333336	58.526666666666664	58.0	57.64666666666667	56.66	55.44	54.026666666666664	51.94	48.03333333333333	0.0
0.0	47.913333333333334	52.36666666666667	54.43333333333333	55.98	56.60666666666667	58.14	58.833333333333336	58.9	59.58	59.99333333333333	60.18	60.34	60.79333333333334	61.06666666666667	61.12	61.233333333333334	61.39333333333333	61.28666666666667	61.373333333333335	60.66	60.39333333333333	60.11333333333334	60.29333333333334	60.31333333333333	59.733333333333334	59.653333333333336	59.413333333333334	58.626666666666665	58.233333333333334	57.52	56.553333333333335	55.413333333333334	53.89333333333333	51.946666666666665	47.906666666666666	0.0
0.0	48.38	52.38	54.486666666666665	55.78	57.18	57.8	58.34	58.74666666666667	59.28	59.67333333333333	59.89333333333333	60.07333333333333	60.013333333333335	60.626666666666665	60.76	60.81333333333333	60.513333333333335	60.61333333333334	61.02	61.10666666666667	60.67333333333333	60.31333333333333	60.26	60.06666666666667	59.86	59.54	59.44	58.94	58.346666666666664	57.733333333333334	57.0	56.04	54.086666666666666	52.28	48.06666666666667	0.0
0.0	48.2	52.346666666666664	54.38666666666666	55.72666666666667	57.14	57.70666666666666	58.53333333333333	59.32666666666667	60.14666666666667	60.42666666666667	60.986666666666665	60.77333333333333	60.81333333333333	61.306666666666665	61.18	61.25333333333333	61.29333333333334	61.266666666666666	61.16	60.906666666666666	60.666666666666664	60.93333333333333	60.5	60.43333333333333	59.833333333333336	59.61333333333334	59.18666666666667	58.71333333333333	58.52	57.79333333333334	56.82	55.9	54.28666666666667	52.25333333333333	48.153333333333336	0.0
0.0	48.29333333333334	52.22666666666667	54.526666666666664	55.86666666666667	57.14666666666667	57.75333333333333	58.43333333333333	59.14	59.42	59.62	59.89333333333333	60.27333333333333	60.78666666666667	60.6	60.86666666666667	61.24	60.92	61.373333333333335	61.07333333333333	60.89333333333333	61.4	60.68	60.35333333333333	60.50666666666667	59.873333333333335	59.88	59.32	58.64	57.95333333333333	57.24	56.806666666666665	55.56666666666667	54.32666666666667	52.06	48.14666666666667	0.0
0.0	48.10666666666667	52.21333333333333	54.513333333333335	56.17333333333333	57.0	57.666666666666664	58.43333333333333	58.833333333333336	59.14666666666667	59.42666666666667	60.00666666666667	60.18666666666667	60.61333333333334	60.86	60.89333333333333	60.79333333333334	61.10666666666667	61.14	61.03333333333333	61.28	60.96	60.66	60.593333333333334	60.22666666666667	60.08	59.486666666666665	59.54666666666667	58.98	58.89333333333333	57.79333333333334	56.75333333333333	55.56666666666667	54.406666666666666	52.22666666666667	48.166666666666664	0.0
0.0	48.18666666666667	52.026666666666664	54.406666666666666	55.96	56.84	57.086666666666666	57.8	58.42	59.39333333333333	59.50666666666667	59.78666666666667	59.526666666666664	60.153333333333336	60.42666666666667	60.406666666666666	60.846666666666664	61.013333333333335	60.653333333333336	60.64	60.766666666666666	60.946666666666665	60.32666666666667	60.36666666666667	60.34	59.98	59.79333333333334	59.12	58.84	57.99333333333333	57.473333333333336	56.71333333333333	55.56	54.233333333333334	52.14	48.18666666666667	0.0
0.0	48.25333333333333	52.36666666666667	54.3	55.88666666666666	57.14	57.78	58.446666666666665	58.77333333333333	59.13333333333333	60.026666666666664	60.18666666666667	60.22	60.72	60.52	60.66	60.82666666666667	60.96666666666667	61.21333333333333	61.32666666666667	61.20666666666666	60.82	60.74666666666667	60.68666666666667	60.45333333333333	60.446666666666665	59.49333333333333	59.04666666666667	58.99333333333333	58.193333333333335	57.553333333333335	56.5	55.67333333333333	54.233333333333334	52.3	48.38	0.0
0.0	48.153333333333336	52.07333333333333	54.54	55.99333333333333	57.1	58.36666666666667	58.38666666666666	59.086666666666666	59.56666666666667	59.75333333333333	60.04666666666667	59.973333333333336	60.27333333333333	60.48	60.68666666666667	61.04666666666667	60.94	61.28	60.833333333333336	60.96	61.193333333333335	60.62	60.5	60.13333333333333	60.16	60.26	59.78	59.06666666666667	58.266666666666666	57.98	56.71333333333333	55.81333333333333	54.413333333333334	52.413333333333334	48.093333333333334	0.0
0.0	47.986666666666665	51.96666666666667	54.36	55.70666666666666	56.9	57.89333333333333	58.166666666666664	59.193333333333335	59.846666666666664	60.04	59.98	60.266666666666666	60.58	60.586666666666666	60.78666666666667	60.733333333333334	60.82666666666667	60.84	60.92666666666667	60.913333333333334	60.61333333333334	60.86	60.36	60.18	59.78666666666667	60.0	59.28	59.14	58.666666666666664	58.3	57.18	56.16	54.24	52.26	48.27333333333333	0.0
0.0	48.36666666666667	52.126666666666665	54.07333333333333	55.54	56.413333333333334	57.39333333333333	58.06666666666667	59.086666666666666	59.5	59.54	60.42	60.68	60.973333333333336	61.013333333333335	61.42	61.166666666666664	61.473333333333336	61.34	61.81333333333333	61.406666666666666	61.28666666666667	61.526666666666664	61.12	60.593333333333334	60.446666666666665	60.21333333333333	59.88666666666666	59.513333333333335	58.9	58.27333333333333	57.31333333333333	55.986666666666665	54.46	52.34	48.13333333333333	0.0
0.0	48.06	52.14666666666667	53.9	55.95333333333333	56.68	57.79333333333334	58.31333333333333	58.79333333333334	59.13333333333333	59.72	59.913333333333334	60.27333333333333	60.53333333333333	61.28	61.25333333333333	60.973333333333336	61.24	61.446666666666665	60.98	60.99333333333333	60.64666666666667	60.57333333333333	60.486666666666665	60.513333333333335	60.27333333333333	59.486666666666665	59.473333333333336	59.18	58.68666666666667	57.77333333333333	57.20666666666666	55.78666666666667	54.20666666666666	52.04666666666667	47.92	0.0
0.0	47.94	51.72666666666667	54.20666666666666	55.61333333333334	56.89333333333333	57.72	58.42	58.78666666666667	59.31333333333333	59.8	60.193333333333335	60.28666666666667	60.61333333333334	60.82666666666667	60.766666666666666	61.11333333333334	61.1	60.86666666666667	60.53333333333333	60.46	60.34	60.36	60.22666666666667	60.22	59.96	59.61333333333334	59.333333333333336	58.7	58.16	57.346666666666664	56.56	55.78666666666667	54.46	51.93333333333333	47.96	0.0
0.0	48.24666666666667	52.57333333333333	55.0	56.43333333333333	57.45333333333333	58.16	58.75333333333333	59.35333333333333	59.67333333333333	60.42666666666667	60.62	61.02	61.193333333333335	61.39333333333333	61.82	61.95333333333333	61.58	61.66	62.02	61.946666666666665	61.96	61.66	61.38666666666666	61.32	60.89333333333333	59.95333333333333	59.586666666666666	59.266666666666666	58.9	58.42	57.38	56.60666666666667	54.82666666666667	52.946666666666665	48.35333333333333	0.0
0.0	47.86666666666667	52.07333333333333	54.46	55.593333333333334	57.013333333333335	57.61333333333334	58.43333333333333	59.026666666666664	59.553333333333335	59.76	59.9	60.42666666666667	60.48	60.6	60.92	60.76	61.02	60.50666666666667	60.653333333333336	60.6	60.64	60.766666666666666	60.22666666666667	59.8	59.78666666666667	59.25333333333333	59.08	58.553333333333335	58.126666666666665	57.593333333333334	57.053333333333335	55.913333333333334	54.46	52.12	48.29333333333334	0.0
0.0	47.913333333333334	52.00666666666667	54.42	56.193333333333335	57.08	57.98	58.906666666666666	59.81333333333333	59.68666666666667	60.42	60.74666666666667	60.84	61.03333333333333	61.373333333333335	61.5	61.24666666666667	61.14	61.346666666666664	61.28666666666667	61.2	61.35333333333333	61.266666666666666	60.74666666666667	60.193333333333335	59.95333333333333	60.06666666666667	59.72666666666667	59.32666666666667	58.49333333333333	58.07333333333333	57.306666666666665	55.92666666666667	54.53333333333333	52.513333333333335	48.29333333333334	0.0
0.0	48.10666666666667	51.833333333333336	54.34	55.93333333333333	56.94	57.62	58.3	58.92666666666667	59.54666666666667	59.733333333333334	60.233333333333334	60.526666666666664	60.95333333333333	60.79333333333334	61.07333333333333	61.21333333333333	61.46	60.96	60.96	60.82666666666667	60.733333333333334	60.473333333333336	60.14666666666667	60.11333333333334	59.626666666666665	59.28666666666667	59.28666666666667	58.84	58.20666666666666	57.52	56.72	55.44	53.913333333333334	51.9	47.82666666666667	0.0
0.0	48.56	52.38666666666666	54.88	56.08	57.14	57.973333333333336	58.66	59.35333333333333	59.88	60.093333333333334	60.36666666666667	60.406666666666666	60.846666666666664	61.0	60.94	60.88666666666666	61.14	61.346666666666664	61.16	60.86666666666667	60.913333333333334	60.63333333333333	60.56666666666667	60.413333333333334	60.18666666666667	59.88666666666666	59.58	58.96	57.98	58.013333333333335	57.25333333333333	55.846666666666664	54.26	51.76	48.0	0.0
0.0	48.61333333333334	52.57333333333333	54.76	56.03333333333333	57.24	58.266666666666666	58.873333333333335	59.32	59.93333333333333	60.086666666666666	60.24666666666667	60.52	60.84	60.873333333333335	60.96	60.846666666666664	61.26	61.22666666666667	61.07333333333333	60.94	61.24666666666667	61.27333333333333	60.99333333333333	60.86	60.126666666666665	59.94	59.3	59.11333333333334	58.29333333333334	57.8	56.693333333333335	55.986666666666665	54.42666666666667	52.25333333333333	48.266666666666666	0.0
0.0	48.64	52.68	55.25333333333333	56.56	57.70666666666666	58.20666666666666	58.8	59.373333333333335	59.653333333333336	60.086666666666666	60.48	60.76	61.14	60.913333333333334	60.946666666666665	61.333333333333336	61.346666666666664	61.66	61.5	61.18	61.093333333333334	60.906666666666666	60.593333333333334	60.56666666666667	60.086666666666666	59.88	59.92	59.64	58.92	58.32666666666667	57.45333333333333	55.89333333333333	54.26	52.28666666666667	48.71333333333333	0.0
0.0	47.95333333333333	51.766666666666666	54.166666666666664	55.46666666666667	56.49333333333333	57.60666666666667	58.346666666666664	59.32666666666667	59.78	60.013333333333335	60.346666666666664	61.0	60.94	60.88	60.95333333333333	60.9	60.81333333333333	60.74	60.81333333333333	61.026666666666664	60.92666666666667	60.6	60.1	59.99333333333333	59.54666666666667	59.346666666666664	58.906666666666666	58.526666666666664	58.25333333333333	57.513333333333335	56.473333333333336	55.60666666666667	53.99333333333333	51.46666666666667	47.846666666666664	0.0
0.0	47.946666666666665	51.86	54.5	55.68	57.06666666666667	57.9	58.306666666666665	59.14	59.28666666666667	59.973333333333336	60.06	60.50666666666667	60.96	61.22	61.12	61.27333333333333	61.153333333333336	61.38666666666666	60.92	61.13333333333333	61.346666666666664	61.39333333333333	60.833333333333336	60.76	60.31333333333333	59.78666666666667	59.346666666666664	59.03333333333333	58.35333333333333	58.11333333333334	57.26	56.0	54.39333333333333	52.17333333333333	48.22666666666667	0.0
0.0	47.96666666666667	52.373333333333335	54.64	56.0	57.373333333333335	57.60666666666667	58.35333333333333	58.906666666666666	59.36666666666667	59.78666666666667	60.24	60.63333333333333	60.78666666666667	60.413333333333334	60.75333333333333	61.306666666666665	61.24666666666667	61.06	61.38666666666666	61.446666666666665	61.14666666666667	60.99333333333333	60.513333333333335	60.28	59.8	59.66	59.28666666666667	58.94	58.593333333333334	57.81333333333333	57.03333333333333	55.99333333333333	54.75333333333333	52.29333333333334	48.11333333333334	0.0
0.0	48.32666666666667	52.31333333333333	54.38666666666666	55.85333333333333	56.7	57.553333333333335	58.193333333333335	58.653333333333336	59.14	59.32	59.86666666666667	59.92666666666667	60.70666666666666	60.333333333333336	60.88	61.03333333333333	61.12	60.82	61.20666666666666	61.17333333333333	60.89333333333333	60.973333333333336	60.45333333333333	60.513333333333335	60.17333333333333	59.84	59.57333333333333	58.92666666666667	58.766666666666666	58.16	56.96	56.053333333333335	54.406666666666666	52.266666666666666	47.92	0.0
0.0	48.11333333333334	52.333333333333336	54.38	56.16	56.96666666666667	58.04666666666667	58.29333333333334	58.96	59.57333333333333	59.86666666666667	60.12	60.14	60.76	60.86	60.79333333333334	60.96666666666667	61.11333333333334	61.45333333333333	61.17333333333333	61.5	61.306666666666665	60.766666666666666	60.54	60.53333333333333	60.17333333333333	59.79333333333334	59.53333333333333	59.06666666666667	58.446666666666665	57.733333333333334	56.96666666666667	56.34	54.233333333333334	52.32666666666667	48.026666666666664	0.0
0.0	48.3	52.306666666666665	54.96666666666667	56.17333333333333	56.873333333333335	57.82	58.35333333333333	58.79333333333334	59.233333333333334	59.85333333333333	60.24666666666667	60.406666666666666	60.49333333333333	61.07333333333333	61.053333333333335	60.95333333333333	61.13333333333333	60.95333333333333	60.88	60.653333333333336	60.86666666666667	60.84	60.486666666666665	60.446666666666665	60.3	59.64	59.42666666666667	58.93333333333333	58.653333333333336	58.0	57.08	55.906666666666666	54.58	52.42666666666667	48.233333333333334	0.0
0.0	48.12	52.52	54.553333333333335	55.88	56.64666666666667	57.54666666666667	58.526666666666664	59.153333333333336	59.78	60.28	59.82	60.526666666666664	60.56666666666667	60.64666666666667	60.846666666666664	60.96	61.32666666666667	61.20666666666666	61.1	60.78	60.89333333333333	61.03333333333333	60.82	60.626666666666665	60.75333333333333	60.49333333333333	59.833333333333336	59.193333333333335	58.74666666666667	58.233333333333334	57.013333333333335	55.973333333333336	54.45333333333333	52.56	48.42	0.0
0.0	48.153333333333336	52.48	54.60666666666667	56.36666666666667	57.153333333333336	57.93333333333333	58.89333333333333	59.08	59.653333333333336	60.32	60.733333333333334	60.54666666666667	60.77333333333333	61.053333333333335	60.70666666666666	60.82666666666667	60.92	60.99333333333333	61.13333333333333	61.28	61.29333333333334	61.53333333333333	60.96	60.77333333333333	60.54666666666667	60.11333333333334	59.62	59.053333333333335	58.56666666666667	57.76	56.973333333333336	55.873333333333335	54.17333333333333	52.32666666666667	48.32666666666667	0.0
0.0	47.82	51.913333333333334	54.28666666666667	55.64	56.68666666666667	57.593333333333334	58.24	58.76	58.88	59.72666666666667	59.833333333333336	60.20666666666666	60.513333333333335	60.74666666666667	60.99333333333333	61.06666666666667	61.406666666666666	61.58	61.54666666666667	61.22	61.34	60.74666666666667	61.053333333333335	60.42	60.03333333333333	59.93333333333333	59.473333333333336	58.70666666666666	58.32666666666667	57.653333333333336	56.53333333333333	55.63333333333333	53.833333333333336	52.233333333333334	48.07333333333333	0.0
0.0	47.92	51.766666666666666	54.013333333333335	55.593333333333334	56.78	57.34	58.013333333333335	58.76	59.36666666666667	59.86	59.72666666666667	60.48	60.31333333333333	60.74666666666667	60.96666666666667	61.0	60.986666666666665	60.89333333333333	61.026666666666664	61.13333333333333	60.68666666666667	60.43333333333333	60.373333333333335	60.02	59.86	59.553333333333335	59.13333333333333	58.586666666666666	57.986666666666665	57.02	56.873333333333335	55.38666666666666	54.07333333333333	52.166666666666664	48.17333333333333	0.0
0.0	48.46	52.49333333333333	54.553333333333335	55.84	56.86	57.946666666666665	58.62	59.06	59.48	59.85333333333333	60.24	60.71333333333333	60.96666666666667	61.193333333333335	60.88666666666666	61.22	61.053333333333335	61.29333333333334	61.233333333333334	61.153333333333336	61.25333333333333	61.04666666666667	60.99333333333333	60.92	60.74	60.38666666666666	59.52	59.11333333333334	58.973333333333336	58.086666666666666	57.22	56.03333333333333	54.7	52.39333333333333	48.14666666666667	0.0
0.0	48.14	52.10666666666667	54.11333333333334	55.35333333333333	56.60666666666667	57.66	58.266666666666666	58.8	59.28666666666667	60.03333333333333	60.013333333333335	60.28	60.8	60.88	60.74	60.446666666666665	60.50666666666667	60.74666666666667	60.986666666666665	60.806666666666665	60.70666666666666	60.406666666666666	60.56	60.20666666666666	60.126666666666665	59.486666666666665	58.79333333333334	58.913333333333334	57.86	57.54666666666667	56.63333333333333	55.693333333333335	54.43333333333333	51.93333333333333	48.29333333333334	0.0
0.0	48.28666666666667	52.25333333333333	54.38	55.72666666666667	56.67333333333333	57.56	58.43333333333333	58.986666666666665	59.62	60.03333333333333	60.17333333333333	60.46	60.346666666666664	60.61333333333334	60.653333333333336	60.7	60.986666666666665	61.06666666666667	61.14666666666667	60.77333333333333	60.85333333333333	61.02	60.76	60.74666666666667	60.306666666666665	59.913333333333334	59.446666666666665	59.28666666666667	58.25333333333333	57.586666666666666	56.766666666666666	55.68	54.586666666666666	52.153333333333336	48.126666666666665	0.0
0.0	47.72	52.36666666666667	54.27333333333333	55.653333333333336	56.77333333333333	57.68	58.13333333333333	58.53333333333333	58.61333333333334	58.973333333333336	59.17333333333333	59.873333333333335	60.013333333333335	59.9	59.9	60.406666666666666	60.50666666666667	60.76	60.92	60.66	60.81333333333333	60.486666666666665	60.26	60.32	59.82	59.833333333333336	59.24	58.60666666666667	58.74	57.56	56.473333333333336	55.766666666666666	54.373333333333335	51.82	48.04666666666667	0.0
0.0	48.08	52.32666666666667	54.593333333333334	56.35333333333333	57.28	58.346666666666664	58.48	59.24666666666667	60.126666666666665	60.28666666666667	60.233333333333334	60.66	60.906666666666666	61.153333333333336	61.08	61.42	61.43333333333333	61.24	61.44	61.38	61.10666666666667	61.406666666666666	60.913333333333334	60.64	60.48	59.973333333333336	59.70666666666666	59.03333333333333	58.2	57.43333333333333	56.88	55.68666666666667	54.22666666666667	51.973333333333336	48.22	0.0
0.0	48.46666666666667	52.54	54.486666666666665	55.86666666666667	57.12	58.11333333333334	58.52	59.04666666666667	59.74666666666667	59.75333333333333	60.14666666666667	60.54	60.64666666666667	60.806666666666665	61.06666666666667	60.82	61.28	61.12	61.093333333333334	61.193333333333335	61.04	60.95333333333333	60.56	60.42666666666667	60.36666666666667	59.52	59.42	59.08	58.71333333333333	57.626666666666665	57.10666666666667	55.70666666666666	54.81333333333333	52.373333333333335	48.35333333333333	0.0
0.0	48.24666666666667	52.32	54.54666666666667	56.013333333333335	57.04666666666667	57.446666666666665	58.18666666666667	58.913333333333334	59.42	59.346666666666664	59.88666666666666	60.36666666666667	60.79333333333334	60.62	60.586666666666666	60.57333333333333	60.86	61.22	61.29333333333334	61.3	61.14	61.04	61.093333333333334	60.42666666666667	60.42	59.96	59.666666666666664	59.06	58.626666666666665	57.74666666666667	57.5	56.22	54.553333333333335	51.906666666666666	47.946666666666665	0.0
0.0	48.166666666666664	51.85333333333333	53.96666666666667	55.66	56.61333333333334	57.9	58.153333333333336	58.94	59.486666666666665	59.64	59.653333333333336	60.14666666666667	60.66	60.413333333333334	60.626666666666665	60.92	61.38666666666666	61.14666666666667	60.84	60.906666666666666	60.84	60.57333333333333	60.54666666666667	60.02	59.54	59.68666666666667	59.013333333333335	58.86	58.306666666666665	57.82666666666667	57.11333333333334	55.89333333333333	54.16	51.75333333333333	47.873333333333335	0.0
0.0	47.973333333333336	51.64	54.14666666666667	55.7	56.70666666666666	57.5	58.446666666666665	59.2	59.64	59.973333333333336	60.48	60.75333333333333	60.71333333333333	60.986666666666665	61.25333333333333	61.166666666666664	61.03333333333333	61.093333333333334	61.22	60.986666666666665	60.906666666666666	61.43333333333333	60.96666666666667	61.22666666666667	60.63333333333333	60.20666666666666	59.63333333333333	59.2	58.92666666666667	58.166666666666664	57.43333333333333	56.11333333333334	54.513333333333335	52.10666666666667	48.08	0.0
0.0	47.973333333333336	51.913333333333334	53.906666666666666	55.54666666666667	56.64	57.346666666666664	58.36666666666667	58.906666666666666	59.306666666666665	59.666666666666664	60.026666666666664	60.413333333333334	60.6	60.62	61.126666666666665	60.72666666666667	61.16	61.346666666666664	60.82666666666667	60.86666666666667	60.67333333333333	60.46	60.153333333333336	59.86	59.75333333333333	59.553333333333335	58.946666666666665	58.56666666666667	57.86	57.04666666666667	56.3	55.49333333333333	53.85333333333333	51.946666666666665	47.89333333333333	0.0
0.0	48.03333333333333	52.04666666666667	54.39333333333333	55.526666666666664	56.66	58.11333333333334	58.28666666666667	58.806666666666665	59.406666666666666	59.70666666666666	60.32666666666667	60.43333333333333	60.58	60.76	60.9	60.94	61.03333333333333	61.02	61.03333333333333	60.96666666666667	60.666666666666664	60.42666666666667	60.473333333333336	60.4	60.10666666666667	59.86	59.653333333333336	59.306666666666665	58.36666666666667	57.8	57.14666666666667	55.74	54.31333333333333	51.94	47.913333333333334	0.0
0.0	48.42666666666667	52.66	54.486666666666665	56.06666666666667	57.153333333333336	58.17333333333333	59.04	59.18666666666667	60.06666666666667	60.48	60.43333333333333	60.82666666666667	61.03333333333333	60.93333333333333	61.333333333333336	61.20666666666666	61.27333333333333	60.986666666666665	60.653333333333336	60.973333333333336	60.95333333333333	61.02	60.93333333333333	60.54666666666667	60.233333333333334	60.166666666666664	59.766666666666666	59.28666666666667	58.52	58.013333333333335	56.846666666666664	56.026666666666664	54.58	52.38666666666666	48.10666666666667	0.0
0.0	48.086666666666666	52.4	54.60666666666667	56.07333333333333	56.693333333333335	57.49333333333333	58.39333333333333	59.04666666666667	59.66	59.86	60.22666666666667	60.44	60.64	60.806666666666665	61.18	61.16	61.193333333333335	61.08	60.96	60.766666666666666	60.733333333333334	60.49333333333333	60.38666666666666	60.16	59.77333333333333	59.346666666666664	59.22	58.74666666666667	58.10666666666667	57.38	56.58	55.7	54.5	52.20666666666666	48.11333333333334	0.0
0.0	48.32666666666667	52.446666666666665	54.653333333333336	56.5	57.346666666666664	58.346666666666664	59.03333333333333	59.653333333333336	60.24	60.5	61.166666666666664	61.0	61.04	61.373333333333335	61.526666666666664	61.38	61.46666666666667	61.593333333333334	61.666666666666664	61.50666666666667	61.406666666666666	61.48	61.06666666666667	61.013333333333335	60.39333333333333	60.07333333333333	59.873333333333335	59.406666666666666	58.593333333333334	58.126666666666665	57.28666666666667	56.32666666666667	54.986666666666665	52.6	48.166666666666664	0.0
0.0	48.25333333333333	52.22666666666667	54.5	55.86	56.626666666666665	57.86	58.74	59.333333333333336	59.446666666666665	59.846666666666664	60.14666666666667	60.486666666666665	60.63333333333333	61.166666666666664	61.126666666666665	61.04666666666667	61.49333333333333	61.26	60.79333333333334	60.946666666666665	60.8	60.78666666666667	60.42666666666667	59.846666666666664	59.79333333333334	59.57333333333333	59.28666666666667	58.76	58.45333333333333	57.63333333333333	57.20666666666666	55.62	54.17333333333333	51.806666666666665	48.0	0.0
0.0	48.28	52.58	54.7	56.06	57.22	58.053333333333335	59.00666666666667	59.11333333333334	59.58	59.95333333333333	60.4	60.766666666666666	61.07333333333333	61.17333333333333	61.12	61.22	61.72	61.526666666666664	61.36666666666667	61.45333333333333	61.086666666666666	60.85333333333333	60.88	60.81333333333333	60.13333333333333	59.93333333333333	59.586666666666666	59.266666666666666	58.39333333333333	57.833333333333336	57.66	56.26	54.56	52.57333333333333	48.12	0.0
0.0	48.45333333333333	51.96	54.34	55.74	56.82666666666667	57.58	58.333333333333336	58.74	59.266666666666666	59.72	60.513333333333335	60.68	61.04	61.153333333333336	61.08	60.88666666666666	61.02	61.10666666666667	60.833333333333336	61.086666666666666	60.94	60.833333333333336	60.46666666666667	60.29333333333334	60.026666666666664	59.88666666666666	59.75333333333333	59.21333333333333	58.49333333333333	57.61333333333334	56.78	55.82666666666667	54.13333333333333	52.31333333333333	47.873333333333335	0.0
0.0	47.96666666666667	52.14666666666667	54.233333333333334	55.54666666666667	56.833333333333336	57.95333333333333	58.20666666666666	58.806666666666665	59.42666666666667	59.986666666666665	60.25333333333333	60.626666666666665	60.70666666666666	60.66	60.946666666666665	61.266666666666666	61.28	61.31333333333333	61.5	61.306666666666665	61.153333333333336	60.96666666666667	60.7	60.62	60.36	59.873333333333335	59.373333333333335	59.193333333333335	58.34	57.98	56.833333333333336	55.74666666666667	54.626666666666665	52.2	47.94	0.0
0.0	48.06	51.96	54.36	55.626666666666665	56.72666666666667	57.986666666666665	58.513333333333335	58.56	59.27333333333333	59.96666666666667	59.95333333333333	60.57333333333333	60.57333333333333	60.89333333333333	61.093333333333334	60.92666666666667	61.153333333333336	61.39333333333333	61.44	61.06666666666667	61.00666666666667	60.85333333333333	60.53333333333333	60.58	60.32666666666667	60.14666666666667	59.4	58.906666666666666	58.17333333333333	57.71333333333333	56.92	55.57333333333333	54.35333333333333	52.10666666666667	47.946666666666665	0.0
0.0	48.07333333333333	52.14666666666667	54.526666666666664	55.906666666666666	56.71333333333333	57.66	58.346666666666664	59.03333333333333	59.71333333333333	60.233333333333334	60.36666666666667	61.026666666666664	61.373333333333335	61.126666666666665	60.906666666666666	61.28	61.4	61.233333333333334	61.13333333333333	61.18666666666667	60.99333333333333	60.95333333333333	60.63333333333333	60.54	59.78	59.66	59.486666666666665	59.126666666666665	58.77333333333333	57.74666666666667	56.99333333333333	56.07333333333333	54.36666666666667	52.193333333333335	48.43333333333333	0.0
0.0	48.50666666666667	52.593333333333334	54.72	56.24	57.32666666666667	57.94	58.74666666666667	58.946666666666665	60.00666666666667	60.25333333333333	60.71333333333333	60.72	61.04	61.17333333333333	61.27333333333333	61.60666666666667	61.626666666666665	61.76	61.63333333333333	61.733333333333334	61.593333333333334	61.486666666666665	61.086666666666666	60.82	60.46666666666667	60.20666666666666	59.946666666666665	59.7	59.13333333333333	58.45333333333333	57.56	56.5	54.833333333333336	52.64666666666667	48.526666666666664	0.0
0.0	48.053333333333335	52.04666666666667	54.42	55.99333333333333	57.013333333333335	57.62	58.44	59.126666666666665	59.25333333333333	59.873333333333335	60.18	60.3	60.846666666666664	60.82666666666667	61.00666666666667	60.96	60.98	61.18	60.986666666666665	61.026666666666664	60.913333333333334	60.626666666666665	60.64	60.32666666666667	60.00666666666667	59.913333333333334	59.693333333333335	58.88666666666666	58.68666666666667	57.79333333333334	56.906666666666666	55.53333333333333	54.42	52.053333333333335	48.093333333333334	0.0
0.0	48.34	52.10666666666667	54.39333333333333	55.75333333333333	56.96666666666667	57.913333333333334	58.346666666666664	59.086666666666666	59.28	59.95333333333333	60.27333333333333	60.0	60.36	60.586666666666666	60.82	60.71333333333333	60.60666666666667	61.14666666666667	61.06666666666667	60.98	60.77333333333333	60.78	60.32666666666667	60.38666666666666	60.13333333333333	59.626666666666665	59.18666666666667	58.96	58.14	57.8	56.77333333333333	55.74666666666667	54.413333333333334	52.06666666666667	48.093333333333334	0.0
0.0	48.166666666666664	52.16	54.22666666666667	55.66	56.75333333333333	57.6	58.31333333333333	58.79333333333334	59.50666666666667	59.62	59.9	60.08	60.12	60.12	60.306666666666665	60.71333333333333	60.92	60.92	60.74666666666667	61.02	60.93333333333333	60.7	60.7	60.71333333333333	60.25333333333333	59.526666666666664	59.34	59.193333333333335	58.53333333333333	57.64	56.88666666666666	55.526666666666664	54.233333333333334	52.166666666666664	48.38	0.0
0.0	48.22	51.986666666666665	54.5	55.71333333333333	56.906666666666666	57.60666666666667	58.266666666666666	58.89333333333333	59.56666666666667	59.50666666666667	59.86	59.95333333333333	60.513333333333335	60.63333333333333	60.45333333333333	60.693333333333335	60.373333333333335	60.54666666666667	61.07333333333333	60.973333333333336	60.66	60.66	60.586666666666666	60.28	59.92666666666667	59.53333333333333	58.94	58.54	58.266666666666666	57.42666666666667	56.586666666666666	55.61333333333334	54.31333333333333	52.06666666666667	48.06666666666667	0.0
0.0	48.08	52.413333333333334	54.57333333333333	56.14666666666667	57.26	57.78	58.43333333333333	58.986666666666665	59.58	59.526666666666664	60.0	60.13333333333333	59.88	60.00666666666667	60.626666666666665	60.54	60.913333333333334	60.766666666666666	60.93333333333333	60.593333333333334	60.38	60.10666666666667	60.16	60.24	60.03333333333333	59.64666666666667	59.413333333333334	58.56	57.973333333333336	57.28	56.266666666666666	55.64	54.22666666666667	52.03333333333333	48.18	0.0
0.0	48.46	52.66	54.60666666666667	55.88	56.766666666666666	58.10666666666667	58.70666666666666	59.373333333333335	59.50666666666667	60.38666666666666	60.473333333333336	60.86	61.013333333333335	60.84	61.193333333333335	60.766666666666666	61.086666666666666	61.04666666666667	60.92666666666667	61.166666666666664	60.77333333333333	60.82666666666667	60.72	60.406666666666666	60.26	60.02	59.166666666666664	58.82666666666667	58.486666666666665	57.92	57.24666666666667	55.78	54.4	52.24	48.03333333333333	0.0
0.0	48.04	52.32	54.21333333333333	56.13333333333333	57.00666666666667	57.873333333333335	58.68666666666667	58.96	59.58	59.96	60.34	60.67333333333333	60.98	60.986666666666665	61.60666666666667	61.54	61.346666666666664	61.18	61.20666666666666	60.92666666666667	60.8	60.86	60.77333333333333	60.45333333333333	60.38666666666666	59.88	59.39333333333333	58.99333333333333	58.42666666666667	57.986666666666665	57.413333333333334	56.06	54.42	52.2	48.35333333333333	0.0
0.0	47.94	52.03333333333333	54.24666666666667	55.593333333333334	56.833333333333336	57.593333333333334	58.513333333333335	58.9	59.28666666666667	59.653333333333336	59.62	60.333333333333336	60.50666666666667	60.66	60.39333333333333	60.22	61.07333333333333	60.986666666666665	60.99333333333333	60.56666666666667	60.58	60.67333333333333	60.666666666666664	60.02	60.093333333333334	59.833333333333336	59.35333333333333	58.8	58.16	57.8	56.70666666666666	55.49333333333333	53.94	51.64	48.11333333333334	0.0
0.0	48.28	52.42666666666667	54.71333333333333	56.04	57.27333333333333	58.193333333333335	58.93333333333333	59.42666666666667	59.986666666666665	60.266666666666666	60.78666666666667	61.06	60.9	61.526666666666664	60.98	61.13333333333333	61.086666666666666	61.373333333333335	61.56	61.126666666666665	61.28	60.76	60.60666666666667	60.72	60.49333333333333	60.21333333333333	59.9	59.086666666666666	58.56666666666667	57.946666666666665	56.98	56.233333333333334	54.50666666666667	52.306666666666665	48.16	0.0
0.0	48.153333333333336	52.1	54.1	55.4	57.02	57.86	58.4	58.906666666666666	59.36	59.68666666666667	59.84	60.346666666666664	60.85333333333333	60.54	60.27333333333333	60.39333333333333	60.52	60.70666666666666	60.906666666666666	60.593333333333334	61.14666666666667	60.68	60.38666666666666	60.32	60.42	59.95333333333333	59.68	59.35333333333333	58.98	58.00666666666667	57.14	56.166666666666664	54.38666666666666	52.39333333333333	48.446666666666665	0.0
0.0	47.9	52.03333333333333	54.16	55.74	56.98	57.666666666666664	58.333333333333336	58.71333333333333	59.526666666666664	59.71333333333333	59.92	60.52	60.766666666666666	60.62	60.95333333333333	60.92666666666667	61.126666666666665	61.086666666666666	60.92666666666667	60.96	60.77333333333333	60.81333333333333	60.58	60.693333333333335	60.42	59.88666666666666	59.38666666666666	59.38666666666666	58.593333333333334	58.026666666666664	56.98	55.93333333333333	54.626666666666665	52.32	48.27333333333333	0.0
0.0	48.166666666666664	52.18666666666667	53.84	55.526666666666664	56.77333333333333	57.626666666666665	57.96666666666667	58.913333333333334	59.6	59.67333333333333	59.99333333333333	59.846666666666664	60.49333333333333	60.92666666666667	60.833333333333336	60.913333333333334	61.26	61.24666666666667	60.86	60.60666666666667	60.56666666666667	60.693333333333335	60.46	60.446666666666665	59.98	59.986666666666665	59.67333333333333	59.00666666666667	58.6	58.00666666666667	56.86	55.93333333333333	54.5	52.14666666666667	48.00666666666667	0.0
0.0	47.833333333333336	52.36	54.32	55.70666666666666	56.873333333333335	57.626666666666665	58.34	58.85333333333333	59.093333333333334	59.593333333333334	60.306666666666665	60.2	60.39333333333333	60.6	60.6	60.81333333333333	60.42666666666667	60.486666666666665	60.89333333333333	60.92	60.906666666666666	60.64	60.32	60.03333333333333	59.71333333333333	59.766666666666666	59.22666666666667	58.873333333333335	58.64666666666667	57.92	56.946666666666665	55.78	54.48	51.96666666666667	48.193333333333335	0.0
0.0	48.10666666666667	52.00666666666667	53.833333333333336	55.98	57.02	57.68666666666667	58.57333333333333	59.18	59.28	59.96	60.21333333333333	60.81333333333333	60.9	61.093333333333334	61.11333333333334	61.06666666666667	61.25333333333333	61.18	61.013333333333335	61.50666666666667	61.11333333333334	61.20666666666666	60.64	60.25333333333333	60.16	59.68666666666667	59.57333333333333	59.36666666666667	58.68	57.693333333333335	57.093333333333334	55.67333333333333	54.473333333333336	52.32666666666667	47.99333333333333	0.0
0.0	48.48	52.053333333333335	54.193333333333335	56.14666666666667	56.806666666666665	57.81333333333333	58.17333333333333	58.806666666666665	59.2	59.833333333333336	59.92666666666667	60.29333333333334	60.413333333333334	60.53333333333333	60.61333333333334	60.86666666666667	61.06	60.833333333333336	61.02	60.946666666666665	60.82	60.973333333333336	60.68666666666667	61.013333333333335	60.20666666666666	59.88666666666666	59.20666666666666	58.79333333333334	58.46666666666667	57.98	57.14	55.79333333333334	54.03333333333333	51.973333333333336	48.35333333333333	0.0
