0.0	49.54666666666667	54.486666666666665	57.06666666666667	59.02	60.04	61.45333333333333	62.126666666666665	62.7	63.553333333333335	64.22	64.38666666666667	65.15333333333334	65.33333333333333	65.43333333333334	65.87333333333333	65.54666666666667	65.64666666666666	65.53333333333333	65.22666666666667	65.11333333333333	64.95333333333333	64.96	64.72	64.12	64.30666666666667	63.94	63.5	62.68666666666667	62.026666666666664	61.44	60.193333333333335	58.94	57.233333333333334	54.693333333333335	49.76	0.0
0.0	49.36666666666667	53.946666666666665	56.7	58.28	59.74666666666667	61.14666666666667	61.873333333333335	63.04	63.5	64.16666666666667	64.57333333333334	64.68666666666667	65.00666666666666	65.17333333333333	65.24666666666667	65.14666666666666	65.14	65.47333333333333	65.2	65.60666666666667	65.14	64.96	64.60666666666667	65.02666666666667	64.51333333333334	64.20666666666666	63.35333333333333	62.52	61.94	61.08	59.93333333333333	58.64666666666667	56.66	54.486666666666665	49.27333333333333	0.0
0.0	49.78666666666667	54.31333333333333	56.71333333333333	58.586666666666666	60.00666666666667	61.026666666666664	61.82666666666667	62.43333333333333	63.50666666666667	64.26	64.27333333333333	64.98666666666666	64.9	65.05333333333333	65.49333333333334	65.68	65.51333333333334	65.78	65.64666666666666	65.58	65.18666666666667	64.86	64.89333333333333	64.69333333333333	64.28	64.05333333333333	63.64666666666667	62.82	62.31333333333333	61.1	60.58	58.693333333333335	57.153333333333336	54.513333333333335	49.79333333333334	0.0
0.0	49.373333333333335	54.126666666666665	56.95333333333333	58.95333333333333	59.946666666666665	60.81333333333333	61.233333333333334	61.96666666666667	63.10666666666667	63.733333333333334	63.78	64.57333333333334	64.5	65.0	64.92	65.07333333333334	65.33333333333333	65.24	65.50666666666666	65.24	65.26	64.86666666666666	64.62	64.14	63.98	63.39333333333333	62.92	62.35333333333333	61.82	60.89333333333333	60.04666666666667	58.68	56.81333333333333	54.266666666666666	49.85333333333333	0.0
0.0	49.346666666666664	53.98	56.86	58.653333333333336	60.49333333333333	61.166666666666664	62.11333333333334	62.77333333333333	63.373333333333335	63.846666666666664	64.26666666666667	64.53333333333333	64.78	65.26	65.50666666666666	65.36666666666666	65.45333333333333	65.7	65.34666666666666	65.4	65.49333333333334	65.04666666666667	65.24	64.69333333333333	64.23333333333333	63.68666666666667	63.57333333333333	62.653333333333336	62.02	61.34	60.266666666666666	58.99333333333333	56.9	54.24	49.5	0.0
0.0	49.92666666666667	54.406666666666666	56.513333333333335	58.7	59.806666666666665	61.04	61.833333333333336	62.4	63.16	63.166666666666664	63.85333333333333	63.88	64.35333333333334	64.56	64.66	64.93333333333334	64.99333333333334	64.97333333333333	64.96666666666667	64.90666666666667	64.92	65.10666666666667	64.8	64.62666666666667	63.76	63.29333333333334	62.846666666666664	62.593333333333334	61.68666666666667	60.986666666666665	59.56	58.486666666666665	56.626666666666665	53.586666666666666	49.32666666666667	0.0
0.0	49.62	53.96666666666667	56.9	59.11333333333334	60.28	61.526666666666664	62.04	62.526666666666664	63.27333333333333	63.92666666666667	64.06666666666666	64.60666666666667	64.65333333333334	65.14	65.02	65.4	65.26	65.24666666666667	65.05333333333333	65.53333333333333	65.34666666666666	65.13333333333334	64.95333333333333	64.63333333333334	64.26	63.92	62.946666666666665	62.24	61.733333333333334	60.593333333333334	59.78	58.553333333333335	56.68	54.18666666666667	49.406666666666666	0.0
0.0	49.62	54.153333333333336	57.14	58.54	59.88666666666666	61.31333333333333	62.13333333333333	62.693333333333335	63.12	63.666666666666664	64.28666666666666	64.60666666666667	65.23333333333333	65.30666666666667	65.62	65.84	66.19333333333333	66.05333333333333	66.35333333333334	66.09333333333333	65.56666666666666	65.34	65.15333333333334	64.67333333333333	63.96	63.75333333333333	63.38666666666666	63.013333333333335	62.12	61.026666666666664	59.873333333333335	58.56	56.8	54.28666666666667	49.56	0.0
0.0	49.766666666666666	54.653333333333336	57.20666666666666	58.913333333333334	60.25333333333333	61.50666666666667	62.266666666666666	63.00666666666667	63.166666666666664	63.64666666666667	64.02666666666667	64.42	65.12	64.79333333333334	64.98	65.16	65.34	65.66666666666667	65.56666666666666	65.23333333333333	65.19333333333333	65.24666666666667	65.26	65.20666666666666	64.63333333333334	63.81333333333333	63.48	63.193333333333335	62.306666666666665	61.42	60.38666666666666	58.96666666666667	57.013333333333335	54.306666666666665	49.846666666666664	0.0
0.0	49.67333333333333	54.36666666666667	56.973333333333336	58.7	60.12	60.96666666666667	62.18666666666667	62.64	63.346666666666664	63.72	64.21333333333334	64.72	65.12666666666667	65.08666666666667	65.68666666666667	65.70666666666666	66.26	66.04666666666667	66.3	65.70666666666666	65.61333333333333	65.4	65.23333333333333	64.60666666666667	64.14	63.71333333333333	63.34	63.14	62.446666666666665	61.24666666666667	60.26	58.913333333333334	57.24666666666667	54.62	49.88	0.0
0.0	49.74	54.473333333333336	57.13333333333333	58.96666666666667	60.26	61.626666666666665	62.026666666666664	62.846666666666664	63.26	63.67333333333333	64.10666666666667	64.36	65.04666666666667	65.36666666666666	65.18	65.72	65.58666666666667	65.63333333333334	65.55333333333333	65.70666666666666	65.59333333333333	65.09333333333333	65.13333333333334	64.66666666666667	64.0	63.946666666666665	63.266666666666666	62.86666666666667	62.14	61.04	60.36	58.60666666666667	57.28	54.053333333333335	49.38	0.0
0.0	49.57333333333333	54.14666666666667	57.12	58.72	60.306666666666665	61.44	62.50666666666667	63.093333333333334	63.16	63.96	64.48	64.78666666666666	64.95333333333333	65.34666666666666	65.58	65.54666666666667	65.56	65.48	65.44666666666667	65.64	65.30666666666667	65.24666666666667	65.33333333333333	65.18666666666667	64.68666666666667	64.46	63.78666666666667	63.07333333333333	62.446666666666665	61.42666666666667	60.22666666666667	58.82666666666667	56.94	54.24666666666667	49.82666666666667	0.0
0.0	49.733333333333334	53.93333333333333	56.74666666666667	58.626666666666665	60.11333333333334	61.14	61.806666666666665	62.766666666666666	63.60666666666667	63.76	63.82	64.54666666666667	64.79333333333334	65.09333333333333	65.28666666666666	65.26666666666667	65.28	65.22666666666667	65.55333333333333	65.44	65.5	64.77333333333333	64.51333333333334	64.75333333333333	64.09333333333333	63.513333333333335	63.43333333333333	62.61333333333334	62.08	61.20666666666666	59.92	58.626666666666665	57.026666666666664	54.00666666666667	49.32666666666667	0.0
0.0	49.38	53.76	56.78	58.44	60.14666666666667	61.38	62.18666666666667	63.11333333333334	63.39333333333333	63.92	64.11333333333333	64.77333333333333	65.04666666666667	64.92666666666666	65.04	65.19333333333333	65.33333333333333	64.73333333333333	65.06666666666666	64.58666666666667	64.78666666666666	64.46666666666667	64.52	64.34666666666666	64.03333333333333	63.79333333333334	63.06666666666667	62.25333333333333	61.86	61.36666666666667	59.906666666666666	58.77333333333333	56.79333333333334	54.233333333333334	49.60666666666667	0.0
0.0	49.20666666666666	53.82666666666667	56.693333333333335	58.833333333333336	60.086666666666666	60.86666666666667	61.7	62.24666666666667	62.78666666666667	63.553333333333335	63.98	64.12666666666667	64.3	64.76	65.0	65.09333333333333	65.35333333333334	65.10666666666667	65.1	65.27333333333333	65.54666666666667	64.92	64.84	64.46666666666667	64.05333333333333	63.60666666666667	63.06	62.34	61.586666666666666	60.75333333333333	59.666666666666664	58.22666666666667	56.45333333333333	54.193333333333335	49.24	0.0
0.0	49.82666666666667	54.42666666666667	57.32	58.846666666666664	60.13333333333333	61.27333333333333	62.026666666666664	63.14666666666667	64.17333333333333	64.7	65.42	65.4	65.68666666666667	65.99333333333334	65.88	66.18666666666667	66.36666666666666	66.35333333333334	66.03333333333333	65.60666666666667	65.45333333333333	65.37333333333333	64.94666666666667	64.8	64.33333333333333	63.79333333333334	63.513333333333335	62.99333333333333	62.14666666666667	61.22666666666667	60.24666666666667	59.086666666666666	57.35333333333333	54.653333333333336	49.54666666666667	0.0
0.0	49.666666666666664	54.10666666666667	57.193333333333335	58.806666666666665	59.78	61.46	62.27333333333333	62.733333333333334	63.766666666666666	63.96	64.3	64.66	64.82666666666667	64.98666666666666	65.16666666666667	64.92666666666666	65.02666666666667	65.53333333333333	65.73333333333333	65.57333333333334	65.14	65.07333333333334	64.98666666666666	64.64666666666666	64.44	64.15333333333334	63.57333333333333	62.946666666666665	61.833333333333336	61.266666666666666	60.03333333333333	58.86	56.88	54.406666666666666	49.653333333333336	0.0
0.0	49.586666666666666	54.28	56.92666666666667	58.78	59.906666666666666	60.67333333333333	61.82	62.653333333333336	62.89333333333333	63.413333333333334	63.89333333333333	64.49333333333334	64.60666666666667	64.91333333333333	65.26	65.10666666666667	65.54	65.20666666666666	65.1	65.38666666666667	65.35333333333334	64.82	64.48	64.08666666666667	64.39333333333333	63.946666666666665	63.31333333333333	62.70666666666666	61.88666666666666	61.00666666666667	60.14666666666667	58.38	56.96	54.126666666666665	49.63333333333333	0.0
0.0	49.733333333333334	54.61333333333334	57.2	59.013333333333335	60.053333333333335	60.81333333333333	61.906666666666666	62.92666666666667	63.50666666666667	64.04	64.44	64.99333333333334	65.23333333333333	65.46666666666667	65.85333333333334	65.93333333333334	65.95333333333333	65.98666666666666	66.06666666666666	65.78666666666666	66.0	65.67333333333333	65.33333333333333	64.97333333333333	64.71333333333334	63.81333333333333	63.68	63.11333333333334	62.16	61.54	60.406666666666666	59.46	57.18666666666667	54.86	49.29333333333334	0.0
0.0	49.67333333333333	54.446666666666665	56.89333333333333	58.93333333333333	60.14	61.20666666666666	62.04	62.82	63.693333333333335	63.76	64.36666666666666	64.53333333333333	65.08666666666667	65.14	65.24666666666667	65.42	65.63333333333334	65.62666666666667	65.12666666666667	65.56	65.22	65.2	64.69333333333333	64.4	64.20666666666666	63.78	63.4	62.78	62.13333333333333	61.16	59.913333333333334	58.96	57.04666666666667	54.17333333333333	49.473333333333336	0.0
0.0	49.35333333333333	54.04666666666667	57.21333333333333	58.61333333333334	60.18	61.03333333333333	61.98	62.72	63.24666666666667	63.66	64.44666666666667	64.42	64.93333333333334	65.33333333333333	65.44666666666667	65.39333333333333	65.52	66.09333333333333	65.74666666666667	65.73333333333333	65.47333333333333	65.27333333333333	65.09333333333333	64.66	64.53333333333333	64.25333333333333	63.32	63.22	62.61333333333334	61.57333333333333	60.16	58.89333333333333	56.846666666666664	54.28666666666667	49.45333333333333	0.0
0.0	49.58	54.52	57.03333333333333	58.61333333333334	59.913333333333334	61.166666666666664	62.06666666666667	62.84	63.5	64.34	64.59333333333333	64.88	65.18	65.65333333333334	65.5	65.73333333333333	65.75333333333333	65.88	65.73333333333333	65.43333333333334	65.50666666666666	65.18	65.29333333333334	64.66	64.79333333333334	64.22	63.88666666666666	63.20666666666666	62.2	61.526666666666664	60.653333333333336	59.49333333333333	57.16	54.54666666666667	49.60666666666667	0.0
0.0	49.266666666666666	53.96	56.54	58.406666666666666	60.086666666666666	61.06	61.72666666666667	62.593333333333334	63.053333333333335	63.873333333333335	64.06	64.24666666666667	64.42	64.62666666666667	65.20666666666666	65.05333333333333	64.89333333333333	65.06	64.82	64.8	64.98	64.95333333333333	64.41333333333333	63.92	64.0	63.64	63.28666666666667	62.46	62.08	60.92	59.68	58.45333333333333	56.88	54.32	49.20666666666666	0.0
0.0	49.81333333333333	54.21333333333333	57.053333333333335	59.24	59.986666666666665	61.25333333333333	62.0	62.64	63.27333333333333	63.74	63.873333333333335	64.09333333333333	64.82666666666667	65.30666666666667	65.07333333333334	65.22666666666667	65.28666666666666	65.34666666666666	65.24	65.32666666666667	65.17333333333333	64.96666666666667	64.94	64.53333333333333	63.946666666666665	63.833333333333336	63.61333333333334	63.00666666666667	61.913333333333334	60.88	60.333333333333336	58.68666666666667	57.10666666666667	54.413333333333334	49.62	0.0
0.0	49.93333333333333	54.6	57.11333333333334	59.14	60.6	61.72666666666667	62.5	63.27333333333333	63.61333333333334	64.32666666666667	64.78	65.21333333333334	65.70666666666666	65.78	65.85333333333334	66.19333333333333	66.12666666666667	65.92666666666666	65.70666666666666	65.67333333333333	65.45333333333333	65.06666666666666	65.16666666666667	65.17333333333333	64.63333333333334	64.54666666666667	63.92	62.88	62.22666666666667	61.32666666666667	60.14	58.93333333333333	56.89333333333333	54.32	49.74	0.0
0.0	49.8	54.54666666666667	57.24666666666667	58.95333333333333	60.62	61.26	62.48	63.10666666666667	63.38	63.96666666666667	64.42	64.63333333333334	65.22666666666667	65.55333333333333	65.32	65.83333333333333	66.29333333333334	65.99333333333334	66.42	66.32666666666667	65.94666666666667	66.08	65.68	65.16	64.50666666666666	64.23333333333333	63.49333333333333	63.14666666666667	62.43333333333333	61.27333333333333	60.57333333333333	59.14	56.96	54.346666666666664	49.71333333333333	0.0
0.0	49.346666666666664	53.94	56.54666666666667	58.36666666666667	59.593333333333334	61.053333333333335	61.99333333333333	62.64	63.72666666666667	63.586666666666666	64.38	64.56	65.00666666666666	65.14	64.84666666666666	65.30666666666667	65.10666666666667	65.34	65.16	65.07333333333334	64.94666666666667	64.87333333333333	64.88	64.42666666666666	64.16666666666667	63.67333333333333	63.333333333333336	62.22666666666667	61.906666666666666	60.95333333333333	59.36	58.06666666666667	56.03333333333333	54.12	49.18	0.0
0.0	49.62	54.10666666666667	57.026666666666664	58.68	60.22666666666667	61.093333333333334	62.17333333333333	62.52	62.63333333333333	63.31333333333333	63.8	63.946666666666665	64.12	64.65333333333334	64.64	64.75333333333333	65.04	65.11333333333333	64.99333333333334	64.92666666666666	65.03333333333333	64.93333333333334	64.78	64.50666666666666	63.63333333333333	63.21333333333333	63.12	62.31333333333333	61.56666666666667	60.67333333333333	59.96	58.48	56.82	53.75333333333333	49.14	0.0
0.0	49.56	54.21333333333333	56.92	58.46666666666667	60.086666666666666	61.04	61.873333333333335	62.74666666666667	63.4	64.07333333333334	64.66666666666667	64.70666666666666	65.22666666666667	65.43333333333334	65.32666666666667	65.4	65.3	65.50666666666666	65.75333333333333	65.82	65.75333333333333	65.36666666666666	64.76666666666667	64.70666666666666	64.31333333333333	64.08666666666667	63.373333333333335	62.986666666666665	61.99333333333333	61.38666666666666	60.153333333333336	58.946666666666665	56.946666666666665	54.513333333333335	49.79333333333334	0.0
0.0	49.626666666666665	53.86	56.346666666666664	58.57333333333333	60.22	60.89333333333333	61.52	62.29333333333334	62.95333333333333	64.00666666666666	64.37333333333333	63.906666666666666	64.29333333333334	64.54	64.8	65.27333333333333	65.30666666666667	65.54666666666667	65.54	65.68666666666667	65.33333333333333	65.29333333333334	64.96	64.74666666666667	64.17333333333333	63.89333333333333	63.29333333333334	62.57333333333333	61.913333333333334	61.21333333333333	59.98	58.78	57.1	54.28666666666667	49.56666666666667	0.0
0.0	49.60666666666667	54.42	56.93333333333333	58.86666666666667	60.22	61.39333333333333	62.28	62.68	63.486666666666665	64.18	64.37333333333333	64.78	65.14	64.94666666666667	65.57333333333334	65.52	65.89333333333333	65.88666666666667	66.06666666666666	65.54	65.50666666666666	65.26	65.07333333333334	64.73333333333333	64.40666666666667	63.94	63.43333333333333	62.95333333333333	62.16	61.38	60.38666666666666	59.04666666666667	56.92666666666667	54.306666666666665	49.72	0.0
0.0	49.473333333333336	54.413333333333334	57.126666666666665	58.78666666666667	59.77333333333333	61.22	61.79333333333334	62.76	63.18	63.64666666666667	63.81333333333333	64.18666666666667	64.58666666666667	65.04666666666667	65.15333333333334	65.0	65.23333333333333	65.48	65.32	65.17333333333333	65.38	64.68	64.48	63.973333333333336	64.28666666666666	63.63333333333333	63.27333333333333	62.61333333333334	62.013333333333335	60.66	59.93333333333333	58.78666666666667	57.10666666666667	54.5	49.76	0.0
0.0	49.526666666666664	54.093333333333334	56.8	58.653333333333336	59.88	60.93333333333333	62.02	62.68666666666667	63.553333333333335	63.66	64.06	64.38	64.84	64.88	65.04	65.08666666666667	64.93333333333334	65.1	64.98	65.33333333333333	64.84	64.84	64.35333333333334	64.14666666666666	63.98	63.473333333333336	63.04666666666667	62.07333333333333	61.88666666666666	61.04666666666667	59.88	58.61333333333334	56.50666666666667	54.24666666666667	49.32666666666667	0.0
0.0	49.38	54.153333333333336	56.74	58.95333333333333	60.02	60.88	61.68666666666667	62.626666666666665	63.2	63.72	64.49333333333334	64.58666666666667	64.48	64.67333333333333	64.81333333333333	65.06	65.11333333333333	64.97333333333333	65.31333333333333	65.24	65.22666666666667	64.96666666666667	64.6	64.14666666666666	64.13333333333334	64.0	63.333333333333336	62.75333333333333	61.86666666666667	61.013333333333335	59.64666666666667	58.45333333333333	56.973333333333336	54.14666666666667	49.4	0.0
0.0	50.08	54.513333333333335	57.21333333333333	58.92666666666667	60.093333333333334	61.10666666666667	62.233333333333334	62.7	63.13333333333333	63.86	64.32666666666667	64.74	64.8	64.96666666666667	65.2	65.61333333333333	65.52	65.62666666666667	65.85333333333334	65.88666666666667	65.42	65.22666666666667	64.88666666666667	64.48666666666666	64.30666666666667	63.94	63.21333333333333	63.02	62.086666666666666	61.16	60.17333333333333	58.74666666666667	57.026666666666664	54.39333333333333	49.46666666666667	0.0
0.0	49.56	54.32666666666667	57.14666666666667	58.833333333333336	60.16	61.153333333333336	61.96	62.82666666666667	63.56	63.42	64.02	63.76	64.26	64.9	65.12666666666667	64.60666666666667	65.12	65.24666666666667	65.19333333333333	64.96	64.84666666666666	64.8	64.72	64.37333333333333	64.11333333333333	63.906666666666666	62.79333333333334	62.28666666666667	61.72	61.026666666666664	60.12	58.95333333333333	57.0	54.11333333333334	49.71333333333333	0.0
0.0	49.48	54.27333333333333	56.486666666666665	58.52	59.8	60.61333333333334	61.6	62.58	63.14	63.94	64.21333333333334	64.5	64.81333333333333	65.08	65.24666666666667	65.14	65.07333333333334	65.17333333333333	65.24666666666667	65.01333333333334	64.84	64.71333333333334	64.66	64.54	63.846666666666664	63.50666666666667	62.99333333333333	62.473333333333336	61.70666666666666	60.86666666666667	59.666666666666664	58.46	56.733333333333334	54.04	49.45333333333333	0.0
0.0	49.42666666666667	53.873333333333335	56.43333333333333	58.26	59.526666666666664	60.74666666666667	61.72	62.28	62.77333333333333	62.96	63.70666666666666	63.96666666666667	64.62666666666667	64.74666666666667	64.99333333333334	64.90666666666667	64.74666666666667	64.93333333333334	64.80666666666667	64.4	64.47333333333333	64.12	64.08	63.64666666666667	63.21333333333333	63.4	62.68666666666667	62.25333333333333	61.486666666666665	60.7	59.64666666666667	58.72666666666667	56.473333333333336	53.88666666666666	49.17333333333333	0.0
0.0	49.44	54.22	56.75333333333333	59.14	60.28666666666667	61.486666666666665	62.11333333333334	62.94	63.29333333333334	64.09333333333333	64.48666666666666	64.72666666666667	64.92	64.8	65.48666666666666	65.62666666666667	65.94	65.75333333333333	65.41333333333333	65.66666666666667	65.4	65.38666666666667	65.02	64.76666666666667	64.36	63.766666666666666	63.373333333333335	63.02	62.553333333333335	61.74666666666667	60.553333333333335	59.56666666666667	57.26	54.35333333333333	49.693333333333335	0.0
0.0	49.473333333333336	54.08	56.43333333333333	58.74666666666667	60.36	61.28666666666667	61.68	62.52	63.46	63.46	63.833333333333336	64.21333333333334	64.46	65.04666666666667	65.28666666666666	65.6	65.33333333333333	65.3	65.36	65.40666666666667	64.78666666666666	64.86666666666666	64.79333333333334	64.66666666666667	64.19333333333333	63.66	63.06	62.49333333333333	61.9	60.513333333333335	59.85333333333333	58.406666666666666	56.56666666666667	54.06666666666667	49.8	0.0
0.0	49.56	54.42	57.11333333333334	59.266666666666666	60.44	61.27333333333333	62.26	63.16	63.66	64.25333333333333	64.09333333333333	65.11333333333333	65.38	65.26666666666667	65.43333333333334	65.54666666666667	65.63333333333334	65.65333333333334	65.52666666666667	65.41333333333333	65.44666666666667	65.14666666666666	65.31333333333333	64.92	64.63333333333334	64.26666666666667	63.32666666666667	62.62	62.2	61.4	60.61333333333334	58.76	56.92666666666667	54.32666666666667	49.846666666666664	0.0
0.0	49.63333333333333	53.96666666666667	56.806666666666665	58.58	59.833333333333336	60.92666666666667	62.04	62.6	62.95333333333333	63.8	63.93333333333333	64.36	64.33333333333333	64.98	65.13333333333334	65.02666666666667	65.20666666666666	65.52	65.36666666666666	65.40666666666667	65.38	65.01333333333334	64.58666666666667	64.26666666666667	63.833333333333336	63.7	62.85333333333333	62.24	61.626666666666665	60.72666666666667	59.74	58.13333333333333	56.62	54.193333333333335	49.29333333333334	0.0
0.0	49.22	54.06666666666667	56.74666666666667	58.25333333333333	60.03333333333333	61.06666666666667	61.70666666666666	62.28666666666667	62.71333333333333	63.38	63.61333333333334	63.92	64.07333333333334	64.48	64.16	64.71333333333334	65.27333333333333	65.18	64.87333333333333	64.96666666666667	64.7	64.76666666666667	64.66	64.47333333333333	64.29333333333334	63.666666666666664	63.22	62.78	61.78666666666667	61.22666666666667	59.82666666666667	58.513333333333335	56.71333333333333	53.93333333333333	49.71333333333333	0.0
0.0	49.093333333333334	53.693333333333335	56.62	58.36666666666667	59.64	60.78666666666667	61.27333333333333	62.46	63.06666666666667	63.333333333333336	63.72666666666667	64.14	64.46	64.81333333333333	65.03333333333333	65.16	65.47333333333333	65.22	65.35333333333334	65.20666666666666	64.89333333333333	64.89333333333333	64.75333333333333	64.48	64.3	63.9	63.14666666666667	62.36	61.71333333333333	60.833333333333336	59.98	58.50666666666667	56.72666666666667	53.95333333333333	49.58	0.0
0.0	49.486666666666665	54.53333333333333	57.18	59.013333333333335	60.306666666666665	61.39333333333333	62.14	62.806666666666665	63.54	63.36666666666667	64.12	64.43333333333334	64.35333333333334	64.96	65.47333333333333	65.31333333333333	65.3	65.64666666666666	65.02666666666667	65.35333333333334	65.10666666666667	65.14666666666666	64.84666666666666	64.56	63.906666666666666	63.66	63.266666666666666	62.153333333333336	61.806666666666665	60.88666666666666	59.76	58.49333333333333	56.733333333333334	54.48	49.473333333333336	0.0
0.0	49.66	54.34	57.14666666666667	59.24666666666667	60.45333333333333	61.14666666666667	61.9	62.46666666666667	63.3	63.56666666666667	64.32	64.95333333333333	64.77333333333333	65.09333333333333	65.20666666666666	65.49333333333334	65.26666666666667	65.11333333333333	65.43333333333334	65.32	65.0	65.08	64.75333333333333	64.51333333333334	64.40666666666667	63.99333333333333	63.38	63.026666666666664	62.29333333333334	61.24	60.12	59.306666666666665	57.013333333333335	54.346666666666664	49.526666666666664	0.0
0.0	49.45333333333333	54.18	56.413333333333334	58.666666666666664	59.82	61.0	61.78666666666667	62.833333333333336	63.68666666666667	63.82666666666667	64.26	64.67333333333333	64.72	65.25333333333333	65.26	65.34	65.42	66.00666666666666	65.74	65.8	65.12666666666667	64.86	64.90666666666667	64.5	64.44666666666667	63.99333333333333	63.60666666666667	63.22666666666667	62.78	61.666666666666664	60.5	59.093333333333334	57.04666666666667	54.16	49.553333333333335	0.0
0.0	49.733333333333334	54.526666666666664	56.93333333333333	58.56	59.946666666666665	61.27333333333333	61.846666666666664	62.8	63.153333333333336	63.68666666666667	64.06	64.68666666666667	64.87333333333333	64.99333333333334	64.92666666666666	65.20666666666666	65.68	65.64	65.52666666666667	65.58666666666667	65.02666666666667	64.85333333333334	65.02666666666667	64.3	64.29333333333334	63.986666666666665	63.72666666666667	62.74666666666667	62.02	61.02	60.12	58.95333333333333	57.18666666666667	54.46666666666667	50.11333333333334	0.0
0.0	49.60666666666667	53.78666666666667	56.413333333333334	58.61333333333334	60.053333333333335	60.973333333333336	62.07333333333333	62.8	62.96666666666667	63.693333333333335	64.28666666666666	64.37333333333333	64.74	65.04	65.22666666666667	65.45333333333333	65.31333333333333	65.68666666666667	65.37333333333333	65.35333333333334	65.26	64.98	64.94	64.3	63.846666666666664	63.42666666666667	62.806666666666665	62.2	61.553333333333335	60.68666666666667	59.53333333333333	58.56666666666667	56.79333333333334	53.98	49.486666666666665	0.0
0.0	49.806666666666665	54.086666666666666	56.72666666666667	58.71333333333333	59.93333333333333	61.27333333333333	62.266666666666666	63.3	63.7	64.4	64.22666666666667	65.05333333333333	65.3	65.60666666666667	65.85333333333334	65.99333333333334	66.21333333333334	66.36666666666666	65.96	65.76	65.27333333333333	65.56666666666666	65.35333333333334	65.18666666666667	64.64	64.27333333333333	63.526666666666664	63.49333333333333	62.39333333333333	61.36666666666667	60.53333333333333	59.026666666666664	57.39333333333333	54.60666666666667	49.88666666666666	0.0
0.0	49.70666666666666	54.406666666666666	57.28	58.70666666666666	60.26	61.553333333333335	62.38666666666666	62.71333333333333	63.526666666666664	64.13333333333334	64.20666666666666	64.58666666666667	64.85333333333334	65.14666666666666	65.12	65.65333333333334	65.25333333333333	65.43333333333334	65.23333333333333	65.25333333333333	65.09333333333333	65.26	65.29333333333334	64.54666666666667	64.26666666666667	63.77333333333333	63.20666666666666	62.68666666666667	62.1	61.17333333333333	60.07333333333333	58.70666666666666	56.88	54.22666666666667	49.733333333333334	0.0
0.0	49.88666666666666	54.406666666666666	57.00666666666667	58.906666666666666	60.17333333333333	61.24666666666667	62.46	63.026666666666664	63.21333333333333	63.92666666666667	64.24	64.77333333333333	65.18666666666667	65.35333333333334	65.60666666666667	65.48666666666666	65.97333333333333	65.74	65.87333333333333	65.76	65.74	65.62666666666667	64.90666666666667	64.82	64.44666666666667	63.873333333333335	63.38	62.38666666666666	62.04666666666667	61.32	60.26	59.07333333333333	56.78	54.14666666666667	49.79333333333334	0.0
0.0	49.28666666666667	53.806666666666665	56.54	58.39333333333333	59.46666666666667	60.78	61.81333333333333	62.68	63.14666666666667	63.32	63.593333333333334	63.66	63.99333333333333	64.42666666666666	65.06	64.73333333333333	64.44	64.86	64.45333333333333	64.39333333333333	64.52	64.30666666666667	64.02	64.26	63.63333333333333	63.12	62.53333333333333	62.25333333333333	61.4	60.666666666666664	59.89333333333333	58.52	57.013333333333335	53.946666666666665	49.57333333333333	0.0
0.0	49.46	54.27333333333333	56.95333333333333	58.553333333333335	60.18	61.53333333333333	62.373333333333335	63.14666666666667	63.57333333333333	64.22666666666667	64.15333333333334	64.80666666666667	65.04666666666667	65.31333333333333	65.74666666666667	65.56	65.39333333333333	65.59333333333333	65.47333333333333	65.59333333333333	65.25333333333333	65.1	64.80666666666667	64.70666666666666	64.15333333333334	63.84	63.38666666666666	62.913333333333334	62.18	61.126666666666665	60.3	58.626666666666665	57.08	54.62	49.553333333333335	0.0
0.0	49.553333333333335	54.85333333333333	57.093333333333334	58.693333333333335	60.233333333333334	61.64666666666667	62.22	62.666666666666664	63.74	63.986666666666665	64.78666666666666	65.0	65.50666666666666	65.38666666666667	65.82666666666667	65.82666666666667	65.51333333333334	65.48	65.69333333333333	65.13333333333334	65.36	65.20666666666666	64.84666666666666	64.40666666666667	64.20666666666666	63.88	63.63333333333333	62.526666666666664	61.95333333333333	60.99333333333333	60.24	59.00666666666667	56.973333333333336	54.46666666666667	49.526666666666664	0.0
0.0	49.27333333333333	54.266666666666666	57.06666666666667	58.71333333333333	60.233333333333334	61.32	62.17333333333333	63.22666666666667	64.07333333333334	64.43333333333334	65.07333333333334	65.11333333333333	65.32	65.39333333333333	65.38	65.74666666666667	65.33333333333333	65.9	65.6	65.85333333333334	65.14	65.32	65.14666666666666	65.18666666666667	64.71333333333334	63.88	63.54666666666667	62.846666666666664	62.06666666666667	61.233333333333334	59.946666666666665	58.766666666666666	56.446666666666665	54.17333333333333	49.49333333333333	0.0
0.0	49.806666666666665	54.86666666666667	57.266666666666666	59.18	60.32	61.42666666666667	62.233333333333334	63.013333333333335	63.92	64.18666666666667	64.48	64.84666666666666	65.12666666666667	65.18	65.44666666666667	66.16666666666667	65.86	65.82666666666667	66.21333333333334	65.98666666666666	65.67333333333333	65.42666666666666	65.28	65.28	64.56	64.40666666666667	63.92666666666667	62.96666666666667	62.373333333333335	61.553333333333335	60.46	59.32666666666667	57.36666666666667	54.593333333333334	49.68	0.0
0.0	49.193333333333335	54.193333333333335	56.99333333333333	58.78666666666667	59.94	60.88	61.973333333333336	62.44	62.873333333333335	63.693333333333335	64.33333333333333	64.66666666666667	64.72	64.98666666666666	65.04	65.2	65.4	65.7	65.32	65.36	65.15333333333334	64.78	64.83333333333333	64.58666666666667	64.35333333333334	63.95333333333333	63.24	62.46666666666667	62.00666666666667	60.96	60.18	58.99333333333333	57.18	54.0	49.88666666666666	0.0
0.0	49.486666666666665	54.2	56.9	59.07333333333333	60.5	61.3	61.76	62.72	63.42	63.873333333333335	64.37333333333333	65.09333333333333	65.11333333333333	65.59333333333333	65.45333333333333	65.48	65.81333333333333	65.78	65.52666666666667	65.48666666666666	65.67333333333333	65.34	65.14666666666666	65.12	64.62666666666667	63.806666666666665	63.60666666666667	62.70666666666666	62.46	61.24666666666667	60.36	58.86666666666667	57.22666666666667	54.126666666666665	49.68	0.0
0.0	49.71333333333333	54.08	56.766666666666666	58.653333333333336	60.233333333333334	60.81333333333333	61.86	62.67333333333333	63.17333333333333	63.79333333333334	63.92	64.48666666666666	64.59333333333333	64.78	65.30666666666667	65.26	64.94666666666667	64.81333333333333	65.08	64.98	64.91333333333333	64.84666666666666	64.37333333333333	64.22	63.99333333333333	63.16	63.126666666666665	62.593333333333334	62.26	61.49333333333333	60.46666666666667	59.1	56.96	54.14	49.72666666666667	0.0
0.0	49.5	54.17333333333333	56.77333333333333	58.46	60.193333333333335	61.52	61.96666666666667	62.92	63.373333333333335	63.913333333333334	64.28	64.16666666666667	64.50666666666666	64.78666666666666	64.80666666666667	64.93333333333334	64.94666666666667	65.14	65.08666666666667	65.02	64.90666666666667	65.08666666666667	64.68666666666667	64.30666666666667	64.13333333333334	63.413333333333334	63.44	62.553333333333335	62.04666666666667	61.00666666666667	59.96	58.49333333333333	56.74	54.38	49.52	0.0
0.0	49.85333333333333	54.35333333333333	57.04	58.60666666666667	59.92	60.74666666666667	61.81333333333333	62.333333333333336	62.88	63.42666666666667	64.02	63.75333333333333	64.23333333333333	64.39333333333333	64.8	64.94	64.97333333333333	65.26	64.76666666666667	65.02666666666667	65.49333333333334	64.87333333333333	64.34666666666666	64.40666666666667	64.27333333333333	63.733333333333334	63.2	62.74666666666667	61.82666666666667	61.18	59.85333333333333	58.53333333333333	56.666666666666664	54.36666666666667	49.8	0.0
0.0	49.42	54.4	56.81333333333333	58.96	60.12	61.14666666666667	61.86666666666667	62.86	63.626666666666665	63.60666666666667	64.27333333333333	64.74	64.77333333333333	65.04	64.87333333333333	65.1	65.81333333333333	65.70666666666666	65.42	65.51333333333334	65.69333333333333	65.46666666666667	65.28666666666666	64.86	64.31333333333333	64.34	63.92	63.43333333333333	62.42666666666667	61.72	60.2	59.086666666666666	57.17333333333333	54.54666666666667	49.54	0.0
0.0	49.846666666666664	54.72	57.34	59.43333333333333	60.233333333333334	61.32	62.32	62.88	63.35333333333333	63.846666666666664	64.50666666666666	64.80666666666667	65.37333333333333	65.31333333333333	65.49333333333334	65.56	65.41333333333333	65.4	65.41333333333333	65.46	65.52666666666667	65.24666666666667	65.24666666666667	64.84	64.46	63.98	63.57333333333333	63.24666666666667	62.32666666666667	61.473333333333336	60.16	58.76	57.04	54.553333333333335	49.833333333333336	0.0
0.0	49.88	54.26	57.00666666666667	58.63333333333333	60.20666666666666	61.36	61.92666666666667	62.693333333333335	63.08	63.68	64.14666666666666	64.66	64.6	65.11333333333333	65.03333333333333	65.12	65.48	65.5	65.41333333333333	65.62666666666667	64.94666666666667	64.77333333333333	65.0	64.74666666666667	64.10666666666667	63.373333333333335	63.20666666666666	62.44	62.053333333333335	60.95333333333333	59.86	58.53333333333333	56.92666666666667	54.94	49.66	0.0
0.0	49.43333333333333	54.07333333333333	56.56666666666667	58.653333333333336	60.11333333333334	61.07333333333333	61.78666666666667	62.593333333333334	62.9	63.72666666666667	64.14	64.17333333333333	64.28666666666666	64.46	64.60666666666667	65.08666666666667	64.84	65.42	65.38	65.20666666666666	65.3	65.06666666666666	64.98666666666666	64.57333333333334	64.00666666666666	63.64666666666667	63.25333333333333	62.6	62.06666666666667	61.3	59.74666666666667	58.64666666666667	56.95333333333333	54.42666666666667	49.766666666666666	0.0
0.0	49.25333333333333	53.806666666666665	56.86666666666667	58.50666666666667	59.98	60.913333333333334	61.60666666666667	62.086666666666666	62.96	63.28666666666667	63.74	64.61333333333333	64.70666666666666	64.72666666666667	64.81333333333333	65.12666666666667	65.18666666666667	65.07333333333334	65.28	65.48666666666666	65.41333333333333	64.94666666666667	65.23333333333333	64.50666666666666	64.05333333333333	63.88	63.07333333333333	62.74666666666667	61.86666666666667	60.66	59.526666666666664	58.306666666666665	56.193333333333335	53.58	49.333333333333336	0.0
0.0	49.54666666666667	54.013333333333335	56.92	58.5	60.07333333333333	61.25333333333333	61.873333333333335	62.846666666666664	63.846666666666664	63.96	64.45333333333333	64.89333333333333	65.38	65.22	65.49333333333334	65.16	65.50666666666666	65.07333333333334	65.27333333333333	65.24666666666667	65.18666666666667	65.19333333333333	64.95333333333333	64.43333333333334	64.03333333333333	63.64	62.873333333333335	62.57333333333333	61.526666666666664	60.833333333333336	59.973333333333336	58.00666666666667	56.446666666666665	54.166666666666664	49.46666666666667	0.0
0.0	49.66	54.21333333333333	56.906666666666666	59.04666666666667	60.14	60.9	61.98	63.17333333333333	63.46	63.99333333333333	64.37333333333333	64.82666666666667	64.92	65.02666666666667	65.28666666666666	65.28	65.76	65.34	65.49333333333334	65.08	65.02666666666667	64.96	65.04666666666667	64.64	64.11333333333333	64.27333333333333	63.44	62.71333333333333	62.06666666666667	61.666666666666664	60.12	58.846666666666664	56.94	54.17333333333333	49.57333333333333	0.0
0.0	49.68666666666667	54.06	57.126666666666665	58.92666666666667	60.32	60.98	61.92	62.64	63.38	63.873333333333335	64.36666666666666	64.64666666666666	64.81333333333333	64.93333333333334	65.13333333333334	65.08	65.22666666666667	65.53333333333333	65.2	65.11333333333333	65.25333333333333	64.71333333333334	64.77333333333333	64.7	64.32	64.58666666666667	63.36666666666667	62.88666666666666	62.1	61.32	59.99333333333333	58.68666666666667	57.013333333333335	54.24	49.63333333333333	0.0
0.0	49.36666666666667	54.626666666666665	57.013333333333335	58.9	59.67333333333333	60.98	62.306666666666665	62.56666666666667	63.333333333333336	64.02666666666667	64.55333333333333	64.9	65.04666666666667	65.15333333333334	65.22666666666667	65.38666666666667	65.08666666666667	65.54666666666667	65.43333333333334	65.74	65.20666666666666	65.06	64.56666666666666	64.58666666666667	64.40666666666667	64.16	63.39333333333333	62.72666666666667	61.906666666666666	60.99333333333333	59.9	58.26	56.8	54.2	49.7	0.0
0.0	49.666666666666664	54.513333333333335	56.92	58.54	60.2	61.26	62.28	62.52	63.36	63.52	64.47333333333333	64.88	65.45333333333333	65.70666666666666	65.64	65.46666666666667	65.72666666666667	65.96	65.71333333333334	65.86666666666666	65.85333333333334	65.4	65.38	65.11333333333333	64.65333333333334	64.0	63.526666666666664	63.08	62.29333333333334	61.4	60.233333333333334	59.00666666666667	57.1	54.35333333333333	50.02	0.0
0.0	49.46	54.373333333333335	57.31333333333333	58.76	60.74666666666667	61.346666666666664	61.98	62.906666666666666	63.76	63.733333333333334	63.94	64.42666666666666	64.66	64.92666666666666	64.92	65.31333333333333	65.14666666666666	65.18	65.21333333333334	65.21333333333334	65.10666666666667	65.66666666666667	65.20666666666666	64.91333333333333	64.44	64.01333333333334	63.46	62.74	62.42	61.17333333333333	60.06666666666667	58.96666666666667	57.22666666666667	54.58	49.64666666666667	0.0
0.0	49.666666666666664	54.36666666666667	57.39333333333333	58.78666666666667	60.12	61.1	62.0	62.81333333333333	63.28	63.5	64.11333333333333	64.22666666666667	64.41333333333333	64.64	64.94	65.14666666666666	65.37333333333333	65.22666666666667	65.00666666666666	64.83333333333333	64.95333333333333	65.03333333333333	64.7	64.44	63.766666666666666	63.67333333333333	63.02	62.27333333333333	61.75333333333333	60.76	59.486666666666665	58.61333333333334	56.6	54.013333333333335	49.61333333333334	0.0
0.0	49.2	54.04666666666667	57.1	58.626666666666665	59.94	60.85333333333333	61.89333333333333	62.66	63.45333333333333	63.946666666666665	64.34666666666666	64.72666666666667	64.6	64.97333333333333	65.50666666666666	65.53333333333333	65.21333333333334	65.45333333333333	65.37333333333333	65.4	65.00666666666666	64.76666666666667	64.73333333333333	64.65333333333334	64.11333333333333	63.7	63.17333333333333	62.666666666666664	61.88666666666666	61.28666666666667	60.193333333333335	59.04	57.21333333333333	54.08	49.54666666666667	0.0
0.0	49.36666666666667	54.053333333333335	56.873333333333335	58.54666666666667	59.79333333333334	61.28666666666667	61.57333333333333	62.85333333333333	63.2	63.64	63.74666666666667	64.68	65.03333333333333	64.98666666666666	65.32666666666667	65.38	65.41333333333333	65.13333333333334	65.18666666666667	65.42	65.36	65.46	64.89333333333333	64.58666666666667	63.93333333333333	63.586666666666666	63.06666666666667	62.45333333333333	61.473333333333336	60.76	59.846666666666664	58.78	56.68666666666667	53.98	49.53333333333333	0.0
0.0	49.36666666666667	54.14666666666667	56.72666666666667	58.58	59.92666666666667	61.07333333333333	61.913333333333334	62.77333333333333	63.14	64.0	64.28	64.62	65.12	65.17333333333333	65.44	65.49333333333334	65.44666666666667	65.44	65.56	65.12	65.37333333333333	65.19333333333333	65.28666666666666	65.04	64.55333333333333	64.13333333333334	63.57333333333333	63.20666666666666	62.26	61.32	60.333333333333336	59.0	57.43333333333333	54.58	49.88	0.0
0.0	49.333333333333336	54.38	57.14666666666667	58.64666666666667	60.18666666666667	60.833333333333336	61.62	62.64666666666667	63.29333333333334	63.78	64.53333333333333	64.82	65.11333333333333	65.08	65.24	65.44666666666667	65.61333333333333	65.84666666666666	65.86	65.40666666666667	65.65333333333334	64.97333333333333	65.0	64.79333333333334	64.46	64.08666666666667	63.5	63.28	62.32	61.08	60.04666666666667	58.833333333333336	56.71333333333333	54.17333333333333	49.5	0.0
0.0	49.846666666666664	54.446666666666665	57.18666666666667	59.07333333333333	60.62	61.406666666666666	62.04	63.013333333333335	63.74	64.07333333333334	64.42	64.78666666666666	65.03333333333333	65.29333333333334	65.25333333333333	65.24	65.54666666666667	65.28	65.05333333333333	65.38666666666667	65.51333333333334	65.06	65.23333333333333	64.68	64.52	64.21333333333334	63.513333333333335	62.98	61.99333333333333	61.17333333333333	60.093333333333334	58.733333333333334	57.43333333333333	54.35333333333333	49.70666666666666	0.0
0.0	49.70666666666666	54.14	57.4	58.96	60.26	61.4	62.3	62.53333333333333	63.28666666666667	63.92666666666667	63.9	64.47333333333333	64.83333333333333	65.06666666666666	65.38666666666667	65.21333333333334	65.16666666666667	65.38666666666667	65.41333333333333	65.20666666666666	65.10666666666667	65.06666666666666	65.05333333333333	64.48	64.39333333333333	63.53333333333333	62.94	62.93333333333333	62.22666666666667	61.3	60.18	58.666666666666664	57.1	54.32	49.36666666666667	0.0
0.0	50.00666666666667	54.46	57.2	58.86	60.49333333333333	61.61333333333334	62.72666666666667	63.17333333333333	63.653333333333336	64.62666666666667	64.88	65.32666666666667	65.64	65.76	65.44666666666667	65.71333333333334	65.80666666666667	65.98	65.73333333333333	65.69333333333333	65.75333333333333	65.86666666666666	65.44666666666667	65.36	65.21333333333334	64.63333333333334	64.16666666666667	63.513333333333335	62.82	61.76	60.5	58.99333333333333	57.04	54.88666666666666	49.92666666666667	0.0
0.0	49.46	53.946666666666665	56.45333333333333	58.85333333333333	60.13333333333333	61.473333333333336	62.42666666666667	63.18666666666667	63.56	63.913333333333334	64.18	64.42	64.46666666666667	64.6	64.66666666666667	64.66	65.12666666666667	65.21333333333334	65.02	64.95333333333333	65.08666666666667	65.0	64.79333333333334	64.86	64.35333333333334	63.67333333333333	63.093333333333334	62.64	61.913333333333334	60.95333333333333	60.08	58.28666666666667	56.593333333333334	53.96	49.50666666666667	0.0
0.0	49.54666666666667	54.28	56.96666666666667	58.81333333333333	60.193333333333335	61.03333333333333	61.86666666666667	62.49333333333333	63.14	64.05333333333333	64.18	64.73333333333333	64.77333333333333	65.46666666666667	65.28	64.98666666666666	65.39333333333333	65.43333333333334	65.54666666666667	65.34666666666666	65.28666666666666	65.24666666666667	65.04666666666667	64.59333333333333	64.26	63.95333333333333	63.666666666666664	63.17333333333333	62.473333333333336	61.49333333333333	60.45333333333333	59.24666666666667	57.06	53.98	49.4	0.0
0.0	49.60666666666667	54.10666666666667	56.6	58.29333333333334	59.906666666666666	61.46	62.266666666666666	62.50666666666667	63.086666666666666	63.31333333333333	64.03333333333333	64.33333333333333	64.66	65.22	65.73333333333333	65.42666666666666	65.17333333333333	65.56	65.71333333333334	65.56	65.11333333333333	65.12666666666667	64.64	64.34	64.20666666666666	63.986666666666665	63.46	62.29333333333334	61.76	61.06	59.68666666666667	58.68	56.93333333333333	54.36	49.61333333333334	0.0
0.0	49.32666666666667	54.406666666666666	57.00666666666667	59.04666666666667	60.08	61.24666666666667	62.2	62.68	63.4	64.12666666666667	64.47333333333333	65.14	65.21333333333334	65.57333333333334	65.9	65.86666666666666	65.97333333333333	66.04666666666667	66.02666666666667	65.92	65.96	65.26	64.96	64.79333333333334	64.64	63.93333333333333	63.593333333333334	62.95333333333333	62.266666666666666	60.72	60.086666666666666	58.36666666666667	56.68666666666667	54.35333333333333	49.44	0.0
0.0	49.72	53.846666666666664	56.63333333333333	58.56	60.35333333333333	61.026666666666664	61.70666666666666	62.67333333333333	63.50666666666667	64.13333333333334	64.36	64.68	64.94666666666667	64.98666666666666	64.87333333333333	65.22666666666667	65.32	65.43333333333334	65.57333333333334	65.14	64.81333333333333	64.56	64.42666666666666	64.08666666666667	64.06666666666666	63.6	63.06	62.54666666666667	62.026666666666664	61.26	60.07333333333333	58.67333333333333	57.0	54.14666666666667	49.54666666666667	0.0
0.0	49.45333333333333	54.2	56.66	58.35333333333333	59.806666666666665	61.17333333333333	61.71333333333333	62.50666666666667	63.053333333333335	63.66	64.5	64.68666666666667	65.10666666666667	65.28666666666666	65.68666666666667	65.74	65.46666666666667	65.50666666666666	65.45333333333333	65.58666666666667	65.48666666666666	64.95333333333333	64.81333333333333	64.13333333333334	64.01333333333334	63.68	63.18666666666667	62.593333333333334	61.986666666666665	61.14666666666667	60.04	58.833333333333336	57.03333333333333	54.43333333333333	49.653333333333336	0.0
0.0	49.406666666666666	53.95333333333333	56.4	58.45333333333333	59.61333333333334	60.81333333333333	61.946666666666665	62.513333333333335	62.873333333333335	63.62	63.78	64.19333333333333	64.51333333333334	64.63333333333334	65.09333333333333	64.9	65.21333333333334	65.16	65.02666666666667	65.04	64.84	64.82666666666667	64.82	64.51333333333334	64.23333333333333	63.82	63.28	62.346666666666664	61.766666666666666	61.013333333333335	60.00666666666667	58.25333333333333	56.71333333333333	54.166666666666664	49.766666666666666	0.0
0.0	49.86	54.77333333333333	57.013333333333335	59.12	60.35333333333333	61.373333333333335	62.28666666666667	62.88	63.593333333333334	64.07333333333334	64.41333333333333	64.80666666666667	64.85333333333334	65.16666666666667	65.54666666666667	65.92	65.98	65.86	65.78666666666666	65.44666666666667	65.32	65.47333333333333	64.82666666666667	64.99333333333334	64.86666666666666	64.46666666666667	64.09333333333333	62.96	62.086666666666666	61.18	60.03333333333333	58.72666666666667	57.0	54.7	49.626666666666665	0.0
0.0	49.70666666666666	54.553333333333335	56.986666666666665	59.14	59.986666666666665	61.24666666666667	62.193333333333335	62.84	63.02	63.486666666666665	63.973333333333336	64.38666666666667	64.58666666666667	64.82	64.88666666666667	65.07333333333334	65.03333333333333	65.07333333333334	65.16	65.08666666666667	65.02	64.78	64.92	64.6	64.25333333333333	63.96666666666667	63.193333333333335	62.54666666666667	61.82666666666667	61.166666666666664	59.986666666666665	58.85333333333333	56.56	54.553333333333335	49.53333333333333	0.0
0.0	50.08	54.81333333333333	57.36666666666667	58.71333333333333	60.28666666666667	61.473333333333336	62.526666666666664	62.96	63.46	63.86	64.41333333333333	64.83333333333333	65.19333333333333	65.55333333333333	65.71333333333334	66.04666666666667	65.56666666666666	65.68666666666667	65.22666666666667	65.26666666666667	65.14666666666666	65.28666666666666	64.73333333333333	64.64666666666666	64.24666666666667	64.01333333333334	63.60666666666667	63.03333333333333	62.18	61.79333333333334	60.43333333333333	58.66	56.846666666666664	54.45333333333333	49.70666666666666	0.0
0.0	49.54	54.14666666666667	57.18666666666667	59.086666666666666	60.013333333333335	61.126666666666665	62.053333333333335	63.12	63.526666666666664	64.16666666666667	64.79333333333334	64.80666666666667	64.70666666666666	65.11333333333333	65.54666666666667	65.86666666666666	65.87333333333333	65.98	65.72	65.66	65.47333333333333	64.9	65.14	64.62666666666667	64.19333333333333	63.486666666666665	63.10666666666667	62.32666666666667	61.8	61.18	60.20666666666666	58.70666666666666	56.85333333333333	54.32	49.906666666666666	0.0
0.0	49.526666666666664	54.45333333333333	57.18	58.72666666666667	59.94	60.96666666666667	62.413333333333334	62.64666666666667	63.526666666666664	64.03333333333333	64.32	64.26	64.72	64.83333333333333	65.1	65.22666666666667	65.26666666666667	65.57333333333334	65.30666666666667	65.26	65.17333333333333	65.01333333333334	65.02666666666667	64.61333333333333	64.42666666666666	63.9	63.38	62.906666666666666	62.46666666666667	61.64666666666667	60.67333333333333	59.373333333333335	57.026666666666664	54.526666666666664	49.60666666666667	0.0
0.0	49.766666666666666	54.306666666666665	56.986666666666665	59.026666666666664	60.39333333333333	61.14666666666667	62.233333333333334	62.68	63.346666666666664	63.86	64.29333333333334	64.07333333333334	64.47333333333333	64.78	64.82	65.27333333333333	65.7	65.48	65.59333333333333	65.39333333333333	65.42	65.41333333333333	65.32	64.94	64.67333333333333	64.07333333333334	63.64	62.96	62.32	61.74	60.27333333333333	58.913333333333334	56.99333333333333	54.24	49.873333333333335	0.0
0.0	49.306666666666665	54.026666666666664	56.473333333333336	58.586666666666666	59.85333333333333	60.94	62.093333333333334	62.66	63.27333333333333	63.733333333333334	64.06666666666666	64.33333333333333	64.97333333333333	65.21333333333334	65.28	65.75333333333333	65.50666666666666	65.52	65.47333333333333	65.6	65.56666666666666	65.22666666666667	65.13333333333334	64.8	64.28	63.78666666666667	63.34	62.50666666666667	61.93333333333333	61.1	59.413333333333334	58.46	56.76	54.32666666666667	49.486666666666665	0.0
0.0	49.88	54.6	57.45333333333333	59.18666666666667	60.586666666666666	61.54	62.44	63.06666666666667	63.49333333333333	64.12666666666667	63.946666666666665	64.32	64.94	65.18666666666667	65.17333333333333	65.38666666666667	65.18	65.26	65.43333333333334	65.48	65.58666666666667	65.13333333333334	64.64666666666666	64.82666666666667	64.58	63.96	63.64	62.72	62.06666666666667	61.27333333333333	59.94	58.57333333333333	56.72	53.98	49.32666666666667	0.0
0.0	49.79333333333334	54.20666666666666	57.31333333333333	58.71333333333333	60.27333333333333	61.22	62.28	62.85333333333333	63.66	64.32666666666667	64.49333333333334	64.88666666666667	64.99333333333334	65.4	65.75333333333333	65.62	65.62666666666667	65.82	65.92666666666666	65.60666666666667	65.43333333333334	65.11333333333333	65.02	64.62666666666667	64.14	63.86	63.72	62.986666666666665	61.96	61.48	60.4	59.04666666666667	57.266666666666666	54.666666666666664	49.78	0.0
0.0	49.986666666666665	54.346666666666664	57.14666666666667	59.16	60.79333333333334	61.56	62.126666666666665	63.233333333333334	63.626666666666665	64.06	64.81333333333333	64.99333333333334	65.16666666666667	65.54	65.76666666666667	65.60666666666667	65.93333333333334	65.99333333333334	66.00666666666666	65.81333333333333	65.74666666666667	65.47333333333333	64.95333333333333	64.65333333333334	64.62	64.39333333333333	63.54	62.98	62.38666666666666	61.82	60.88	59.126666666666665	57.266666666666666	54.346666666666664	49.68	0.0
0.0	49.81333333333333	54.28666666666667	56.82666666666667	58.64	59.89333333333333	60.95333333333333	61.846666666666664	62.50666666666667	63.026666666666664	63.85333333333333	64.19333333333333	64.37333333333333	64.63333333333334	64.56	64.88666666666667	65.04	65.04666666666667	65.42	65.19333333333333	64.94666666666667	65.31333333333333	64.80666666666667	64.65333333333334	64.42	63.88	63.526666666666664	62.96	62.446666666666665	61.833333333333336	60.986666666666665	60.11333333333334	58.72	56.86666666666667	54.333333333333336	49.36	0.0
0.0	49.42	54.166666666666664	56.373333333333335	58.513333333333335	59.79333333333334	61.18	62.07333333333333	62.513333333333335	62.84	63.64666666666667	63.88666666666666	64.03333333333333	64.40666666666667	65.20666666666666	64.98	65.12	65.16	65.14666666666666	65.14666666666666	65.36	65.1	65.09333333333333	64.75333333333333	64.53333333333333	64.26	63.8	62.92	62.64	61.593333333333334	60.54	59.96666666666667	58.36	56.626666666666665	54.086666666666666	49.46666666666667	0.0
0.0	49.63333333333333	54.0	56.92	58.61333333333334	60.013333333333335	60.86	61.93333333333333	62.60666666666667	62.96666666666667	63.9	64.24	64.42666666666666	64.39333333333333	64.88	64.86666666666666	65.19333333333333	65.18	65.48666666666666	65.54	65.18666666666667	64.81333333333333	64.56	64.61333333333333	64.26	63.75333333333333	63.32666666666667	63.24	62.346666666666664	61.846666666666664	61.14	59.666666666666664	58.26	56.64	53.766666666666666	49.48	0.0
0.0	49.846666666666664	54.07333333333333	56.96	58.7	59.96	60.88666666666666	61.8	62.653333333333336	63.28	63.946666666666665	64.15333333333334	65.27333333333333	65.19333333333333	65.69333333333333	65.31333333333333	65.44666666666667	65.35333333333334	65.41333333333333	65.82	65.35333333333334	65.21333333333334	65.03333333333333	64.98	64.72	64.5	63.75333333333333	63.973333333333336	62.94	62.42	61.473333333333336	60.7	59.31333333333333	56.96	54.07333333333333	49.586666666666666	0.0
0.0	49.77333333333333	54.32	57.24	59.02	60.77333333333333	61.54	62.26	63.18	63.72666666666667	64.4	64.59333333333333	64.81333333333333	65.34666666666666	65.58666666666667	65.75333333333333	65.70666666666666	65.59333333333333	65.96	65.50666666666666	65.51333333333334	65.22	64.95333333333333	65.24666666666667	64.64666666666666	64.64	64.08	63.513333333333335	62.9	62.553333333333335	61.42	60.35333333333333	58.82	57.25333333333333	54.25333333333333	49.72	0.0
0.0	49.78	54.68666666666667	57.17333333333333	58.8	60.34	61.11333333333334	62.22	63.07333333333333	63.18666666666667	63.8	64.58666666666667	64.52	64.84	64.98666666666666	65.24666666666667	65.16	65.16	65.29333333333334	65.24666666666667	64.98666666666666	65.35333333333334	64.98	64.76	64.52	63.846666666666664	63.413333333333334	63.36	62.98	62.29333333333334	61.12	60.026666666666664	58.99333333333333	56.873333333333335	53.96	49.553333333333335	0.0
0.0	49.12	54.13333333333333	56.64	58.46666666666667	59.92	61.29333333333334	61.96666666666667	62.52	62.96666666666667	63.82666666666667	63.96666666666667	64.44	64.54666666666667	65.09333333333333	65.14	64.98666666666666	65.07333333333334	64.99333333333334	65.44666666666667	64.99333333333334	65.16	64.99333333333334	64.61333333333333	64.7	63.86666666666667	63.446666666666665	63.233333333333334	62.92666666666667	62.166666666666664	61.193333333333335	60.25333333333333	58.56	56.79333333333334	53.88666666666666	49.28666666666667	0.0
0.0	49.406666666666666	54.17333333333333	56.82666666666667	58.61333333333334	59.94	61.086666666666666	61.92	62.34	63.11333333333334	63.68	63.74	64.54	64.9	64.77333333333333	65.29333333333334	65.46	65.69333333333333	65.33333333333333	65.20666666666666	64.89333333333333	64.88	65.0	64.79333333333334	64.59333333333333	64.29333333333334	64.07333333333334	63.233333333333334	63.0	62.306666666666665	61.66	59.766666666666666	58.60666666666667	56.88666666666666	54.28666666666667	49.49333333333333	0.0
0.0	49.71333333333333	54.593333333333334	57.486666666666665	59.2	60.66	61.77333333333333	62.58	63.25333333333333	63.96666666666667	64.23333333333333	64.85333333333334	65.43333333333334	65.20666666666666	65.50666666666666	65.86666666666666	65.74666666666667	66.0	66.0	65.96	65.94666666666667	65.66	65.68666666666667	65.36666666666666	64.66666666666667	64.35333333333334	64.04	63.846666666666664	63.28	62.513333333333335	61.62	60.38666666666666	58.77333333333333	57.333333333333336	54.61333333333334	50.12	0.0
0.0	49.50666666666667	54.26	57.24666666666667	59.233333333333334	60.4	61.92	62.48	63.153333333333336	63.446666666666665	64.04	64.23333333333333	64.84666666666666	65.07333333333334	64.89333333333333	65.18	65.21333333333334	65.52666666666667	65.82666666666667	65.64	65.76666666666667	65.24	65.07333333333334	64.73333333333333	64.32	63.946666666666665	63.70666666666666	63.54	62.92666666666667	61.88666666666666	61.166666666666664	59.76	58.71333333333333	57.093333333333334	54.346666666666664	49.32666666666667	0.0
0.0	49.35333333333333	54.02	56.593333333333334	58.17333333333333	59.82	61.04666666666667	61.5	62.56	63.3	63.733333333333334	64.01333333333334	64.42	64.57333333333334	64.65333333333334	64.74	64.96666666666667	65.25333333333333	65.51333333333334	65.09333333333333	65.39333333333333	65.18	65.72666666666667	65.14666666666666	64.68	64.39333333333333	64.0	63.29333333333334	62.70666666666666	62.06666666666667	60.84	59.81333333333333	58.67333333333333	56.79333333333334	54.306666666666665	49.526666666666664	0.0
0.0	49.38666666666666	54.11333333333334	56.766666666666666	58.85333333333333	59.9	61.31333333333333	61.74666666666667	62.56666666666667	63.22	63.68	63.75333333333333	64.23333333333333	64.57333333333334	64.55333333333333	64.87333333333333	64.8	64.90666666666667	64.93333333333334	64.70666666666666	65.1	64.56	64.46666666666667	64.04	64.17333333333333	63.78666666666667	63.24666666666667	62.94	62.32	61.79333333333334	60.96666666666667	59.913333333333334	58.82	56.71333333333333	54.11333333333334	49.32	0.0
0.0	49.64666666666667	54.21333333333333	56.84	58.99333333333333	59.92	61.126666666666665	62.26	62.74666666666667	63.07333333333333	64.19333333333333	64.66666666666667	64.82	64.88666666666667	65.09333333333333	65.24666666666667	65.6	65.36	65.36	65.76	65.27333333333333	65.66666666666667	65.29333333333334	64.84	64.49333333333334	64.25333333333333	63.593333333333334	63.36666666666667	62.68666666666667	61.86666666666667	60.986666666666665	59.92	58.473333333333336	57.16	54.486666666666665	49.76	0.0
0.0	49.81333333333333	54.29333333333334	57.193333333333335	58.79333333333334	60.32666666666667	61.52	62.03333333333333	63.07333333333333	63.28666666666667	63.48	64.39333333333333	64.52666666666667	64.9	64.95333333333333	65.40666666666667	65.57333333333334	65.72	65.49333333333334	65.21333333333334	65.51333333333334	65.13333333333334	65.12666666666667	65.06666666666666	64.40666666666667	64.13333333333334	63.986666666666665	63.38666666666666	62.38	61.86666666666667	61.026666666666664	59.806666666666665	58.806666666666665	56.66	54.28	49.70666666666666	0.0
0.0	49.693333333333335	54.13333333333333	56.7	58.57333333333333	60.12	60.913333333333334	62.1	62.52	62.81333333333333	63.54666666666667	63.873333333333335	64.14666666666666	64.74	65.12666666666667	65.1	65.38	65.28666666666666	65.28	65.26	65.36666666666666	64.90666666666667	64.71333333333334	64.44	64.21333333333334	64.04666666666667	63.74	63.11333333333334	62.733333333333334	61.93333333333333	60.78	59.586666666666666	58.446666666666665	56.77333333333333	54.16	49.58	0.0
0.0	49.526666666666664	54.346666666666664	57.193333333333335	59.04	60.07333333333333	61.45333333333333	62.04	63.18	63.53333333333333	64.00666666666666	64.58666666666667	64.64666666666666	65.38666666666667	65.22666666666667	65.44	65.44	65.6	65.2	65.28666666666666	65.46	65.22	64.85333333333334	64.65333333333334	64.54	64.13333333333334	63.88	63.38666666666666	62.77333333333333	61.973333333333336	61.32666666666667	60.12	58.906666666666666	57.346666666666664	54.79333333333334	49.70666666666666	0.0
0.0	49.74666666666667	54.35333333333333	57.093333333333334	59.16	60.21333333333333	61.526666666666664	62.36666666666667	63.0	63.1	63.70666666666666	64.10666666666667	64.82666666666667	64.55333333333333	65.13333333333334	65.21333333333334	65.20666666666666	65.15333333333334	65.39333333333333	65.09333333333333	65.28666666666666	65.28	65.22666666666667	64.91333333333333	64.49333333333334	63.986666666666665	63.973333333333336	63.093333333333334	62.5	62.16	61.17333333333333	60.04	58.68	57.266666666666666	54.28	49.63333333333333	0.0
0.0	49.67333333333333	54.233333333333334	56.74	58.4	59.82	61.13333333333333	61.86	62.553333333333335	63.25333333333333	63.78	64.58	64.49333333333334	65.27333333333333	65.62666666666667	65.57333333333334	65.78	65.77333333333333	65.88666666666667	65.83333333333333	65.60666666666667	65.27333333333333	65.08666666666667	65.02666666666667	64.52666666666667	63.946666666666665	64.08	63.14	62.94	62.13333333333333	61.07333333333333	60.07333333333333	58.513333333333335	56.62	53.92666666666667	49.44	0.0
0.0	49.8	54.48	57.153333333333336	59.04666666666667	60.5	61.666666666666664	62.346666666666664	63.14666666666667	63.946666666666665	64.28666666666666	64.78666666666666	65.06666666666666	64.85333333333334	65.06666666666666	65.62	65.84	65.55333333333333	65.88666666666667	65.75333333333333	65.62666666666667	65.41333333333333	65.31333333333333	65.27333333333333	64.83333333333333	64.58666666666667	64.42666666666666	63.653333333333336	63.28	62.46	61.96	60.52	58.74666666666667	57.126666666666665	54.64	49.79333333333334	0.0
0.0	49.76	54.45333333333333	57.42666666666667	59.22	60.66	61.733333333333334	62.873333333333335	63.513333333333335	64.14	64.3	64.68666666666667	65.4	65.52	65.60666666666667	66.01333333333334	66.09333333333333	66.02666666666667	65.8	65.90666666666667	65.69333333333333	65.50666666666666	65.41333333333333	65.25333333333333	65.22	64.34	64.38	63.693333333333335	63.14666666666667	62.16	61.6	60.166666666666664	58.92	57.24666666666667	54.5	49.9	0.0
0.0	49.32666666666667	54.10666666666667	56.78666666666667	58.84	59.70666666666666	61.013333333333335	61.76	62.72	63.373333333333335	63.86	64.11333333333333	64.18666666666667	64.26666666666667	64.71333333333334	64.98666666666666	65.0	65.0	64.98666666666666	65.09333333333333	65.12666666666667	65.21333333333334	64.74	64.49333333333334	63.85333333333333	63.733333333333334	63.54	62.84	62.32	61.833333333333336	60.79333333333334	60.02	58.43333333333333	56.7	53.86	49.0	0.0
0.0	49.78	54.42666666666667	57.04	58.89333333333333	60.346666666666664	61.64666666666667	62.28666666666667	63.29333333333334	63.553333333333335	63.88666666666666	64.13333333333334	65.20666666666666	65.46	65.52	65.12	65.33333333333333	65.37333333333333	65.32666666666667	65.07333333333334	65.35333333333334	65.04666666666667	65.00666666666666	64.78	64.44	64.22	64.01333333333334	63.24666666666667	62.44	61.84	60.86666666666667	59.85333333333333	58.5	56.766666666666666	54.24	49.72	0.0
0.0	49.66	54.12	57.20666666666666	58.45333333333333	59.913333333333334	61.32666666666667	62.14	62.46	63.26	64.32666666666667	64.52666666666667	64.59333333333333	65.17333333333333	65.20666666666666	65.27333333333333	65.39333333333333	65.41333333333333	65.58666666666667	65.17333333333333	64.74	65.04	64.84666666666666	64.63333333333334	64.43333333333334	64.12	63.486666666666665	63.72666666666667	62.973333333333336	62.126666666666665	61.56666666666667	60.0	58.39333333333333	56.79333333333334	54.43333333333333	49.54	0.0
0.0	49.54666666666667	54.22	56.60666666666667	58.513333333333335	60.166666666666664	61.04	61.846666666666664	62.44	63.22666666666667	63.526666666666664	64.18666666666667	64.7	64.76666666666667	64.96	65.12666666666667	64.96666666666667	65.01333333333334	64.98	64.81333333333333	65.0	65.1	64.76666666666667	65.10666666666667	64.44666666666667	63.92666666666667	63.653333333333336	63.2	62.266666666666666	61.7	60.873333333333335	59.913333333333334	58.61333333333334	56.98	54.2	49.20666666666666	0.0
0.0	49.58	54.13333333333333	56.70666666666666	59.29333333333334	60.026666666666664	61.07333333333333	61.82666666666667	63.06	63.26	63.766666666666666	64.55333333333333	64.96	64.78666666666666	65.06666666666666	65.24666666666667	65.80666666666667	65.71333333333334	65.64	65.45333333333333	65.59333333333333	65.46	65.22666666666667	65.04666666666667	64.69333333333333	64.52666666666667	63.626666666666665	63.49333333333333	63.27333333333333	62.053333333333335	61.46	60.24	58.94	57.44	54.52	49.64	0.0
0.0	49.44	54.513333333333335	57.16	58.77333333333333	60.04	60.8	62.18	62.82666666666667	63.82	64.02	64.30666666666667	64.58	64.76	65.08666666666667	65.37333333333333	65.22666666666667	65.36666666666666	65.10666666666667	65.14666666666666	65.12	65.56666666666666	65.24	64.94	64.52666666666667	64.46	64.01333333333334	63.26	62.586666666666666	62.18666666666667	61.266666666666666	60.486666666666665	59.13333333333333	57.38666666666666	54.586666666666666	49.693333333333335	0.0
0.0	49.61333333333334	54.14	56.733333333333334	58.67333333333333	60.32666666666667	61.1	62.013333333333335	63.25333333333333	63.38666666666666	63.64	64.22	64.66666666666667	65.00666666666666	65.22	65.20666666666666	65.22	65.15333333333334	65.44666666666667	65.18666666666667	65.50666666666666	65.18666666666667	65.16	65.5	65.05333333333333	64.6	64.39333333333333	63.9	62.906666666666666	62.35333333333333	61.266666666666666	60.20666666666666	58.88666666666666	57.14666666666667	54.10666666666667	49.513333333333335	0.0
0.0	49.72	54.06666666666667	56.88666666666666	58.56666666666667	59.68666666666667	60.38	61.62	62.46	63.25333333333333	63.78	64.38	64.57333333333334	64.75333333333333	64.62666666666667	64.81333333333333	65.12	65.14	65.30666666666667	65.24	64.96	64.83333333333333	64.87333333333333	64.72	64.80666666666667	64.54	63.92	63.406666666666666	62.846666666666664	61.74666666666667	60.88	59.88666666666666	58.13333333333333	56.653333333333336	54.52	49.60666666666667	0.0
0.0	49.64	54.22666666666667	56.94	58.946666666666665	60.22	61.42666666666667	62.28	62.95333333333333	63.26	63.8	64.52666666666667	64.64	64.90666666666667	65.34	65.56666666666666	65.2	65.12666666666667	65.02	65.34	65.15333333333334	65.21333333333334	65.28	64.65333333333334	64.64	64.48	64.12	63.44	63.18	62.333333333333336	61.54666666666667	60.39333333333333	58.846666666666664	57.233333333333334	54.653333333333336	49.833333333333336	0.0
0.0	49.38	54.166666666666664	56.733333333333334	58.71333333333333	60.193333333333335	61.07333333333333	61.84	62.7	62.89333333333333	63.74666666666667	63.873333333333335	64.63333333333334	64.91333333333333	65.6	65.63333333333334	65.76	65.58666666666667	65.54	65.16	65.29333333333334	65.63333333333334	65.24	64.92	64.86	64.25333333333333	63.82	63.053333333333335	62.92	61.68666666666667	60.986666666666665	60.053333333333335	58.3	57.026666666666664	54.21333333333333	49.553333333333335	0.0
0.0	49.18	54.153333333333336	56.666666666666664	58.64	59.986666666666665	61.14666666666667	61.81333333333333	62.5	62.95333333333333	63.36666666666667	63.92	64.52666666666667	64.19333333333333	64.42	64.92	65.02666666666667	65.14	65.04	65.2	65.03333333333333	65.1	64.57333333333334	64.59333333333333	64.50666666666666	63.92	63.806666666666665	63.10666666666667	62.46	61.88666666666666	61.28	60.193333333333335	58.63333333333333	56.74666666666667	54.086666666666666	49.20666666666666	0.0
0.0	49.92666666666667	54.21333333333333	56.96	59.29333333333334	60.4	61.413333333333334	62.153333333333336	62.95333333333333	63.266666666666666	63.973333333333336	63.78	64.07333333333334	64.68	64.62	64.88666666666667	65.42666666666666	65.39333333333333	65.42666666666666	65.20666666666666	65.43333333333334	65.19333333333333	64.98	64.56666666666666	64.46	64.25333333333333	63.873333333333335	63.346666666666664	62.7	62.3	61.306666666666665	60.16	58.86	56.71333333333333	54.5	50.04	0.0
0.0	49.626666666666665	54.70666666666666	57.406666666666666	59.086666666666666	60.82	61.78666666666667	62.43333333333333	63.24666666666667	63.86	64.24	64.81333333333333	65.1	64.92	65.66666666666667	65.65333333333334	65.53333333333333	66.02	65.7	65.75333333333333	65.58	65.54	65.08666666666667	65.0	64.68	64.18666666666667	63.986666666666665	63.653333333333336	62.88666666666666	61.873333333333335	61.06	60.17333333333333	59.02	56.913333333333334	54.08	49.88666666666666	0.0
0.0	49.66	54.406666666666666	57.14666666666667	58.58	60.086666666666666	61.04	61.50666666666667	62.56666666666667	63.39333333333333	63.52	63.88666666666666	64.32666666666667	64.58666666666667	64.64	64.46666666666667	64.85333333333334	65.26666666666667	65.14666666666666	65.54	65.08666666666667	65.08	64.8	64.64666666666666	64.24666666666667	64.0	63.24666666666667	62.86	62.58	62.166666666666664	61.50666666666667	59.86666666666667	58.593333333333334	56.64666666666667	53.88	49.32	0.0
0.0	49.38	54.22666666666667	56.946666666666665	58.95333333333333	60.22666666666667	61.46	62.42	62.56	63.96	63.77333333333333	63.72666666666667	64.48	65.05333333333333	64.98	65.44666666666667	65.53333333333333	65.76666666666667	65.84	65.91333333333333	66.22	65.64	65.39333333333333	65.04	65.07333333333334	64.8	64.20666666666666	63.906666666666666	63.18	62.60666666666667	61.373333333333335	60.32666666666667	59.12	56.92	54.49333333333333	49.50666666666667	0.0
0.0	49.32	54.26	57.04666666666667	58.86666666666667	60.013333333333335	61.36666666666667	62.026666666666664	62.72	63.42	63.58	64.28666666666666	64.55333333333333	64.78	65.24666666666667	65.05333333333333	65.06	64.95333333333333	65.04666666666667	65.08	65.10666666666667	64.43333333333334	64.65333333333334	64.26	63.89333333333333	63.553333333333335	63.25333333333333	62.77333333333333	62.46	61.5	60.92	59.63333333333333	58.64	56.98	54.4	49.45333333333333	0.0
0.0	49.693333333333335	54.21333333333333	56.31333333333333	58.153333333333336	59.846666666666664	61.07333333333333	61.86666666666667	62.93333333333333	63.42	63.9	64.23333333333333	64.79333333333334	64.92	65.04666666666667	65.79333333333334	65.54666666666667	65.70666666666666	65.55333333333333	65.6	65.62666666666667	65.38666666666667	65.48	65.06	64.66	64.01333333333334	63.6	62.733333333333334	62.333333333333336	62.34	61.17333333333333	60.34	58.49333333333333	56.693333333333335	53.92666666666667	49.35333333333333	0.0
0.0	49.413333333333334	54.20666666666666	56.56	58.6	59.99333333333333	61.013333333333335	61.62	62.266666666666666	62.78	63.48	64.03333333333333	64.52666666666667	64.73333333333333	64.82	64.96	65.07333333333334	65.12666666666667	65.12	65.27333333333333	65.35333333333334	64.98666666666666	65.04	64.82	64.33333333333333	64.38666666666667	63.76	63.68666666666667	63.04	62.053333333333335	61.21333333333333	60.093333333333334	58.46666666666667	56.806666666666665	54.04666666666667	49.553333333333335	0.0
0.0	49.14	53.99333333333333	56.586666666666666	58.64	59.9	60.85333333333333	62.02	62.54666666666667	63.04	63.32	63.906666666666666	64.24	64.47333333333333	64.6	65.01333333333334	65.18	65.13333333333334	65.12666666666667	65.04	65.35333333333334	65.1	65.18	64.97333333333333	64.48	64.06	63.986666666666665	63.74	63.02	62.32666666666667	61.093333333333334	60.1	58.56	56.946666666666665	54.026666666666664	49.71333333333333	0.0
0.0	49.67333333333333	54.44	56.72	58.6	60.126666666666665	61.20666666666666	62.013333333333335	62.693333333333335	63.08	63.62	64.16666666666667	64.67333333333333	64.81333333333333	65.0	65.3	65.31333333333333	65.42	65.05333333333333	65.24	65.42666666666666	65.31333333333333	65.38666666666667	64.84	65.03333333333333	64.67333333333333	64.18666666666667	63.76	63.00666666666667	61.92666666666667	61.32666666666667	59.93333333333333	58.89333333333333	56.99333333333333	54.64	49.61333333333334	0.0
0.0	49.36666666666667	53.8	56.70666666666666	58.28	60.093333333333334	61.06666666666667	61.42	62.28666666666667	63.013333333333335	63.48	63.78666666666667	63.98	64.5	64.33333333333333	64.55333333333333	65.0	65.18666666666667	65.23333333333333	64.81333333333333	64.7	64.61333333333333	64.55333333333333	64.50666666666666	64.20666666666666	63.62	63.29333333333334	62.60666666666667	62.18	61.42	60.64666666666667	60.03333333333333	58.22666666666667	56.446666666666665	53.71333333333333	49.14666666666667	0.0
0.0	49.46666666666667	54.24666666666667	56.95333333333333	58.81333333333333	60.233333333333334	60.846666666666664	61.86666666666667	62.28666666666667	63.16	63.88	64.22666666666667	64.39333333333333	64.84	65.26666666666667	65.48	65.54666666666667	65.66	65.58	65.48	65.5	65.3	65.24666666666667	65.02666666666667	64.71333333333334	64.40666666666667	64.02666666666667	63.333333333333336	62.61333333333334	61.86666666666667	61.11333333333334	60.24	58.72	57.06	54.20666666666666	49.62	0.0
0.0	49.35333333333333	54.17333333333333	56.50666666666667	58.553333333333335	59.86	61.3	61.76	62.4	62.72666666666667	63.49333333333333	64.0	64.08	64.44666666666667	64.58666666666667	64.56666666666666	64.90666666666667	65.52	65.40666666666667	65.86666666666666	65.39333333333333	65.47333333333333	64.98	64.76666666666667	64.66666666666667	63.9	63.653333333333336	63.21333333333333	62.75333333333333	61.48	60.28666666666667	59.46666666666667	58.68666666666667	57.04666666666667	54.29333333333334	49.53333333333333	0.0
0.0	49.653333333333336	54.54666666666667	57.22	58.70666666666666	60.16	61.06666666666667	62.093333333333334	62.79333333333334	63.346666666666664	63.86	64.6	64.75333333333333	64.97333333333333	64.86	65.60666666666667	65.92666666666666	65.34	65.66666666666667	65.49333333333334	65.71333333333334	65.51333333333334	65.56	65.09333333333333	64.86	64.30666666666667	63.92666666666667	63.38	63.1	62.10666666666667	61.27333333333333	60.166666666666664	58.61333333333334	56.94	54.153333333333336	49.54666666666667	0.0
0.0	49.84	54.54	57.32666666666667	59.32	60.7	61.9	62.193333333333335	63.093333333333334	63.57333333333333	64.46666666666667	64.54666666666667	64.75333333333333	65.22666666666667	65.17333333333333	65.51333333333334	65.84666666666666	65.75333333333333	66.08666666666667	65.65333333333334	65.57333333333334	65.5	65.2	65.06	64.70666666666666	64.43333333333334	64.04666666666667	63.82	62.78666666666667	61.946666666666665	61.12	60.31333333333333	58.7	57.21333333333333	54.7	49.473333333333336	0.0
0.0	49.553333333333335	54.21333333333333	56.833333333333336	58.306666666666665	59.71333333333333	60.913333333333334	61.60666666666667	62.64	63.22	63.58	63.99333333333333	64.58666666666667	65.16	65.37333333333333	65.43333333333334	65.97333333333333	65.66	66.16	65.93333333333334	65.81333333333333	65.55333333333333	65.54666666666667	65.33333333333333	64.78	64.47333333333333	63.82666666666667	63.53333333333333	62.89333333333333	62.00666666666667	61.11333333333334	60.1	58.54	56.78666666666667	54.17333333333333	49.42666666666667	0.0
0.0	49.733333333333334	54.22666666666667	56.593333333333334	58.6	59.88	61.10666666666667	61.95333333333333	62.36	62.48	63.39333333333333	63.413333333333334	64.32666666666667	64.60666666666667	64.58	65.08666666666667	64.94666666666667	65.02666666666667	65.03333333333333	65.14	65.17333333333333	65.04666666666667	64.84	64.96666666666667	64.50666666666666	64.57333333333334	63.92	63.46666666666667	62.946666666666665	62.166666666666664	61.446666666666665	60.266666666666666	58.79333333333334	56.81333333333333	54.193333333333335	49.486666666666665	0.0
0.0	49.666666666666664	54.593333333333334	56.62	58.28	60.086666666666666	61.193333333333335	62.013333333333335	62.833333333333336	63.626666666666665	64.25333333333333	64.78666666666666	65.14	65.18	65.23333333333333	65.11333333333333	65.73333333333333	65.29333333333334	65.37333333333333	65.54	65.65333333333334	65.56666666666666	65.42	65.11333333333333	64.65333333333334	64.44666666666667	63.63333333333333	63.21333333333333	62.78	62.08	61.24666666666667	60.39333333333333	58.82	56.946666666666665	54.46	49.593333333333334	0.0
0.0	49.71333333333333	54.06	56.513333333333335	58.586666666666666	59.98	60.92	62.11333333333334	62.94	63.67333333333333	63.84	64.02	64.48666666666666	64.91333333333333	65.03333333333333	65.46	65.47333333333333	66.02666666666667	65.82	65.78	65.58	65.64666666666666	65.14	64.88666666666667	64.94666666666667	64.44	63.78	63.18666666666667	63.03333333333333	62.31333333333333	61.28666666666667	60.26	59.07333333333333	57.486666666666665	54.21333333333333	49.63333333333333	0.0
0.0	49.5	54.22666666666667	57.21333333333333	59.093333333333334	60.28666666666667	61.306666666666665	62.34	63.086666666666666	63.42	63.92666666666667	64.59333333333333	64.84666666666666	65.37333333333333	65.14666666666666	65.40666666666667	65.95333333333333	65.82666666666667	65.69333333333333	65.71333333333334	65.20666666666666	65.34	65.24	65.11333333333333	64.72666666666667	64.32	64.48666666666666	63.513333333333335	63.153333333333336	62.22	61.0	60.086666666666666	58.93333333333333	56.9	54.526666666666664	49.46666666666667	0.0
0.0	49.92	54.233333333333334	57.36666666666667	59.093333333333334	60.39333333333333	61.46666666666667	62.166666666666664	63.406666666666666	63.526666666666664	64.00666666666666	64.49333333333334	64.76	65.45333333333333	65.46	65.40666666666667	65.96666666666667	65.88666666666667	65.19333333333333	65.20666666666666	65.65333333333334	65.28666666666666	65.13333333333334	64.8	64.78666666666666	64.56	64.06666666666666	63.56666666666667	63.02	62.473333333333336	61.29333333333334	60.48	59.44	57.373333333333335	54.5	49.833333333333336	0.0
0.0	49.406666666666666	54.32	56.82	58.626666666666665	60.20666666666666	60.86	61.6	62.63333333333333	63.11333333333334	63.553333333333335	64.06666666666666	64.7	64.78	64.89333333333333	65.1	65.02666666666667	65.38666666666667	65.38666666666667	65.29333333333334	65.36666666666666	65.28	64.94666666666667	64.50666666666666	63.986666666666665	63.75333333333333	63.553333333333335	63.38	62.79333333333334	61.50666666666667	61.29333333333334	60.06666666666667	58.50666666666667	56.96	54.02	49.526666666666664	0.0
0.0	48.99333333333333	53.63333333333333	56.78	58.49333333333333	59.946666666666665	60.93333333333333	61.94	62.18666666666667	62.666666666666664	63.58	63.693333333333335	64.07333333333334	64.48666666666666	64.48666666666666	64.85333333333334	64.86	64.93333333333334	65.12666666666667	64.96	64.84666666666666	64.60666666666667	64.45333333333333	64.56666666666666	64.11333333333333	64.16666666666667	63.57333333333333	62.88	62.513333333333335	61.82666666666667	60.9	60.29333333333334	58.553333333333335	56.653333333333336	54.00666666666667	49.53333333333333	0.0
0.0	49.906666666666666	54.346666666666664	57.56666666666667	58.846666666666664	60.00666666666667	61.02	61.82666666666667	62.36666666666667	63.013333333333335	63.57333333333333	64.29333333333334	64.75333333333333	64.81333333333333	65.10666666666667	65.40666666666667	65.35333333333334	65.32666666666667	65.50666666666666	65.2	65.26666666666667	65.04	65.03333333333333	64.8	65.00666666666666	64.42	64.04	63.593333333333334	62.64666666666667	61.72666666666667	60.95333333333333	60.07333333333333	58.62	56.7	54.2	49.74666666666667	0.0
0.0	49.71333333333333	54.22666666666667	56.96666666666667	58.74666666666667	60.153333333333336	61.06	61.84	62.25333333333333	62.85333333333333	63.72666666666667	64.19333333333333	64.61333333333333	65.22	65.14	65.24	65.26666666666667	65.37333333333333	64.79333333333334	64.92	64.98666666666666	64.70666666666666	64.46666666666667	64.63333333333334	64.22666666666667	64.24666666666667	63.81333333333333	63.18666666666667	62.593333333333334	61.86	60.79333333333334	59.64666666666667	58.666666666666664	56.71333333333333	54.2	49.36	0.0
0.0	49.48	54.3	56.946666666666665	58.486666666666665	59.986666666666665	61.28666666666667	62.0	62.58	63.54666666666667	63.833333333333336	64.62	65.04	65.18666666666667	65.46	65.44	66.02666666666667	65.79333333333334	65.98666666666666	65.86	65.64666666666666	65.57333333333334	65.51333333333334	65.38	64.79333333333334	64.28666666666666	63.96666666666667	64.06	63.20666666666666	62.446666666666665	61.71333333333333	60.60666666666667	59.00666666666667	56.906666666666666	54.093333333333334	49.70666666666666	0.0
0.0	49.513333333333335	54.18666666666667	56.89333333333333	59.08	60.413333333333334	61.14666666666667	62.153333333333336	62.54	63.0	63.42	63.86	64.59333333333333	65.04666666666667	65.14	65.24666666666667	65.22	65.5	65.65333333333334	65.75333333333333	65.57333333333334	65.60666666666667	65.32666666666667	65.16	65.01333333333334	64.37333333333333	63.666666666666664	63.16	62.66	62.11333333333334	61.406666666666666	60.00666666666667	59.193333333333335	56.89333333333333	54.12	49.446666666666665	0.0
0.0	49.56	54.153333333333336	56.586666666666666	58.70666666666666	59.833333333333336	61.22	61.906666666666666	62.92	63.24666666666667	63.56666666666667	64.04	63.98	64.54666666666667	64.95333333333333	64.90666666666667	65.35333333333334	65.25333333333333	65.31333333333333	65.38	65.10666666666667	65.12	65.17333333333333	64.51333333333334	64.12666666666667	63.77333333333333	63.233333333333334	63.18666666666667	62.36	61.9	60.99333333333333	59.93333333333333	58.5	56.46666666666667	54.02	49.44	0.0
0.0	49.833333333333336	54.48	57.346666666666664	58.63333333333333	60.06	61.13333333333333	62.06666666666667	62.74666666666667	63.31333333333333	63.733333333333334	64.08666666666667	64.4	64.41333333333333	64.93333333333334	64.92666666666666	65.53333333333333	65.5	65.71333333333334	65.74	65.2	65.29333333333334	64.77333333333333	64.69333333333333	64.94666666666667	64.46	63.58	62.906666666666666	62.873333333333335	61.86	61.086666666666666	59.92666666666667	59.02	57.20666666666666	54.166666666666664	49.42666666666667	0.0
0.0	49.50666666666667	54.413333333333334	57.24	58.9	60.54666666666667	61.166666666666664	62.03333333333333	62.92	63.24666666666667	63.88	64.52666666666667	64.88	64.68	65.35333333333334	65.54	65.48666666666666	65.46666666666667	65.32	65.56666666666666	65.26666666666667	65.37333333333333	65.24666666666667	64.55333333333333	64.13333333333334	64.28	63.68	63.333333333333336	62.54666666666667	62.333333333333336	61.6	60.306666666666665	59.1	57.14666666666667	54.67333333333333	49.78	0.0
0.0	49.56	54.35333333333333	57.053333333333335	58.413333333333334	59.82	61.10666666666667	61.95333333333333	62.04	62.82666666666667	63.17333333333333	63.81333333333333	63.95333333333333	64.18	64.84	64.56	65.14	65.24666666666667	65.12666666666667	65.32666666666667	64.76	65.24	65.02	64.86666666666666	64.22666666666667	64.38	63.74666666666667	63.446666666666665	62.68	62.11333333333334	61.38	60.04666666666667	58.35333333333333	56.973333333333336	53.92	49.446666666666665	0.0
0.0	49.32666666666667	54.3	56.54	58.75333333333333	59.92	60.95333333333333	62.06	62.9	63.3	63.46666666666667	63.82	64.29333333333334	64.8	65.23333333333333	65.66666666666667	65.64	65.84666666666666	65.75333333333333	65.98	65.68	65.32666666666667	65.32666666666667	65.21333333333334	65.03333333333333	64.30666666666667	63.98	63.63333333333333	63.04	62.27333333333333	61.406666666666666	60.1	58.96	57.153333333333336	54.48	49.36666666666667	0.0
0.0	49.72	54.45333333333333	57.36	59.06666666666667	60.72	61.3	62.38666666666666	63.306666666666665	63.56666666666667	64.0	64.37333333333333	64.94666666666667	65.35333333333334	65.18	65.63333333333334	65.50666666666666	65.64666666666666	65.76666666666667	65.6	65.5	65.26	65.13333333333334	65.12	64.75333333333333	64.21333333333334	63.56	63.413333333333334	62.31333333333333	62.04666666666667	61.28	60.12	58.86	56.70666666666666	54.053333333333335	49.233333333333334	0.0
0.0	49.58	54.24	57.32	58.733333333333334	60.78666666666667	61.71333333333333	62.406666666666666	62.76	63.94	63.96	64.74	64.68666666666667	64.68	65.06666666666666	65.29333333333334	65.66	65.76666666666667	65.86	65.64	65.56	65.4	65.54	65.35333333333334	64.78	64.28	63.9	63.626666666666665	63.10666666666667	61.846666666666664	61.2	60.4	58.88666666666666	56.89333333333333	54.16	49.89333333333333	0.0
0.0	49.586666666666666	54.06666666666667	56.75333333333333	58.8	59.86666666666667	60.946666666666665	61.76	62.34	62.88666666666666	63.513333333333335	64.16	64.58666666666667	64.67333333333333	65.02666666666667	65.38	65.23333333333333	65.48	65.38666666666667	65.45333333333333	65.36	65.04	64.93333333333334	64.64	64.52666666666667	64.25333333333333	63.553333333333335	63.166666666666664	62.25333333333333	61.653333333333336	61.04666666666667	60.12	58.63333333333333	56.85333333333333	54.346666666666664	49.35333333333333	0.0
0.0	49.806666666666665	54.193333333333335	56.58	58.18	59.806666666666665	60.98	61.96666666666667	62.54	63.43333333333333	63.586666666666666	63.86	64.01333333333334	64.35333333333334	64.57333333333334	64.63333333333334	64.58666666666667	64.42666666666666	64.55333333333333	64.62	64.80666666666667	64.64	64.42	64.27333333333333	64.12	63.64	63.74	63.166666666666664	62.61333333333334	61.653333333333336	60.88666666666666	59.85333333333333	58.406666666666666	56.5	54.406666666666666	49.28666666666667	0.0
0.0	49.46666666666667	54.18	57.16	59.026666666666664	60.49333333333333	61.11333333333334	62.18	62.973333333333336	63.4	63.99333333333333	64.33333333333333	64.72666666666667	64.56	64.32	64.48666666666666	64.84666666666666	65.03333333333333	65.43333333333334	65.27333333333333	64.92	65.18666666666667	64.84666666666666	64.78	64.42666666666666	64.06	64.10666666666667	63.54666666666667	62.653333333333336	62.14	61.0	59.96	58.82666666666667	56.96666666666667	54.2	49.45333333333333	0.0
0.0	49.53333333333333	54.20666666666666	57.34	59.14	60.93333333333333	61.333333333333336	62.35333333333333	63.07333333333333	63.24	64.04666666666667	64.22	64.84666666666666	65.17333333333333	64.93333333333334	65.08	65.10666666666667	65.26666666666667	65.23333333333333	65.42	65.78666666666666	65.88	65.3	65.58666666666667	64.98666666666666	64.78666666666666	63.78666666666667	63.25333333333333	62.46666666666667	61.72666666666667	61.4	60.28666666666667	58.98	56.8	54.14	49.653333333333336	0.0
0.0	49.54666666666667	54.346666666666664	56.906666666666666	59.11333333333334	59.99333333333333	61.62	62.11333333333334	62.7	63.56666666666667	64.00666666666666	64.10666666666667	64.9	65.29333333333334	65.34666666666666	65.59333333333333	65.54	65.74666666666667	65.80666666666667	65.79333333333334	65.96	65.38666666666667	65.21333333333334	65.32	64.61333333333333	64.44	63.71333333333333	63.62	62.82666666666667	62.29333333333334	61.333333333333336	60.36	58.78666666666667	56.75333333333333	54.06666666666667	49.44	0.0
0.0	49.74	54.3	57.08	59.04666666666667	60.7	61.486666666666665	62.266666666666666	62.8	63.48	64.0	64.60666666666667	64.84	65.39333333333333	65.66666666666667	65.43333333333334	65.59333333333333	65.54666666666667	65.35333333333334	65.56666666666666	65.78666666666666	65.66666666666667	65.72666666666667	65.13333333333334	64.70666666666666	64.44666666666667	64.18	63.586666666666666	62.99333333333333	62.42666666666667	61.58	60.1	58.85333333333333	57.406666666666666	54.48	49.666666666666664	0.0
0.0	49.42666666666667	53.96666666666667	56.63333333333333	58.18666666666667	59.43333333333333	60.526666666666664	61.9	62.473333333333336	62.873333333333335	63.32666666666667	64.07333333333334	64.26	64.54	64.72666666666667	64.61333333333333	65.22	65.26	65.26666666666667	64.88666666666667	64.80666666666667	64.64666666666666	64.64	64.06666666666666	64.08666666666667	64.00666666666666	63.486666666666665	62.95333333333333	62.25333333333333	61.74	60.78666666666667	59.94	58.64	56.82	54.373333333333335	49.373333333333335	0.0
0.0	49.50666666666667	54.14	57.413333333333334	58.67333333333333	60.08	61.29333333333334	61.61333333333334	63.08	63.36666666666667	64.06	64.80666666666667	64.74	64.88	65.36	65.56666666666666	65.76666666666667	65.34666666666666	65.52	65.37333333333333	65.47333333333333	65.21333333333334	65.20666666666666	64.91333333333333	64.78	64.41333333333333	63.58	62.81333333333333	62.50666666666667	62.45333333333333	61.026666666666664	59.85333333333333	58.666666666666664	56.49333333333333	54.00666666666667	49.62	0.0
0.0	49.986666666666665	54.86	57.10666666666667	59.08	60.31333333333333	61.57333333333333	62.64	63.36	63.71333333333333	64.36666666666666	64.46	65.32	65.41333333333333	65.74666666666667	65.67333333333333	65.74666666666667	65.88666666666667	65.79333333333334	65.69333333333333	65.44666666666667	65.51333333333334	64.99333333333334	65.10666666666667	64.96	64.48	64.15333333333334	63.85333333333333	63.126666666666665	62.54666666666667	61.31333333333333	60.32666666666667	58.84	57.20666666666666	54.54	49.873333333333335	0.0
0.0	49.50666666666667	53.913333333333334	56.766666666666666	58.66	60.04	61.54	62.26	62.99333333333333	63.626666666666665	63.653333333333336	64.38666666666667	64.7	65.11333333333333	64.96666666666667	65.07333333333334	65.29333333333334	64.9	65.11333333333333	65.22	64.84666666666666	65.23333333333333	64.98	64.40666666666667	64.52	64.22666666666667	63.76	63.053333333333335	62.333333333333336	61.70666666666666	60.82666666666667	60.38666666666666	58.88	57.06666666666667	54.44	49.86666666666667	0.0
0.0	49.5	54.57333333333333	57.153333333333336	58.98	60.71333333333333	61.72666666666667	62.50666666666667	63.31333333333333	63.56	64.22	64.58666666666667	64.86666666666666	64.89333333333333	65.33333333333333	65.4	65.85333333333334	65.99333333333334	66.04	65.81333333333333	66.00666666666666	65.62	65.28666666666666	65.37333333333333	65.08	64.54666666666667	63.95333333333333	63.70666666666666	63.26	62.54	61.42666666666667	61.02	58.986666666666665	57.00666666666667	54.44	49.43333333333333	0.0
0.0	49.77333333333333	54.38	57.02	58.66	60.153333333333336	61.35333333333333	62.34	62.77333333333333	63.56	63.81333333333333	63.92	64.54	64.79333333333334	65.16666666666667	65.56666666666666	65.5	65.35333333333334	65.98666666666666	65.7	65.32	65.34	65.2	64.92666666666666	64.52666666666667	64.22	63.36	63.21333333333333	62.49333333333333	62.166666666666664	61.07333333333333	60.27333333333333	58.96	57.32	53.98	49.7	0.0
0.0	49.28	54.46	56.79333333333334	59.3	60.086666666666666	61.54	62.64666666666667	62.94	63.35333333333333	63.946666666666665	64.3	64.74	64.92666666666666	64.66	65.40666666666667	65.48666666666666	66.01333333333334	65.87333333333333	65.92	65.76	65.59333333333333	65.17333333333333	65.08	64.61333333333333	64.80666666666667	64.35333333333334	63.7	62.846666666666664	62.32666666666667	61.54	60.42666666666667	58.57333333333333	56.973333333333336	54.473333333333336	49.846666666666664	0.0
0.0	49.43333333333333	54.26	56.946666666666665	58.50666666666667	60.626666666666665	61.34	62.36666666666667	62.49333333333333	63.086666666666666	63.78666666666667	63.88666666666666	64.58666666666667	64.65333333333334	64.67333333333333	64.98666666666666	64.77333333333333	64.76666666666667	64.78	64.97333333333333	64.73333333333333	64.77333333333333	64.80666666666667	64.56666666666666	64.24666666666667	64.01333333333334	63.63333333333333	63.333333333333336	62.653333333333336	61.346666666666664	60.74666666666667	59.62	58.76	56.74	54.12	49.62	0.0
0.0	49.68666666666667	54.22	56.95333333333333	58.586666666666666	59.766666666666666	60.693333333333335	61.666666666666664	62.34	62.9	63.193333333333335	63.89333333333333	64.51333333333334	65.13333333333334	65.05333333333333	65.31333333333333	65.10666666666667	65.38	65.68666666666667	65.44	65.48666666666666	64.94	65.06	65.03333333333333	64.70666666666666	64.19333333333333	63.553333333333335	63.61333333333334	62.75333333333333	61.873333333333335	61.39333333333333	60.34	58.85333333333333	56.74	54.1	49.56	0.0
0.0	49.42	54.4	56.84	58.74	60.086666666666666	61.63333333333333	62.22	62.96666666666667	63.64666666666667	64.16	64.51333333333334	64.77333333333333	65.24	65.07333333333334	65.32	65.06	65.4	65.76	65.89333333333333	65.88666666666667	65.72	65.19333333333333	64.78666666666666	64.77333333333333	64.39333333333333	64.32666666666667	63.66	62.85333333333333	62.026666666666664	61.44	59.88	58.86	56.8	54.22	49.56666666666667	0.0
0.0	49.62	54.35333333333333	56.913333333333334	58.88666666666666	60.28666666666667	61.333333333333336	62.193333333333335	63.12	63.413333333333334	64.30666666666667	64.48	64.7	64.76	65.34666666666666	65.45333333333333	65.55333333333333	65.62666666666667	65.58	65.14	65.60666666666667	65.26	64.94666666666667	64.63333333333334	64.57333333333334	64.13333333333334	63.653333333333336	63.6	62.913333333333334	62.32	61.513333333333335	60.4	58.766666666666666	57.36	54.56666666666667	49.873333333333335	0.0
0.0	49.6	54.38	57.06	58.446666666666665	60.04	61.04666666666667	61.93333333333333	62.53333333333333	63.29333333333334	63.71333333333333	63.98	64.68	64.78666666666666	65.12666666666667	65.15333333333334	65.45333333333333	65.25333333333333	65.16	65.61333333333333	65.51333333333334	65.14	65.24666666666667	65.42666666666666	64.65333333333334	64.26	64.07333333333334	63.74666666666667	62.72666666666667	62.32	61.04666666666667	59.93333333333333	58.36	57.026666666666664	54.22	49.526666666666664	0.0
0.0	49.71333333333333	54.3	57.18	58.92	60.306666666666665	61.50666666666667	62.17333333333333	62.82666666666667	63.086666666666666	64.09333333333333	64.57333333333334	64.76666666666667	64.92666666666666	64.92666666666666	65.17333333333333	65.73333333333333	65.58	65.56666666666666	65.36	65.3	65.5	65.6	64.98	64.54666666666667	64.26666666666667	64.14	63.52	62.653333333333336	61.76	60.72	60.26	58.93333333333333	57.0	54.39333333333333	49.526666666666664	0.0
0.0	49.13333333333333	54.03333333333333	56.74	58.71333333333333	60.14666666666667	61.06666666666667	62.513333333333335	62.95333333333333	63.406666666666666	63.88666666666666	63.906666666666666	64.01333333333334	64.38	65.0	65.25333333333333	65.29333333333334	65.44	65.67333333333333	65.66	65.62666666666667	65.41333333333333	65.39333333333333	65.12	64.76666666666667	64.14	63.8	63.38	62.63333333333333	61.99333333333333	60.71333333333333	60.026666666666664	58.71333333333333	56.846666666666664	54.22666666666667	49.50666666666667	0.0
0.0	49.50666666666667	54.50666666666667	57.18	58.8	60.56666666666667	61.74666666666667	62.39333333333333	63.04	63.74666666666667	64.0	64.58666666666667	64.79333333333334	65.14666666666666	65.23333333333333	65.12	65.59333333333333	65.58	65.36666666666666	65.78	65.60666666666667	65.32	65.17333333333333	64.82	64.66	64.54	64.12666666666667	63.39333333333333	62.946666666666665	62.11333333333334	61.67333333333333	60.4	59.00666666666667	56.95333333333333	54.54	49.626666666666665	0.0
0.0	49.48	54.81333333333333	56.846666666666664	58.78666666666667	59.96	60.913333333333334	62.14	62.32666666666667	63.34	63.81333333333333	64.31333333333333	64.26666666666667	64.43333333333334	64.8	65.39333333333333	65.34666666666666	65.34666666666666	65.54	65.54666666666667	65.38	65.28666666666666	65.10666666666667	64.9	64.34	63.693333333333335	63.61333333333334	62.88	62.67333333333333	62.026666666666664	61.20666666666666	60.04	58.586666666666666	56.78	54.553333333333335	49.53333333333333	0.0
0.0	49.46666666666667	54.18	56.54	58.48	59.88	60.986666666666665	61.8	62.42666666666667	63.093333333333334	63.88	64.2	64.29333333333334	64.70666666666666	65.13333333333334	65.28666666666666	65.54	65.6	65.56	65.1	64.86	64.74666666666667	64.83333333333333	64.67333333333333	64.23333333333333	63.64	63.5	62.88666666666666	62.526666666666664	61.98	61.24	60.06666666666667	58.48	56.85333333333333	53.74666666666667	49.42666666666667	0.0
0.0	49.346666666666664	54.553333333333335	57.38	58.92666666666667	60.17333333333333	61.49333333333333	62.16	63.06	63.5	64.23333333333333	64.56	65.14	65.61333333333333	65.22	65.60666666666667	65.55333333333333	66.03333333333333	66.01333333333334	66.0	65.78666666666666	65.72	65.59333333333333	65.28	64.54	64.3	64.24666666666667	63.50666666666667	63.10666666666667	62.24666666666667	61.52	60.2	58.92666666666667	57.10666666666667	54.333333333333336	49.26	0.0
0.0	49.64666666666667	54.46666666666667	57.06	59.22	60.373333333333335	61.8	62.27333333333333	63.126666666666665	63.38	64.18	64.55333333333333	64.88	65.04666666666667	65.31333333333333	65.81333333333333	65.7	65.61333333333333	65.47333333333333	65.67333333333333	65.33333333333333	65.49333333333334	65.49333333333334	64.94666666666667	64.70666666666666	64.00666666666666	63.806666666666665	63.42	62.85333333333333	62.32	61.48	60.233333333333334	58.81333333333333	57.24666666666667	54.48	49.88666666666666	0.0
0.0	49.71333333333333	54.4	57.13333333333333	58.946666666666665	60.026666666666664	61.39333333333333	62.013333333333335	62.9	63.66	64.04	64.20666666666666	64.89333333333333	64.94666666666667	65.36666666666666	65.62	65.84	65.81333333333333	65.63333333333334	65.93333333333334	65.88666666666667	65.60666666666667	65.22	65.12	64.81333333333333	64.35333333333334	64.08666666666667	63.82666666666667	63.1	62.24	61.06666666666667	59.79333333333334	58.49333333333333	57.053333333333335	54.306666666666665	49.48	0.0
0.0	49.68	54.25333333333333	57.35333333333333	59.10666666666667	60.14	60.86	62.26	62.74	63.24	63.66	64.51333333333334	65.02	65.33333333333333	65.33333333333333	65.52666666666667	65.48	65.37333333333333	65.63333333333334	65.35333333333334	65.43333333333334	65.26666666666667	65.06	64.61333333333333	64.54	64.13333333333334	63.75333333333333	63.16	62.53333333333333	61.88	60.86	60.07333333333333	58.553333333333335	57.02	54.48	49.71333333333333	0.0
0.0	49.58	54.16	56.653333333333336	58.153333333333336	60.22666666666667	60.99333333333333	62.06	62.44	62.94	63.4	64.10666666666667	64.64	64.66666666666667	64.74	65.12	65.12	65.66	65.6	65.33333333333333	65.04666666666667	65.09333333333333	64.86666666666666	64.90666666666667	64.86	64.1	63.48	63.233333333333334	62.61333333333334	61.72	60.833333333333336	60.013333333333335	58.586666666666666	56.74	54.24	49.49333333333333	0.0
0.0	49.833333333333336	54.56	57.266666666666666	58.74	60.22	61.513333333333335	62.093333333333334	62.74666666666667	63.32	63.79333333333334	63.86	64.44666666666667	64.72666666666667	64.99333333333334	65.38	65.38666666666667	65.3	65.36666666666666	65.46	65.00666666666666	65.0	64.62666666666667	64.72666666666667	64.3	64.0	63.61333333333334	63.13333333333333	62.99333333333333	62.333333333333336	61.16	60.38	58.906666666666666	57.2	54.473333333333336	49.60666666666667	0.0
0.0	49.74666666666667	54.333333333333336	56.74	58.473333333333336	59.78666666666667	61.13333333333333	61.95333333333333	62.733333333333334	63.486666666666665	63.973333333333336	64.2	64.59333333333333	64.56666666666666	65.08666666666667	64.98	65.32666666666667	64.95333333333333	65.62	65.14666666666666	65.44666666666667	65.37333333333333	65.22666666666667	65.0	64.69333333333333	63.95333333333333	63.766666666666666	63.08	62.84	61.693333333333335	61.06	60.14666666666667	58.64666666666667	57.14	54.43333333333333	49.58	0.0
