0.0	51.233333333333334	56.6	59.5	61.52	63.593333333333334	64.38666666666667	65.43333333333334	66.32666666666667	66.96666666666667	67.58666666666667	67.88666666666667	68.54666666666667	68.75333333333333	69.22	69.38666666666667	69.69333333333333	69.34666666666666	69.78666666666666	69.62666666666667	69.67333333333333	69.06	68.99333333333334	68.16666666666667	68.40666666666667	67.8	67.12	66.77333333333333	66.59333333333333	65.58	64.59333333333333	62.86	61.346666666666664	59.56666666666667	56.5	51.16	0.0
0.0	51.16	56.56666666666667	59.666666666666664	61.74	62.85333333333333	64.38666666666667	65.68	66.42	67.11333333333333	67.94	68.16	68.90666666666667	68.62666666666667	68.75333333333333	69.02666666666667	69.35333333333334	69.47333333333333	69.5	69.49333333333334	69.39333333333333	69.27333333333333	69.08666666666667	68.72666666666667	68.72	68.04	67.98	67.37333333333333	66.64	66.12666666666667	65.07333333333334	63.5	61.82	59.666666666666664	56.74666666666667	51.093333333333334	0.0
0.0	50.78666666666667	56.153333333333336	59.513333333333335	61.16	63.1	64.4	65.43333333333334	65.9	66.92666666666666	67.16666666666667	67.56666666666666	68.02666666666667	68.33333333333333	68.48666666666666	69.08	69.10666666666667	69.18	69.29333333333334	69.11333333333333	68.94666666666667	68.58666666666667	68.26666666666667	68.08	68.27333333333333	67.63333333333334	67.38	66.46666666666667	65.99333333333334	64.93333333333334	64.2	63.053333333333335	61.2	59.38666666666666	56.266666666666666	51.04666666666667	0.0
0.0	50.99333333333333	56.233333333333334	59.14	61.54	63.60666666666667	64.93333333333334	65.96666666666667	66.89333333333333	67.46	68.02666666666667	68.21333333333334	69.12	68.9	69.55333333333333	69.71333333333334	70.09333333333333	70.06	70.13333333333334	70.25333333333333	70.22666666666667	69.68666666666667	69.13333333333334	68.80666666666667	68.68	68.2	68.02666666666667	67.11333333333333	66.86	65.84	64.58	63.14666666666667	61.68	59.49333333333333	56.36	51.17333333333333	0.0
0.0	51.14	56.24	59.413333333333334	61.42666666666667	62.77333333333333	64.04666666666667	65.25333333333333	66.10666666666667	66.59333333333333	67.33333333333333	67.72666666666667	68.45333333333333	68.71333333333334	69.03333333333333	69.01333333333334	69.25333333333333	69.06	69.16666666666667	68.77333333333333	68.71333333333334	68.68666666666667	68.72	68.44	68.40666666666667	67.61333333333333	67.18	66.61333333333333	65.74666666666667	65.07333333333334	63.913333333333334	62.693333333333335	61.17333333333333	59.446666666666665	55.946666666666665	50.9	0.0
0.0	50.913333333333334	56.593333333333334	59.986666666666665	61.62	63.1	64.02666666666667	65.63333333333334	66.36	67.40666666666667	67.99333333333334	68.56666666666666	68.66	68.85333333333334	69.14	69.09333333333333	69.33333333333333	69.52666666666667	69.77333333333333	69.53333333333333	69.43333333333334	69.23333333333333	69.18666666666667	69.07333333333334	68.72666666666667	68.14666666666666	68.04666666666667	67.33333333333333	66.59333333333333	65.58666666666667	64.48666666666666	63.14666666666667	61.50666666666667	59.2	56.26	50.74	0.0
0.0	51.3	56.513333333333335	59.86	61.973333333333336	64.21333333333334	65.13333333333334	66.00666666666666	66.96666666666667	67.52666666666667	67.48666666666666	68.24	68.59333333333333	69.06	69.14666666666666	69.98	69.73333333333333	69.82666666666667	70.24666666666667	70.12666666666667	69.51333333333334	69.2	69.46666666666667	69.21333333333334	68.58666666666667	68.27333333333333	67.89333333333333	67.36	66.70666666666666	65.74	64.58	63.64666666666667	61.54	59.733333333333334	56.56666666666667	51.24	0.0
0.0	50.913333333333334	55.973333333333336	59.42	61.513333333333335	63.28666666666667	64.16666666666667	65.44	65.84	66.72	67.35333333333334	67.70666666666666	67.90666666666667	68.36666666666666	68.9	69.04	69.24	69.61333333333333	69.63333333333334	69.56	69.14666666666666	68.88	68.76666666666667	68.92	68.5	68.16666666666667	67.73333333333333	66.95333333333333	66.13333333333334	65.26666666666667	64.29333333333334	63.29333333333334	61.75333333333333	59.43333333333333	55.986666666666665	50.7	0.0
0.0	51.17333333333333	56.04666666666667	59.486666666666665	61.14666666666667	63.233333333333334	64.57333333333334	65.16666666666667	66.54666666666667	66.92	67.8	67.9	68.27333333333333	68.68666666666667	69.09333333333333	69.50666666666666	69.78666666666666	69.83333333333333	70.06666666666666	69.83333333333333	70.05333333333333	69.78666666666666	69.19333333333333	68.76666666666667	68.26	67.84	67.46	66.49333333333334	66.26	65.44666666666667	64.2	62.98	61.56	59.28666666666667	56.473333333333336	50.89333333333333	0.0
0.0	51.32666666666667	56.67333333333333	59.54	61.626666666666665	63.093333333333334	64.32666666666667	65.68	66.84666666666666	67.31333333333333	67.8	68.5	68.63333333333334	68.88	69.18	68.93333333333334	69.31333333333333	69.58	69.66666666666667	69.52	69.63333333333334	69.25333333333333	68.94666666666667	68.99333333333334	68.68666666666667	68.35333333333334	68.22	67.42666666666666	66.82	66.22666666666667	64.64	63.29333333333334	61.96666666666667	59.82666666666667	57.06666666666667	51.16	0.0
0.0	51.10666666666667	56.32666666666667	59.34	61.94	63.513333333333335	64.68	65.7	66.48	67.24	67.78666666666666	68.09333333333333	68.78666666666666	69.26666666666667	69.6	69.53333333333333	69.54666666666667	69.66	69.4	69.18	69.22	69.06666666666666	68.82	68.50666666666666	68.02666666666667	67.94	67.38	67.1	66.18	65.58666666666667	64.38	63.22	61.26	59.38	56.406666666666666	51.346666666666664	0.0
0.0	50.766666666666666	56.29333333333334	59.25333333333333	61.49333333333333	63.14	63.98	65.12	65.94666666666667	66.42	67.18	67.77333333333333	68.08	68.72	68.88666666666667	68.94	69.05333333333333	69.26	69.27333333333333	69.42	69.32666666666667	69.14	69.07333333333334	68.74666666666667	67.85333333333334	67.34666666666666	67.02	66.62	65.42	64.85333333333334	63.806666666666665	62.63333333333333	61.36666666666667	59.17333333333333	56.486666666666665	51.04	0.0
0.0	51.03333333333333	56.333333333333336	59.14	61.2	63.13333333333333	64.38	65.28666666666666	65.9	66.7	67.50666666666666	68.34	68.37333333333333	68.74	69.22666666666667	69.08	69.56	69.39333333333333	69.53333333333333	69.67333333333333	69.87333333333333	69.24666666666667	68.9	68.44	68.32666666666667	67.66	67.32	66.76666666666667	65.86	65.02	64.02	63.27333333333333	61.54666666666667	59.333333333333336	56.28	50.78	0.0
0.0	51.20666666666666	56.43333333333333	59.526666666666664	61.2	63.193333333333335	64.59333333333333	65.12666666666667	66.1	66.93333333333334	67.38	68.11333333333333	68.92	69.15333333333334	69.47333333333333	69.66666666666667	69.72	70.2	70.22	70.09333333333333	69.72666666666667	69.43333333333334	69.08	69.26666666666667	68.48	68.27333333333333	67.74	67.14	67.08	66.10666666666667	64.71333333333334	63.36666666666667	61.67333333333333	59.233333333333334	56.446666666666665	50.88	0.0
0.0	50.88	56.45333333333333	59.29333333333334	61.64	63.38666666666666	64.85333333333334	65.60666666666667	66.87333333333333	67.21333333333334	68.08666666666667	67.88	68.49333333333334	68.85333333333334	69.12666666666667	69.10666666666667	69.86	69.68	69.94	69.76	69.51333333333334	69.36	69.07333333333334	69.02666666666667	68.73333333333333	68.18666666666667	67.32	67.12	66.48	65.45333333333333	64.24666666666667	62.693333333333335	60.986666666666665	58.666666666666664	56.18	50.68666666666667	0.0
0.0	50.95333333333333	56.63333333333333	59.7	61.72	63.56	64.51333333333334	65.54	66.18666666666667	66.78666666666666	67.62	67.70666666666666	68.46666666666667	68.78	68.91333333333333	69.10666666666667	69.56	69.96	69.73333333333333	69.54666666666667	69.45333333333333	69.58666666666667	69.24	69.32666666666667	68.90666666666667	68.48666666666666	68.18666666666667	67.33333333333333	66.26666666666667	65.77333333333333	64.49333333333334	63.31333333333333	61.35333333333333	59.62	56.29333333333334	50.946666666666665	0.0
0.0	50.71333333333333	56.08	59.20666666666666	61.28	62.85333333333333	64.11333333333333	65.02666666666667	65.92	66.66666666666667	67.4	67.77333333333333	68.27333333333333	68.68666666666667	69.0	69.11333333333333	69.64	69.62666666666667	69.51333333333334	69.80666666666667	69.22	68.81333333333333	68.90666666666667	68.73333333333333	68.79333333333334	68.23333333333333	67.94	67.18666666666667	66.27333333333333	65.27333333333333	64.10666666666667	63.1	61.6	59.76	56.77333333333333	50.86	0.0
0.0	50.93333333333333	55.96	59.53333333333333	61.5	63.21333333333333	64.60666666666667	65.16	65.94	66.72	67.62	67.75333333333333	68.27333333333333	68.49333333333334	69.0	69.28666666666666	69.35333333333334	69.52666666666667	69.38	69.36	69.22	68.68	68.78	68.46666666666667	68.51333333333334	68.14666666666666	67.11333333333333	66.96666666666667	66.08666666666667	65.40666666666667	64.74	63.053333333333335	61.82666666666667	59.63333333333333	56.72666666666667	51.04666666666667	0.0
0.0	50.946666666666665	56.406666666666666	59.44	61.29333333333334	63.1	64.52	65.75333333333333	66.01333333333334	66.82666666666667	67.52666666666667	67.99333333333334	68.36	69.03333333333333	69.07333333333334	69.42	69.48	69.9	69.75333333333333	69.78666666666666	69.59333333333333	69.11333333333333	69.04666666666667	68.54	68.42666666666666	67.93333333333334	67.36666666666666	66.73333333333333	65.92	65.03333333333333	64.01333333333334	63.04	61.49333333333333	59.22	56.46	50.913333333333334	0.0
0.0	51.02	56.06666666666667	59.34	61.873333333333335	63.18666666666667	64.50666666666666	65.47333333333333	66.26666666666667	66.92	67.42666666666666	67.98	68.25333333333333	68.00666666666666	68.50666666666666	68.52666666666667	68.63333333333334	68.88666666666667	68.98	68.88666666666667	68.89333333333333	69.12666666666667	68.86666666666666	68.74666666666667	68.23333333333333	67.91333333333333	67.51333333333334	66.78666666666666	65.98666666666666	65.32666666666667	64.18	63.02	61.22	58.973333333333336	56.11333333333334	50.76	0.0
0.0	50.68666666666667	56.026666666666664	59.42	61.49333333333333	63.28666666666667	64.25333333333333	65.25333333333333	66.13333333333334	66.56	67.31333333333333	68.20666666666666	68.13333333333334	68.3	68.51333333333334	68.98	69.28666666666666	69.38	69.42	69.49333333333334	69.36	69.27333333333333	68.78666666666666	68.72666666666667	68.32666666666667	67.9	67.26	66.60666666666667	66.12	65.18	64.34666666666666	62.85333333333333	61.31333333333333	59.61333333333334	56.193333333333335	50.66	0.0
0.0	50.84	56.56666666666667	59.446666666666665	61.64666666666667	63.20666666666666	64.48	65.41333333333333	66.14666666666666	66.96666666666667	67.28666666666666	68.08	68.35333333333334	68.95333333333333	69.14666666666666	69.68666666666667	69.38	69.64	69.86	69.62	69.44	69.02	68.81333333333333	68.5	68.64	68.36666666666666	67.45333333333333	66.92	66.37333333333333	65.38666666666667	64.28	62.9	61.306666666666665	59.18	56.16	50.973333333333336	0.0
0.0	51.12	56.49333333333333	59.373333333333335	61.64	63.5	65.10666666666667	65.80666666666667	66.47333333333333	67.30666666666667	67.77333333333333	68.46666666666667	69.08666666666667	69.21333333333334	69.24	69.94666666666667	70.10666666666667	70.21333333333334	69.92	70.14666666666666	69.84	69.63333333333334	69.64666666666666	69.44	68.97333333333333	68.41333333333333	67.86666666666666	67.35333333333334	66.50666666666666	65.49333333333334	64.39333333333333	63.586666666666666	61.82	59.946666666666665	56.60666666666667	51.48	0.0
0.0	50.946666666666665	56.766666666666666	59.66	61.82666666666667	63.45333333333333	64.40666666666667	65.64666666666666	66.19333333333333	66.97333333333333	67.38	67.88	68.14666666666666	68.78666666666666	68.62666666666667	68.98	68.76666666666667	68.7	69.0	69.10666666666667	68.70666666666666	68.52	68.57333333333334	68.68	68.06	67.8	67.23333333333333	66.88666666666667	65.77333333333333	65.44	64.21333333333334	63.22	61.45333333333333	59.53333333333333	56.53333333333333	50.906666666666666	0.0
0.0	50.806666666666665	56.086666666666666	59.093333333333334	61.28	62.85333333333333	64.22	64.74666666666667	65.83333333333333	66.55333333333333	66.82666666666667	67.83333333333333	68.04	68.8	69.10666666666667	69.44666666666667	69.28666666666666	69.30666666666667	69.31333333333333	69.41333333333333	69.38666666666667	69.26	69.26666666666667	68.95333333333333	68.72	68.56	67.72666666666667	67.42	66.58	65.85333333333334	64.62666666666667	63.36	61.78	59.42666666666667	56.12	50.85333333333333	0.0
0.0	51.22666666666667	56.63333333333333	59.62	61.95333333333333	63.12	64.39333333333333	65.41333333333333	66.24	67.4	67.92	68.55333333333333	68.60666666666667	68.76	69.25333333333333	69.36666666666666	69.16666666666667	69.89333333333333	69.78	69.74666666666667	69.72666666666667	69.42666666666666	68.77333333333333	68.68	68.27333333333333	67.88666666666667	67.44666666666667	66.69333333333333	65.86	65.54	64.89333333333333	63.373333333333335	61.67333333333333	59.53333333333333	56.346666666666664	50.93333333333333	0.0
0.0	50.82666666666667	56.1	59.14	61.28	63.1	64.08	65.56	66.26666666666667	67.10666666666667	67.33333333333333	68.17333333333333	68.51333333333334	68.86	69.02	69.17333333333333	69.63333333333334	69.66666666666667	69.71333333333334	69.76666666666667	69.23333333333333	69.34666666666666	68.95333333333333	68.54	68.26	67.65333333333334	67.32	66.75333333333333	66.12	65.32666666666667	64.28666666666666	63.46666666666667	61.42	59.32	55.846666666666664	50.72	0.0
0.0	51.153333333333336	56.13333333333333	59.67333333333333	61.44	62.49333333333333	64.36666666666666	65.34	66.36	66.99333333333334	67.64666666666666	68.14	68.11333333333333	68.61333333333333	68.78666666666666	68.85333333333334	69.03333333333333	69.11333333333333	69.06	69.35333333333334	69.42	68.96	68.72666666666667	68.43333333333334	68.37333333333333	67.88	67.67333333333333	66.94666666666667	66.42	65.41333333333333	64.2	63.333333333333336	61.70666666666666	59.38	56.586666666666666	51.26	0.0
0.0	51.2	56.12	59.36	61.81333333333333	63.04	64.38	65.45333333333333	66.35333333333334	66.88666666666667	67.65333333333334	67.98	68.44	69.00666666666666	68.88666666666667	69.00666666666666	69.36666666666666	69.56666666666666	69.62	69.24666666666667	69.0	68.77333333333333	68.97333333333333	68.76666666666667	68.74666666666667	68.06666666666666	67.87333333333333	67.57333333333334	66.13333333333334	64.68666666666667	64.16	62.84	61.526666666666664	59.18666666666667	56.18666666666667	51.1	0.0
0.0	51.053333333333335	56.61333333333334	59.806666666666665	61.95333333333333	63.3	64.59333333333333	65.55333333333333	65.92666666666666	67.34666666666666	68.04666666666667	68.54666666666667	68.8	69.3	69.86666666666666	70.07333333333334	70.16	70.32	70.32	70.24	69.9	69.81333333333333	69.78666666666666	69.66666666666667	69.16666666666667	68.96	68.23333333333333	67.60666666666667	66.62666666666667	65.64	64.38666666666667	63.14666666666667	61.54666666666667	59.66	56.88	51.193333333333335	0.0
0.0	50.67333333333333	56.06	59.18	61.513333333333335	62.77333333333333	63.64666666666667	64.78	66.02	66.55333333333333	67.46666666666667	67.47333333333333	67.72	68.41333333333333	68.93333333333334	69.01333333333334	68.82666666666667	68.92	69.25333333333333	68.95333333333333	69.00666666666666	69.16666666666667	68.89333333333333	68.59333333333333	68.28	67.62	67.32666666666667	66.84	66.14	65.18	64.19333333333333	62.50666666666667	61.193333333333335	59.013333333333335	55.986666666666665	50.98	0.0
0.0	50.653333333333336	56.13333333333333	59.28	61.32666666666667	62.93333333333333	64.11333333333333	65.03333333333333	65.77333333333333	66.74	67.46666666666667	67.83333333333333	67.71333333333334	68.51333333333334	68.46666666666667	69.18666666666667	68.97333333333333	68.83333333333333	69.08	69.33333333333333	68.96	68.66666666666667	68.44666666666667	68.44	68.4	67.83333333333333	67.11333333333333	66.60666666666667	65.7	65.25333333333333	64.04666666666667	62.66	61.43333333333333	58.96	56.11333333333334	50.88666666666666	0.0
0.0	51.1	56.766666666666666	59.553333333333335	61.75333333333333	63.50666666666667	64.69333333333333	65.84	66.64	67.22	67.9	68.1	68.4	68.94666666666667	69.36	69.57333333333334	69.98	70.15333333333334	69.76666666666667	69.92	69.64	69.04666666666667	69.28	69.24	69.03333333333333	68.76	67.88666666666667	67.71333333333334	66.7	66.16666666666667	65.45333333333333	63.846666666666664	61.79333333333334	59.63333333333333	56.67333333333333	51.34	0.0
0.0	51.166666666666664	56.593333333333334	59.64666666666667	61.913333333333334	63.413333333333334	64.56	65.80666666666667	66.72	67.38	68.4	68.49333333333334	68.78666666666666	69.26666666666667	69.32	69.64	70.16	69.72	69.96	69.83333333333333	69.6	69.38	69.13333333333334	68.96	68.39333333333333	68.01333333333334	67.69333333333333	66.92	66.18	65.59333333333333	64.56666666666666	63.38666666666666	61.34	59.62	56.486666666666665	51.086666666666666	0.0
0.0	51.013333333333335	56.06	59.3	61.666666666666664	63.52	64.73333333333333	66.13333333333334	66.84666666666666	67.62666666666667	68.46666666666667	68.58666666666667	69.13333333333334	69.24666666666667	69.62	69.88	69.83333333333333	70.27333333333333	70.16666666666667	70.19333333333333	70.09333333333333	69.79333333333334	69.38	69.05333333333333	68.69333333333333	68.52	67.50666666666666	67.04	66.58	65.77333333333333	64.66	63.70666666666666	62.04	59.473333333333336	56.57333333333333	51.02	0.0
0.0	51.36	56.7	59.586666666666666	61.833333333333336	63.56	64.66666666666667	65.86666666666666	66.39333333333333	67.49333333333334	67.73333333333333	68.28666666666666	69.02	69.42666666666666	69.46	69.5	69.39333333333333	69.38	69.40666666666667	69.7	69.80666666666667	69.12666666666667	69.10666666666667	68.88	68.75333333333333	67.87333333333333	67.72	67.10666666666667	66.06666666666666	65.40666666666667	64.25333333333333	63.08	61.67333333333333	59.486666666666665	56.25333333333333	51.166666666666664	0.0
0.0	51.126666666666665	56.233333333333334	59.526666666666664	62.086666666666666	63.54666666666667	64.41333333333333	65.44	66.36	67.26666666666667	67.62666666666667	68.34666666666666	68.90666666666667	69.27333333333333	69.27333333333333	69.52666666666667	69.60666666666667	69.52666666666667	69.64	69.78	69.64	69.16	69.26666666666667	68.74666666666667	68.69333333333333	68.01333333333334	67.68666666666667	66.89333333333333	66.00666666666666	65.34666666666666	64.58	63.24666666666667	61.4	59.913333333333334	56.513333333333335	51.04666666666667	0.0
0.0	50.94	56.486666666666665	59.473333333333336	61.93333333333333	63.31333333333333	64.56666666666666	65.46	66.48666666666666	67.12	67.51333333333334	67.92666666666666	68.54	68.74	68.54	68.82	69.18666666666667	68.98	69.22	69.17333333333333	69.25333333333333	69.12	68.82	68.62	68.10666666666667	67.83333333333333	67.34	66.08666666666667	65.79333333333334	64.98	64.08666666666667	62.88666666666666	61.27333333333333	59.166666666666664	56.07333333333333	50.946666666666665	0.0
0.0	50.96	56.406666666666666	59.44	61.88666666666666	63.20666666666666	64.3	65.46666666666667	66.26666666666667	67.22666666666667	67.67333333333333	68.1	68.57333333333334	68.67333333333333	68.82666666666667	69.27333333333333	69.59333333333333	69.18	69.07333333333334	69.16	69.61333333333333	69.65333333333334	69.56666666666666	69.15333333333334	68.5	68.10666666666667	67.92	67.1	66.43333333333334	65.60666666666667	64.73333333333333	63.333333333333336	61.526666666666664	59.27333333333333	56.166666666666664	51.086666666666666	0.0
0.0	51.31333333333333	56.46666666666667	59.8	61.66	63.42666666666667	64.68666666666667	65.72	66.56	67.24	67.43333333333334	68.24666666666667	68.46	69.48666666666666	69.26	69.28666666666666	69.47333333333333	69.64	69.83333333333333	69.28666666666666	69.41333333333333	69.30666666666667	68.94666666666667	68.75333333333333	68.54	68.17333333333333	67.7	66.98666666666666	66.32666666666667	65.24	64.86	63.36	61.95333333333333	59.586666666666666	56.8	51.28	0.0
0.0	51.36666666666667	56.74666666666667	59.54	61.906666666666666	63.48	64.91333333333333	65.78666666666666	66.72666666666667	67.49333333333334	68.04666666666667	68.44	68.75333333333333	69.30666666666667	69.3	69.86	69.94666666666667	69.8	70.20666666666666	70.36	70.1	70.04666666666667	69.70666666666666	69.23333333333333	68.88666666666667	68.33333333333333	67.95333333333333	67.45333333333333	66.44	65.78666666666666	64.62666666666667	63.62	61.62	60.086666666666666	56.74666666666667	51.46666666666667	0.0
0.0	50.98	56.36	59.693333333333335	61.946666666666665	63.11333333333334	64.50666666666666	65.94	66.62666666666667	66.98666666666666	67.60666666666667	68.11333333333333	68.66666666666667	69.12666666666667	69.02	69.35333333333334	69.34	69.58	69.56	69.76666666666667	69.39333333333333	69.35333333333334	69.18	68.8	68.29333333333334	67.95333333333333	67.48666666666666	66.96666666666667	66.34666666666666	65.83333333333333	64.49333333333334	63.39333333333333	61.99333333333333	59.233333333333334	56.306666666666665	51.08	0.0
0.0	50.906666666666666	56.32	59.346666666666664	61.54	63.193333333333335	64.71333333333334	65.16666666666667	66.04666666666667	66.72	67.07333333333334	67.52	67.88	68.22	68.66666666666667	68.84	69.36	69.44	69.49333333333334	69.54	69.20666666666666	69.18666666666667	68.94	68.76666666666667	68.4	68.1	67.19333333333333	66.36	65.88666666666667	65.12	64.24	62.79333333333334	61.25333333333333	59.24666666666667	56.34	50.8	0.0
0.0	51.0	56.14666666666667	59.593333333333334	61.9	63.04	64.53333333333333	65.59333333333333	66.3	66.91333333333333	67.1	67.82666666666667	68.15333333333334	68.39333333333333	68.78	68.79333333333334	69.60666666666667	69.78666666666666	69.66	70.00666666666666	69.56	69.38	69.33333333333333	69.05333333333333	68.9	68.11333333333333	68.06666666666666	67.28	66.32	65.26666666666667	64.52666666666667	63.07333333333333	61.68666666666667	59.53333333333333	56.13333333333333	51.04	0.0
0.0	51.11333333333334	56.48	59.513333333333335	61.64666666666667	63.42	65.02	65.79333333333334	66.46666666666667	67.14	68.04666666666667	68.51333333333334	68.68666666666667	69.25333333333333	69.24	69.42	69.68666666666667	69.36666666666666	69.69333333333333	69.71333333333334	69.80666666666667	69.29333333333334	68.68666666666667	68.6	68.34666666666666	68.08	67.58666666666667	66.99333333333334	66.22	65.26	64.32666666666667	62.85333333333333	61.44	59.626666666666665	56.53333333333333	51.0	0.0
0.0	51.166666666666664	56.44	59.406666666666666	61.56666666666667	63.38	64.34	65.49333333333334	66.19333333333333	66.92	67.76	68.09333333333333	68.35333333333334	68.9	69.23333333333333	69.66666666666667	69.38	69.55333333333333	69.86666666666666	69.5	69.88	69.45333333333333	69.26	68.94666666666667	68.68666666666667	68.40666666666667	68.20666666666666	67.71333333333334	66.70666666666666	65.94	64.50666666666666	63.406666666666666	61.806666666666665	59.38666666666666	56.6	51.31333333333333	0.0
0.0	51.02	56.08	59.56	61.63333333333333	62.86	64.33333333333333	65.70666666666666	66.57333333333334	67.05333333333333	67.52	68.42666666666666	68.74666666666667	69.2	69.6	69.72666666666667	69.81333333333333	69.49333333333334	69.56	69.30666666666667	69.52666666666667	69.58666666666667	69.27333333333333	68.81333333333333	68.32	68.08	67.66	66.88666666666667	66.32666666666667	65.5	64.39333333333333	63.16	61.82	59.57333333333333	56.086666666666666	50.8	0.0
0.0	50.99333333333333	56.593333333333334	59.63333333333333	61.8	63.72	64.92	66.47333333333333	66.9	67.61333333333333	68.14666666666666	68.41333333333333	68.84	69.6	70.03333333333333	69.94666666666667	69.87333333333333	69.94666666666667	69.86	69.72	70.34666666666666	69.56	69.36	69.17333333333333	68.73333333333333	68.85333333333334	68.5	67.69333333333333	66.65333333333334	65.96	65.02	63.93333333333333	61.78	59.68666666666667	56.46	51.18666666666667	0.0
0.0	51.10666666666667	56.32	59.64666666666667	61.78	63.24666666666667	64.55333333333333	65.40666666666667	66.37333333333333	67.12	67.67333333333333	68.09333333333333	68.46666666666667	68.96	69.18	69.44666666666667	69.42666666666666	69.64666666666666	69.60666666666667	69.56	69.35333333333334	69.62666666666667	69.00666666666666	68.94	68.72	68.87333333333333	68.08	67.7	66.63333333333334	65.54666666666667	64.68666666666667	63.68666666666667	61.846666666666664	59.77333333333333	56.36	50.75333333333333	0.0
0.0	50.88	56.54666666666667	59.473333333333336	61.76	63.54666666666667	64.46	65.76	66.10666666666667	67.10666666666667	67.72666666666667	68.23333333333333	68.46	68.92666666666666	69.19333333333333	69.35333333333334	69.54666666666667	69.59333333333333	69.40666666666667	69.22666666666667	69.74666666666667	69.56	68.93333333333334	69.09333333333333	68.24666666666667	68.19333333333333	67.38	66.84666666666666	66.16	65.58666666666667	64.25333333333333	63.22666666666667	61.76	59.71333333333333	56.46666666666667	50.846666666666664	0.0
0.0	51.1	56.44	59.78	62.04666666666667	63.24	64.98666666666666	66.09333333333333	66.96666666666667	67.09333333333333	67.93333333333334	68.38666666666667	69.12	69.24666666666667	69.2	69.78666666666666	69.74	70.00666666666666	69.82666666666667	70.0	69.76	69.72666666666667	69.08666666666667	69.07333333333334	68.54666666666667	68.26	67.63333333333334	67.02666666666667	66.24	65.59333333333333	64.84666666666666	63.10666666666667	61.54	59.64	56.22666666666667	51.053333333333335	0.0
0.0	50.88	56.08	59.36	61.64	63.153333333333336	64.16	65.33333333333333	66.33333333333333	66.63333333333334	67.11333333333333	67.95333333333333	68.3	68.78	69.29333333333334	69.24	69.72666666666667	69.86666666666666	69.47333333333333	69.11333333333333	68.86	69.1	68.8	68.92	68.63333333333334	68.21333333333334	67.9	67.33333333333333	66.32666666666667	65.54	64.44	63.28666666666667	61.693333333333335	59.35333333333333	56.17333333333333	50.89333333333333	0.0
0.0	50.973333333333336	56.72	59.64	61.38	63.04	63.986666666666665	65.29333333333334	66.45333333333333	67.24666666666667	67.82666666666667	68.5	69.0	69.24	69.58	69.69333333333333	70.06	70.01333333333334	70.32666666666667	70.47333333333333	70.22	69.77333333333333	69.30666666666667	68.92	68.60666666666667	67.99333333333334	67.47333333333333	66.94666666666667	66.46666666666667	65.45333333333333	64.47333333333333	63.086666666666666	61.346666666666664	59.60666666666667	56.24	51.00666666666667	0.0
0.0	50.54666666666667	56.18666666666667	59.24666666666667	61.36666666666667	62.68	64.04666666666667	65.40666666666667	66.54	66.77333333333333	67.17333333333333	67.7	67.92666666666666	68.12	68.4	68.59333333333333	69.25333333333333	68.98	69.01333333333334	68.96	68.85333333333334	68.94	68.61333333333333	68.32666666666667	68.15333333333334	67.66	67.49333333333334	66.80666666666667	65.6	64.33333333333333	63.766666666666666	62.56666666666667	60.946666666666665	59.53333333333333	56.486666666666665	51.03333333333333	0.0
0.0	50.77333333333333	56.24666666666667	59.553333333333335	61.333333333333336	63.346666666666664	64.53333333333333	65.88666666666667	66.72666666666667	67.59333333333333	67.84666666666666	68.41333333333333	68.69333333333333	68.59333333333333	68.92666666666666	69.17333333333333	69.44	69.73333333333333	69.75333333333333	69.73333333333333	69.78	69.43333333333334	69.21333333333334	69.10666666666667	68.77333333333333	68.34	67.99333333333334	67.12666666666667	66.38	65.72666666666667	64.68	63.60666666666667	61.7	59.5	56.4	51.233333333333334	0.0
0.0	51.24	56.553333333333335	59.666666666666664	61.666666666666664	62.946666666666665	64.57333333333334	65.64666666666666	66.22	66.85333333333334	67.58	68.18	68.71333333333334	68.99333333333334	69.52	69.77333333333333	69.69333333333333	69.58	69.59333333333333	69.80666666666667	69.94	69.17333333333333	68.93333333333334	68.67333333333333	68.76666666666667	68.32	67.66	66.84666666666666	66.22666666666667	65.69333333333333	64.30666666666667	63.18	61.873333333333335	59.733333333333334	56.26	51.086666666666666	0.0
0.0	50.86666666666667	56.12	59.35333333333333	61.04	62.986666666666665	64.35333333333334	65.20666666666666	65.85333333333334	67.03333333333333	67.72666666666667	68.12666666666667	68.39333333333333	68.62	69.44	69.38	69.72666666666667	69.79333333333334	69.65333333333334	69.43333333333334	69.48	69.2	68.76	68.66666666666667	68.4	67.80666666666667	67.3	67.21333333333334	66.09333333333333	65.15333333333334	64.20666666666666	63.126666666666665	61.413333333333334	59.42666666666667	56.32	50.77333333333333	0.0
0.0	51.333333333333336	56.78666666666667	59.733333333333334	62.10666666666667	63.42666666666667	64.95333333333333	66.16666666666667	67.26	67.67333333333333	68.12666666666667	68.34	69.11333333333333	69.26666666666667	69.44666666666667	69.82666666666667	70.22	70.32	70.06	70.34	70.20666666666666	70.07333333333334	69.62666666666667	69.03333333333333	68.55333333333333	68.08666666666667	67.44	66.98666666666666	66.45333333333333	65.74	65.03333333333333	63.473333333333336	61.42	59.36666666666667	56.42666666666667	50.85333333333333	0.0
0.0	51.07333333333333	56.88	59.66	61.57333333333333	63.406666666666666	64.74	65.78	66.36	67.04666666666667	67.86666666666666	68.57333333333334	68.79333333333334	69.51333333333334	69.18666666666667	69.35333333333334	70.1	69.84666666666666	70.26666666666667	70.03333333333333	70.08	69.7	69.45333333333333	69.17333333333333	68.69333333333333	68.41333333333333	68.08	67.42	66.62	65.68	64.53333333333333	63.61333333333334	61.88	59.56	56.74	51.0	0.0
0.0	51.32666666666667	55.92	59.42	61.586666666666666	62.95333333333333	64.04	65.09333333333333	66.14	66.86	67.34666666666666	67.54	68.42	68.59333333333333	68.47333333333333	68.92666666666666	68.86666666666666	68.64666666666666	68.99333333333334	68.89333333333333	69.06	68.61333333333333	68.50666666666666	68.30666666666667	67.90666666666667	67.68	67.40666666666667	66.50666666666666	65.96	65.40666666666667	64.23333333333333	62.70666666666666	61.24	59.22	56.4	51.14	0.0
0.0	51.593333333333334	57.18666666666667	60.10666666666667	62.346666666666664	64.13333333333334	65.45333333333333	66.50666666666666	66.88666666666667	67.78666666666666	67.93333333333334	68.73333333333333	69.35333333333334	69.58666666666667	69.83333333333333	70.24	70.26	70.36666666666666	70.24	70.30666666666667	69.71333333333334	69.91333333333333	69.90666666666667	69.30666666666667	68.79333333333334	68.68	68.11333333333333	67.40666666666667	67.01333333333334	66.28666666666666	64.78666666666666	63.96	62.22666666666667	59.79333333333334	56.986666666666665	51.48	0.0
0.0	51.333333333333336	56.61333333333334	59.72	61.88	63.2	64.90666666666667	65.7	66.63333333333334	67.28	67.58666666666667	68.3	68.57333333333334	68.68666666666667	69.23333333333333	69.26	69.30666666666667	69.50666666666666	69.28666666666666	69.22666666666667	69.34	69.04666666666667	68.92666666666666	68.75333333333333	68.94666666666667	68.04	67.65333333333334	67.45333333333333	66.0	65.28	64.32	63.0	61.42666666666667	59.306666666666665	55.9	51.0	0.0
0.0	51.12	56.21333333333333	59.35333333333333	61.513333333333335	62.88	64.3	65.26666666666667	65.89333333333333	66.55333333333333	67.02	67.76666666666667	68.42	68.28	68.54666666666667	69.15333333333334	68.65333333333334	68.77333333333333	68.69333333333333	69.02666666666667	69.46	69.22666666666667	68.72	68.54	68.24666666666667	68.06	67.59333333333333	66.97333333333333	66.29333333333334	65.44666666666667	64.39333333333333	63.0	61.373333333333335	59.42666666666667	56.43333333333333	51.17333333333333	0.0
0.0	50.78	56.086666666666666	59.593333333333334	61.38	63.62	64.93333333333334	65.76666666666667	66.65333333333334	67.39333333333333	68.15333333333334	68.59333333333333	68.78	69.49333333333334	69.19333333333333	69.76666666666667	69.65333333333334	70.02666666666667	70.34666666666666	70.08666666666667	69.81333333333333	69.94666666666667	69.86666666666666	68.98666666666666	68.96666666666667	68.89333333333333	68.25333333333333	67.62	66.9	65.76666666666667	64.72	63.16	61.79333333333334	59.553333333333335	56.9	51.27333333333333	0.0
0.0	51.00666666666667	55.99333333333333	59.00666666666667	61.22666666666667	63.18666666666667	64.41333333333333	65.52666666666667	66.3	67.16666666666667	67.74	68.34	68.74666666666667	69.01333333333334	69.20666666666666	69.59333333333333	69.62666666666667	69.63333333333334	69.49333333333334	69.43333333333334	69.64666666666666	69.56	69.16666666666667	68.63333333333334	68.03333333333333	67.78	67.12666666666667	66.67333333333333	65.95333333333333	65.21333333333334	64.12666666666667	62.79333333333334	61.193333333333335	59.38	56.626666666666665	51.36666666666667	0.0
0.0	51.193333333333335	56.56	59.693333333333335	61.96	63.48	64.56	65.75333333333333	66.7	67.34666666666666	68.03333333333333	67.85333333333334	68.32666666666667	68.62666666666667	69.16666666666667	68.98666666666666	69.0	69.65333333333334	69.27333333333333	69.46	69.47333333333333	69.26	68.97333333333333	68.74	68.56	67.83333333333333	67.58	66.65333333333334	66.19333333333333	65.06	64.45333333333333	63.39333333333333	61.38	59.43333333333333	56.18666666666667	51.16	0.0
0.0	51.0	56.373333333333335	59.54666666666667	61.693333333333335	63.153333333333336	64.56	65.24666666666667	66.56666666666666	67.0	67.40666666666667	67.86666666666666	68.57333333333334	69.16666666666667	69.14	69.28666666666666	69.25333333333333	69.63333333333334	69.78666666666666	69.44	69.84	69.18	69.33333333333333	68.77333333333333	68.42666666666666	67.83333333333333	67.38666666666667	67.12	66.12	64.95333333333333	64.26666666666667	63.27333333333333	61.413333333333334	59.14	55.93333333333333	50.96666666666667	0.0
0.0	51.14666666666667	56.38	59.34	61.72666666666667	63.36	64.49333333333334	65.57333333333334	66.65333333333334	67.18666666666667	67.74666666666667	68.35333333333334	68.89333333333333	69.17333333333333	69.08666666666667	69.67333333333333	69.82666666666667	69.45333333333333	70.04	70.25333333333333	69.83333333333333	69.7	69.26666666666667	69.12666666666667	68.66666666666667	68.06666666666666	67.8	67.27333333333333	66.42666666666666	65.76	64.21333333333334	62.873333333333335	61.833333333333336	59.86	56.653333333333336	51.22666666666667	0.0
0.0	51.17333333333333	56.586666666666666	59.7	61.57333333333333	63.43333333333333	64.78	65.56666666666666	66.19333333333333	66.70666666666666	67.44	67.66	68.31333333333333	68.91333333333333	69.14666666666666	69.32666666666667	69.46666666666667	69.43333333333334	69.64666666666666	69.82666666666667	69.44666666666667	69.61333333333333	69.42	69.23333333333333	68.64666666666666	68.43333333333334	67.98	67.25333333333333	66.61333333333333	65.55333333333333	64.62	63.3	61.42	59.306666666666665	56.486666666666665	51.08	0.0
0.0	50.88	56.00666666666667	59.3	61.16	62.64666666666667	64.32	65.06666666666666	65.77333333333333	66.33333333333333	67.26	67.77333333333333	68.51333333333334	68.98666666666666	69.36	69.48	69.46	69.42	69.50666666666666	69.8	69.84666666666666	69.54666666666667	69.22666666666667	68.88	68.68666666666667	68.10666666666667	67.26666666666667	66.85333333333334	66.20666666666666	65.38	64.54666666666667	63.44	61.88666666666666	59.46	56.38666666666666	50.82666666666667	0.0
0.0	50.86666666666667	56.34	59.2	61.413333333333334	63.17333333333333	64.6	65.40666666666667	66.16	66.80666666666667	67.61333333333333	68.48666666666666	69.02	69.29333333333334	69.06	69.02666666666667	68.88	69.22666666666667	69.38666666666667	69.36666666666666	69.17333333333333	68.94	68.81333333333333	68.58666666666667	68.24	67.52666666666667	67.32	66.94	66.15333333333334	65.33333333333333	64.46666666666667	63.32	61.78666666666667	59.233333333333334	56.653333333333336	51.08	0.0
0.0	51.306666666666665	56.58	59.81333333333333	61.85333333333333	63.56666666666667	64.99333333333334	65.78	66.64	67.47333333333333	68.19333333333333	68.55333333333333	68.76	69.66	69.44	69.93333333333334	69.70666666666666	70.09333333333333	69.77333333333333	70.19333333333333	69.96	69.64666666666666	69.41333333333333	68.89333333333333	68.4	68.38	67.62666666666667	67.11333333333333	66.4	65.44666666666667	64.49333333333334	62.78666666666667	61.68	59.48	56.54	51.43333333333333	0.0
0.0	50.82	56.333333333333336	59.36	61.553333333333335	63.11333333333334	64.29333333333334	65.17333333333333	66.25333333333333	66.94666666666667	67.48	67.75333333333333	68.05333333333333	68.39333333333333	68.49333333333334	68.87333333333333	69.17333333333333	68.99333333333334	69.14	68.79333333333334	68.96	68.94	68.58666666666667	68.34666666666666	68.35333333333334	67.63333333333334	67.14	66.62666666666667	66.10666666666667	64.98	64.22666666666667	62.88	61.31333333333333	58.88666666666666	56.02	50.986666666666665	0.0
0.0	50.75333333333333	56.52	59.64666666666667	61.93333333333333	63.24666666666667	64.48	65.59333333333333	66.80666666666667	67.18	67.64	68.29333333333334	68.5	68.80666666666667	69.32666666666667	69.6	69.61333333333333	69.62666666666667	69.58666666666667	69.30666666666667	69.08	68.94666666666667	69.16666666666667	68.96666666666667	68.70666666666666	68.06	67.75333333333333	66.91333333333333	66.54	65.60666666666667	64.19333333333333	63.46666666666667	61.5	59.74	56.57333333333333	51.03333333333333	0.0
0.0	50.626666666666665	55.92666666666667	58.77333333333333	60.72	62.766666666666666	63.8	64.73333333333333	65.76666666666667	66.06666666666666	66.67333333333333	67.42666666666666	68.05333333333333	68.04666666666667	68.42	68.46	68.88	69.0	68.96666666666667	69.17333333333333	68.78	68.55333333333333	68.42666666666666	68.31333333333333	68.02	67.72	67.53333333333333	66.48	66.38666666666667	65.28	63.846666666666664	62.6	60.81333333333333	59.06	56.03333333333333	50.6	0.0
0.0	50.96666666666667	56.306666666666665	59.27333333333333	61.93333333333333	63.233333333333334	64.68	65.61333333333333	66.14666666666666	67.16	67.8	68.57333333333334	68.26	68.73333333333333	69.30666666666667	69.05333333333333	69.0	69.09333333333333	68.87333333333333	68.8	68.93333333333334	69.12	68.52	68.22	68.22666666666667	67.82	67.06666666666666	66.63333333333334	65.92	65.24	64.32666666666667	62.86	61.7	59.333333333333336	55.986666666666665	51.16	0.0
0.0	51.013333333333335	56.38	59.56666666666667	61.766666666666666	63.24666666666667	64.63333333333334	65.48666666666666	66.48666666666666	67.3	67.78	68.44	68.9	69.36	69.23333333333333	69.32666666666667	69.55333333333333	69.48	69.82	70.14666666666666	69.87333333333333	69.78666666666666	69.08666666666667	68.9	68.34	67.66	67.19333333333333	66.64666666666666	66.24	64.84666666666666	64.06666666666666	63.00666666666667	60.913333333333334	59.17333333333333	56.27333333333333	50.78666666666667	0.0
0.0	50.88666666666666	56.14	59.46666666666667	61.653333333333336	63.35333333333333	64.32	65.44666666666667	66.31333333333333	67.05333333333333	67.48666666666666	67.64	67.94	68.41333333333333	68.62	68.72	69.28666666666666	69.33333333333333	69.50666666666666	69.36	69.19333333333333	68.85333333333334	69.07333333333334	69.04666666666667	68.46	68.01333333333334	67.65333333333334	67.09333333333333	66.4	65.16666666666667	64.44	63.24666666666667	61.46666666666667	59.5	56.32	51.193333333333335	0.0
0.0	51.1	56.446666666666665	59.62	61.74	63.593333333333334	64.56666666666666	65.22666666666667	66.57333333333334	67.01333333333334	67.74	68.16	68.49333333333334	68.69333333333333	68.90666666666667	68.84666666666666	68.86	69.12666666666667	69.36666666666666	69.74	69.35333333333334	69.36666666666666	69.12666666666667	68.83333333333333	68.25333333333333	68.08666666666667	67.36666666666666	66.50666666666666	65.93333333333334	64.96	64.26666666666667	63.06	61.31333333333333	59.153333333333336	56.11333333333334	51.086666666666666	0.0
0.0	50.586666666666666	56.18666666666667	59.413333333333334	61.50666666666667	63.12	64.08	65.09333333333333	66.24	66.44	66.86666666666666	67.43333333333334	68.28	68.48666666666666	68.85333333333334	68.94	68.87333333333333	69.16	68.90666666666667	69.06666666666666	68.58666666666667	68.22	67.96	68.4	68.06666666666666	67.45333333333333	67.03333333333333	66.41333333333333	65.85333333333334	65.0	63.74666666666667	62.66	61.06	59.086666666666666	56.14666666666667	50.95333333333333	0.0
0.0	51.06	56.43333333333333	59.7	62.22	63.553333333333335	65.01333333333334	66.06666666666666	66.78	67.55333333333333	67.74	68.36666666666666	69.24	69.10666666666667	69.56666666666666	70.02	70.1	70.07333333333334	70.26666666666667	70.04666666666667	69.72	69.7	69.46	69.42	69.02	68.84	68.20666666666666	67.38666666666667	67.31333333333333	66.04	64.82666666666667	63.973333333333336	62.22666666666667	59.82	56.32666666666667	51.266666666666666	0.0
0.0	50.8	55.833333333333336	58.98	61.32	63.38	64.3	65.06666666666666	66.1	66.76	67.71333333333334	68.22666666666667	68.52666666666667	68.97333333333333	69.17333333333333	68.86	69.25333333333333	69.15333333333334	69.32666666666667	69.65333333333334	69.50666666666666	69.49333333333334	69.01333333333334	68.64	68.22	67.63333333333334	67.13333333333334	66.54	65.72	65.55333333333333	64.4	63.053333333333335	61.36666666666667	59.4	56.21333333333333	50.946666666666665	0.0
0.0	51.00666666666667	56.34	59.32	61.38666666666666	62.62	63.77333333333333	65.09333333333333	66.25333333333333	66.82	67.16666666666667	68.04666666666667	67.9	68.17333333333333	68.70666666666666	69.18666666666667	69.21333333333334	69.46666666666667	69.41333333333333	69.28666666666666	69.16	69.02	68.58666666666667	68.55333333333333	68.17333333333333	67.67333333333333	67.33333333333333	66.90666666666667	66.22666666666667	65.20666666666666	64.25333333333333	62.64	61.44	59.14666666666667	56.093333333333334	50.846666666666664	0.0
0.0	51.333333333333336	56.74666666666667	59.986666666666665	61.57333333333333	63.58	64.66	65.92	66.72666666666667	67.27333333333333	67.76	67.88666666666667	68.29333333333334	69.0	69.04666666666667	69.36	69.34	69.72	70.16	70.08	69.86	69.34666666666666	69.44666666666667	68.84666666666666	68.97333333333333	68.66	67.98666666666666	67.44	66.56666666666666	65.96666666666667	64.89333333333333	63.766666666666666	62.166666666666664	59.846666666666664	56.74	51.44	0.0
0.0	51.06	56.20666666666666	59.28	61.04666666666667	62.64	63.64	65.07333333333334	65.62666666666667	66.23333333333333	67.32666666666667	67.86	67.98666666666666	68.49333333333334	68.80666666666667	69.27333333333333	69.41333333333333	69.39333333333333	69.42666666666666	69.24666666666667	69.32666666666667	68.80666666666667	68.88	68.77333333333333	68.09333333333333	67.62666666666667	67.62	66.96666666666667	66.28	65.4	64.38	63.093333333333334	61.60666666666667	59.406666666666666	56.28666666666667	50.906666666666666	0.0
0.0	50.9	56.28	59.07333333333333	61.44	62.88	64.16666666666667	65.2	66.50666666666666	67.14	67.38	68.19333333333333	68.7	68.85333333333334	68.82666666666667	69.33333333333333	69.27333333333333	69.29333333333334	69.04666666666667	69.24666666666667	69.15333333333334	69.14	69.23333333333333	69.07333333333334	68.80666666666667	68.32	67.68666666666667	67.28666666666666	66.62	65.8	64.50666666666666	63.3	61.56	59.32666666666667	56.72	51.193333333333335	0.0
0.0	51.24666666666667	56.70666666666666	59.78666666666667	61.85333333333333	63.013333333333335	64.3	65.45333333333333	66.35333333333334	66.97333333333333	67.40666666666667	68.13333333333334	68.34666666666666	68.98666666666666	69.26666666666667	69.62	69.52666666666667	69.63333333333334	69.74666666666667	69.58666666666667	69.72666666666667	69.68666666666667	69.16	69.00666666666666	68.64	68.52666666666667	67.92666666666666	67.47333333333333	66.78	65.79333333333334	65.04666666666667	63.22666666666667	62.266666666666666	59.88666666666666	56.526666666666664	51.60666666666667	0.0
0.0	51.0	56.32	59.28	61.34	62.99333333333333	64.23333333333333	65.28	66.38666666666667	67.42666666666666	67.86666666666666	68.39333333333333	68.71333333333334	68.74666666666667	69.01333333333334	69.23333333333333	69.22	69.23333333333333	69.09333333333333	69.30666666666667	69.08	69.05333333333333	68.78	68.57333333333334	68.30666666666667	67.68666666666667	67.34	66.89333333333333	66.13333333333334	65.18	64.33333333333333	63.526666666666664	61.6	59.413333333333334	56.266666666666666	50.86666666666667	0.0
0.0	50.70666666666666	55.846666666666664	59.306666666666665	61.24666666666667	62.36666666666667	63.96666666666667	64.94666666666667	66.0	66.65333333333334	67.22	67.91333333333333	68.34666666666666	68.73333333333333	68.55333333333333	68.8	69.08	69.28666666666666	69.22	69.52666666666667	69.18666666666667	68.82	68.73333333333333	68.56	68.02666666666667	67.59333333333333	67.42666666666666	66.81333333333333	65.80666666666667	64.97333333333333	63.99333333333333	62.77333333333333	60.806666666666665	59.16	55.946666666666665	50.84	0.0
0.0	50.84	56.46666666666667	59.4	62.08	63.82666666666667	65.45333333333333	66.09333333333333	66.9	67.38	67.74	68.05333333333333	68.58	69.0	69.51333333333334	69.51333333333334	69.53333333333333	69.59333333333333	69.14666666666666	69.81333333333333	69.38666666666667	69.31333333333333	69.36666666666666	68.98666666666666	68.44	68.08666666666667	67.95333333333333	67.24	66.53333333333333	65.58	64.54666666666667	63.63333333333333	61.43333333333333	59.46	55.973333333333336	51.0	0.0
0.0	51.31333333333333	56.406666666666666	59.82666666666667	61.60666666666667	63.193333333333335	64.65333333333334	65.42666666666666	66.75333333333333	67.25333333333333	68.02666666666667	68.62	68.91333333333333	69.03333333333333	69.23333333333333	69.37333333333333	69.46	69.63333333333334	69.74	69.23333333333333	69.30666666666667	68.89333333333333	68.89333333333333	68.52	68.47333333333333	68.04	67.42	67.06	66.34666666666666	65.75333333333333	64.33333333333333	63.026666666666664	61.31333333333333	59.14666666666667	56.4	50.88666666666666	0.0
0.0	51.026666666666664	56.49333333333333	59.36	61.38666666666666	63.20666666666666	64.52666666666667	65.35333333333334	66.2	67.14	67.45333333333333	67.94666666666667	68.7	68.72	69.06666666666666	69.45333333333333	69.40666666666667	69.73333333333333	69.48	69.64666666666666	69.54666666666667	69.52666666666667	68.99333333333334	68.98666666666666	68.52	68.07333333333334	67.63333333333334	67.14	66.30666666666667	65.34666666666666	64.26	63.20666666666666	61.46	59.39333333333333	56.446666666666665	50.98	0.0
0.0	50.6	56.35333333333333	59.406666666666666	61.693333333333335	63.11333333333334	64.13333333333334	65.51333333333334	66.12666666666667	66.7	67.2	67.77333333333333	68.10666666666667	68.55333333333333	68.66666666666667	68.94	68.9	69.22	69.0	69.50666666666666	69.21333333333334	68.94	68.78666666666666	68.52	68.59333333333333	67.93333333333334	67.53333333333333	66.84666666666666	66.38	65.46666666666667	64.32666666666667	62.7	61.42666666666667	59.27333333333333	56.08	51.166666666666664	0.0
0.0	51.45333333333333	56.49333333333333	59.653333333333336	61.57333333333333	63.733333333333334	64.68666666666667	65.82666666666667	66.62	67.0	67.67333333333333	68.08	68.27333333333333	68.64	69.25333333333333	69.54	69.77333333333333	69.88	69.81333333333333	69.56	69.54	68.94666666666667	69.08666666666667	68.66666666666667	68.42	68.14666666666666	67.63333333333334	66.92666666666666	66.80666666666667	65.82666666666667	64.80666666666667	63.62	61.6	59.7	56.64	51.21333333333333	0.0
0.0	51.07333333333333	56.74666666666667	59.5	61.36666666666667	62.70666666666666	64.26	65.76	66.72	67.46666666666667	68.2	68.68666666666667	68.92666666666666	69.21333333333334	69.31333333333333	69.69333333333333	69.79333333333334	69.86	69.76	69.92	69.91333333333333	69.69333333333333	69.87333333333333	69.2	68.76	68.57333333333334	67.65333333333334	66.84666666666666	66.42666666666666	65.68	65.00666666666666	63.14666666666667	61.70666666666666	59.626666666666665	56.49333333333333	51.21333333333333	0.0
0.0	51.00666666666667	56.04666666666667	59.06666666666667	61.52	63.22666666666667	64.26666666666667	65.06	65.83333333333333	66.33333333333333	67.05333333333333	67.42	68.16666666666667	68.46	68.78	69.01333333333334	69.3	69.04	69.42666666666666	69.46666666666667	69.32	69.00666666666666	68.85333333333334	68.66	68.08	67.63333333333334	67.16666666666667	66.88	65.90666666666667	65.25333333333333	64.28	62.78	61.28	59.20666666666666	56.38	50.92	0.0
0.0	51.22666666666667	56.766666666666666	59.513333333333335	61.486666666666665	62.95333333333333	64.35333333333334	65.42666666666666	66.36666666666666	66.81333333333333	67.49333333333334	67.83333333333333	68.7	68.86	68.71333333333334	68.92666666666666	69.19333333333333	69.51333333333334	69.28666666666666	69.38666666666667	69.32666666666667	69.12666666666667	68.98	68.50666666666666	68.64	68.29333333333334	67.84	66.66666666666667	66.08666666666667	65.36	64.16666666666667	63.1	61.346666666666664	59.20666666666666	56.35333333333333	51.17333333333333	0.0
0.0	50.84	56.24666666666667	59.32666666666667	61.373333333333335	62.806666666666665	64.39333333333333	65.21333333333334	66.06	66.91333333333333	67.66666666666667	68.49333333333334	68.39333333333333	68.80666666666667	68.98	69.67333333333333	69.36666666666666	69.30666666666667	69.55333333333333	69.41333333333333	69.5	68.9	69.04666666666667	68.68666666666667	68.61333333333333	68.25333333333333	67.57333333333334	67.38666666666667	66.16	65.46666666666667	64.3	63.17333333333333	61.4	59.18666666666667	56.42666666666667	50.93333333333333	0.0
0.0	50.92	56.22666666666667	59.28	61.873333333333335	63.153333333333336	64.33333333333333	65.23333333333333	66.09333333333333	66.81333333333333	67.74666666666667	68.08	68.61333333333333	68.94666666666667	69.44666666666667	69.62	69.74	69.93333333333334	69.74	70.00666666666666	69.53333333333333	69.03333333333333	68.65333333333334	68.98666666666666	68.48666666666666	67.85333333333334	67.38	66.75333333333333	66.20666666666666	65.35333333333334	64.38	63.07333333333333	61.24666666666667	58.95333333333333	56.18	51.12	0.0
0.0	51.20666666666666	56.52	59.693333333333335	61.85333333333333	63.32	64.52	65.7	66.58	66.86	67.64	68.27333333333333	68.04666666666667	68.94	68.9	69.08	69.22666666666667	69.23333333333333	69.64	69.41333333333333	69.50666666666666	69.39333333333333	69.14	68.93333333333334	68.81333333333333	68.5	67.87333333333333	66.86666666666666	66.41333333333333	65.55333333333333	64.52666666666667	63.10666666666667	61.306666666666665	59.42666666666667	56.52	51.00666666666667	0.0
0.0	50.8	56.44	59.48	61.446666666666665	62.92	63.98	64.72	65.89333333333333	66.71333333333334	67.10666666666667	67.79333333333334	68.1	68.96666666666667	68.74666666666667	68.86666666666666	69.3	69.30666666666667	69.26	69.39333333333333	69.16666666666667	68.67333333333333	68.59333333333333	68.06	67.5	67.51333333333334	67.22	66.50666666666666	65.86	65.07333333333334	64.0	62.61333333333334	61.12	59.2	56.25333333333333	50.846666666666664	0.0
0.0	51.00666666666667	56.22	59.266666666666666	61.24666666666667	62.9	64.23333333333333	65.14666666666666	65.89333333333333	66.58	67.22666666666667	67.75333333333333	68.16	68.52	68.7	68.9	69.03333333333333	68.99333333333334	69.10666666666667	69.52666666666667	69.27333333333333	68.62666666666667	69.24666666666667	68.78	68.48666666666666	68.56	67.78666666666666	67.04	66.4	65.53333333333333	64.33333333333333	63.22	61.48	59.36666666666667	56.18666666666667	51.06666666666667	0.0
0.0	51.026666666666664	55.946666666666665	58.973333333333336	61.79333333333334	63.413333333333334	64.70666666666666	65.71333333333334	65.88	67.28666666666666	68.12666666666667	68.30666666666667	68.42666666666666	68.79333333333334	69.13333333333334	69.54	69.28666666666666	69.73333333333333	70.0	69.78	69.6	69.46666666666667	68.98	68.85333333333334	68.4	68.16666666666667	67.8	67.26666666666667	66.89333333333333	65.89333333333333	65.14	63.446666666666665	61.86666666666667	59.74	56.486666666666665	50.9	0.0
0.0	51.24	56.64	59.66	61.38666666666666	63.14666666666667	64.43333333333334	65.34666666666666	65.94666666666667	66.24	67.2	68.10666666666667	68.4	69.02	69.08666666666667	69.43333333333334	69.74	69.37333333333333	69.64666666666666	69.68666666666667	69.71333333333334	69.47333333333333	69.18666666666667	69.29333333333334	68.65333333333334	68.16666666666667	67.98666666666666	66.91333333333333	66.63333333333334	65.70666666666666	64.42666666666666	63.093333333333334	61.43333333333333	59.32	56.38	50.67333333333333	0.0
0.0	51.5	56.54666666666667	59.53333333333333	61.61333333333334	62.86	63.68666666666667	64.90666666666667	66.21333333333334	67.20666666666666	67.8	67.85333333333334	68.35333333333334	68.85333333333334	68.98666666666666	68.93333333333334	69.14666666666666	68.84666666666666	68.92	69.10666666666667	69.03333333333333	69.08	68.73333333333333	68.17333333333333	68.48666666666666	67.74	67.8	67.32666666666667	66.30666666666667	65.6	64.65333333333334	63.266666666666666	61.31333333333333	59.333333333333336	56.38666666666666	51.16	0.0
0.0	51.03333333333333	56.053333333333335	59.82666666666667	61.88	63.266666666666666	64.26666666666667	64.98666666666666	66.34	66.95333333333333	67.51333333333334	68.13333333333334	68.58666666666667	68.76	68.77333333333333	68.84666666666666	69.21333333333334	69.65333333333334	69.24666666666667	69.40666666666667	69.67333333333333	69.29333333333334	69.16666666666667	68.76666666666667	68.64	68.24	67.66	66.52666666666667	65.85333333333334	65.38666666666667	64.04	63.28	60.986666666666665	59.08	55.766666666666666	50.82666666666667	0.0
0.0	50.67333333333333	56.053333333333335	59.16	61.24	63.026666666666664	63.86666666666667	65.25333333333333	66.18	66.73333333333333	67.38	67.82666666666667	68.42	68.42666666666666	69.06	68.96666666666667	69.26	69.25333333333333	69.58	69.62666666666667	68.90666666666667	69.32	68.98666666666666	69.14	68.74	67.92	67.78666666666666	67.14	66.35333333333334	65.50666666666666	64.09333333333333	62.96	61.44	59.553333333333335	56.18	50.99333333333333	0.0
0.0	51.21333333333333	56.50666666666667	59.46666666666667	61.53333333333333	63.38	64.57333333333334	65.76	66.66	67.0	67.68666666666667	67.94666666666667	68.38666666666667	69.08666666666667	69.00666666666666	69.44	69.72666666666667	69.58666666666667	69.58	69.54666666666667	69.34	69.58	69.0	68.69333333333333	68.54666666666667	68.3	67.76666666666667	66.88666666666667	66.58666666666667	65.93333333333334	64.43333333333334	63.2	61.68	59.18666666666667	56.24666666666667	50.78666666666667	0.0
0.0	50.43333333333333	56.14	58.986666666666665	60.96666666666667	62.906666666666666	64.06	64.94666666666667	66.22666666666667	66.95333333333333	67.30666666666667	67.76	68.01333333333334	68.26	68.82	69.32666666666667	69.26	68.92	68.86	69.16666666666667	68.57333333333334	68.50666666666666	68.66666666666667	68.14666666666666	68.38	67.8	67.10666666666667	66.28666666666666	65.90666666666667	65.0	64.04	62.906666666666666	61.18	59.03333333333333	55.986666666666665	50.64	0.0
0.0	51.13333333333333	56.586666666666666	59.486666666666665	61.78	63.22666666666667	64.50666666666666	65.36666666666666	66.14	66.9	67.57333333333334	67.85333333333334	68.18	68.48666666666666	69.26	69.20666666666666	69.45333333333333	69.8	69.61333333333333	69.80666666666667	69.33333333333333	69.46	69.16	68.52666666666667	68.23333333333333	68.3	67.44	66.82	66.50666666666666	65.46	64.43333333333334	63.00666666666667	61.693333333333335	59.38	56.18666666666667	51.03333333333333	0.0
0.0	51.026666666666664	56.52	59.52	61.68666666666667	63.29333333333334	64.55333333333333	65.66666666666667	66.62	66.95333333333333	67.8	68.55333333333333	68.9	69.48666666666666	69.63333333333334	69.58666666666667	69.38666666666667	69.50666666666666	69.82666666666667	70.05333333333333	69.84666666666666	69.61333333333333	69.75333333333333	69.26666666666667	69.2	68.58666666666667	67.7	67.26	66.38666666666667	65.41333333333333	64.54	63.45333333333333	62.00666666666667	59.666666666666664	56.92666666666667	51.45333333333333	0.0
0.0	50.95333333333333	56.48	59.64	61.48	63.07333333333333	64.1	65.04666666666667	65.95333333333333	66.46666666666667	67.14	67.79333333333334	67.96	68.28666666666666	68.5	69.26666666666667	68.95333333333333	69.43333333333334	69.18666666666667	69.09333333333333	68.56	68.61333333333333	68.83333333333333	68.47333333333333	68.12666666666667	67.70666666666666	66.94666666666667	66.7	66.11333333333333	64.89333333333333	64.21333333333334	63.14	61.586666666666666	59.28	55.94	50.946666666666665	0.0
0.0	51.10666666666667	56.306666666666665	59.46	61.49333333333333	63.3	64.30666666666667	65.62	66.26	66.82	67.73333333333333	68.07333333333334	68.50666666666666	68.97333333333333	69.23333333333333	69.49333333333334	69.67333333333333	69.77333333333333	70.08	69.73333333333333	69.50666666666666	69.27333333333333	68.92	68.52	68.06	67.62	67.05333333333333	66.72666666666667	66.11333333333333	65.34	64.19333333333333	63.06	61.833333333333336	58.98	56.29333333333334	50.82666666666667	0.0
0.0	51.166666666666664	56.66	59.96666666666667	62.153333333333336	63.68	64.88	65.89333333333333	66.78666666666666	67.32	68.14666666666666	69.05333333333333	68.99333333333334	69.52	69.25333333333333	69.64	69.23333333333333	69.80666666666667	69.8	69.87333333333333	69.40666666666667	69.80666666666667	69.54	69.54	69.40666666666667	69.18	68.65333333333334	67.61333333333333	66.66666666666667	66.08	65.04666666666667	63.74	61.666666666666664	59.78	56.526666666666664	51.24666666666667	0.0
0.0	51.14666666666667	56.62	59.8	61.93333333333333	63.36	64.52	65.82	66.16	67.25333333333333	67.48666666666666	68.34	68.80666666666667	68.79333333333334	69.34	69.1	69.58666666666667	69.96	70.16666666666667	69.98	69.63333333333334	69.32666666666667	69.26	69.45333333333333	69.21333333333334	68.61333333333333	67.96666666666667	67.13333333333334	66.61333333333333	65.74666666666667	64.70666666666666	63.27333333333333	61.62	59.70666666666666	56.48	51.07333333333333	0.0
0.0	50.86	56.44	59.39333333333333	61.593333333333334	63.16	64.34	65.66	66.64	66.91333333333333	67.26666666666667	68.24	68.84666666666666	69.14666666666666	69.56	69.50666666666666	69.39333333333333	69.6	69.36	69.42666666666666	69.45333333333333	68.98666666666666	68.88666666666667	68.55333333333333	68.04	67.95333333333333	67.5	66.94666666666667	66.15333333333334	65.76666666666667	64.52666666666667	63.03333333333333	61.413333333333334	59.42666666666667	56.36	50.92	0.0
0.0	50.88666666666666	56.11333333333334	59.24	61.64	63.126666666666665	64.23333333333333	65.36	66.54666666666667	67.19333333333333	68.09333333333333	68.63333333333334	68.63333333333334	68.87333333333333	68.68	69.04666666666667	69.5	69.58	69.67333333333333	69.44	69.60666666666667	69.76666666666667	69.37333333333333	69.12	69.08666666666667	68.64	67.9	67.33333333333333	66.71333333333334	65.97333333333333	64.44666666666667	63.086666666666666	61.85333333333333	59.68666666666667	56.526666666666664	51.04	0.0
0.0	50.833333333333336	56.513333333333335	59.39333333333333	60.86666666666667	62.72	64.16666666666667	65.11333333333333	65.86	66.63333333333334	67.20666666666666	67.44666666666667	68.26	68.54	68.92666666666666	69.30666666666667	69.4	69.14666666666666	69.52666666666667	69.47333333333333	69.28	68.86666666666666	68.94	68.42666666666666	67.96	67.91333333333333	67.37333333333333	66.58666666666667	65.94	64.95333333333333	64.30666666666667	62.906666666666666	61.11333333333334	59.233333333333334	56.4	51.053333333333335	0.0
0.0	51.06	56.06	59.54666666666667	61.39333333333333	63.126666666666665	64.30666666666667	65.53333333333333	66.46	67.02666666666667	67.35333333333334	67.52	68.19333333333333	68.42	68.56	68.94	68.90666666666667	68.96	68.80666666666667	68.8	68.53333333333333	68.62	68.18	68.1	67.63333333333334	67.55333333333333	67.08	66.56666666666666	65.53333333333333	64.85333333333334	64.06666666666666	62.86	61.28666666666667	59.18	56.22	50.54	0.0
0.0	51.306666666666665	56.4	59.67333333333333	61.53333333333333	63.28666666666667	64.48	65.57333333333334	66.36666666666666	66.96	67.72	68.42666666666666	68.90666666666667	69.22	69.1	68.91333333333333	69.48666666666666	69.52	69.76666666666667	69.87333333333333	69.90666666666667	69.17333333333333	69.13333333333334	68.86	68.28	68.21333333333334	68.34	67.6	66.76666666666667	65.82	65.00666666666666	63.64	61.9	59.733333333333334	56.42666666666667	51.013333333333335	0.0
0.0	51.166666666666664	56.38	59.10666666666667	61.27333333333333	62.68	64.38	65.25333333333333	65.97333333333333	66.61333333333333	67.28	68.08666666666667	68.14666666666666	68.58666666666667	68.67333333333333	69.18666666666667	69.3	69.52666666666667	69.5	69.52	69.20666666666666	69.20666666666666	68.60666666666667	68.52	67.78	67.59333333333333	66.92	66.7	66.04666666666667	64.88	63.67333333333333	62.333333333333336	61.2	59.36	56.06666666666667	50.84	0.0
0.0	51.013333333333335	56.35333333333333	59.38	61.56666666666667	63.04	64.03333333333333	65.44	66.32666666666667	67.04	67.91333333333333	68.74	69.18666666666667	69.58	69.9	69.62	69.72666666666667	69.76	69.4	69.23333333333333	69.08	69.48	69.19333333333333	68.97333333333333	68.66666666666667	68.07333333333334	67.79333333333334	66.66666666666667	66.09333333333333	65.54	64.18	63.373333333333335	61.28	59.52	56.486666666666665	51.25333333333333	0.0
0.0	51.093333333333334	56.28	59.406666666666666	61.413333333333334	63.14666666666667	64.26	65.09333333333333	66.14	66.59333333333333	66.78666666666666	67.38666666666667	67.73333333333333	68.66	68.80666666666667	68.68666666666667	69.04666666666667	69.29333333333334	69.12666666666667	69.36666666666666	69.19333333333333	69.22	68.97333333333333	68.63333333333334	68.26	67.68	67.35333333333334	66.86666666666666	66.47333333333333	65.54666666666667	64.3	62.96666666666667	61.78666666666667	59.62	56.306666666666665	50.96666666666667	0.0
0.0	50.833333333333336	56.06	59.4	61.626666666666665	63.11333333333334	64.57333333333334	65.46666666666667	66.45333333333333	66.78666666666666	67.28666666666666	68.32	68.42666666666666	68.56	69.19333333333333	69.44	69.59333333333333	69.75333333333333	69.97333333333333	69.92666666666666	69.70666666666666	69.47333333333333	69.16666666666667	68.69333333333333	68.52	68.14	67.58	67.00666666666666	66.52	65.87333333333333	64.76666666666667	63.36	61.2	59.17333333333333	55.973333333333336	50.846666666666664	0.0
0.0	51.25333333333333	56.74666666666667	59.4	61.67333333333333	63.04	63.93333333333333	65.10666666666667	66.06	66.64666666666666	67.28	67.62	68.47333333333333	68.63333333333334	68.92666666666666	69.36666666666666	69.63333333333334	69.71333333333334	69.38666666666667	69.49333333333334	69.67333333333333	69.32666666666667	69.0	68.56666666666666	68.68	68.27333333333333	67.79333333333334	66.77333333333333	65.84	65.32	64.38666666666667	62.96	61.67333333333333	59.026666666666664	56.553333333333335	51.03333333333333	0.0
0.0	51.0	56.88666666666666	60.20666666666666	61.913333333333334	63.27333333333333	64.5	65.52666666666667	66.78	67.59333333333333	67.70666666666666	68.4	68.69333333333333	68.92	69.34666666666666	69.79333333333334	69.47333333333333	69.74666666666667	69.89333333333333	69.96666666666667	69.75333333333333	69.35333333333334	69.03333333333333	68.84	68.60666666666667	68.31333333333333	67.88666666666667	67.16666666666667	66.20666666666666	65.48	64.21333333333334	62.99333333333333	61.61333333333334	59.64666666666667	56.32666666666667	50.95333333333333	0.0
0.0	51.093333333333334	56.25333333333333	59.373333333333335	61.29333333333334	62.95333333333333	64.24	65.10666666666667	66.19333333333333	66.72666666666667	67.08	68.26666666666667	68.1	68.76	68.99333333333334	69.22666666666667	69.52	69.16	69.14666666666666	69.52666666666667	69.56	69.35333333333334	69.18666666666667	68.85333333333334	68.72	68.34666666666666	67.57333333333334	67.28	66.32	65.62666666666667	64.50666666666666	63.0	61.166666666666664	59.233333333333334	56.53333333333333	51.126666666666665	0.0
0.0	50.76	56.526666666666664	59.053333333333335	61.10666666666667	63.24	64.7	65.04666666666667	66.28	67.18	67.33333333333333	67.72666666666667	67.96	68.35333333333334	68.89333333333333	68.99333333333334	69.44	68.88666666666667	69.24666666666667	69.23333333333333	69.51333333333334	69.03333333333333	69.06666666666666	68.89333333333333	68.17333333333333	67.96	67.2	66.68	65.97333333333333	65.38	64.64	63.25333333333333	61.64666666666667	59.266666666666666	56.513333333333335	51.24	0.0
0.0	50.54	56.18666666666667	59.28	61.17333333333333	63.12	64.33333333333333	65.74666666666667	66.4	66.92666666666666	67.48	67.99333333333334	68.30666666666667	68.63333333333334	68.58	68.84	69.02	68.86666666666666	68.91333333333333	69.06	68.84	68.62666666666667	68.82	68.62	68.45333333333333	67.75333333333333	67.44666666666667	66.64666666666666	65.69333333333333	65.12666666666667	63.78666666666667	62.88666666666666	61.53333333333333	58.89333333333333	56.29333333333334	50.92	0.0
0.0	51.086666666666666	56.36	59.666666666666664	61.70666666666666	63.46666666666667	64.68666666666667	65.96666666666667	66.97333333333333	67.64666666666666	67.92666666666666	68.35333333333334	68.71333333333334	69.32666666666667	69.36	69.65333333333334	69.52	69.53333333333333	69.74666666666667	69.78666666666666	69.94	69.78	69.68	69.54	68.92	67.93333333333334	67.60666666666667	67.08666666666667	66.42666666666666	65.74666666666667	64.86666666666666	63.72	61.89333333333333	59.71333333333333	56.593333333333334	51.1	0.0
0.0	50.906666666666666	56.68	59.26	61.72666666666667	62.94	63.79333333333334	65.17333333333333	66.28666666666666	66.70666666666666	67.44666666666667	67.61333333333333	68.07333333333334	68.88	69.22	69.32	69.62666666666667	69.91333333333333	70.14666666666666	69.73333333333333	69.21333333333334	69.06666666666666	68.84	68.98666666666666	68.5	67.81333333333333	67.72666666666667	67.01333333333334	65.96666666666667	65.59333333333333	64.42	62.95333333333333	61.31333333333333	59.086666666666666	56.193333333333335	50.806666666666665	0.0
0.0	50.66	56.20666666666666	59.25333333333333	61.53333333333333	63.14	64.53333333333333	65.74	66.05333333333333	66.74666666666667	67.48666666666666	67.74	68.24666666666667	68.87333333333333	68.55333333333333	69.14666666666666	69.28666666666666	69.49333333333334	69.57333333333334	69.07333333333334	69.27333333333333	69.44	69.08666666666667	68.68	68.32666666666667	68.18666666666667	67.19333333333333	66.56666666666666	65.72	65.36	64.4	63.08	61.56666666666667	59.08	55.68666666666667	50.78666666666667	0.0
0.0	51.18	56.54666666666667	59.35333333333333	61.22666666666667	63.18	64.28	65.16	66.28	66.64666666666666	67.45333333333333	67.88666666666667	68.24	68.40666666666667	68.41333333333333	68.7	68.96666666666667	69.16666666666667	69.04	69.14666666666666	69.20666666666666	68.96	68.51333333333334	68.49333333333334	68.21333333333334	67.94	67.46	66.75333333333333	66.16	65.63333333333334	64.44	63.586666666666666	61.62	59.38666666666666	56.053333333333335	50.77333333333333	0.0
0.0	50.99333333333333	56.32666666666667	59.0	61.26	63.086666666666666	63.98	64.86666666666666	65.76666666666667	66.25333333333333	66.56	67.41333333333333	68.08666666666667	68.5	69.11333333333333	69.12	68.71333333333334	68.9	69.01333333333334	68.77333333333333	68.74666666666667	68.41333333333333	68.48666666666666	68.43333333333334	68.04666666666667	67.91333333333333	67.00666666666666	67.1	65.67333333333333	65.22666666666667	64.00666666666666	62.66	61.44	59.266666666666666	56.446666666666665	51.14666666666667	0.0
0.0	51.093333333333334	56.12	59.04666666666667	61.32666666666667	62.71333333333333	64.17333333333333	65.44666666666667	66.21333333333334	66.86	67.35333333333334	68.35333333333334	68.79333333333334	69.32666666666667	69.64666666666666	69.13333333333334	69.29333333333334	69.70666666666666	69.72	69.47333333333333	69.25333333333333	69.32	68.74	69.06666666666666	68.38	68.26	67.37333333333333	66.94666666666667	66.02666666666667	65.15333333333334	64.3	63.00666666666667	60.95333333333333	59.553333333333335	56.31333333333333	50.473333333333336	0.0
0.0	50.79333333333334	56.07333333333333	59.593333333333334	61.6	63.473333333333336	64.66666666666667	65.58	66.56666666666666	67.32	67.65333333333334	67.86666666666666	68.40666666666667	68.59333333333333	68.72	69.01333333333334	69.23333333333333	69.2	69.32666666666667	69.16666666666667	68.97333333333333	68.84666666666666	68.7	68.44	68.18	67.69333333333333	67.49333333333334	66.70666666666666	65.86666666666666	65.26	64.32	62.92666666666667	61.22666666666667	59.053333333333335	55.95333333333333	50.98	0.0
0.0	50.46	55.766666666666666	58.693333333333335	61.2	62.64666666666667	63.833333333333336	64.79333333333334	65.58666666666667	66.47333333333333	67.38666666666667	67.65333333333334	68.12	68.64	68.57333333333334	68.47333333333333	68.6	68.40666666666667	68.58666666666667	68.74	68.78	68.63333333333334	68.56	68.14666666666666	67.70666666666666	67.24	67.1	66.5	65.98666666666666	65.05333333333333	63.58	62.693333333333335	61.00666666666667	58.68	55.66	50.81333333333333	0.0
0.0	51.04666666666667	56.32666666666667	59.68	62.02	63.39333333333333	64.97333333333333	65.91333333333333	66.68	67.64	68.34	68.68666666666667	69.11333333333333	69.66666666666667	69.7	69.92666666666666	69.98	69.92666666666666	70.23333333333333	70.31333333333333	70.24666666666667	70.4	70.38666666666667	69.74666666666667	69.44	68.92	68.15333333333334	67.44	66.58666666666667	65.75333333333333	64.64	63.553333333333335	62.00666666666667	59.81333333333333	56.34	50.92666666666667	0.0
0.0	50.89333333333333	56.34	59.32	61.13333333333333	63.093333333333334	64.32	65.24666666666667	65.96666666666667	66.97333333333333	67.52	67.76	68.03333333333333	68.26666666666667	68.64	68.80666666666667	68.89333333333333	69.33333333333333	69.14	69.41333333333333	69.70666666666666	69.1	69.06	68.54	68.32	68.07333333333334	67.88666666666667	66.98666666666666	66.16666666666667	65.62666666666667	64.54	63.306666666666665	61.653333333333336	59.70666666666666	56.086666666666666	50.81333333333333	0.0
0.0	51.14666666666667	56.22666666666667	59.413333333333334	61.553333333333335	63.18	64.24666666666667	65.56	66.45333333333333	67.21333333333334	67.40666666666667	68.12666666666667	68.74	68.73333333333333	68.77333333333333	69.02666666666667	69.04	69.09333333333333	69.24666666666667	69.14	69.36	68.8	68.61333333333333	68.65333333333334	68.07333333333334	67.47333333333333	67.04666666666667	66.81333333333333	66.07333333333334	65.27333333333333	64.24666666666667	63.06666666666667	61.53333333333333	59.54666666666667	56.693333333333335	51.266666666666666	0.0
0.0	50.693333333333335	56.34	59.34	61.61333333333334	62.88	64.08	65.34	65.98	66.37333333333333	67.32666666666667	67.69333333333333	67.96666666666667	68.35333333333334	68.75333333333333	68.92	69.45333333333333	69.34	69.28666666666666	68.8	68.74666666666667	68.59333333333333	68.32666666666667	68.12666666666667	67.54666666666667	67.18666666666667	67.26666666666667	66.80666666666667	65.92666666666666	65.38666666666667	64.48	63.02	61.446666666666665	59.13333333333333	56.35333333333333	51.49333333333333	0.0
0.0	51.233333333333334	56.34	59.22666666666667	61.36666666666667	62.89333333333333	64.56	65.48	66.10666666666667	66.76666666666667	67.06	67.38	67.92666666666666	68.27333333333333	68.6	68.84	68.72	69.14	69.3	68.95333333333333	68.96666666666667	69.09333333333333	68.48	68.46	68.16	67.61333333333333	66.91333333333333	66.22	65.67333333333333	65.16	64.19333333333333	62.986666666666665	61.78666666666667	59.193333333333335	56.44	51.03333333333333	0.0
0.0	51.28666666666667	56.68	59.96	62.10666666666667	63.346666666666664	64.43333333333334	65.36	66.29333333333334	67.03333333333333	67.51333333333334	67.8	68.17333333333333	68.38666666666667	68.93333333333334	69.30666666666667	69.17333333333333	69.06666666666666	69.08666666666667	69.16	68.95333333333333	68.64666666666666	68.71333333333334	68.58666666666667	68.47333333333333	68.56	68.02666666666667	66.78666666666666	66.08666666666667	65.46666666666667	64.45333333333333	63.24	61.78666666666667	59.64	56.653333333333336	51.20666666666666	0.0
0.0	51.32	56.49333333333333	59.58	61.873333333333335	63.20666666666666	64.35333333333334	65.4	65.96666666666667	66.71333333333334	67.28666666666666	67.79333333333334	68.3	68.60666666666667	68.56666666666666	68.72	68.78	69.11333333333333	68.74	69.25333333333333	69.28666666666666	69.50666666666666	69.59333333333333	68.82666666666667	68.74	68.03333333333333	67.66	67.54666666666667	66.5	65.94666666666667	65.25333333333333	63.72666666666667	62.18666666666667	59.89333333333333	56.64	51.266666666666666	0.0
0.0	50.8	56.06	59.06	61.513333333333335	62.96666666666667	63.94	65.27333333333333	66.20666666666666	66.58666666666667	67.16666666666667	67.68666666666667	68.02666666666667	68.64	68.94	68.83333333333333	69.17333333333333	69.38666666666667	69.47333333333333	69.12	69.10666666666667	68.96	68.81333333333333	68.36	68.18	67.98666666666666	67.62666666666667	67.09333333333333	66.18	65.66	63.71333333333333	62.906666666666666	61.25333333333333	59.42	56.086666666666666	50.88	0.0
0.0	50.76	56.28666666666667	59.1	61.36	62.85333333333333	64.64666666666666	65.24666666666667	66.13333333333334	66.56666666666666	67.7	68.34666666666666	68.51333333333334	68.74	69.00666666666666	68.97333333333333	69.50666666666666	69.30666666666667	69.32	69.05333333333333	69.48666666666666	69.46666666666667	69.05333333333333	68.82666666666667	68.25333333333333	67.80666666666667	67.05333333333333	66.78	66.38666666666667	65.24666666666667	64.31333333333333	62.75333333333333	61.17333333333333	59.233333333333334	55.67333333333333	50.77333333333333	0.0
0.0	51.333333333333336	56.513333333333335	59.526666666666664	61.79333333333334	63.346666666666664	64.52666666666667	65.32666666666667	66.26666666666667	67.0	67.82	68.05333333333333	68.43333333333334	68.92	68.96666666666667	69.22	69.25333333333333	69.74	69.57333333333334	69.48666666666666	69.37333333333333	69.13333333333334	69.36	68.96666666666667	68.52	68.18666666666667	67.58666666666667	66.92	66.27333333333333	65.15333333333334	64.07333333333334	63.04	61.45333333333333	59.56666666666667	56.24666666666667	51.18	0.0
0.0	51.20666666666666	56.3	59.45333333333333	61.693333333333335	63.21333333333333	64.29333333333334	65.32	66.14	66.59333333333333	66.98	67.62666666666667	68.36666666666666	68.77333333333333	68.90666666666667	69.10666666666667	69.34	69.06666666666666	69.29333333333334	69.35333333333334	69.14666666666666	68.95333333333333	69.03333333333333	68.52666666666667	68.60666666666667	68.22666666666667	67.60666666666667	67.44	66.35333333333334	65.61333333333333	64.66666666666667	63.75333333333333	61.74666666666667	59.35333333333333	56.193333333333335	50.93333333333333	0.0
0.0	50.86	56.25333333333333	59.60666666666667	61.526666666666664	63.07333333333333	64.44666666666667	65.59333333333333	66.26666666666667	66.71333333333334	67.36	67.86	68.12	68.60666666666667	69.52	69.34666666666666	69.32666666666667	69.36666666666666	69.56666666666666	69.72666666666667	69.44	69.08	68.84	68.92666666666666	69.06666666666666	68.44666666666667	67.67333333333333	67.21333333333334	66.67333333333333	65.46	64.40666666666667	63.14666666666667	61.526666666666664	59.57333333333333	56.473333333333336	51.333333333333336	0.0
0.0	50.72666666666667	56.513333333333335	59.74	61.54	63.04	64.34666666666666	65.51333333333334	66.60666666666667	67.29333333333334	67.75333333333333	68.50666666666666	68.97333333333333	69.12	68.86666666666666	69.51333333333334	69.73333333333333	69.62666666666667	70.18	70.06666666666666	69.88	69.6	69.08666666666667	68.92666666666666	68.9	68.18	68.14666666666666	67.49333333333334	66.06666666666666	65.2	64.05333333333333	62.78666666666667	61.03333333333333	59.026666666666664	56.17333333333333	50.733333333333334	0.0
0.0	50.973333333333336	56.07333333333333	59.553333333333335	61.86	63.166666666666664	64.48	65.49333333333334	66.65333333333334	67.19333333333333	67.76666666666667	68.11333333333333	68.49333333333334	68.75333333333333	68.84666666666666	69.12666666666667	69.3	69.45333333333333	69.11333333333333	69.42666666666666	69.1	69.05333333333333	68.82666666666667	68.33333333333333	68.2	67.90666666666667	67.59333333333333	66.92	66.46666666666667	65.34	64.16666666666667	62.82666666666667	61.35333333333333	59.39333333333333	56.25333333333333	51.086666666666666	0.0
0.0	51.1	56.053333333333335	59.27333333333333	61.48	63.153333333333336	64.38	65.4	66.44666666666667	66.94666666666667	67.74	67.86666666666666	68.61333333333333	68.83333333333333	69.01333333333334	69.17333333333333	69.32	69.39333333333333	69.36666666666666	69.33333333333333	69.41333333333333	69.13333333333334	68.82666666666667	68.46666666666667	68.28	68.06	67.11333333333333	67.06	66.2	65.13333333333334	64.20666666666666	63.193333333333335	61.846666666666664	59.61333333333334	56.64666666666667	51.08	0.0
0.0	51.18	56.26	59.62	61.78	63.086666666666666	64.56666666666666	65.66	66.44666666666667	67.24	68.15333333333334	68.56	68.81333333333333	68.95333333333333	69.09333333333333	69.68	69.52	69.94666666666667	69.89333333333333	69.85333333333334	69.86666666666666	69.48666666666666	69.22666666666667	69.20666666666666	68.81333333333333	68.34	67.9	67.7	66.23333333333333	65.76666666666667	64.35333333333334	62.78	61.52	59.06	56.32	51.24666666666667	0.0
0.0	51.07333333333333	56.166666666666664	59.373333333333335	61.486666666666665	63.20666666666666	64.54	65.34	66.24	66.78	67.18	67.76	67.8	68.22666666666667	68.71333333333334	68.82	69.05333333333333	68.90666666666667	68.85333333333334	69.24666666666667	68.75333333333333	68.59333333333333	68.68	68.45333333333333	68.19333333333333	68.14	67.63333333333334	66.84	65.85333333333334	65.03333333333333	64.14666666666666	62.406666666666666	61.32	59.28	56.04666666666667	51.06666666666667	0.0
0.0	51.166666666666664	56.43333333333333	59.58	62.086666666666666	63.26	64.54	66.0	66.46666666666667	67.22	68.00666666666666	67.86	68.17333333333333	68.76	68.95333333333333	68.78	69.02666666666667	69.38666666666667	69.40666666666667	69.5	69.33333333333333	69.06666666666666	69.52	68.86666666666666	68.84666666666666	68.00666666666666	67.97333333333333	67.0	66.43333333333334	65.72	64.90666666666667	63.526666666666664	62.22666666666667	59.586666666666666	56.57333333333333	51.07333333333333	0.0
0.0	51.306666666666665	56.3	59.61333333333334	61.53333333333333	63.2	64.30666666666667	65.54666666666667	65.96	66.64	67.26666666666667	68.26666666666667	68.16666666666667	68.80666666666667	68.86666666666666	69.45333333333333	69.32	69.36666666666666	69.65333333333334	69.28	69.04666666666667	69.06666666666666	69.07333333333334	68.94666666666667	68.48	68.47333333333333	67.6	66.95333333333333	66.58	65.57333333333334	64.84	63.21333333333333	61.54	59.586666666666666	56.513333333333335	51.28666666666667	0.0
0.0	51.013333333333335	56.6	59.693333333333335	61.693333333333335	63.153333333333336	64.68666666666667	65.57333333333334	66.21333333333334	67.2	67.89333333333333	68.42666666666666	68.52666666666667	68.88666666666667	68.96	68.92	69.3	69.41333333333333	69.10666666666667	69.38	68.92666666666666	68.59333333333333	69.04	68.83333333333333	68.84	68.26666666666667	67.65333333333334	66.97333333333333	65.99333333333334	65.44666666666667	64.55333333333333	63.60666666666667	61.373333333333335	59.54	56.446666666666665	51.32	0.0
0.0	51.42	56.36666666666667	59.513333333333335	61.88666666666666	63.36666666666667	64.59333333333333	65.89333333333333	66.75333333333333	67.31333333333333	67.36	68.12	68.79333333333334	69.04666666666667	69.14666666666666	69.48666666666666	69.64666666666666	69.52666666666667	69.20666666666666	69.48	69.55333333333333	69.53333333333333	69.30666666666667	68.81333333333333	68.54666666666667	68.26	67.82	67.06666666666666	66.42	65.66666666666667	64.52666666666667	62.99333333333333	61.3	59.68	56.66	51.126666666666665	0.0
0.0	51.17333333333333	56.346666666666664	59.8	61.973333333333336	63.77333333333333	64.74	65.68666666666667	66.62666666666667	67.00666666666666	67.71333333333334	68.25333333333333	68.6	68.98	69.12666666666667	69.34	69.3	69.41333333333333	69.41333333333333	69.25333333333333	69.42666666666666	69.4	69.23333333333333	69.26666666666667	68.66666666666667	68.42	68.08666666666667	67.35333333333334	66.84666666666666	65.89333333333333	64.54	63.45333333333333	62.013333333333335	59.586666666666666	56.373333333333335	51.22666666666667	0.0
0.0	51.086666666666666	56.57333333333333	59.4	61.626666666666665	62.946666666666665	64.12666666666667	65.54	66.22	66.67333333333333	67.94666666666667	68.56666666666666	68.86	69.48	69.92	69.9	69.88666666666667	70.29333333333334	69.92666666666666	69.82666666666667	69.81333333333333	69.70666666666666	69.92666666666666	69.69333333333333	69.12666666666667	68.53333333333333	68.17333333333333	67.61333333333333	66.58	65.86666666666666	64.45333333333333	63.25333333333333	61.56	59.48	56.3	50.95333333333333	0.0
0.0	51.10666666666667	56.62	59.333333333333336	61.846666666666664	63.26	64.28	65.38666666666667	66.32	67.24	68.22666666666667	68.51333333333334	68.64666666666666	69.23333333333333	69.28	69.26	69.17333333333333	69.44	69.60666666666667	70.06	70.16	69.46666666666667	69.45333333333333	69.02666666666667	69.08666666666667	68.5	67.99333333333334	67.34666666666666	66.54666666666667	65.44666666666667	64.94666666666667	63.64	61.74666666666667	59.6	56.66	51.193333333333335	0.0
0.0	51.10666666666667	56.54	59.34	61.48	62.82	64.12	65.40666666666667	65.98666666666666	67.08	67.52666666666667	67.81333333333333	68.26	68.48666666666666	68.21333333333334	68.58666666666667	68.70666666666666	68.94	69.04666666666667	68.65333333333334	68.72	68.78666666666666	68.55333333333333	68.42666666666666	68.34	68.02	67.58	66.87333333333333	66.46	65.77333333333333	64.68666666666667	62.986666666666665	61.406666666666666	59.21333333333333	56.14	50.846666666666664	0.0
0.0	51.07333333333333	55.9	59.093333333333334	61.22666666666667	62.56666666666667	64.15333333333334	65.26666666666667	66.17333333333333	66.79333333333334	67.14	67.97333333333333	68.08666666666667	68.66666666666667	69.11333333333333	69.05333333333333	69.56	69.31333333333333	69.36666666666666	69.76	69.40666666666667	69.35333333333334	68.95333333333333	68.90666666666667	67.89333333333333	67.71333333333334	67.18	66.34666666666666	65.87333333333333	65.18	64.02	62.98	61.233333333333334	59.22	56.45333333333333	50.68666666666667	0.0
0.0	51.28666666666667	56.586666666666666	59.553333333333335	61.586666666666666	63.18666666666667	64.22666666666667	65.43333333333334	66.35333333333334	67.01333333333334	67.44	67.92666666666666	68.52	68.73333333333333	69.13333333333334	69.00666666666666	69.42666666666666	69.3	69.88666666666667	69.82	69.87333333333333	69.49333333333334	69.37333333333333	68.86666666666666	68.54	68.24	67.34	67.12666666666667	66.35333333333334	65.7	64.66	63.56666666666667	61.79333333333334	59.66	56.50666666666667	51.25333333333333	0.0
0.0	50.766666666666666	56.39333333333333	59.16	61.54	62.94	64.04	65.11333333333333	66.23333333333333	66.68666666666667	67.22	67.84666666666666	68.74666666666667	68.3	68.52	68.86666666666666	69.12666666666667	69.15333333333334	69.30666666666667	69.51333333333334	69.55333333333333	69.33333333333333	69.32	68.94	68.58666666666667	68.12	68.00666666666666	67.30666666666667	66.37333333333333	65.54666666666667	64.75333333333333	63.03333333333333	61.46	59.35333333333333	56.26	51.06666666666667	0.0
0.0	51.12	56.14	59.29333333333334	61.593333333333334	62.8	63.986666666666665	65.28666666666666	66.08666666666667	67.11333333333333	68.15333333333334	68.27333333333333	69.02666666666667	69.32666666666667	69.79333333333334	69.6	69.97333333333333	69.68	69.95333333333333	69.69333333333333	69.74666666666667	69.58	69.39333333333333	69.06666666666666	68.98666666666666	68.19333333333333	67.92	67.26666666666667	66.45333333333333	65.46666666666667	64.61333333333333	63.22	61.806666666666665	59.42	56.21333333333333	50.92	0.0
0.0	50.79333333333334	55.96666666666667	59.14666666666667	61.44	62.66	64.05333333333333	64.99333333333334	66.33333333333333	66.84666666666666	67.09333333333333	67.91333333333333	67.78	68.50666666666666	68.6	68.94666666666667	69.02	69.22	68.92	69.1	69.48666666666666	68.74666666666667	68.74	68.22	68.37333333333333	67.92	67.43333333333334	66.83333333333333	66.16	65.72	64.27333333333333	63.02	61.31333333333333	59.473333333333336	56.18666666666667	51.16	0.0
0.0	51.026666666666664	56.42	59.3	61.373333333333335	62.85333333333333	64.25333333333333	65.15333333333334	66.21333333333334	66.68666666666667	67.7	68.19333333333333	68.34666666666666	69.24666666666667	69.15333333333334	69.44666666666667	69.35333333333334	69.09333333333333	69.34666666666666	69.88	69.29333333333334	69.22666666666667	68.74666666666667	68.43333333333334	68.14	67.73333333333333	67.32	66.78	66.19333333333333	65.35333333333334	64.26	63.10666666666667	61.84	59.67333333333333	56.446666666666665	50.92	0.0
0.0	51.12	56.446666666666665	59.53333333333333	61.49333333333333	63.21333333333333	64.80666666666667	65.36	66.38666666666667	67.08666666666667	67.68666666666667	68.5	68.9	68.79333333333334	69.46666666666667	69.51333333333334	69.46	69.87333333333333	69.68666666666667	70.07333333333334	69.67333333333333	69.22666666666667	69.26666666666667	68.60666666666667	68.47333333333333	68.23333333333333	67.98	67.16666666666667	66.34	65.52	64.40666666666667	63.3	61.626666666666665	59.34	56.49333333333333	50.86	0.0
0.0	51.16	56.31333333333333	59.44	61.913333333333334	63.29333333333334	64.48	66.03333333333333	66.71333333333334	67.47333333333333	67.78666666666666	68.13333333333334	68.64	69.18666666666667	69.68	69.7	69.89333333333333	69.76	69.92	69.66	69.56666666666666	69.76666666666667	69.16	69.3	68.68666666666667	68.30666666666667	67.59333333333333	66.83333333333333	66.34	65.54	64.54	62.95333333333333	61.18	59.36666666666667	56.36666666666667	50.846666666666664	0.0
0.0	50.62	55.913333333333334	59.22	61.28666666666667	62.70666666666666	64.07333333333334	64.98	66.03333333333333	66.63333333333334	67.31333333333333	67.63333333333334	68.03333333333333	68.28666666666666	68.64	69.05333333333333	69.18	69.14666666666666	69.14	69.34666666666666	69.30666666666667	69.18	69.0	68.52	68.20666666666666	67.6	67.06666666666666	66.66666666666667	65.98666666666666	65.25333333333333	64.06	63.36	61.593333333333334	59.56	56.013333333333335	50.98	0.0
0.0	51.22	56.68666666666667	59.61333333333334	61.766666666666666	63.38666666666666	64.68	66.0	66.7	67.16666666666667	68.03333333333333	68.64	68.83333333333333	69.17333333333333	69.26	69.53333333333333	69.39333333333333	69.86666666666666	69.93333333333334	69.54	69.62666666666667	69.19333333333333	68.86666666666666	68.88666666666667	68.36666666666666	68.07333333333334	67.39333333333333	67.24	66.44	65.62	64.36666666666666	63.28666666666667	61.57333333333333	59.346666666666664	56.46666666666667	50.99333333333333	0.0
0.0	51.02	55.93333333333333	59.27333333333333	61.29333333333334	63.153333333333336	64.1	65.27333333333333	65.72	66.64666666666666	67.35333333333334	67.86666666666666	68.21333333333334	68.86	69.09333333333333	69.16666666666667	69.43333333333334	69.88	70.00666666666666	70.22666666666667	70.08	69.90666666666667	69.62	69.32666666666667	68.68666666666667	68.22666666666667	67.84666666666666	67.64666666666666	66.32666666666667	65.29333333333334	64.45333333333333	63.026666666666664	61.72666666666667	59.693333333333335	56.593333333333334	51.10666666666667	0.0
0.0	51.29333333333334	56.54666666666667	59.68	62.06666666666667	63.48	64.60666666666667	65.62	66.49333333333334	67.35333333333334	67.84	68.45333333333333	68.74	69.09333333333333	69.29333333333334	68.94666666666667	69.14	69.01333333333334	69.14666666666666	69.35333333333334	69.68	69.71333333333334	69.32	68.97333333333333	68.69333333333333	68.30666666666667	67.76666666666667	67.02	66.48	65.60666666666667	64.68666666666667	63.82	62.08	60.013333333333335	56.766666666666666	51.24	0.0
0.0	51.11333333333334	56.72	59.68	61.96666666666667	63.56	65.04666666666667	66.14666666666666	66.84666666666666	67.58	67.89333333333333	68.35333333333334	68.58	68.86	69.13333333333334	69.17333333333333	69.75333333333333	69.41333333333333	69.40666666666667	69.28666666666666	69.16	69.16666666666667	68.97333333333333	69.33333333333333	68.66	68.64	68.15333333333334	67.19333333333333	66.5	65.90666666666667	64.44	63.406666666666666	61.78	59.48	56.846666666666664	51.48	0.0
0.0	51.06666666666667	56.48	59.53333333333333	61.56666666666667	63.25333333333333	64.6	65.66	66.56	67.15333333333334	67.48666666666666	67.95333333333333	68.47333333333333	68.54	68.88666666666667	68.85333333333334	69.48	69.22666666666667	69.60666666666667	69.84666666666666	69.52666666666667	69.46666666666667	69.36666666666666	69.11333333333333	68.69333333333333	68.16666666666667	67.85333333333334	67.21333333333334	66.32666666666667	65.72	64.90666666666667	63.82666666666667	61.58	59.68	56.76	51.1	0.0
0.0	51.086666666666666	56.63333333333333	59.77333333333333	61.68	63.42666666666667	64.63333333333334	65.33333333333333	66.37333333333333	67.22666666666667	67.80666666666667	68.06666666666666	67.86666666666666	68.68666666666667	69.02	69.42	69.96666666666667	69.72666666666667	69.46	69.94666666666667	69.90666666666667	69.48	69.33333333333333	69.06666666666666	68.74666666666667	68.57333333333334	67.70666666666666	67.41333333333333	66.44666666666667	65.86	64.75333333333333	63.75333333333333	61.81333333333333	59.31333333333333	56.29333333333334	50.82666666666667	0.0
0.0	50.913333333333334	56.053333333333335	59.31333333333333	61.373333333333335	62.86666666666667	64.24	64.98	66.09333333333333	66.52	67.4	67.88	68.08666666666667	68.73333333333333	68.8	69.06	69.44666666666667	69.24	69.18666666666667	69.66666666666667	69.64	69.26666666666667	69.16666666666667	69.03333333333333	68.83333333333333	68.26666666666667	67.55333333333333	67.12666666666667	66.45333333333333	65.70666666666666	64.56666666666666	63.03333333333333	61.5	59.28	55.96	50.72666666666667	0.0
0.0	50.873333333333335	56.04	59.193333333333335	61.39333333333333	63.14	64.48666666666666	65.00666666666666	66.18666666666667	67.15333333333334	67.82666666666667	68.00666666666666	68.47333333333333	68.70666666666666	68.82	69.36	69.79333333333334	69.4	69.58	69.73333333333333	69.14	68.88666666666667	68.58666666666667	68.66	68.75333333333333	68.56	67.5	67.02666666666667	66.57333333333334	65.2	64.17333333333333	62.873333333333335	61.56	59.08	56.24	51.18666666666667	0.0
0.0	51.013333333333335	55.96666666666667	58.973333333333336	61.14666666666667	62.68	64.16	64.96666666666667	66.01333333333334	66.56	67.41333333333333	67.94666666666667	68.82	68.57333333333334	68.64	69.23333333333333	69.16666666666667	69.44	69.44666666666667	69.5	69.28666666666666	69.51333333333334	69.04	68.57333333333334	67.92666666666666	67.68666666666667	67.64	66.90666666666667	65.74666666666667	65.10666666666667	64.12666666666667	62.98	61.32	59.266666666666666	56.28	51.06	0.0
0.0	51.25333333333333	56.306666666666665	59.56666666666667	61.78	63.17333333333333	64.54	65.36	66.1	66.66	67.09333333333333	67.79333333333334	68.17333333333333	68.68666666666667	69.14	68.96666666666667	69.35333333333334	69.2	69.05333333333333	68.84666666666666	68.72666666666667	68.64666666666666	68.84666666666666	68.50666666666666	68.34	67.58666666666667	67.59333333333333	67.18	66.26666666666667	65.07333333333334	64.48	63.28	61.53333333333333	59.54	56.43333333333333	51.306666666666665	0.0
0.0	50.553333333333335	56.233333333333334	59.20666666666666	61.28666666666667	62.766666666666666	64.12	65.22666666666667	65.98666666666666	66.64666666666666	67.5	67.93333333333334	68.44666666666667	69.1	69.43333333333334	69.59333333333333	69.48	69.38666666666667	69.76666666666667	69.46666666666667	69.34	69.47333333333333	69.35333333333334	68.94666666666667	68.54	68.28	67.76666666666667	67.14666666666666	66.72	65.95333333333333	64.65333333333334	63.406666666666666	61.486666666666665	59.70666666666666	56.406666666666666	50.846666666666664	0.0
0.0	51.28	56.71333333333333	59.806666666666665	62.22666666666667	63.66	64.36	65.62	66.42	66.96	67.66666666666667	68.48	68.44666666666667	69.08666666666667	69.01333333333334	69.38666666666667	69.46666666666667	69.81333333333333	69.81333333333333	69.42666666666666	69.35333333333334	69.3	69.28	69.04666666666667	68.49333333333334	68.16	67.63333333333334	67.32666666666667	66.44	65.7	65.00666666666666	63.79333333333334	62.086666666666666	59.56666666666667	56.70666666666666	51.373333333333335	0.0
0.0	50.7	56.126666666666665	59.18	61.733333333333334	63.14	64.29333333333334	65.47333333333333	66.48	67.01333333333334	67.82666666666667	68.28666666666666	68.23333333333333	68.3	68.72666666666667	68.9	69.12	69.26666666666667	68.96666666666667	69.71333333333334	69.22666666666667	69.20666666666666	68.76666666666667	68.77333333333333	68.59333333333333	68.06666666666666	67.69333333333333	66.74	66.22	65.38	64.06666666666666	62.96	61.38	59.35333333333333	56.593333333333334	51.16	0.0
0.0	51.17333333333333	56.56	59.53333333333333	61.42	63.18	64.54666666666667	65.51333333333334	66.08	66.88	67.09333333333333	68.28666666666666	68.59333333333333	68.57333333333334	68.66666666666667	69.00666666666666	69.46666666666667	69.32	69.57333333333334	68.92	69.14666666666666	68.92	68.72666666666667	68.24	68.1	67.64	66.86	66.6	65.83333333333333	64.82666666666667	63.95333333333333	63.16	61.5	59.43333333333333	56.473333333333336	51.306666666666665	0.0
0.0	51.10666666666667	56.166666666666664	59.39333333333333	61.56	63.166666666666664	64.85333333333334	65.56666666666666	66.00666666666666	67.05333333333333	67.70666666666666	68.0	68.2	68.43333333333334	68.72666666666667	68.94666666666667	69.3	69.02666666666667	69.44666666666667	69.58	69.57333333333334	69.13333333333334	68.98	68.81333333333333	68.57333333333334	67.98	67.70666666666666	66.69333333333333	66.11333333333333	65.46	64.06666666666666	63.08	61.86666666666667	59.70666666666666	56.4	51.14	0.0
0.0	51.31333333333333	56.46	59.53333333333333	61.766666666666666	63.46	64.88666666666667	66.1	66.75333333333333	67.15333333333334	68.26	68.42	68.68	69.2	69.29333333333334	70.00666666666666	69.50666666666666	69.92	70.1	69.92666666666666	69.74	69.28	69.52666666666667	69.02	68.73333333333333	68.36	67.88	66.86666666666666	66.24	65.50666666666666	64.73333333333333	63.13333333333333	61.446666666666665	59.63333333333333	56.49333333333333	50.93333333333333	0.0
0.0	51.07333333333333	56.42666666666667	59.266666666666666	61.586666666666666	63.093333333333334	64.1	65.05333333333333	65.86666666666666	66.63333333333334	67.21333333333334	68.10666666666667	68.46666666666667	68.79333333333334	69.11333333333333	69.47333333333333	69.48666666666666	69.33333333333333	69.31333333333333	68.89333333333333	68.9	68.6	68.35333333333334	68.78666666666666	68.42	67.58666666666667	66.98	66.52666666666667	65.96666666666667	65.32666666666667	63.93333333333333	63.08	61.44	59.18	56.43333333333333	51.08	0.0
0.0	51.04	56.25333333333333	59.56666666666667	61.72	63.593333333333334	64.62666666666667	65.42666666666666	66.52	67.04	67.79333333333334	68.28	68.7	69.08	69.1	69.68	69.32666666666667	69.40666666666667	69.86	69.67333333333333	69.44666666666667	68.91333333333333	68.84	68.58	68.64666666666666	68.1	67.51333333333334	67.23333333333333	66.36	65.64	64.58666666666667	63.27333333333333	61.49333333333333	59.473333333333336	56.32666666666667	50.89333333333333	0.0
0.0	50.57333333333333	56.1	59.46666666666667	61.10666666666667	63.32666666666667	64.31333333333333	65.35333333333334	66.60666666666667	67.28666666666666	67.77333333333333	68.4	68.62	69.08	69.02666666666667	69.18666666666667	69.63333333333334	69.81333333333333	69.50666666666666	69.41333333333333	69.14	69.08	68.63333333333334	68.75333333333333	68.24	67.77333333333333	67.17333333333333	66.68666666666667	66.32666666666667	65.4	64.32666666666667	63.04666666666667	61.17333333333333	59.10666666666667	56.333333333333336	50.846666666666664	0.0
0.0	50.86	55.86	59.053333333333335	60.96666666666667	62.68	64.05333333333333	64.92	65.80666666666667	66.97333333333333	67.44	67.93333333333334	67.85333333333334	68.28666666666666	68.74666666666667	68.84666666666666	68.84	69.06	68.75333333333333	68.94666666666667	68.78666666666666	68.25333333333333	68.0	68.05333333333333	68.04666666666667	67.42	67.18666666666667	66.62666666666667	65.83333333333333	64.89333333333333	64.18	62.57333333333333	61.14	59.086666666666666	55.82	50.68666666666667	0.0
0.0	51.346666666666664	55.833333333333336	58.8	61.14666666666667	62.88666666666666	64.25333333333333	65.14666666666666	66.22	66.75333333333333	67.82	67.86666666666666	68.38	68.92	69.05333333333333	69.28666666666666	69.36	69.50666666666666	69.39333333333333	69.78666666666666	69.60666666666667	69.52666666666667	69.30666666666667	68.74666666666667	68.62	68.41333333333333	67.49333333333334	66.74666666666667	66.32666666666667	65.43333333333334	64.46666666666667	63.1	61.66	59.46666666666667	56.64	51.2	0.0
