-0.9834567901234565
-0.9883950617283948
-0.9807407407407404
-0.9876543209876542
-0.9866666666666665
-0.9874074074074073
-0.982469135802469
-0.9876543209876542
-0.9782716049382711
-0.9871604938271605
-0.9812345679012341
-0.988395061728395
-0.9846913580246911
-0.981728395061728
-0.9871604938271601
-0.9866666666666665
-0.9874074074074071
-0.9901234567901231
-0.9864197530864196
-0.981975308641975
-0.981728395061728
-0.9839506172839504
-0.9874074074074073
-0.9841975308641973
-0.9874074074074073
-0.990617283950617
-0.9866666666666665
-0.9898765432098763
-0.9866666666666662
-0.9854320987654319
-0.9854320987654319
-0.9780246913580243
-0.9809876543209873
-0.9846913580246911
-0.9869135802469132
-0.9832098765432096
-0.9901234567901234
-0.9824691358024686
-0.9874074074074073
-0.9846913580246911
-0.9841975308641973
-0.9824691358024689
-0.9827160493827157
-0.9837037037037032
-0.9879012345679009
-0.9849382716049381
-0.9824691358024689
-0.981728395061728
-0.9782716049382711
-0.9896296296296293
-0.9871604938271603
-0.9883950617283948
-0.990864197530864
-0.981975308641975
-0.9866666666666665
-0.9886419753086418
-0.9888888888888888
-0.9844444444444442
-0.9837037037037034
-0.9837037037037034
-0.9849382716049381
-0.984197530864197
-0.9864197530864196
-0.9866666666666665
-0.9866666666666665
-0.9864197530864194
-0.9854320987654319
-0.982469135802469
-0.9832098765432096
-0.9891358024691357
-0.9879012345679009
-0.9834567901234565
-0.9846913580246911
-0.9849382716049381
-0.9874074074074071
-0.9849382716049381
-0.9866666666666662
-0.9866666666666662
-0.9824691358024689
-0.978765432098765
-0.9775308641975307
-0.9837037037037034
-0.9846913580246909
-0.9861728395061726
-0.9809876543209873
-0.9802469135802465
-0.9856790123456788
-0.9819753086419751
-0.9876543209876539
-0.9846913580246909
-0.9859259259259258
-0.9802469135802467
-0.9871604938271603
-0.9864197530864194
-0.9812345679012342
-0.9824691358024689
-0.9804938271604935
-0.988395061728395
-0.988395061728395
-0.9866666666666665
-0.9864197530864194
-0.988148148148148
-0.9869135802469132
-0.9888888888888886
-0.9886419753086418
-0.9856790123456788
-0.9869135802469132
-0.9844444444444442
-0.9849382716049381
-0.9874074074074073
-0.9856790123456788
-0.9861728395061724
-0.9879012345679009
-0.9854320987654317
-0.9809876543209874
-0.9861728395061724
-0.9797530864197527
-0.9839506172839504
-0.9876543209876539
-0.9903703703703701
-0.9834567901234565
-0.9864197530864194
-0.9851851851851849
-0.9834567901234565
-0.9849382716049381
-0.9871604938271601
-0.9869135802469132
-0.9832098765432096
-0.9864197530864196
-0.9911111111111108
-0.9839506172839502
-0.981481481481481
-0.9846913580246911
-0.9792592592592588
-0.981728395061728
-0.9871604938271603
-0.9866666666666665
-0.9883950617283948
-0.9869135802469134
-0.9876543209876539
-0.9856790123456788
-0.9837037037037034
-0.9869135802469132
-0.9841975308641973
-0.9861728395061726
-0.9874074074074073
-0.9834567901234565
-0.988148148148148
-0.9861728395061726
-0.9829629629629625
-0.9846913580246909
-0.9844444444444442
-0.9893827160493824
-0.9817283950617278
-0.9871604938271603
-0.9837037037037034
-0.9861728395061726
-0.9856790123456788
-0.984197530864197
-0.9879012345679011
-0.9856790123456786
-0.9792592592592588
-0.9822222222222219
-0.9886419753086416
-0.9871604938271601
-0.981975308641975
-0.9864197530864196
-0.9901234567901231
-0.9841975308641973
-0.9812345679012341
-0.9827160493827155
-0.9787654320987652
-0.9854320987654319
-0.9787654320987649
-0.9856790123456788
-0.978765432098765
-0.9876543209876539
-0.990617283950617
-0.9854320987654317
-0.9888888888888886
-0.9854320987654317
-0.981975308641975
-0.9871604938271601
-0.978765432098765
-0.9851851851851847
-0.9807407407407404
-0.9837037037037034
-0.9841975308641975
-0.9797530864197527
-0.9802469135802465
-0.9841975308641973
-0.9851851851851849
