-0.9876543209876542
-0.9864197530864196
-0.9869135802469134
-0.9864197530864196
-0.9893827160493824
-0.9861728395061724
-0.9869135802469134
-0.9874074074074073
-0.9896296296296295
-0.9869135802469134
-0.9809876543209871
-0.9920987654320985
-0.984444444444444
-0.9839506172839502
-0.9859259259259255
-0.9832098765432096
-0.9866666666666665
-0.9918518518518517
-0.9834567901234565
-0.9869135802469134
-0.990617283950617
-0.9861728395061726
-0.9920987654320985
-0.9864197530864196
-0.9856790123456788
-0.9824691358024689
-0.988148148148148
-0.9856790123456788
-0.9869135802469132
-0.9780246913580243
-0.9861728395061724
-0.9864197530864194
-0.9898765432098763
-0.9844444444444442
-0.9834567901234563
-0.9886419753086416
-0.9837037037037034
-0.9856790123456788
-0.9829629629629627
-0.9896296296296293
-0.988395061728395
-0.9883950617283948
-0.9837037037037032
-0.9864197530864196
-0.984444444444444
-0.9898765432098764
-0.9827160493827157
-0.9839506172839504
-0.991111111111111
-0.9896296296296293
-0.9886419753086418
-0.9834567901234563
-0.9891358024691355
-0.9903703703703701
-0.9871604938271603
-0.9869135802469134
-0.9866666666666665
-0.9824691358024689
-0.9871604938271603
-0.9888888888888886
-0.9854320987654317
-0.9896296296296293
-0.9911111111111108
-0.9893827160493824
-0.9787654320987649
-0.9906172839506172
-0.9874074074074073
-0.9854320987654319
-0.990617283950617
-0.9871604938271601
-0.9916049382716047
-0.9849382716049379
-0.988148148148148
-0.9901234567901231
-0.9876543209876542
-0.9879012345679011
-0.988148148148148
-0.990617283950617
-0.9888888888888886
-0.9874074074074071
-0.9918518518518517
-0.9891358024691357
-0.9893827160493825
-0.9834567901234565
-0.9869135802469132
-0.9869135802469132
-0.988148148148148
-0.9854320987654317
-0.9876543209876542
-0.984444444444444
-0.9881481481481478
-0.9918518518518517
-0.9861728395061726
-0.9903703703703701
-0.9891358024691355
-0.9814814814814812
-0.9856790123456788
-0.9846913580246911
-0.9859259259259255
-0.9883950617283948
-0.990864197530864
-0.9901234567901231
-0.9920987654320985
-0.9851851851851849
-0.9849382716049381
-0.9851851851851849
-0.9928395061728393
-0.9861728395061726
-0.9893827160493824
-0.9916049382716049
-0.9871604938271603
-0.9886419753086418
-0.9874074074074071
-0.9879012345679011
-0.9869135802469134
-0.9906172839506172
-0.988395061728395
-0.9871604938271601
-0.9856790123456788
-0.9901234567901231
-0.9911111111111108
-0.9903703703703702
-0.9896296296296293
-0.9916049382716047
-0.9888888888888886
-0.9891358024691357
-0.9888888888888886
-0.9886419753086418
-0.9832098765432093
-0.9839506172839504
-0.9849382716049381
-0.9879012345679011
-0.9898765432098764
-0.9849382716049381
-0.9893827160493824
-0.9871604938271603
-0.9864197530864194
-0.9876543209876542
-0.9846913580246911
-0.988148148148148
-0.9903703703703702
-0.9879012345679009
-0.9854320987654317
-0.9864197530864196
-0.9859259259259258
-0.9871604938271601
-0.9876543209876539
-0.9898765432098764
-0.9916049382716047
-0.9846913580246911
-0.9876543209876539
-0.988395061728395
-0.9827160493827157
-0.9898765432098764
-0.984444444444444
-0.990864197530864
-0.9879012345679009
-0.9861728395061726
-0.9869135802469134
-0.9916049382716047
-0.9876543209876539
-0.9918518518518517
-0.9901234567901231
-0.9881481481481478
-0.9881481481481478
-0.9906172839506172
-0.9901234567901234
-0.9879012345679011
-0.9837037037037032
-0.9920987654320987
-0.990864197530864
-0.9879012345679011
-0.9886419753086416
-0.9916049382716047
-0.9898765432098763
-0.9898765432098763
-0.9913580246913579
-0.9881481481481478
-0.9864197530864196
-0.9832098765432096
-0.9893827160493825
-0.9827160493827157
-0.9802469135802465
-0.9896296296296295
-0.9886419753086416
-0.9888888888888888
-0.9898765432098763
-0.9864197530864196
-0.9856790123456788
-0.9898765432098763
-0.9864197530864196
-0.9849382716049379
