-0.9138271604938264
-0.9251851851851843
-0.9180246913580239
-0.9281481481481471
-0.9424691358024686
-0.9392592592592582
-0.938271604938271
-0.9333333333333323
-0.9446913580246905
-0.9377777777777766
-0.9306172839506163
-0.934074074074073
-0.937037037037036
-0.9311111111111101
-0.9449382716049377
-0.9212345679012338
-0.9135802469135791
-0.9456790123456782
-0.9318518518518508
-0.9266666666666655
-0.943209876543209
-0.9365432098765424
-0.9407407407407398
-0.9338271604938266
-0.9256790123456781
-0.9266666666666659
-0.9412345679012336
-0.9370370370370362
-0.9303703703703692
-0.9261728395061719
-0.9362962962962956
-0.9424691358024683
-0.9372839506172831
-0.939506172839505
-0.948888888888888
-0.914567901234567
-0.9407407407407398
-0.955061728395061
-0.952839506172839
-0.9301234567901226
-0.9261728395061717
-0.9414814814814804
-0.9370370370370366
-0.9459259259259253
-0.9271604938271591
-0.9385185185185178
-0.9308641975308634
-0.9328395061728387
-0.9239506172839496
-0.9404938271604929
-0.9303703703703695
-0.9222222222222214
-0.9311111111111103
-0.9212345679012338
-0.9397530864197521
-0.9360493827160485
-0.934567901234567
-0.9387654320987648
-0.9350617283950606
-0.9298765432098755
-0.9313580246913572
-0.939753086419752
-0.9259259259259252
-0.9491358024691349
-0.937037037037036
-0.9313580246913572
-0.9392592592592582
-0.934567901234567
-0.942716049382715
-0.9367901234567895
-0.9511111111111105
-0.9365432098765424
-0.9414814814814806
-0.9377777777777768
-0.9348148148148138
-0.9281481481481474
-0.9397530864197523
-0.9459259259259252
-0.9343209876543203
-0.9382716049382708
-0.931851851851851
-0.9493827160493821
-0.929382716049382
-0.9429629629629623
-0.9488888888888882
-0.9449382716049375
-0.9461728395061719
-0.9501234567901228
-0.9281481481481473
-0.9372839506172831
-0.9325925925925916
-0.9259259259259252
-0.9323456790123449
-0.9219753086419744
-0.9251851851851843
-0.934074074074073
-0.9523456790123447
-0.9274074074074067
-0.9395061728395054
-0.9397530864197523
-0.9316049382716042
-0.9350617283950609
-0.942716049382715
-0.9333333333333326
-0.9367901234567891
-0.9540740740740733
-0.943209876543209
-0.9464197530864188
-0.9454320987654311
-0.9254320987654311
-0.9259259259259254
-0.9241975308641969
-0.9377777777777769
-0.9318518518518508
-0.9261728395061717
-0.9498765432098757
-0.9424691358024685
-0.9286419753086411
-0.9355555555555547
-0.9296296296296288
-0.9325925925925919
-0.9385185185185178
-0.9399999999999993
-0.943209876543209
-0.9338271604938261
-0.926172839506172
-0.931358024691357
-0.9333333333333326
-0.9320987654320981
-0.9212345679012337
-0.9407407407407398
-0.9409876543209867
-0.9486419753086411
-0.9432098765432092
-0.9479012345679007
-0.943209876543209
-0.9170370370370362
-0.9375308641975302
-0.9348148148148141
-0.9318518518518508
-0.9429629629629623
-0.9456790123456781
-0.9385185185185178
-0.9335802469135793
-0.9286419753086415
-0.9338271604938262
-0.9377777777777772
-0.9414814814814806
-0.9444444444444439
-0.9288888888888882
-0.9399999999999994
-0.9503703703703695
-0.9343209876543199
-0.9167901234567892
-0.9271604938271597
-0.9348148148148139
-0.9283950617283944
-0.9382716049382706
-0.9382716049382708
-0.9229629629629619
-0.9419753086419744
-0.9444444444444436
-0.9511111111111102
-0.9298765432098759
-0.9303703703703693
-0.931851851851851
-0.9348148148148139
-0.9387654320987646
-0.9340740740740732
-0.9323456790123447
-0.9333333333333323
-0.9338271604938262
-0.9271604938271596
-0.9412345679012338
-0.9424691358024683
-0.9353086419753077
-0.9439506172839498
-0.9335802469135797
-0.9335802469135795
-0.9355555555555545
-0.9382716049382708
-0.9293827160493818
-0.9503703703703698
-0.934074074074073
-0.9456790123456784
-0.9274074074074062
-0.9456790123456782
-0.9419753086419742
-0.9328395061728387
-0.9358024691358018
-0.935555555555555
-0.9444444444444436
