0.7407407407407405
0.6962962962962959
0.7241975308641971
0.7723456790123453
0.7602469135802469
0.7795061728395059
0.778518518518518
0.7340740740740738
0.7219753086419749
0.7246913580246908
0.7570370370370365
0.7271604938271601
0.7244444444444439
0.642716049382716
0.7474074074074072
0.8197530864197525
0.6933333333333332
0.8049382716049377
0.7829629629629625
0.75037037037037
0.7432098765432096
0.7622222222222218
0.788148148148148
0.7417283950617285
0.7108641975308642
0.7607407407407405
0.7520987654320983
0.7516049382716046
0.7750617283950612
0.7555555555555553
0.7913580246913576
0.7995061728395054
0.7725925925925923
0.713827160493827
0.7259259259259258
0.7706172839506177
0.7945679012345676
0.7306172839506169
0.7923456790123453
0.720493827160493
0.7133333333333328
0.7854320987654316
0.7755555555555552
0.7723456790123453
0.7397530864197529
0.747407407407407
0.7343209876543209
0.7333333333333333
0.7543209876543205
0.7540740740740737
0.7222222222222217
0.7644444444444441
0.7520987654320983
0.7679012345679009
0.8054320987654315
0.702469135802469
0.7602469135802467
0.6995061728395059
0.7671604938271599
0.7397530864197527
0.7523456790123454
0.8264197530864195
0.7343209876543204
0.7407407407407407
0.8143209876543206
0.8071604938271603
0.8209876543209874
0.8083950617283946
0.796296296296296
0.7740740740740736
0.7116049382716048
0.7570370370370366
0.7656790123456785
0.7577777777777776
0.7118518518518517
0.7735802469135797
0.6948148148148147
0.7217283950617284
0.7437037037037034
0.7185185185185179
0.7444444444444442
0.7955555555555549
0.7846913580246911
0.7834567901234565
0.7540740740740736
0.709876543209876
0.7508641975308638
0.7874074074074071
0.7622222222222224
0.7343209876543206
0.808148148148148
0.696296296296296
0.7661728395061728
0.6859259259259258
0.721728395061728
0.7340740740740739
0.753827160493827
0.7916049382716049
0.7180246913580245
0.739259259259259
0.7128395061728391
0.7333333333333332
0.7187654320987652
0.7765432098765427
0.7496296296296294
0.6999999999999993
0.7088888888888882
0.7039506172839501
0.7261728395061725
0.7762962962962958
0.7407407407407401
0.6797530864197528
0.7866666666666666
0.7987654320987655
0.7437037037037035
0.7834567901234563
0.802222222222222
0.7241975308641975
0.7335802469135801
0.7609876543209873
0.7804938271604931
0.7639506172839503
0.7733333333333329
0.7180246913580242
0.7893827160493821
0.7283950617283946
0.7817283950617281
0.779259259259259
0.7145679012345677
0.7503703703703702
0.7604938271604937
0.778518518518518
0.7464197530864193
0.7520987654320981
0.7503703703703699
0.8071604938271597
0.6859259259259256
0.7516049382716044
0.7328395061728394
0.6772839506172836
0.7762962962962958
0.7580246913580243
0.8202469135802466
0.6859259259259259
0.7609876543209873
0.7158024691358019
0.7701234567901232
0.763703703703703
0.761728395061728
0.7735802469135797
0.7286419753086416
0.7283950617283946
0.7661728395061725
0.6930864197530863
0.7093827160493827
0.781481481481481
0.7279012345679009
0.7288888888888885
0.7437037037037038
0.7375308641975304
0.710617283950617
0.7703703703703697
0.7846913580246908
0.7558024691358023
0.7437037037037034
0.7459259259259257
0.7901234567901227
0.7896296296296295
0.8204938271604937
0.7928395061728393
0.7209876543209871
0.7061728395061725
0.7950617283950615
0.7659259259259256
0.800987654320987
0.7624691358024688
0.7590123456790119
0.7629629629629626
0.7353086419753082
0.7318518518518514
0.7525925925925925
0.7298765432098764
0.7064197530864199
0.7580246913580242
0.7493827160493822
0.684691358024691
0.7143209876543207
0.7738271604938268
0.7725925925925923
0.7451851851851844
0.6772839506172841
0.7202469135802465
