-0.036296296296296306
-0.07654320987654323
-0.14296296296296282
-0.02098765432098765
-0.09382716049382715
-0.19012345679012352
-0.165925925925926
-0.1323456790123458
-0.040740740740740744
-0.09358024691358026
-0.1822222222222221
0.04049382716049382
-0.08419753086419753
-0.1516049382716049
0.016790123456790127
0.0004938271604938267
-0.08148148148148149
-0.09209876543209876
-0.15333333333333332
-0.07629629629629624
-0.19506172839506172
-0.007160493827160493
-0.145679012345679
-0.05111111111111109
-0.13802469135802467
-0.16740740740740742
-0.09555555555555555
-0.11925925925925923
-0.10592592592592587
-0.16666666666666657
-0.09851851851851849
-0.07012345679012344
-0.02419753086419754
-0.017037037037037038
-0.005185185185185189
-0.07728395061728395
-0.07802469135802473
-0.06444444444444447
-0.13481481481481475
-0.0839506172839506
-0.13753086419753072
-0.06962962962962961
-0.10000000000000005
-0.07925925925925924
-0.1116049382716049
-0.1758024691358024
-0.13580246913580243
0.007901234567901226
-0.12370370370370369
0.06320987654320985
-0.05012345679012344
-0.13604938271604936
-0.06296296296296296
-0.11654320987654324
-0.05950617283950618
-0.044197530864197546
-0.08567901234567898
-0.0837037037037037
-0.016296296296296305
-0.13037037037037044
-0.10864197530864193
0.012592592592592596
-0.11506172839506171
0.02617283950617283
0.03432098765432102
-0.19629629629629622
-0.06617283950617285
0.02419753086419755
-0.1609876543209876
-0.14518518518518517
-0.026419753086419747
-0.10716049382716049
-0.026666666666666634
-0.07135802469135803
-0.029629629629629648
-0.06271604938271605
-0.0933333333333333
-0.10098765432098755
-0.026172839506172867
-0.021481481481481466
-0.2849382716049384
-0.03160493827160494
-0.08765432098765435
-0.11580246913580242
-0.053086419753086436
-0.0508641975308642
0.05629629629629631
-0.12716049382716046
-0.015308641975308651
-0.0760493827160494
-0.05604938271604937
-0.1135802469135803
-0.04518518518518517
-0.015555555555555536
-0.19703703703703704
-0.1387654320987654
0.0056790123456789965
-0.02271604938271607
-0.09827160493827158
-0.16617283950617284
-0.1279012345679012
-0.08518518518518516
-0.18691358024691362
-0.10962962962962962
-0.01481481481481481
-0.11111111111111112
-0.07703703703703711
-0.0762962962962963
-0.09827160493827157
-0.13407407407407407
-0.15703703703703706
-0.1128395061728395
-0.13950617283950612
-0.034320987654320984
-0.1328395061728396
-0.1382716049382716
-0.06271604938271602
-0.005679012345679003
-0.03827160493827157
-0.10246913580246914
-0.11037037037037033
-0.04938271604938272
-0.10148148148148144
-0.08617283950617284
-0.012839506172839504
-0.07185185185185183
-0.22444444444444453
-0.08592592592592593
-0.061234567901234556
-0.12839506172839493
-0.1
-0.05012345679012342
-0.0738271604938272
-0.1002469135802469
-0.09703703703703706
-0.16148148148148153
-0.01975308641975309
0.02197530864197532
0.022222222222222223
-0.1197530864197531
-0.04074074074074074
-0.05135802469135803
-0.007160493827160494
-0.09283950617283951
-0.10641975308641961
-0.11283950617283944
-0.030864197530864182
-0.16296296296296298
-0.054320987654321
-0.037777777777777785
-0.11703703703703706
-0.04469135802469134
-0.09777777777777777
-0.09530864197530857
-0.17209876543209868
0.08913580246913583
-0.006172839506172831
-0.06765432098765432
-0.16962962962962966
-0.15851851851851856
-0.13728395061728382
-0.06617283950617286
-0.02543209876543211
-0.1333333333333334
0.00024691358024690356
-0.0928395061728395
-0.19086419753086428
-0.08938271604938272
-0.03703703703703706
-0.06074074074074071
-0.11654320987654311
-0.18839506172839512
-0.062469135802469135
-0.17432098765432105
-0.0037037037037037216
-0.09308641975308642
-0.0654320987654321
-0.054567901234567916
-0.09604938271604938
-0.07259259259259263
-0.11037037037037033
-0.17851851851851847
-0.07530864197530862
-0.08888888888888886
-0.09358024691358023
-0.09061728395061727
0.03950617283950617
-0.051851851851851836
-0.18740740740740736
-0.13456790123456785
-0.11802469135802468
0.07555555555555553
