-0.9903703703703702
-0.9928395061728393
-0.9871604938271603
-0.9903703703703701
-0.9891358024691355
-0.990864197530864
-0.991111111111111
-0.991111111111111
-0.9908641975308641
-0.9866666666666665
-0.9837037037037034
-0.9925925925925926
-0.9888888888888886
-0.9866666666666662
-0.9903703703703702
-0.9891358024691357
-0.9918518518518517
-0.9933333333333332
-0.9874074074074071
-0.9874074074074073
-0.991111111111111
-0.9864197530864194
-0.9869135802469132
-0.9896296296296293
-0.9906172839506172
-0.9903703703703701
-0.9866666666666662
-0.9923456790123455
-0.9943209876543209
-0.9886419753086418
-0.9923456790123455
-0.9881481481481478
-0.9881481481481478
-0.9856790123456786
-0.9879012345679011
-0.9837037037037034
-0.9879012345679011
-0.9871604938271603
-0.9933333333333332
-0.9911111111111108
-0.9851851851851847
-0.990617283950617
-0.9930864197530862
-0.9851851851851852
-0.9901234567901231
-0.990864197530864
-0.9896296296296293
-0.988148148148148
-0.9879012345679011
-0.9874074074074073
-0.990864197530864
-0.9925925925925924
-0.9874074074074071
-0.9901234567901231
-0.9891358024691355
-0.9893827160493824
-0.990864197530864
-0.9901234567901234
-0.9846913580246911
-0.9933333333333332
-0.9891358024691355
-0.9896296296296295
-0.9879012345679009
-0.9881481481481478
-0.990864197530864
-0.9916049382716047
-0.990617283950617
-0.9903703703703702
-0.9898765432098764
-0.990617283950617
-0.9925925925925924
-0.9891358024691357
-0.9903703703703701
-0.9881481481481478
-0.9920987654320985
-0.9896296296296293
-0.9913580246913578
-0.9883950617283948
-0.990617283950617
-0.9874074074074073
-0.988395061728395
-0.9918518518518518
-0.9920987654320985
-0.9851851851851849
-0.9869135802469134
-0.99358024691358
-0.981975308641975
-0.9916049382716049
-0.9891358024691357
-0.9901234567901231
-0.9896296296296293
-0.988395061728395
-0.9901234567901231
-0.990864197530864
-0.9881481481481478
-0.9879012345679011
-0.991111111111111
-0.9913580246913578
-0.9911111111111108
-0.9920987654320985
-0.9886419753086418
-0.9879012345679011
-0.9913580246913578
-0.9920987654320985
-0.9920987654320985
-0.9871604938271601
-0.990864197530864
-0.990617283950617
-0.9879012345679009
-0.988148148148148
-0.9896296296296293
-0.9908641975308641
-0.9886419753086416
-0.9839506172839504
-0.99358024691358
-0.9866666666666665
-0.990617283950617
-0.9886419753086416
-0.9920987654320985
-0.9891358024691357
-0.99358024691358
-0.9916049382716047
-0.9874074074074073
-0.9891358024691357
-0.9891358024691355
-0.9920987654320987
-0.9930864197530862
-0.988148148148148
-0.9841975308641973
-0.9874074074074073
-0.9888888888888886
-0.9886419753086418
-0.988395061728395
-0.9861728395061726
-0.9911111111111108
-0.9903703703703701
-0.9879012345679011
-0.9893827160493825
-0.9916049382716047
-0.9888888888888886
-0.9876543209876542
-0.9923456790123455
-0.9893827160493825
-0.9886419753086416
-0.9859259259259258
-0.9901234567901234
-0.988148148148148
-0.9928395061728393
-0.990617283950617
-0.9901234567901234
-0.9893827160493824
-0.988395061728395
-0.9886419753086418
-0.9876543209876542
-0.9928395061728394
-0.9945679012345677
-0.9879012345679009
-0.9846913580246911
-0.9861728395061724
-0.9893827160493824
-0.99358024691358
-0.9913580246913578
-0.9913580246913578
-0.9891358024691357
-0.9864197530864196
-0.9901234567901234
-0.9918518518518517
-0.9916049382716047
-0.990617283950617
-0.9879012345679011
-0.99358024691358
-0.9888888888888888
-0.990864197530864
-0.9898765432098764
-0.9888888888888886
-0.9901234567901234
-0.9879012345679009
-0.9879012345679011
-0.988395061728395
-0.9916049382716047
-0.9874074074074071
-0.9849382716049381
-0.9893827160493824
-0.9841975308641973
-0.9898765432098763
-0.9920987654320985
-0.9891358024691355
-0.9898765432098764
-0.9837037037037036
-0.9886419753086416
-0.9888888888888886
-0.9898765432098763
