0.02851851851851852
0.08074074074074074
0.027407407407407408
0.17111111111111113
0.21666666666666665
0.11222222222222226
0.20333333333333328
0.15814814814814804
0.14814814814814817
0.09074074074074073
0.07037037037037037
0.29481481481481486
0.02444444444444446
-0.02222222222222221
0.1259259259259259
0.12962962962962965
0.22777777777777786
0.2562962962962962
0.2544444444444444
0.12370370370370369
0.17222222222222217
0.1859259259259259
0.04037037037037037
0.2581481481481482
0.029259259259259266
0.1385185185185185
0.1
0.10037037037037039
0.14629629629629634
0.04333333333333332
0.1422222222222222
0.06629629629629633
0.15074074074074073
0.10925925925925924
0.21666666666666667
0.17888888888888885
0.24481481481481462
0.04296296296296299
0.05296296296296298
0.02407407407407407
0.1385185185185186
-0.005185185185185204
0.20444444444444443
0.30148148148148146
0.07444444444444442
0.38259259259259276
0.13888888888888895
0.20185185185185187
0.19333333333333333
0.2237037037037037
0.12851851851851848
-0.0925925925925926
0.09222222222222223
-0.013703703703703713
0.15629629629629624
0.16222222222222216
0.28555555555555556
0.08592592592592592
0.06481481481481483
0.11333333333333333
0.21444444444444433
0.16777777777777764
0.08740740740740743
0.22111111111111117
0.16555555555555557
0.06925925925925927
0.23444444444444434
0.07481481481481479
0.21222222222222226
0.055185185185185205
0.20592592592592585
0.15592592592592588
0.16629629629629628
0.18629629629629627
0.08111111111111109
0.19296296296296298
0.1674074074074074
0.17
0.264074074074074
0.08851851851851851
0.05592592592592593
0.22518518518518515
0.18703703703703714
0.12222222222222223
0.10481481481481479
0.11444444444444446
0.05222222222222221
0.01074074074074074
0.05259259259259258
0.18740740740740747
0.11629629629629631
0.05666666666666665
0.07296296296296295
0.049259259259259267
0.1896296296296295
0.29111111111111115
