-0.9844444444444441
-0.9714814814814811
-0.9788888888888886
-0.9751851851851849
-0.9811111111111108
-0.9774074074074071
-0.9818518518518516
-0.9688888888888882
-0.9766666666666662
-0.9707407407407405
-0.9762962962962962
-0.9788888888888885
-0.978148148148148
-0.9737037037037033
-0.9796296296296295
-0.9759259259259255
-0.9825925925925924
-0.9755555555555552
-0.9803703703703701
-0.9766666666666662
-0.9781481481481478
-0.9811111111111108
-0.9833333333333332
-0.9796296296296293
-0.9751851851851847
-0.9777777777777773
-0.9699999999999998
-0.9774074074074071
-0.9725925925925922
-0.9829629629629628
-0.9807407407407404
-0.9766666666666662
-0.9837037037037034
-0.9807407407407405
-0.9870370370370369
-0.9681481481481476
-0.9770370370370367
-0.9855555555555553
-0.9822222222222219
-0.9799999999999998
-0.9711111111111106
-0.9785185185185182
-0.9699999999999995
-0.9718518518518513
-0.9759259259259256
-0.9737037037037033
-0.9785185185185183
-0.9803703703703701
-0.9770370370370367
-0.9848148148148145
-0.9840740740740739
-0.9733333333333328
-0.9770370370370365
-0.9714814814814813
-0.9755555555555553
-0.9770370370370367
-0.9814814814814813
-0.9837037037037034
-0.9803703703703701
-0.9814814814814813
-0.9837037037037035
-0.9711111111111106
-0.9748148148148147
-0.9807407407407405
-0.9762962962962962
-0.9762962962962962
-0.9825925925925922
-0.9766666666666662
-0.9799999999999999
-0.9781481481481477
-0.9655555555555551
-0.9788888888888885
-0.968518518518518
-0.9799999999999995
-0.9766666666666662
-0.9825925925925924
-0.9755555555555552
-0.9807407407407405
-0.9851851851851849
-0.9788888888888883
-0.9729629629629626
-0.9862962962962962
-0.9807407407407405
-0.9718518518518516
-0.983333333333333
-0.9818518518518516
-0.9755555555555552
-0.9759259259259255
-0.971481481481481
-0.973333333333333
-0.9796296296296292
-0.9799999999999999
-0.9740740740740738
-0.9874074074074073
-0.9822222222222219
-0.9766666666666662
