-0.9785185185185182
-0.9788888888888886
-0.9785185185185182
-0.9766666666666662
-0.9770370370370368
-0.9718518518518513
-0.967407407407407
-0.9711111111111107
-0.973333333333333
-0.9740740740740739
-0.9811111111111107
-0.9788888888888886
-0.983333333333333
-0.9666666666666665
-0.9729629629629626
-0.9792592592592589
-0.9751851851851847
-0.9681481481481476
-0.959629629629629
-0.9648148148148142
-0.9733333333333328
-0.9748148148148144
-0.9711111111111108
-0.9818518518518516
-0.9711111111111106
-0.982222222222222
-0.973333333333333
-0.9755555555555552
-0.9685185185185183
-0.9740740740740739
-0.9825925925925921
-0.9707407407407402
-0.9692592592592588
-0.9729629629629625
-0.9685185185185179
-0.9685185185185182
-0.9681481481481478
-0.9785185185185182
-0.9803703703703701
-0.9796296296296293
-0.9737037037037033
-0.9766666666666661
-0.9740740740740738
-0.9814814814814813
-0.9733333333333328
-0.9796296296296292
-0.9825925925925924
-0.9692592592592589
-0.9759259259259255
-0.9688888888888882
-0.9640740740740736
-0.9781481481481478
-0.9722222222222218
-0.9748148148148144
-0.9733333333333328
-0.9785185185185182
-0.973333333333333
-0.9803703703703701
-0.97037037037037
-0.9751851851851849
-0.9711111111111106
-0.9796296296296293
-0.9777777777777774
-0.9711111111111106
-0.9733333333333328
-0.9762962962962959
-0.9759259259259256
-0.9770370370370368
-0.959629629629629
-0.9607407407407403
-0.9785185185185182
-0.9711111111111106
-0.971481481481481
-0.9725925925925923
-0.9785185185185183
-0.974444444444444
-0.971481481481481
-0.9755555555555553
-0.9759259259259255
-0.9714814814814814
-0.9625925925925922
-0.9707407407407402
-0.9651851851851848
-0.982222222222222
-0.9611111111111106
-0.9799999999999998
-0.9696296296296292
-0.9762962962962959
-0.976296296296296
-0.9744444444444441
-0.9707407407407406
-0.9785185185185182
-0.9866666666666665
-0.9788888888888886
-0.9696296296296291
-0.9755555555555552
