-0.9296296296296288
-0.9048148148148141
-0.9348148148148141
-0.9237037037037032
-0.918518518518518
-0.924814814814814
-0.93037037037037
-0.905555555555555
-0.9299999999999997
-0.9248148148148142
-0.8988888888888882
-0.9140740740740736
-0.918888888888888
-0.9159259259259254
-0.9092592592592584
-0.9355555555555547
-0.9318518518518509
-0.9074074074074068
-0.9107407407407401
-0.9214814814814809
-0.9262962962962955
-0.9296296296296289
-0.9140740740740735
-0.9159259259259257
-0.9074074074074067
-0.9151851851851844
-0.9170370370370367
-0.9211111111111108
-0.9196296296296289
-0.9192592592592588
-0.9174074074074067
-0.922592592592592
-0.9244444444444437
-0.9081481481481477
-0.911481481481481
-0.9085185185185177
-0.9303703703703701
-0.9240740740740736
-0.9177777777777771
-0.9214814814814809
-0.9011111111111109
-0.9218518518518509
-0.9233333333333327
-0.9070370370370364
-0.9199999999999993
-0.919629629629629
-0.8988888888888884
-0.9185185185185177
-0.9159259259259255
-0.9055555555555549
-0.9240740740740735
-0.9281481481481473
-0.9125925925925921
-0.8974074074074069
-0.9251851851851843
-0.9248148148148141
-0.9303703703703694
-0.9237037037037031
-0.9248148148148144
-0.9359259259259255
-0.8937037037037036
-0.8999999999999996
-0.918518518518518
-0.9181481481481475
-0.9066666666666658
-0.8966666666666663
-0.9344444444444437
-0.923333333333333
-0.9214814814814809
-0.9307407407407402
-0.9340740740740736
-0.908888888888888
-0.898888888888888
-0.909629629629629
-0.9025925925925921
-0.9196296296296289
-0.9033333333333325
-0.9044444444444438
-0.9162962962962955
-0.9162962962962956
-0.9166666666666657
-0.9251851851851847
-0.9077777777777769
-0.9281481481481477
-0.9337037037037031
-0.9222222222222214
-0.9103703703703697
-0.9307407407407399
-0.932592592592592
-0.899629629629629
-0.9214814814814811
-0.9288888888888884
-0.9285185185185181
-0.939629629629629
-0.8911111111111105
-0.9055555555555546
