-0.8233333333333327
-0.788888888888889
-0.8299999999999994
-0.8292592592592591
-0.8322222222222215
-0.8714814814814811
-0.8374074074074069
-0.8214814814814809
-0.8459259259259251
-0.8162962962962965
-0.8725925925925921
-0.8003703703703704
-0.8562962962962958
-0.8666666666666658
-0.8362962962962958
-0.8666666666666665
-0.8366666666666659
-0.8585185185185178
-0.8185185185185181
-0.8088888888888888
-0.8418518518518512
-0.8214814814814814
-0.7859259259259259
-0.8499999999999994
-0.862222222222222
-0.8414814814814805
-0.818148148148148
-0.8292592592592587
-0.8388888888888881
-0.8362962962962958
-0.845555555555555
-0.8218518518518516
-0.8296296296296294
-0.8155555555555555
-0.8770370370370364
-0.8485185185185182
-0.8533333333333327
-0.8555555555555553
-0.8440740740740739
-0.8377777777777772
-0.8081481481481478
-0.843333333333333
-0.8337037037037036
-0.8222222222222219
-0.827407407407407
-0.8318518518518515
-0.8240740740740736
-0.8348148148148143
-0.8229629629629627
-0.824444444444444
-0.8481481481481478
-0.8533333333333328
-0.8125925925925922
-0.8166666666666663
-0.8440740740740736
-0.8255555555555552
-0.8048148148148144
-0.8248148148148146
-0.8407407407407402
-0.8566666666666666
-0.8133333333333329
-0.7933333333333333
-0.8399999999999992
-0.8266666666666663
-0.8218518518518515
-0.806296296296296
-0.7925925925925923
-0.871481481481481
-0.8440740740740736
-0.8470370370370367
-0.8277777777777771
-0.7599999999999997
-0.8444444444444441
-0.859259259259259
-0.8329629629629626
-0.8140740740740737
-0.8418518518518516
-0.8259259259259258
-0.822222222222222
-0.8092592592592588
-0.8307407407407403
-0.8522222222222213
-0.82037037037037
-0.8111111111111107
-0.8096296296296294
-0.8077777777777773
-0.8474074074074066
-0.7862962962962962
-0.8144444444444442
-0.8533333333333323
-0.8340740740740736
-0.8370370370370367
-0.8433333333333327
-0.8170370370370366
-0.8596296296296291
-0.8374074074074069
