-0.6255555555555558
-0.6266666666666666
-0.6244444444444442
-0.5596296296296296
-0.6170370370370368
-0.5703703703703702
-0.5696296296296295
-0.5762962962962961
-0.6614814814814811
-0.6214814814814813
-0.5711111111111109
-0.6340740740740739
-0.6414814814814812
-0.6733333333333335
-0.6003703703703703
-0.5840740740740739
-0.5855555555555552
-0.5822222222222221
-0.6292592592592593
-0.6774074074074073
-0.6107407407407407
-0.621111111111111
-0.5918518518518519
-0.5874074074074072
-0.5977777777777777
-0.6562962962962964
-0.6225925925925926
-0.5485185185185185
-0.6185185185185184
-0.6018518518518516
-0.5811111111111111
-0.6359259259259258
-0.6203703703703703
-0.6207407407407407
-0.667407407407407
-0.6018518518518519
-0.6340740740740742
-0.6774074074074073
-0.6544444444444446
-0.5951851851851852
-0.6007407407407408
-0.6777777777777777
-0.6229629629629627
-0.641851851851852
-0.6374074074074071
-0.6414814814814811
-0.6574074074074072
-0.5874074074074072
-0.6251851851851852
-0.6399999999999998
-0.5429629629629629
-0.6037037037037036
-0.6237037037037035
-0.6466666666666667
-0.6296296296296297
-0.5251851851851851
-0.6540740740740739
-0.6703703703703703
-0.6585185185185183
-0.6425925925925925
-0.6448148148148146
-0.6422222222222222
-0.6911111111111111
-0.5970370370370369
-0.6618518518518518
-0.5933333333333336
-0.5170370370370372
-0.6329629629629627
-0.6062962962962961
-0.6174074074074073
-0.5866666666666667
-0.6359259259259256
-0.5625925925925922
-0.6333333333333333
-0.5755555555555554
-0.6244444444444447
-0.6348148148148145
-0.6022222222222223
-0.6255555555555555
-0.6433333333333331
-0.6203703703703699
-0.6018518518518519
-0.5866666666666666
-0.5640740740740737
-0.6344444444444443
-0.6244444444444442
-0.6314814814814812
-0.5970370370370371
-0.6522222222222221
-0.6662962962962962
-0.5644444444444443
-0.5885185185185184
-0.6603703703703704
-0.6559259259259261
-0.6740740740740742
-0.6162962962962961
