0.8411111111111107
0.7951851851851849
0.8392592592592589
0.8651851851851846
0.741111111111111
0.7948148148148144
0.8414814814814808
0.814074074074074
0.779259259259259
0.773333333333333
0.7366666666666665
0.7985185185185185
0.7751851851851846
0.7574074074074072
0.7974074074074069
0.8681481481481478
0.8470370370370367
0.8229629629629629
0.7918518518518515
0.8281481481481479
0.9148148148148144
0.8433333333333334
0.8559259259259254
0.8607407407407406
0.8385185185185182
0.8274074074074071
0.8040740740740737
0.8355555555555554
0.8074074074074074
0.7766666666666662
0.7974074074074075
0.8792592592592589
0.7885185185185185
0.8185185185185183
0.8318518518518516
0.7370370370370369
0.7688888888888886
0.8022222222222218
0.8111111111111107
0.8325925925925923
0.8307407407407404
0.8259259259259258
0.8122222222222218
0.8099999999999994
0.8344444444444443
0.814074074074074
0.8407407407407406
0.838888888888889
0.783333333333333
0.8192592592592591
0.7837037037037036
0.8333333333333327
0.8133333333333331
0.7207407407407405
0.7770370370370366
0.8629629629629627
0.81037037037037
0.7703703703703703
0.792222222222222
0.804444444444444
0.7918518518518515
0.7551851851851852
0.8370370370370369
0.7655555555555554
0.8425925925925927
0.8351851851851851
0.8366666666666666
0.7418518518518514
0.818148148148148
0.8451851851851848
0.7562962962962964
0.8629629629629627
0.8018518518518514
0.8022222222222218
0.8337037037037036
0.855555555555555
0.7603703703703703
0.7844444444444443
0.7859259259259255
0.7362962962962963
0.8318518518518516
0.8529629629629628
0.8318518518518517
0.827407407407407
0.7977777777777776
0.874444444444444
0.8277777777777777
0.7888888888888885
0.75
0.8544444444444439
0.7285185185185185
0.7844444444444442
0.8099999999999993
0.7748148148148144
0.8399999999999997
0.8085185185185183
