-0.8833333333333329
-0.8859259259259257
-0.893703703703703
-0.8859259259259252
-0.9018518518518512
-0.8948148148148143
-0.8851851851851847
-0.8607407407407401
-0.8629629629629622
-0.8870370370370366
-0.9025925925925918
-0.8696296296296289
-0.8907407407407401
-0.8759259259259251
-0.8662962962962958
-0.8759259259259253
-0.907777777777777
-0.8851851851851845
-0.8796296296296293
-0.8548148148148139
-0.9018518518518513
-0.9003703703703698
-0.8540740740740734
-0.8425925925925921
-0.8825925925925923
-0.8751851851851846
-0.8859259259259256
-0.9059259259259252
-0.8581481481481475
-0.8844444444444437
-0.9055555555555551
-0.8566666666666657
-0.8437037037037031
-0.8566666666666661
-0.864444444444444
-0.8892592592592586
-0.8785185185185178
-0.8485185185185187
-0.895555555555555
-0.8555555555555552
-0.8792592592592586
-0.8551851851851847
-0.8840740740740736
-0.9092592592592584
-0.8944444444444436
-0.9077777777777771
-0.858518518518518
-0.8907407407407405
-0.8455555555555547
-0.87074074074074
-0.8966666666666657
-0.841851851851851
-0.8999999999999995
-0.8899999999999999
-0.8725925925925921
-0.8740740740740734
-0.8818518518518512
-0.9085185185185181
-0.8903703703703697
-0.8422222222222215
-0.8648148148148144
-0.8707407407407404
-0.8729629629629625
-0.8825925925925919
-0.9022222222222216
-0.8774074074074069
-0.8937037037037032
-0.8918518518518513
-0.9074074074074069
-0.8570370370370363
-0.891481481481481
-0.8866666666666663
-0.8888888888888883
-0.8974074074074068
-0.9007407407407401
-0.9011111111111104
-0.8981481481481475
-0.8611111111111104
-0.9003703703703697
-0.8844444444444436
-0.8833333333333325
-0.8844444444444441
-0.891481481481481
-0.8696296296296286
-0.9033333333333328
-0.8948148148148145
-0.868518518518518
-0.8755555555555552
-0.8696296296296292
-0.9014814814814812
-0.8866666666666662
-0.8729629629629625
-0.8914814814814808
-0.8851851851851846
-0.9059259259259254
-0.8759259259259257
