-0.9633333333333328
-0.9696296296296292
-0.9711111111111106
-0.9718518518518515
-0.976296296296296
-0.9740740740740736
-0.9699999999999995
-0.9825925925925924
-0.98037037037037
-0.9711111111111106
-0.9659259259259254
-0.9688888888888886
-0.9633333333333326
-0.9696296296296292
-0.9596296296296292
-0.9688888888888885
-0.9722222222222219
-0.974444444444444
-0.9607407407407403
-0.9655555555555552
-0.9607407407407403
-0.9781481481481478
-0.9699999999999994
-0.9648148148148143
-0.9714814814814813
-0.9655555555555552
-0.9703703703703698
-0.9748148148148144
-0.9755555555555552
-0.9707407407407402
-0.9637037037037033
-0.9755555555555552
-0.9696296296296293
-0.9692592592592588
-0.9722222222222219
-0.9666666666666663
-0.9751851851851849
-0.9633333333333328
-0.9685185185185183
-0.9592592592592588
-0.9688888888888886
-0.9614814814814809
-0.9688888888888885
-0.9640740740740735
-0.9677777777777773
-0.961481481481481
-0.9655555555555548
-0.9666666666666661
-0.9707407407407405
-0.9511111111111105
-0.9651851851851849
-0.9722222222222218
-0.9696296296296293
-0.9703703703703701
-0.9585185185185181
-0.9666666666666665
-0.9699999999999994
-0.9666666666666663
-0.9670370370370367
-0.9725925925925921
-0.9674074074074072
-0.963333333333333
-0.9696296296296293
-0.967407407407407
-0.9662962962962959
-0.9662962962962959
-0.9737037037037034
-0.9755555555555552
-0.9729629629629625
-0.9674074074074067
-0.9640740740740738
-0.9648148148148143
-0.9814814814814813
-0.9648148148148142
-0.9570370370370364
-0.9699999999999995
-0.9770370370370367
-0.9725925925925923
-0.9629629629629624
-0.9714814814814811
-0.9699999999999995
-0.9622222222222215
-0.9666666666666661
-0.9807407407407405
-0.9629629629629628
-0.9707407407407402
-0.9618518518518513
-0.9740740740740738
-0.9788888888888886
-0.9685185185185179
-0.9729629629629628
-0.9699999999999998
-0.9762962962962959
-0.9748148148148144
-0.9718518518518515
-0.9707407407407403
