-0.8896296296296288
-0.9055555555555553
-0.8918518518518513
-0.9088888888888883
-0.9037037037037032
-0.886666666666666
-0.8781481481481473
-0.8870370370370364
-0.8759259259259253
-0.8862962962962956
-0.8966666666666664
-0.877777777777777
-0.8644444444444437
-0.8799999999999994
-0.8977777777777771
-0.8703703703703699
-0.8825925925925919
-0.9318518518518514
-0.8903703703703695
-0.881851851851851
-0.8811111111111104
-0.8870370370370365
-0.8929629629629622
-0.8951851851851842
-0.8792592592592589
-0.8985185185185177
-0.8785185185185179
-0.9003703703703695
-0.9029629629629622
-0.8851851851851842
-0.8881481481481477
-0.8911111111111105
-0.9185185185185177
-0.8833333333333329
-0.8774074074074072
-0.9077777777777775
-0.9070370370370365
-0.9248148148148144
-0.8796296296296293
-0.9033333333333329
-0.8981481481481474
-0.886666666666666
-0.8940740740740739
-0.9077777777777769
-0.8788888888888883
-0.9162962962962957
-0.8944444444444437
-0.8966666666666658
-0.8729629629629625
-0.9051851851851846
-0.8877777777777769
-0.8759259259259256
-0.8759259259259257
-0.884444444444444
-0.8962962962962956
-0.8840740740740733
-0.8866666666666662
-0.8596296296296289
-0.8974074074074064
-0.9137037037037034
-0.9007407407407401
-0.8888888888888884
-0.9074074074074067
-0.87074074074074
-0.8959259259259251
-0.892222222222222
-0.8788888888888886
-0.8996296296296288
-0.8855555555555551
-0.9137037037037029
-0.9151851851851847
-0.9033333333333328
-0.8992592592592588
-0.9077777777777772
-0.8940740740740738
-0.8899999999999992
-0.8555555555555548
-0.8896296296296288
-0.9040740740740734
-0.8759259259259257
-0.899629629629629
-0.8637037037037032
-0.9044444444444436
-0.8837037037037031
-0.8770370370370364
-0.8959259259259257
-0.9137037037037029
-0.8833333333333325
-0.8959259259259253
-0.8696296296296292
-0.8737037037037034
-0.8759259259259258
-0.8937037037037033
-0.8999999999999995
-0.8937037037037028
-0.9048148148148143
