-0.9844444444444441
-0.9811111111111108
-0.9796296296296293
-0.9837037037037034
-0.9722222222222218
-0.9792592592592588
-0.9844444444444441
-0.9833333333333332
-0.9840740740740738
-0.9807407407407406
-0.9840740740740738
-0.9781481481481478
-0.9796296296296293
-0.9748148148148144
-0.976296296296296
-0.9770370370370368
-0.9859259259259257
-0.9899999999999999
-0.9733333333333328
-0.9811111111111107
-0.9866666666666662
-0.9770370370370367
-0.9855555555555553
-0.985185185185185
-0.9788888888888885
-0.9848148148148145
-0.9911111111111108
-0.9818518518518515
-0.9774074074074071
-0.9855555555555553
-0.9822222222222219
-0.9785185185185182
-0.9785185185185182
-0.9803703703703701
-0.9807407407407404
-0.9825925925925921
-0.9751851851851849
-0.9785185185185182
-0.982222222222222
-0.9848148148148147
-0.9796296296296292
-0.9874074074074072
-0.9799999999999998
-0.9814814814814813
-0.9796296296296293
-0.9777777777777774
-0.9751851851851847
-0.9848148148148147
-0.9844444444444442
-0.9818518518518515
-0.9829629629629628
-0.9840740740740738
-0.9877777777777774
-0.9829629629629626
-0.9833333333333332
-0.9807407407407405
-0.9855555555555554
-0.9751851851851847
-0.9814814814814814
-0.9885185185185184
-0.9762962962962959
-0.9722222222222219
-0.9833333333333332
-0.9807407407407404
-0.9740740740740736
-0.9785185185185182
-0.985185185185185
-0.9788888888888886
-0.9792592592592589
-0.9807407407407405
-0.9774074074074071
-0.9825925925925922
-0.9807407407407405
-0.9874074074074072
-0.9870370370370367
-0.9755555555555552
-0.9818518518518516
-0.9807407407407405
-0.9766666666666666
-0.9859259259259255
-0.9848148148148144
-0.9840740740740738
-0.9792592592592587
-0.9811111111111108
-0.9825925925925924
-0.9825925925925924
-0.9859259259259257
-0.9818518518518516
-0.982222222222222
-0.9840740740740738
-0.9848148148148145
-0.9840740740740739
-0.9855555555555553
-0.9829629629629626
-0.9862962962962962
-0.985185185185185
