-0.1474074074074074
-0.14592592592592588
-0.23111111111111107
-0.28370370370370374
-0.3277777777777778
-0.2051851851851852
-0.07962962962962963
-0.19814814814814807
-0.16222222222222224
-0.2429629629629629
-0.06925925925925926
-0.11
-0.2522222222222222
-0.2137037037037037
-0.2051851851851852
-0.3081481481481481
-0.2370370370370371
-0.285925925925926
-0.17740740740740737
-0.32740740740740726
-0.12333333333333328
-0.3548148148148147
-0.22370370370370365
-0.20222222222222222
-0.1896296296296296
-0.15407407407407406
-0.19370370370370374
-0.2225925925925926
-0.21999999999999992
-0.16592592592592598
-0.24407407407407408
-0.22703703703703706
-0.16592592592592595
-0.1629629629629629
-0.14222222222222217
-0.252962962962963
-0.23851851851851855
-0.22592592592592595
-0.17074074074074075
-0.2848148148148148
-0.2892592592592592
-0.2181481481481481
-0.21555555555555553
-0.24666666666666653
-0.257037037037037
-0.33296296296296296
-0.19888888888888892
-0.2637037037037037
-0.08592592592592593
-0.1777777777777778
-0.2755555555555556
-0.3055555555555555
-0.27592592592592596
-0.23740740740740748
-0.21851851851851842
-0.1422222222222222
-0.25703703703703695
-0.17296296296296287
-0.06629629629629634
-0.22629629629629633
-0.2770370370370369
-0.2566666666666666
-0.19074074074074074
-0.12333333333333334
-0.1144444444444444
-0.19074074074074068
-0.1859259259259259
-0.24888888888888885
-0.14370370370370367
-0.2114814814814814
-0.2259259259259259
-0.23222222222222225
-0.1551851851851852
-0.0388888888888889
-0.1859259259259259
-0.22148148148148156
-0.22148148148148153
-0.29814814814814816
-0.22111111111111117
-0.1274074074074074
-0.24703703703703705
-0.2911111111111112
-0.18629629629629627
-0.3077777777777777
-0.21518518518518515
-0.22629629629629616
-0.22444444444444456
-0.2903703703703703
-0.12888888888888883
-0.2977777777777778
-0.13370370370370366
-0.19851851851851854
-0.18814814814814806
-0.3614814814814815
-0.24370370370370364
-0.168888888888889
