-0.9833333333333332
-0.9874074074074071
-0.9859259259259258
-0.9888888888888887
-0.9888888888888887
-0.9833333333333332
-0.9814814814814813
-0.9866666666666662
-0.9807407407407405
-0.9874074074074071
-0.9788888888888886
-0.9799999999999995
-0.9788888888888887
-0.9866666666666666
-0.9837037037037035
-0.9788888888888887
-0.99
-0.9888888888888887
-0.9859259259259257
-0.9899999999999999
-0.9840740740740738
-0.9903703703703701
-0.9892592592592591
-0.9803703703703701
-0.9814814814814813
-0.9885185185185184
-0.9848148148148145
-0.982222222222222
-0.988148148148148
-0.9851851851851849
-0.9885185185185184
-0.9888888888888887
-0.9785185185185182
-0.982222222222222
-0.985185185185185
-0.9896296296296293
-0.9837037037037035
-0.9840740740740738
-0.9844444444444441
-0.9799999999999998
-0.9844444444444441
-0.9866666666666662
-0.9859259259259258
-0.9807407407407405
-0.9814814814814813
-0.9781481481481478
-0.991111111111111
-0.9829629629629628
-0.9799999999999998
-0.9851851851851849
-0.9837037037037035
-0.9859259259259257
-0.9822222222222219
-0.982222222222222
-0.9907407407407405
-0.9859259259259258
-0.9888888888888887
-0.9874074074074071
-0.9818518518518516
-0.9855555555555553
-0.9899999999999999
-0.9840740740740739
-0.9848148148148147
-0.9829629629629626
-0.9862962962962959
-0.9803703703703701
-0.9814814814814813
-0.9866666666666662
-0.9829629629629628
-0.9855555555555553
-0.9877777777777778
-0.9837037037037035
-0.9818518518518516
-0.9722222222222219
-0.9848148148148147
-0.9874074074074073
-0.9877777777777775
-0.9896296296296295
-0.9792592592592588
-0.9855555555555553
-0.9777777777777774
-0.9855555555555553
-0.986296296296296
-0.9844444444444442
-0.9855555555555553
-0.9781481481481478
-0.982222222222222
-0.9807407407407405
-0.985185185185185
-0.9855555555555552
-0.9885185185185184
-0.9892592592592591
-0.9848148148148144
-0.986296296296296
-0.9848148148148147
-0.9911111111111108
