0.9585185185185183
0.9762962962962962
0.9570370370370366
0.9570370370370368
0.9677777777777776
0.9518518518518515
0.9555555555555554
0.9655555555555554
0.9355555555555553
0.9459259259259255
0.9329629629629628
0.9162962962962959
0.9618518518518516
0.9337037037037037
0.953703703703703
0.9540740740740739
0.9362962962962961
0.9492592592592588
0.9462962962962961
0.942222222222222
0.964444444444444
0.9459259259259258
0.953333333333333
0.9140740740740738
0.9566666666666663
0.9351851851851848
0.9525925925925925
0.9337037037037034
0.9451851851851849
0.973333333333333
0.9488888888888886
0.9285185185185183
0.9337037037037034
0.9396296296296294
0.9670370370370369
0.9629629629629626
0.9507407407407403
0.9470370370370367
0.9514814814814809
0.9207407407407405
0.94037037037037
0.9388888888888889
0.9692592592592588
0.9307407407407403
0.9470370370370367
0.9462962962962961
0.9451851851851849
0.9066666666666663
0.9522222222222222
0.9511111111111109
0.9214814814814816
0.914444444444444
0.9544444444444443
0.9355555555555553
0.9459259259259256
0.9722222222222218
0.9518518518518516
0.9466666666666665
0.944444444444444
0.971111111111111
0.9329629629629624
0.9603703703703701
0.961111111111111
0.945185185185185
0.9581481481481479
0.9496296296296294
0.942222222222222
0.9685185185185182
0.9322222222222222
0.9462962962962962
0.9462962962962959
0.9485185185185183
0.9592592592592591
0.9437037037037034
0.9625925925925923
0.9337037037037033
0.9533333333333328
0.936296296296296
0.9599999999999997
0.9599999999999995
0.9614814814814813
0.9374074074074074
0.96037037037037
0.9644444444444444
0.9488888888888887
0.9414814814814814
0.9559259259259254
0.9455555555555555
0.9670370370370369
0.9618518518518515
0.9477777777777774
0.955185185185185
0.9603703703703702
0.9744444444444444
0.9533333333333331
0.9677777777777774
