0.991111111111111
0.981111111111111
0.9948148148148147
0.9685185185185187
0.9881481481481481
0.9892592592592591
0.9896296296296296
0.9933333333333332
0.9807407407407405
0.992222222222222
0.9940740740740739
0.9933333333333332
0.9844444444444442
0.976296296296296
0.9788888888888888
0.9959259259259258
0.9933333333333332
0.9807407407407406
0.9918518518518517
0.9851851851851849
0.9903703703703703
0.9896296296296293
0.9777777777777777
0.9874074074074073
0.9903703703703702
0.9907407407407406
0.9937037037037035
0.9962962962962963
0.9866666666666667
0.992222222222222
0.9866666666666662
0.9948148148148147
0.975185185185185
0.9914814814814814
0.988148148148148
0.991111111111111
0.9944444444444445
0.9888888888888888
0.9903703703703703
0.9903703703703703
0.9870370370370369
0.9933333333333333
0.9874074074074073
0.9870370370370369
0.9922222222222221
0.9888888888888888
0.9881481481481481
0.9751851851851849
0.9818518518518518
0.988148148148148
0.9866666666666666
0.991111111111111
0.9855555555555554
0.9848148148148144
0.9959259259259258
0.9855555555555554
0.9862962962962962
0.9874074074074073
0.9918518518518518
0.9948148148148147
0.9840740740740741
0.9933333333333332
0.9874074074074072
0.9874074074074072
0.9962962962962962
0.9914814814814812
0.9866666666666666
0.9662962962962962
0.9914814814814814
0.985925925925926
0.9911111111111112
0.9903703703703701
0.9907407407407406
0.9748148148148149
0.9788888888888887
0.9881481481481481
0.9925925925925927
0.9888888888888887
0.9855555555555554
0.9925925925925925
0.9962962962962962
0.985185185185185
0.9859259259259257
0.988148148148148
0.9907407407407405
0.9877777777777778
0.9837037037037036
0.9870370370370368
0.9718518518518516
0.9877777777777775
0.9899999999999999
0.99
0.985185185185185
0.9951851851851851
0.9914814814814812
0.9840740740740739
