-0.9692592592592589
-0.9648148148148143
-0.9637037037037034
-0.9829629629629628
-0.972222222222222
-0.9733333333333328
-0.9640740740740733
-0.9707407407407402
-0.9733333333333328
-0.9696296296296291
-0.967407407407407
-0.9685185185185182
-0.9655555555555551
-0.9670370370370365
-0.973333333333333
-0.9640740740740738
-0.9770370370370368
-0.9722222222222221
-0.9748148148148144
-0.9707407407407403
-0.9533333333333327
-0.959629629629629
-0.974444444444444
-0.9681481481481475
-0.9688888888888885
-0.9674074074074069
-0.9681481481481475
-0.9766666666666662
-0.9740740740740738
-0.9685185185185182
-0.9737037037037033
-0.9729629629629626
-0.9681481481481476
-0.9677777777777773
-0.966666666666666
-0.9777777777777774
-0.9707407407407403
-0.9796296296296293
-0.9725925925925922
-0.9603703703703698
-0.9666666666666663
-0.9692592592592587
-0.9770370370370368
-0.9670370370370365
-0.9692592592592587
-0.9737037037037034
-0.97037037037037
-0.9740740740740736
-0.9733333333333328
-0.9788888888888886
-0.9685185185185182
-0.9677777777777776
-0.9759259259259255
-0.9718518518518515
-0.9662962962962958
-0.9640740740740736
-0.9729629629629626
-0.971481481481481
-0.9751851851851849
-0.9785185185185182
-0.9740740740740736
-0.966666666666666
-0.9703703703703698
-0.969259259259259
-0.9725925925925922
-0.9729629629629626
-0.9770370370370367
-0.9699999999999998
-0.9796296296296292
-0.9677777777777774
-0.9766666666666665
-0.9762962962962959
-0.9755555555555552
-0.9740740740740736
-0.9718518518518513
-0.9699999999999994
-0.9799999999999999
-0.9625925925925922
-0.9748148148148144
-0.9770370370370368
-0.971481481481481
-0.9651851851851848
-0.9759259259259255
-0.9725925925925922
-0.9688888888888886
-0.9718518518518516
-0.9774074074074072
-0.9640740740740738
-0.974444444444444
-0.9696296296296292
-0.9770370370370368
-0.9818518518518516
-0.9688888888888882
-0.972222222222222
-0.9581481481481479
-0.9629629629629626
