-0.9770370370370367
-0.9814814814814813
-0.973333333333333
-0.9799999999999998
-0.9770370370370367
-0.9718518518518516
-0.9759259259259256
-0.9766666666666665
-0.9814814814814813
-0.9799999999999995
-0.9770370370370367
-0.9755555555555552
-0.9777777777777774
-0.9781481481481478
-0.9814814814814813
-0.9785185185185182
-0.9785185185185182
-0.9755555555555552
-0.9666666666666661
-0.9740740740740734
-0.9777777777777774
-0.9788888888888887
-0.9714814814814811
-0.9818518518518515
-0.9729629629629626
-0.9774074074074072
-0.9840740740740738
-0.9781481481481478
-0.98037037037037
-0.981111111111111
-0.9662962962962959
-0.9740740740740736
-0.973333333333333
-0.9766666666666665
-0.9722222222222218
-0.9885185185185184
-0.9825925925925924
-0.9740740740740736
-0.9781481481481478
-0.9729629629629628
-0.9733333333333328
-0.9844444444444441
-0.9851851851851849
-0.9748148148148146
-0.9703703703703701
-0.9722222222222219
-0.9785185185185182
-0.9803703703703701
-0.971481481481481
-0.976296296296296
-0.9740740740740738
-0.9729629629629625
-0.9699999999999994
-0.9788888888888886
-0.9722222222222219
-0.9777777777777775
-0.9755555555555552
-0.9814814814814811
-0.9788888888888886
-0.9829629629629626
-0.9766666666666662
-0.9811111111111108
-0.9781481481481478
-0.967407407407407
-0.9670370370370368
-0.9655555555555552
-0.9803703703703701
-0.9711111111111107
-0.9759259259259255
-0.9833333333333332
-0.9725925925925921
-0.9811111111111108
-0.9796296296296293
-0.9774074074074071
-0.9725925925925923
-0.9648148148148143
-0.974444444444444
-0.9796296296296293
-0.9837037037037035
-0.9825925925925924
-0.9822222222222217
-0.983333333333333
-0.9740740740740736
-0.9748148148148146
-0.9770370370370367
-0.9662962962962961
-0.9707407407407405
-0.9748148148148146
-0.9788888888888886
-0.9814814814814813
-0.9796296296296292
-0.9837037037037035
-0.976296296296296
-0.9729629629629625
-0.9740740740740738
-0.9840740740740738
