-0.9488888888888881
-0.9585185185185179
-0.9359259259259249
-0.9470370370370366
-0.9455555555555548
-0.9551851851851846
-0.9296296296296289
-0.9440740740740736
-0.9322222222222217
-0.9337037037037031
-0.9370370370370363
-0.9499999999999994
-0.9388888888888883
-0.9299999999999993
-0.9348148148148144
-0.9488888888888886
-0.9322222222222216
-0.9485185185185178
-0.9474074074074068
-0.9433333333333326
-0.9477777777777774
-0.9485185185185179
-0.9477777777777772
-0.9499999999999993
-0.9511111111111107
-0.9470370370370368
-0.9385185185185179
-0.9555555555555552
-0.9414814814814811
-0.9429629629629624
-0.9296296296296286
-0.94037037037037
-0.9340740740740732
-0.9399999999999992
-0.9474074074074069
-0.9322222222222218
-0.9462962962962957
-0.9437037037037029
-0.9511111111111106
-0.9425925925925918
-0.9551851851851849
-0.9440740740740735
-0.9622222222222218
-0.9459259259259254
-0.9566666666666663
-0.9270370370370364
-0.936666666666666
-0.9551851851851848
-0.9562962962962961
-0.9462962962962957
-0.9422222222222217
-0.9451851851851846
-0.9277777777777773
-0.9425925925925921
-0.9581481481481476
-0.953703703703703
-0.9411111111111106
-0.9470370370370363
-0.9418518518518512
-0.9348148148148141
-0.9440740740740735
-0.9577777777777773
-0.954444444444444
-0.945555555555555
-0.9474074074074068
-0.9385185185185178
-0.9503703703703696
-0.9403703703703699
-0.9581481481481475
-0.9474074074074066
-0.947777777777777
-0.9551851851851846
-0.952592592592592
-0.9451851851851844
-0.9592592592592589
-0.9566666666666663
-0.9474074074074068
-0.9425925925925921
-0.929629629629629
-0.9392592592592587
-0.9407407407407401
-0.9433333333333327
-0.9503703703703701
-0.9359259259259253
-0.9355555555555548
-0.9299999999999993
-0.9437037037037029
-0.9459259259259254
-0.9444444444444438
-0.9296296296296289
-0.9337037037037031
-0.9344444444444437
-0.9444444444444438
-0.9466666666666663
-0.9348148148148144
-0.942592592592592
