-0.9701587301587296
-0.9733333333333332
-0.984444444444444
-0.9733333333333327
-0.9799999999999994
-0.98063492063492
-0.9796825396825394
-0.9761904761904757
-0.9752380952380946
-0.9790476190476187
-0.976507936507936
-0.9796825396825396
-0.977142857142857
-0.983174603174603
-0.9761904761904755
-0.9771428571428572
-0.9780952380952379
-0.9774603174603167
-0.9749206349206345
-0.9793650793650791
-0.9799999999999998
-0.9746031746031745
-0.9774603174603169
-0.9790476190476188
-0.9755555555555551
-0.9787301587301587
-0.9819047619047615
-0.9711111111111108
-0.984126984126984
-0.9793650793650791
-0.9761904761904757
-0.9822222222222221
-0.9796825396825394
-0.9777777777777772
-0.9809523809523807
-0.9780952380952376
-0.9803174603174597
-0.9739682539682536
-0.9812698412698407
-0.9799999999999992
-0.9787301587301582
-0.9806349206349206
-0.9838095238095237
-0.9838095238095235
-0.9749206349206345
-0.9784126984126981
-0.9812698412698412
-0.9761904761904757
-0.9730158730158727
-0.9758730158730154
-0.9777777777777773
-0.9777777777777775
-0.9777777777777777
-0.9742857142857136
-0.9733333333333332
-0.984126984126984
-0.9828571428571425
-0.981269841269841
-0.9742857142857135
-0.9834920634920631
-0.9809523809523806
-0.9790476190476188
-0.9768253968253968
-0.9774603174603173
-0.976507936507936
-0.9673015873015866
-0.9799999999999996
-0.9787301587301582
-0.9749206349206344
-0.9799999999999994
-0.9787301587301585
-0.9755555555555551
-0.9717460317460314
-0.9803174603174599
-0.9749206349206344
-0.9860317460317458
-0.9765079365079362
-0.9831746031746028
-0.9726984126984125
-0.9752380952380948
-0.9777777777777773
-0.9758730158730157
-0.9720634920634916
-0.9749206349206347
-0.9787301587301581
-0.9809523809523807
-0.9780952380952378
-0.9834920634920634
-0.9749206349206344
-0.9784126984126978
-0.9822222222222216
-0.9822222222222219
-0.9819047619047615
-0.9780952380952378
-0.9790476190476185
-0.9746031746031741
-0.973650793650793
-0.9780952380952374
-0.9799999999999994
-0.9765079365079362
-0.9726984126984126
-0.9793650793650791
-0.9793650793650791
-0.9726984126984118
-0.9784126984126978
-0.9790476190476188
-0.9780952380952378
-0.9777777777777775
-0.9777777777777775
-0.9806349206349201
-0.9796825396825394
-0.9739682539682538
-0.9863492063492061
-0.9799999999999996
-0.981587301587301
-0.9774603174603173
-0.9780952380952376
-0.9758730158730159
-0.9761904761904757
-0.9780952380952376
-0.9771428571428569
-0.9787301587301585
-0.981269841269841
-0.9799999999999996
-0.975873015873016
-0.9809523809523807
-0.9784126984126982
-0.9758730158730157
-0.9711111111111105
-0.9799999999999998
-0.9746031746031741
-0.984126984126984
-0.9815873015873015
-0.9790476190476187
-0.9777777777777773
-0.9796825396825394
-0.9806349206349205
-0.9790476190476187
-0.9774603174603173
-0.9780952380952379
-0.9736507936507932
-0.983174603174603
-0.972380952380952
-0.9736507936507934
-0.9809523809523804
-0.9780952380952378
-0.9847619047619043
-0.9666666666666659
-0.9758730158730153
-0.9815873015873016
-0.9806349206349205
-0.9787301587301585
-0.9844444444444443
-0.9749206349206344
-0.981269841269841
-0.9803174603174599
-0.9831746031746028
-0.9834920634920633
-0.9746031746031741
-0.9752380952380946
-0.9799999999999996
-0.9834920634920633
-0.9819047619047615
-0.9761904761904755
-0.9784126984126982
-0.9853968253968252
-0.9787301587301585
-0.9720634920634916
-0.9768253968253964
-0.9739682539682535
-0.9682539682539675
-0.9746031746031744
-0.9841269841269837
-0.9752380952380948
-0.9746031746031744
-0.981269841269841
-0.9790476190476185
-0.981269841269841
-0.9746031746031744
-0.9749206349206342
-0.9774603174603169
-0.9771428571428569
-0.9726984126984123
-0.9777777777777773
-0.9774603174603173
-0.9790476190476187
-0.9796825396825394
-0.9768253968253966
-0.9806349206349201
-0.9803174603174597
-0.9799999999999998
-0.9771428571428566
-0.983174603174603
-0.983174603174603
-0.98031746031746
-0.9787301587301582
-0.976507936507936
-0.9784126984126982
-0.9819047619047615
-0.9834920634920633
-0.9739682539682535
-0.979365079365079
-0.9771428571428569
-0.9815873015873015
-0.9669841269841265
-0.9809523809523807
-0.9717460317460311
-0.9768253968253964
-0.9761904761904755
-0.9796825396825394
-0.9758730158730154
-0.9806349206349205
-0.9815873015873012
-0.9790476190476187
-0.9799999999999998
-0.9828571428571425
-0.9739682539682533
-0.9714285714285709
-0.9844444444444446
-0.9742857142857136
-0.9749206349206342
-0.9758730158730154
-0.9828571428571425
-0.9774603174603173
-0.9707936507936504
-0.9739682539682538
-0.9850793650793652
-0.9828571428571424
-0.9711111111111107
-0.9761904761904757
-0.9692063492063486
-0.9844444444444438
-0.973650793650793
-0.9790476190476187
-0.970793650793651
-0.9749206349206345
-0.9784126984126978
-0.9771428571428566
-0.9761904761904759
-0.9790476190476188
-0.98063492063492
-0.9746031746031744
-0.9787301587301582
-0.9768253968253964
-0.9768253968253963
-0.9809523809523807
-0.9758730158730154
-0.9730158730158726
-0.9787301587301585
-0.9736507936507932
-0.9739682539682533
-0.9796825396825396
-0.9761904761904757
-0.9790476190476188
-0.9761904761904757
-0.9803174603174599
