-0.9634920634920628
-0.9606349206349201
-0.9539682539682532
-0.9653968253968249
-0.9520634920634914
-0.9603174603174602
-0.9565079365079358
-0.9612698412698408
-0.9587301587301582
-0.9609523809523803
-0.9622222222222219
-0.958412698412698
-0.9565079365079354
-0.9520634920634916
-0.9596825396825396
-0.9523809523809519
-0.9587301587301579
-0.9650793650793643
-0.96063492063492
-0.953650793650793
-0.9539682539682529
-0.9707936507936507
-0.9571428571428563
-0.9634920634920627
-0.9612698412698408
-0.9549206349206342
-0.9552380952380947
-0.9711111111111105
-0.952698412698412
-0.9631746031746027
-0.9552380952380948
-0.9599999999999994
-0.9619047619047613
-0.959682539682539
-0.9565079365079363
-0.9539682539682532
-0.9663492063492058
-0.9558730158730153
-0.9701587301587293
-0.9647619047619045
-0.9644444444444438
-0.9536507936507932
-0.9542857142857138
-0.956507936507936
-0.9622222222222212
-0.9584126984126978
-0.9644444444444434
-0.9622222222222219
-0.959365079365079
-0.9530158730158725
-0.9638095238095233
-0.9692063492063484
-0.9634920634920625
-0.9663492063492056
-0.9599999999999992
-0.951746031746031
-0.9663492063492064
-0.945714285714285
-0.953650793650793
-0.9558730158730151
-0.9638095238095231
-0.9530158730158723
-0.9533333333333328
-0.9552380952380947
-0.9650793650793649
-0.9552380952380948
-0.9657142857142855
-0.9593650793650788
-0.9571428571428563
-0.9574603174603169
-0.9609523809523801
-0.9590476190476185
-0.9634920634920628
-0.9533333333333328
-0.957777777777777
-0.9555555555555547
-0.951428571428571
-0.9609523809523801
-0.9552380952380948
-0.9495238095238085
-0.9577777777777772
-0.9571428571428566
-0.9590476190476187
-0.9622222222222215
-0.9542857142857133
-0.9634920634920627
-0.9634920634920628
-0.9596825396825391
-0.9514285714285703
-0.961587301587301
-0.9587301587301584
-0.9520634920634911
-0.9542857142857137
-0.9625396825396819
-0.9587301587301579
-0.9574603174603167
-0.9619047619047617
-0.9650793650793645
-0.9571428571428566
-0.9498412698412687
-0.9561904761904756
-0.9625396825396821
-0.9593650793650791
-0.9431746031746028
-0.9565079365079358
-0.9520634920634911
-0.9644444444444442
-0.9590476190476185
-0.9590476190476187
-0.9606349206349203
-0.9641269841269836
-0.9561904761904756
-0.953650793650793
-0.9542857142857135
-0.9647619047619043
-0.9641269841269834
-0.9533333333333328
-0.9593650793650785
-0.9638095238095237
-0.9612698412698406
-0.9523809523809519
-0.9561904761904754
-0.952380952380952
-0.9603174603174593
-0.9742857142857143
-0.9526984126984119
-0.9622222222222213
-0.9653968253968247
-0.9619047619047617
-0.969523809523809
-0.9596825396825388
-0.9542857142857135
-0.9609523809523801
-0.9653968253968246
-0.9619047619047613
-0.9615873015873012
-0.9492063492063484
-0.9526984126984125
-0.9647619047619043
-0.9565079365079356
-0.964761904761904
-0.9657142857142852
-0.9523809523809519
-0.958412698412698
-0.9660317460317455
-0.9580952380952378
-0.9561904761904756
-0.9596825396825394
-0.9523809523809517
-0.968888888888888
-0.9634920634920627
-0.9650793650793646
-0.9695238095238089
-0.9542857142857135
-0.9701587301587301
-0.9558730158730154
-0.9599999999999994
-0.9590476190476184
-0.9631746031746025
-0.9511111111111109
-0.9533333333333324
-0.968571428571428
-0.9641269841269837
-0.9628571428571424
-0.9549206349206344
-0.951428571428571
-0.9650793650793643
-0.9599999999999996
-0.9657142857142854
-0.957777777777777
-0.9574603174603172
-0.9571428571428566
-0.9492063492063483
-0.9482539682539673
-0.9584126984126982
-0.9622222222222215
-0.9571428571428565
-0.9603174603174597
-0.9498412698412693
-0.9546031746031733
-0.9577777777777767
-0.9561904761904757
-0.9619047619047613
-0.9673015873015864
-0.956507936507936
-0.9644444444444437
-0.9546031746031739
-0.9641269841269834
-0.9520634920634914
-0.9561904761904756
-0.9653968253968249
-0.9584126984126975
-0.9568253968253962
-0.9517460317460308
-0.9552380952380947
-0.9577777777777767
-0.9653968253968249
-0.9574603174603166
-0.9619047619047613
-0.9587301587301582
-0.957777777777777
-0.9590476190476185
-0.9546031746031738
-0.9558730158730148
-0.9584126984126978
-0.96031746031746
-0.9482539682539679
-0.9577777777777773
-0.9615873015873007
-0.9603174603174597
-0.9520634920634914
-0.9542857142857137
-0.9571428571428566
-0.9542857142857133
-0.9558730158730154
-0.9552380952380947
-0.9625396825396826
-0.951428571428571
-0.964444444444444
-0.9466666666666661
-0.9574603174603171
-0.9568253968253962
-0.956507936507936
-0.9580952380952374
-0.9488888888888888
-0.9688888888888888
-0.9622222222222219
-0.9577777777777775
-0.9622222222222218
-0.9520634920634914
-0.9663492063492056
-0.9590476190476189
-0.9587301587301581
-0.9492063492063488
-0.9641269841269839
-0.9536507936507926
-0.9542857142857141
-0.9485714285714277
-0.9552380952380953
-0.9647619047619045
-0.9552380952380947
-0.9584126984126978
-0.9463492063492055
-0.959365079365079
-0.9549206349206342
-0.9577777777777772
-0.969523809523809
-0.9647619047619043
-0.9520634920634912
-0.9638095238095231
-0.9622222222222215
-0.9584126984126982
-0.9546031746031738
-0.9587301587301582
-0.9704761904761904
-0.9609523809523806
