-0.9231746031746023
-0.9260317460317449
-0.9028571428571422
-0.9126984126984113
-0.9333333333333328
-0.9076190476190469
-0.9171428571428557
-0.9187301587301578
-0.9174603174603163
-0.9133333333333326
-0.9323809523809514
-0.9168253968253957
-0.9174603174603163
-0.9146031746031735
-0.9088888888888879
-0.904444444444443
-0.917142857142856
-0.912063492063491
-0.913650793650793
-0.9203174603174591
-0.9152380952380941
-0.9193650793650789
-0.9244444444444434
-0.9222222222222217
-0.9269841269841258
-0.913333333333333
-0.9253968253968246
-0.9231746031746023
-0.923809523809523
-0.9307936507936501
-0.9206349206349199
-0.9171428571428559
-0.9346031746031738
-0.9165079365079359
-0.9263492063492051
-0.9415873015873009
-0.9314285714285704
-0.9171428571428563
-0.9253968253968243
-0.9133333333333322
-0.9104761904761898
-0.9130158730158717
-0.9352380952380944
-0.913015873015872
-0.9234920634920627
-0.9263492063492053
-0.9257142857142846
-0.8952380952380943
-0.9130158730158716
-0.9282539682539673
-0.9282539682539671
-0.9231746031746021
-0.9292063492063488
-0.9219047619047609
-0.9142857142857135
-0.9365079365079357
-0.9234920634920625
-0.9285714285714276
-0.9104761904761894
-0.9177777777777769
-0.9263492063492053
-0.9263492063492053
-0.9133333333333323
-0.9228571428571416
-0.9076190476190464
-0.9307936507936504
-0.9247619047619037
-0.9276190476190468
-0.9263492063492055
-0.9330158730158722
-0.9228571428571424
-0.9228571428571422
-0.9269841269841259
-0.9130158730158725
-0.9146031746031738
-0.9314285714285705
-0.9266666666666661
-0.906984126984126
-0.9161904761904756
-0.928253968253967
-0.9133333333333326
-0.9180952380952374
-0.9180952380952374
-0.9136507936507928
-0.9269841269841258
-0.9257142857142849
-0.9219047619047611
-0.9301587301587295
-0.917460317460316
-0.9241269841269838
-0.9168253968253957
-0.9247619047619037
-0.9158730158730153
-0.9314285714285707
-0.9149206349206338
-0.9266666666666663
-0.9273015873015864
-0.9031746031746021
-0.9225396825396815
-0.9203174603174595
-0.9247619047619039
-0.9380952380952372
-0.909206349206348
-0.919682539682539
-0.9238095238095225
-0.919999999999999
-0.926031746031745
-0.9187301587301581
-0.9168253968253957
-0.9257142857142848
-0.9352380952380944
-0.9263492063492057
-0.9273015873015864
-0.9190476190476179
-0.9206349206349196
-0.909206349206348
-0.9282539682539679
-0.9180952380952372
-0.924761904761904
-0.9244444444444436
-0.9358730158730155
-0.9295238095238091
-0.9199999999999993
-0.9212698412698398
-0.92095238095238
-0.9231746031746021
-0.9171428571428565
-0.9314285714285702
-0.9253968253968249
-0.9241269841269836
-0.9079365079365067
-0.9092063492063482
-0.9285714285714276
-0.9098412698412693
-0.92095238095238
-0.9273015873015864
-0.9177777777777768
-0.9165079365079354
-0.9241269841269836
-0.9209523809523802
-0.9260317460317454
-0.9393650793650784
-0.9161904761904753
-0.9063492063492052
-0.9276190476190467
-0.924444444444444
-0.9368253968253962
-0.9184126984126972
-0.9371428571428565
-0.9180952380952372
-0.9196825396825392
-0.9199999999999993
-0.9063492063492051
-0.9142857142857133
-0.9225396825396814
-0.9320634920634914
-0.9203174603174595
-0.9285714285714279
-0.919682539682539
-0.9241269841269834
-0.9187301587301578
-0.9231746031746024
-0.9060317460317451
-0.9025396825396814
-0.9085714285714276
-0.9085714285714278
-0.9120634920634908
-0.9168253968253957
-0.9196825396825388
-0.9142857142857129
-0.9285714285714277
-0.9098412698412688
-0.9152380952380944
-0.924444444444444
-0.9107936507936495
-0.9073015873015864
-0.9184126984126975
-0.9203174603174595
-0.9269841269841259
-0.9193650793650782
-0.9253968253968243
-0.9241269841269832
-0.9257142857142854
-0.9241269841269834
-0.9180952380952372
-0.9419047619047612
-0.9161904761904756
-0.9273015873015867
-0.9317460317460304
-0.9117460317460307
-0.9320634920634913
-0.9095238095238088
-0.9180952380952372
-0.9174603174603165
-0.9225396825396818
-0.9165079365079358
-0.9253968253968248
-0.9266666666666661
-0.9295238095238085
-0.914603174603174
-0.9231746031746023
-0.9196825396825387
-0.9273015873015862
-0.919682539682539
-0.9088888888888885
-0.9323809523809516
-0.9146031746031735
-0.9158730158730155
-0.9311111111111101
-0.9247619047619042
-0.926349206349206
-0.9095238095238088
-0.9301587301587295
-0.92126984126984
-0.9234920634920627
-0.9101587301587295
-0.9174603174603165
-0.9177777777777771
-0.9165079365079354
-0.9063492063492055
-0.9152380952380942
-0.9314285714285704
-0.9276190476190465
-0.906984126984126
-0.9168253968253957
-0.9311111111111101
-0.9126984126984117
-0.9155555555555543
-0.9158730158730153
-0.9149206349206336
-0.924761904761904
-0.9174603174603168
-0.9330158730158723
-0.9142857142857135
-0.9273015873015864
-0.9196825396825387
-0.9146031746031738
-0.926031746031745
-0.9174603174603163
-0.9219047619047609
-0.9168253968253959
-0.9199999999999995
-0.919999999999999
-0.9193650793650782
-0.924126984126983
-0.9231746031746023
-0.9219047619047607
-0.932063492063491
-0.9082539682539673
-0.9273015873015866
-0.9184126984126977
-0.922857142857142
-0.9111111111111101
-0.9149206349206338
-0.9288888888888884
-0.9346031746031739
