-0.7996825396825389
-0.8288888888888883
-0.818095238095237
-0.762222222222222
-0.7984126984126977
-0.8247619047619043
-0.8498412698412688
-0.8117460317460309
-0.8349206349206338
-0.8292063492063484
-0.8095238095238085
-0.8171428571428563
-0.785396825396825
-0.833333333333332
-0.823809523809523
-0.8314285714285709
-0.8165079365079362
-0.8184126984126974
-0.8317460317460311
-0.7993650793650782
-0.8292063492063484
-0.8177777777777772
-0.8076190476190468
-0.7974603174603168
-0.8158730158730152
-0.806984126984126
-0.7968253968253961
-0.8288888888888882
-0.8063492063492054
-0.8146031746031737
-0.8317460317460303
-0.8025396825396819
-0.8180952380952378
-0.8092063492063486
-0.8209523809523803
-0.8425396825396821
-0.803809523809523
-0.8199999999999991
-0.8126984126984116
-0.8069841269841262
-0.7977777777777769
-0.8276190476190467
-0.7879365079365073
-0.8057142857142849
-0.7920634920634914
-0.7790476190476184
-0.8015873015873005
-0.8120634920634913
-0.8301587301587295
-0.7984126984126972
-0.7933333333333323
-0.7942857142857137
-0.8019047619047612
-0.8101587301587294
-0.8374603174603166
-0.8012698412698407
-0.8253968253968247
-0.8031746031746025
-0.7819047619047612
-0.8142857142857134
-0.8133333333333325
-0.8295238095238089
-0.8133333333333326
-0.8019047619047612
-0.8098412698412693
-0.8199999999999995
-0.8107936507936502
-0.8050793650793647
-0.8288888888888879
-0.8288888888888883
-0.8028571428571422
-0.7949206349206338
-0.7933333333333329
-0.8171428571428561
-0.8136507936507928
-0.8155555555555547
-0.8053968253968244
-0.8092063492063485
-0.8238095238095232
-0.7828571428571421
-0.7965079365079358
-0.8346031746031735
-0.8196825396825388
-0.8028571428571424
-0.8317460317460311
-0.7980952380952371
-0.8066666666666664
-0.8120634920634912
-0.8215873015873009
-0.8241269841269835
-0.812698412698412
-0.8060317460317458
-0.8041269841269834
-0.8269841269841268
-0.7901587301587297
-0.8257142857142846
-0.8161904761904749
-0.8260317460317453
-0.8180952380952374
-0.8206349206349196
-0.8158730158730152
-0.8333333333333321
-0.8069841269841262
-0.8152380952380948
-0.8066666666666659
-0.8085714285714277
-0.8199999999999994
-0.82095238095238
-0.8114285714285706
-0.837142857142856
-0.7965079365079356
-0.7917460317460313
-0.7968253968253959
-0.804761904761904
-0.8403174603174594
-0.8311111111111102
-0.8149206349206338
-0.8450793650793645
-0.8180952380952374
-0.8069841269841267
-0.802857142857142
-0.8019047619047612
-0.7765079365079354
-0.8222222222222214
-0.8234920634920629
-0.8444444444444439
-0.8111111111111103
-0.7907936507936498
-0.8076190476190467
-0.8333333333333321
-0.8380952380952369
-0.7936507936507928
-0.8253968253968246
-0.813015873015872
-0.8231746031746022
-0.8133333333333327
-0.8225396825396819
-0.7777777777777768
-0.8063492063492059
-0.8139682539682531
-0.7917460317460311
-0.8323809523809514
-0.8066666666666659
-0.8171428571428563
-0.831428571428571
-0.8199999999999993
-0.8203174603174594
-0.8050793650793645
-0.8082539682539673
-0.8069841269841265
-0.8044444444444436
-0.7984126984126977
-0.795555555555555
-0.8136507936507927
-0.8387301587301577
-0.813015873015872
-0.8228571428571414
-0.8212698412698405
-0.8247619047619045
-0.8257142857142848
-0.7819047619047611
-0.8155555555555544
-0.8403174603174596
-0.7990476190476182
-0.8320634920634914
-0.8317460317460309
-0.7930158730158725
-0.8377777777777773
-0.8028571428571424
-0.8149206349206342
-0.7914285714285708
-0.8082539682539678
-0.8228571428571418
-0.8044444444444436
-0.8092063492063485
-0.7761904761904753
-0.8282539682539674
-0.8215873015873011
-0.8034920634920627
-0.8241269841269834
-0.8409523809523802
-0.8139682539682532
-0.833968253968253
-0.7942857142857136
-0.8038095238095233
-0.8228571428571424
-0.8168253968253961
-0.8304761904761895
-0.7828571428571423
-0.7923809523809514
-0.80126984126984
-0.7958730158730146
-0.8012698412698402
-0.8168253968253958
-0.8355555555555547
-0.8377777777777772
-0.8269841269841264
-0.8022222222222216
-0.8368253968253959
-0.8053968253968248
-0.8330158730158721
-0.8047619047619038
-0.8146031746031741
-0.8171428571428566
-0.8120634920634915
-0.833968253968253
-0.8123809523809518
-0.7930158730158725
-0.8212698412698403
-0.8057142857142849
-0.8320634920634912
-0.8025396825396821
-0.8022222222222216
-0.8285714285714275
-0.7892063492063487
-0.8282539682539675
-0.8092063492063484
-0.8098412698412693
-0.803492063492063
-0.791428571428571
-0.8485714285714278
-0.8311111111111106
-0.8234920634920628
-0.8155555555555548
-0.7974603174603169
-0.8120634920634913
-0.7933333333333321
-0.816190476190475
-0.7736507936507931
-0.8199999999999993
-0.8139682539682527
-0.8149206349206342
-0.8234920634920627
-0.819365079365079
-0.8063492063492056
-0.8155555555555548
-0.8419047619047609
-0.8206349206349196
-0.7949206349206341
-0.8260317460317449
-0.8117460317460308
-0.7761904761904752
-0.7758730158730156
-0.8269841269841258
-0.7968253968253959
-0.8184126984126976
-0.8022222222222214
-0.8019047619047613
-0.7895238095238087
-0.8057142857142847
-0.8184126984126977
-0.8139682539682529
-0.809523809523809
-0.8161904761904754
-0.8161904761904756
-0.8320634920634912
