-0.03682539682539681
-0.15682539682539673
-0.006984126984126971
-0.04063492063492061
-0.029523809523809525
0.03714285714285714
-0.04126984126984127
-0.03777777777777778
-0.008571428571428565
-0.11555555555555552
-0.007619047619047613
-0.06380952380952383
-0.12698412698412687
-0.06095238095238096
-0.2133333333333333
0.01587301587301588
-0.0726984126984127
-0.03523809523809521
-0.0952380952380952
-0.21492063492063476
-0.05682539682539683
-0.053968253968253964
-0.0473015873015873
-0.06317460317460316
-0.05619047619047619
-0.10888888888888885
-0.1257142857142856
-0.1393650793650793
-0.010793650793650798
-0.11492063492063491
-0.02507936507936507
-0.08539682539682539
-0.0923809523809524
-0.028888888888888895
-0.07873015873015873
-0.08920634920634919
-0.1149206349206349
-0.060317460317460325
-0.14730158730158724
-0.09873015873015872
-0.1285714285714286
-0.06825396825396823
-0.016825396825396823
-0.02984126984126985
-0.027936507936507943
-0.008253968253968255
-0.09428571428571426
-0.11999999999999993
-0.05269841269841271
-0.1139682539682539
-0.10000000000000002
0.02984126984126986
0.005396825396825397
-0.019999999999999973
0.02158730158730157
-0.010793650793650796
-0.1288888888888888
-0.131111111111111
-0.10412698412698417
-0.1107936507936508
-0.03587301587301586
-0.04920634920634924
-0.041587301587301576
-0.052063492063492096
-0.052380952380952375
-0.029523809523809518
-0.048571428571428564
-0.03174603174603174
-0.09936507936507936
-0.01809523809523808
-0.07587301587301593
-0.10761904761904761
-0.07460317460317459
-0.08603174603174597
-0.11555555555555558
-0.06380952380952382
0.0133333333333333
-0.09396825396825394
-0.016825396825396802
-0.06190476190476191
-0.1219047619047619
-0.13999999999999987
-0.02476190476190473
-0.0787301587301587
-0.03523809523809526
-0.08317460317460316
-0.05333333333333331
-0.11714285714285716
0.008253968253968248
-0.04063492063492064
-0.050158730158730166
-0.10253968253968256
-0.11841269841269841
-0.025396825396825393
-0.07619047619047614
-0.1742857142857143
-0.05936507936507934
-0.10857142857142854
-0.12920634920634913
-0.011746031746031746
-0.0028571428571428845
-0.09619047619047617
-0.09174603174603171
-0.12666666666666665
-0.13015873015873014
-0.038095238095238064
-0.08476190476190473
-0.02444444444444442
-0.06603174603174607
-0.06920634920634922
-0.11650793650793652
-0.08031746031746029
-0.03238095238095238
-0.07047619047619048
-0.08095238095238094
0.0028571428571428446
-0.06888888888888889
-0.15587301587301583
0.01174603174603174
-0.11396825396825391
-0.07777777777777777
0.0034920634920634916
-0.03841269841269842
-0.06031746031746032
-0.01079365079365079
-0.03587301587301587
-0.12285714285714285
-0.08285714285714284
-0.10349206349206351
-0.0926984126984127
-0.061904761904761886
-0.06190476190476187
0.009841269841269845
-0.08095238095238093
-0.05936507936507939
-0.04031746031746035
-0.04793650793650797
-0.04349206349206348
-0.03587301587301588
-0.13047619047619044
-0.04412698412698412
-0.08444444444444446
-0.12952380952380954
-0.08063492063492063
-0.02444444444444445
-0.10793650793650793
-0.09587301587301586
-0.10095238095238095
-0.0822222222222222
-0.15555555555555556
-0.13079365079365077
-0.036507936507936524
-0.029841269841269825
-0.00634920634920634
-0.0485714285714286
-0.09999999999999999
-0.12380952380952374
-0.13111111111111098
0.024126984126984125
-0.04634920634920635
-0.0857142857142857
-0.046031746031746035
-0.08793650793650788
-0.13873015873015868
-0.08158730158730157
-0.03333333333333335
-0.10380952380952378
-0.047301587301587296
-0.029206349206349208
-0.09079365079365077
-0.025079365079365066
0.03523809523809526
0.02920634920634919
-0.07492063492063493
-0.035873015873015855
-0.07396825396825399
-0.011428571428571425
-0.010793650793650775
-0.00031746031746032483
-0.058412698412698395
-0.10126984126984125
-0.106031746031746
-0.13396825396825401
-0.038095238095238085
-0.006031746031746026
-0.04063492063492065
-0.02253968253968254
-0.03777777777777777
-0.060317460317460325
0.04857142857142859
-0.02476190476190476
-0.05365079365079365
-0.06634920634920634
-0.04888888888888887
-0.10380952380952374
-0.023492063492063488
-0.02476190476190477
-0.07460317460317462
-0.14920634920634918
-0.06031746031746035
-0.07047619047619048
-0.08666666666666668
-0.13047619047619047
-0.010476190476190481
-0.02666666666666667
-0.057777777777777775
-0.2330158730158729
-0.05619047619047621
-0.0031746031746031906
-0.07523809523809523
-0.16507936507936494
-0.06412698412698413
-0.06539682539682544
0.041587301587301596
-0.06761904761904768
-0.019682539682539666
-0.05015873015873013
-0.05396825396825398
-0.14539682539682514
-0.023809523809523822
-0.02888888888888887
-0.08666666666666663
-0.11111111111111112
-0.04444444444444445
-0.06634920634920635
-0.017777777777777767
-0.14730158730158727
-0.0492063492063492
-0.027936507936507916
-0.04253968253968255
-0.05746031746031745
0.010793650793650793
-0.03365079365079367
-0.0657142857142857
-0.0342857142857143
-0.058095238095238116
-0.04730158730158731
-0.106031746031746
-0.046666666666666676
-0.13555555555555554
-0.037460317460317485
0.0069841269841269945
-0.05650793650793651
-0.10095238095238096
-0.10412698412698415
-0.1863492063492062
-0.0012698412698412679
-0.14031746031746023
-0.15047619047619043
-0.07301587301587299
-0.056507936507936486
-0.0977777777777778
-0.030793650793650745
-0.00857142857142857
-0.0819047619047619
0.0034920634920634947
