0.14888888888888885
0.17365079365079364
0.25619047619047614
0.35682539682539677
0.1987301587301587
0.2917460317460317
0.19904761904761897
0.2663492063492061
0.23047619047619064
0.22603174603174608
0.10888888888888895
0.19111111111111106
0.25079365079365074
0.140952380952381
0.18380952380952384
0.22222222222222218
0.24285714285714283
0.1057142857142857
0.18317460317460316
0.17174603174603167
0.20031746031746034
0.19936507936507936
0.20634920634920637
0.19047619047619038
0.19873015873015865
0.26825396825396824
0.22571428571428584
0.2006349206349207
0.1965079365079364
0.18920634920634927
0.22666666666666663
0.19809523809523802
0.21936507936507924
0.25015873015873025
0.19396825396825393
0.24825396825396814
0.25079365079365096
0.2644444444444445
0.25111111111111106
0.18190476190476174
0.2022222222222222
0.21142857142857127
0.2930158730158729
0.2384126984126983
0.1431746031746032
0.12380952380952391
0.21047619047619026
0.22190476190476185
0.14793650793650792
0.1958730158730159
0.1793650793650794
0.15682539682539684
0.21555555555555558
0.267936507936508
0.1822222222222222
0.21492063492063493
0.23174603174603178
0.20380952380952375
0.18158730158730163
0.23174603174603178
0.23777777777777795
0.2130158730158728
0.2647619047619048
0.22984126984126982
0.1361904761904762
0.20857142857142855
0.2288888888888888
0.1914285714285714
0.2599999999999998
0.25460317460317455
0.2365079365079365
0.20888888888888893
0.1695238095238095
0.22857142857142865
0.20190476190476184
0.2425396825396824
0.23396825396825396
0.21809523809523806
0.10222222222222219
0.1882539682539682
0.20349206349206353
0.28285714285714275
0.3101587301587301
0.1828571428571428
0.30761904761904757
0.20190476190476198
0.21174603174603185
0.21047619047619046
0.24444444444444438
0.2346031746031746
0.24603174603174593
0.2295238095238095
0.26285714285714284
0.1853968253968254
0.2552380952380952
0.22285714285714292
0.24634920634920623
0.20190476190476192
0.1895238095238095
0.17714285714285713
0.23523809523809522
0.2996825396825396
0.1717460317460317
0.21714285714285708
0.2177777777777777
0.2193650793650794
0.13396825396825401
0.20888888888888885
0.13523809523809524
0.21777777777777765
0.18634920634920638
0.21873015873015864
0.27396825396825386
0.19587301587301592
0.15492063492063482
0.18793650793650793
0.20476190476190478
0.179047619047619
0.14412698412698405
0.23809523809523797
0.21746031746031746
0.22539682539682532
0.20190476190476184
0.22126984126984123
0.1609523809523809
0.14126984126984132
0.14952380952380948
0.26539682539682546
0.21269841269841255
0.1806349206349206
0.1726984126984127
0.155873015873016
0.17746031746031743
0.27904761904761904
0.16952380952380955
0.1279365079365079
0.2022222222222221
0.23968253968253975
0.20698412698412702
0.18222222222222217
0.20825396825396822
0.32095238095238116
0.1815873015873016
0.23587301587301587
0.2476190476190478
0.1726984126984126
0.22634920634920638
0.1580952380952381
0.19746031746031736
0.16063492063492057
0.2780952380952381
0.19428571428571426
0.22761904761904755
0.2184126984126983
0.0838095238095238
0.13111111111111112
0.12063492063492064
0.16920634920634922
0.19365079365079368
0.18698412698412686
0.0774603174603175
0.1888888888888888
0.2565079365079365
0.16888888888888892
0.1644444444444444
0.17301587301587304
0.16476190476190464
0.19238095238095232
0.20666666666666672
0.159047619047619
0.17555555555555546
0.24825396825396823
0.27555555555555555
0.1726984126984126
0.1549206349206349
0.16507936507936505
0.20285714285714276
0.18380952380952376
0.14349206349206353
0.2196825396825397
0.2733333333333333
0.17968253968253967
0.26571428571428557
0.2428571428571429
0.20571428571428566
0.28253968253968265
0.2955555555555555
0.20317460317460317
0.21873015873015864
0.18634920634920626
0.19365079365079357
0.2603174603174602
0.29619047619047617
0.24253968253968258
0.21365079365079354
0.15460317460317458
0.22158730158730156
0.22507936507936502
0.213968253968254
0.2841269841269843
0.17936507936507928
0.2412698412698414
0.2695238095238095
0.17269841269841274
0.09174603174603169
0.19015873015873008
0.186031746031746
0.16666666666666663
0.15301587301587308
0.17333333333333337
0.23873015873015874
0.20761904761904756
0.15714285714285708
0.22539682539682554
0.145079365079365
0.20634920634920617
0.26571428571428585
0.21238095238095228
0.1644444444444444
0.18825396825396823
0.22285714285714273
0.26158730158730154
0.2603174603174602
0.2555555555555555
0.27301587301587316
0.1634920634920635
0.23873015873015893
0.24761904761904774
0.28761904761904783
0.28984126984126984
0.1869841269841269
0.13111111111111104
0.22412698412698404
0.20158730158730145
0.2606349206349207
0.16507936507936508
0.2292063492063492
0.1673015873015873
0.24317460317460313
0.21301587301587305
0.1993650793650793
0.21015873015873018
0.17999999999999994
0.19619047619047622
0.17301587301587298
0.2107936507936507
0.1895238095238096
0.1965079365079365
0.24984126984126986
0.2574603174603173
0.26063492063492083
0.2098412698412699
0.23492063492063484
0.12095238095238092
0.20158730158730154
0.26825396825396824
