0.6041269841269842
0.6266666666666662
0.642539682539682
0.5485714285714284
0.5739682539682537
0.5012698412698412
0.6196825396825393
0.6495238095238094
0.6273015873015869
0.6412698412698409
0.6298412698412696
0.6234920634920628
0.6130158730158729
0.5926984126984124
0.5917460317460311
0.6530158730158727
0.5879365079365079
0.6206349206349205
0.5809523809523804
0.5641269841269839
0.6342857142857139
0.6006349206349204
0.5873015873015868
0.6523809523809521
0.6682539682539681
0.5971428571428565
0.5777777777777774
0.6377777777777772
0.6599999999999996
0.5453968253968249
0.6028571428571426
0.6434920634920631
0.6298412698412695
0.5999999999999998
0.6136507936507931
0.615238095238095
0.5593650793650795
0.6047619047619047
0.6428571428571422
0.6336507936507934
0.5907936507936508
0.6187301587301587
0.636190476190476
0.6387301587301584
0.5955555555555553
0.5758730158730153
0.6120634920634915
0.5898412698412697
0.6158730158730155
0.6168253968253965
0.6273015873015871
0.6025396825396822
0.5723809523809522
0.557777777777778
0.6552380952380951
0.5723809523809525
0.5619047619047615
0.6057142857142852
0.6193650793650789
0.6155555555555555
0.627301587301587
0.5993650793650793
0.6142857142857142
0.6076190476190473
0.5711111111111107
0.6698412698412695
0.5799999999999997
0.6339682539682533
0.5612698412698411
0.6085714285714282
0.623174603174603
0.6514285714285709
0.6003174603174599
0.6307936507936506
0.5949206349206343
0.6339682539682538
0.6155555555555552
0.6212698412698412
0.6653968253968249
0.6111111111111107
0.6088888888888887
0.5968253968253964
0.6228571428571424
0.5796825396825395
0.6206349206349205
0.6317460317460317
0.6196825396825394
0.5831746031746028
0.5993650793650792
0.5907936507936506
0.6003174603174598
0.6088888888888888
0.5336507936507937
0.6546031746031742
0.5831746031746032
0.5952380952380949
0.5809523809523804
0.6339682539682537
0.6660317460317459
0.6726984126984124
0.6323809523809516
0.5631746031746029
0.6282539682539678
0.6444444444444438
0.6349206349206347
0.5885714285714282
0.5723809523809522
0.6025396825396826
0.6336507936507932
0.6009523809523807
0.6238095238095234
0.6612698412698408
0.6193650793650787
0.5946031746031744
0.6155555555555552
0.6126984126984124
0.6726984126984126
0.614920634920635
0.6279365079365077
0.6682539682539682
0.5999999999999998
0.6450793650793649
0.5288888888888886
0.6457142857142854
0.6196825396825392
0.548571428571428
0.5892063492063487
0.6126984126984123
0.6050793650793649
0.6190476190476184
0.5888888888888888
0.6050793650793648
0.6085714285714282
0.6136507936507932
0.6139682539682539
0.607936507936508
0.607301587301587
0.625714285714285
0.6187301587301582
0.6720634920634914
0.5815873015873015
0.5898412698412696
0.5666666666666669
0.6374603174603171
0.6368253968253964
0.6250793650793646
0.609206349206349
0.6450793650793649
0.5974603174603171
0.5869841269841269
0.6136507936507933
0.5676190476190474
0.6028571428571428
0.6247619047619046
0.6177777777777774
0.6580952380952377
0.6466666666666665
0.6034920634920634
0.605714285714285
0.6139682539682537
0.5939682539682537
0.6130158730158727
0.6304761904761901
0.6346031746031743
0.6339682539682534
0.5825396825396822
0.5761904761904761
0.6355555555555557
0.6260317460317457
0.6165079365079366
0.5571428571428567
0.5847619047619047
0.6050793650793647
0.5968253968253968
0.5730158730158726
0.6073015873015869
0.5707936507936505
0.6371428571428566
0.5650793650793648
0.5999999999999995
0.6082539682539683
0.6050793650793648
0.6587301587301583
0.5758730158730155
0.6530158730158727
0.5873015873015877
0.5939682539682536
0.6152380952380948
0.655873015873015
0.574920634920635
0.6273015873015872
0.5774603174603172
0.6082539682539684
0.6371428571428565
0.5980952380952375
0.6098412698412694
0.5739682539682537
0.6590476190476185
0.5866666666666667
0.5920634920634915
0.6498412698412696
0.6387301587301581
0.6088888888888886
0.5965079365079362
0.5980952380952379
0.5730158730158728
0.6434920634920632
0.6165079365079361
0.5784126984126979
0.5952380952380952
0.5949206349206347
0.6371428571428567
0.615238095238095
0.6060317460317455
0.6266666666666663
0.5917460317460317
0.5558730158730161
0.5961904761904759
0.5888888888888887
0.6003174603174597
0.653333333333333
0.5974603174603171
0.6168253968253965
0.6476190476190474
0.5755555555555553
0.6161904761904756
0.6098412698412695
0.6374603174603174
0.6133333333333332
0.6031746031746033
0.6584126984126984
0.6488888888888885
0.5352380952380953
0.6196825396825392
0.5739682539682539
0.5958730158730154
0.6742857142857143
0.6149206349206348
0.6130158730158727
0.5895238095238092
0.5577777777777775
0.5590476190476189
0.6165079365079361
0.6028571428571425
0.6225396825396826
0.5631746031746029
0.6269841269841269
0.6320634920634918
0.5742857142857143
0.6263492063492062
0.6365079365079361
0.6079365079365079
0.628253968253968
0.5847619047619046
0.5803174603174601
0.6263492063492059
