0.48634920634920625
0.5279365079365077
0.5438095238095237
0.5288888888888887
0.5641269841269838
0.5006349206349205
0.556190476190476
0.5168253968253966
0.4996825396825394
0.5444444444444445
0.5000000000000002
0.524126984126984
0.5606349206349202
0.5384126984126983
0.5799999999999996
0.49047619047619057
0.5107936507936506
0.4999999999999997
0.4736507936507936
0.5304761904761904
0.5987301587301587
0.5120634920634919
0.5390476190476192
0.5393650793650794
0.5498412698412696
0.5317460317460317
0.5746031746031741
0.5606349206349207
0.5434920634920631
0.5352380952380952
0.5057142857142858
0.5311111111111111
0.5022222222222225
0.5180952380952379
0.5628571428571424
0.4853968253968254
0.534285714285714
0.5511111111111106
0.5253968253968253
0.5361904761904761
0.5098412698412699
0.5250793650793655
0.5053968253968255
0.5133333333333332
0.537460317460317
0.4492063492063494
0.5749206349206347
0.47682539682539676
0.5320634920634921
0.4615873015873017
0.5415873015873015
0.5330158730158728
0.5565079365079364
0.5187301587301588
0.5180952380952379
0.47206349206349196
0.5298412698412696
0.5139682539682537
0.5504761904761903
0.5453968253968254
0.5015873015873012
0.5152380952380955
0.5704761904761904
0.6006349206349205
0.5650793650793651
0.5279365079365077
0.5292063492063489
0.50984126984127
0.47492063492063497
0.5780952380952381
0.5650793650793647
0.5266666666666665
0.5120634920634921
0.561269841269841
0.47523809523809507
0.5447619047619047
0.5412698412698409
0.46031746031746024
0.5111111111111111
0.5377777777777779
0.4949206349206349
0.5034920634920633
0.5247619047619051
0.4892063492063491
0.5730158730158729
0.5517460317460317
0.46126984126984116
0.49714285714285705
0.5285714285714286
0.5441269841269842
0.5831746031746029
0.5209523809523806
0.5476190476190476
0.5234920634920635
0.5599999999999996
0.5019047619047616
0.4815873015873015
0.5393650793650795
0.5180952380952377
0.5165079365079366
0.577777777777778
0.5438095238095236
0.566031746031746
0.566349206349206
0.5292063492063493
0.5288888888888887
0.5311111111111108
0.5263492063492061
0.5101587301587297
0.526349206349206
0.5898412698412697
0.5206349206349207
0.4946031746031743
0.5641269841269837
0.4888888888888889
0.517142857142857
0.5523809523809521
0.5669841269841273
0.5314285714285714
0.576825396825397
0.5631746031746031
0.5542857142857144
0.4850793650793649
0.580952380952381
0.5307936507936504
0.5234920634920633
0.5596825396825394
0.5685714285714281
0.5431746031746032
0.5790476190476187
0.5498412698412697
0.5355555555555557
0.46190476190476154
0.5114285714285716
0.5276190476190473
0.5873015873015871
0.49269841269841264
0.49555555555555564
0.503174603174603
0.5146031746031747
0.5447619047619048
0.49047619047619007
0.5253968253968251
0.5409523809523807
0.5346031746031743
0.560952380952381
0.5460317460317458
0.5231746031746034
0.49904761904761924
0.5511111111111106
0.48253968253968227
0.5679365079365075
0.5320634920634916
0.5355555555555555
0.544126984126984
0.5339682539682539
0.601269841269841
0.5304761904761902
0.533333333333333
0.5260317460317459
0.5520634920634923
0.5742857142857141
0.6069841269841267
0.5615873015873014
0.5869841269841266
0.47555555555555545
0.5209523809523806
0.5857142857142857
0.507301587301587
0.541269841269841
0.5288888888888889
0.48730158730158735
0.5558730158730155
0.5117460317460315
0.5114285714285718
0.5530158730158726
0.5130158730158731
0.5396825396825394
0.5717460317460318
0.546031746031746
0.555238095238095
0.507301587301587
0.5644444444444443
0.5615873015873014
0.5466666666666666
0.5593650793650791
0.5012698412698413
0.5088888888888887
0.5682539682539681
0.60031746031746
0.5574603174603173
0.4822222222222225
0.5549206349206344
0.5650793650793647
0.5784126984126982
0.4866666666666667
0.5434920634920636
0.5019047619047619
0.5215873015873013
0.492063492063492
0.5234920634920635
0.539047619047619
0.5587301587301584
0.5676190476190474
0.5158730158730156
0.5377777777777774
0.5857142857142854
0.5685714285714287
0.5660317460317456
0.5117460317460315
0.5466666666666665
0.5057142857142857
0.5501587301587301
0.5358730158730158
0.5444444444444444
0.5377777777777775
0.5231746031746035
0.495238095238095
0.5403174603174602
0.5206349206349205
0.5434920634920636
0.5390476190476189
0.518095238095238
0.5326984126984126
0.6155555555555553
0.54
0.5225396825396824
0.5457142857142856
0.5692063492063492
0.5425396825396827
0.5653968253968256
0.5736507936507932
0.5806349206349206
0.5606349206349205
0.5038095238095236
0.5076190476190475
0.5641269841269839
0.5444444444444443
0.5393650793650792
0.4949206349206349
0.5079365079365077
0.497777777777778
0.48888888888888876
0.5920634920634916
0.5590476190476188
0.5930158730158727
0.5625396825396825
0.4904761904761903
0.51015873015873
0.5304761904761903
0.49047619047619034
0.5758730158730156
0.5276190476190478
0.5009523809523807
0.5438095238095239
0.562222222222222
