0.7933333333333323
0.8514285714285709
0.8231746031746024
0.8231746031746026
0.8660317460317453
0.8174603174603166
0.8184126984126977
0.8187301587301578
0.8247619047619039
0.8085714285714279
0.8190476190476185
0.8342857142857132
0.8371428571428564
0.806349206349206
0.8304761904761898
0.8412698412698404
0.8120634920634913
0.8361904761904754
0.8136507936507931
0.8428571428571423
0.8136507936507931
0.7876190476190472
0.7965079365079363
0.8050793650793645
0.8517460317460311
0.7793650793650787
0.817777777777777
0.8222222222222212
0.8399999999999992
0.8288888888888883
0.8063492063492058
0.7965079365079357
0.7971428571428568
0.8482539682539674
0.849523809523809
0.8247619047619039
0.7895238095238092
0.8514285714285702
0.8301587301587298
0.799682539682539
0.8225396825396813
0.8311111111111102
0.8441269841269834
0.8358730158730152
0.8069841269841264
0.8339682539682534
0.8257142857142847
0.8238095238095228
0.816825396825396
0.8501587301587291
0.8114285714285709
0.8307936507936501
0.8161904761904751
0.8073015873015865
0.8336507936507929
0.8330158730158717
0.8044444444444436
0.8273015873015864
0.8330158730158721
0.8107936507936504
0.8073015873015869
0.8457142857142844
0.8082539682539676
0.839682539682539
0.8152380952380941
0.8549206349206342
0.8399999999999992
0.8342857142857136
0.8076190476190473
0.8323809523809517
0.8263492063492058
0.8111111111111101
0.8485714285714274
0.8098412698412691
0.7949206349206343
0.8292063492063483
0.8253968253968248
0.8238095238095231
0.8222222222222212
0.8142857142857138
0.8104761904761896
0.8085714285714283
0.8231746031746028
0.8247619047619039
0.827936507936507
0.8238095238095229
0.8298412698412695
0.8476190476190468
0.8155555555555548
0.8355555555555548
0.8076190476190465
0.8196825396825389
0.8317460317460312
0.8219047619047614
0.8219047619047614
0.8292063492063481
0.8298412698412689
0.8536507936507928
0.8149206349206344
0.8082539682539676
0.8314285714285711
0.8409523809523802
0.8098412698412697
0.8492063492063485
0.8412698412698404
0.8126984126984121
0.8041269841269832
0.7980952380952375
0.8088888888888879
0.8406349206349197
0.8447619047619038
0.8228571428571424
0.8171428571428562
0.8003174603174598
0.8438095238095229
0.8098412698412689
0.8288888888888879
0.8269841269841263
0.8314285714285709
0.8317460317460311
0.8063492063492059
0.8022222222222213
0.8069841269841264
0.7974603174603168
0.8323809523809518
0.8425396825396814
0.8269841269841266
0.8273015873015868
0.8111111111111103
0.824126984126983
0.828253968253967
0.8098412698412694
0.8288888888888882
0.797777777777777
0.8396825396825391
0.8130158730158722
0.8469841269841265
0.8279365079365074
0.8358730158730152
0.8184126984126979
0.8161904761904757
0.7882539682539677
0.8212698412698408
0.8673015873015868
0.8222222222222212
0.8304761904761895
0.8177777777777774
0.8333333333333326
0.87079365079365
0.8136507936507928
0.8422222222222218
0.8022222222222218
0.7923809523809519
0.830158730158729
0.8409523809523802
0.8584126984126976
0.8111111111111099
0.8688888888888884
0.8469841269841257
0.8422222222222217
0.8215873015873009
0.7682539682539674
0.7863492063492056
0.8244444444444438
0.817777777777777
0.8380952380952372
0.8244444444444438
0.843809523809523
0.8041269841269834
0.8212698412698409
0.8419047619047612
0.8238095238095231
0.85079365079365
0.8057142857142848
0.8425396825396817
0.8304761904761897
0.8025396825396816
0.846984126984126
0.8371428571428563
0.8133333333333329
0.8587301587301573
0.8273015873015865
0.8473015873015867
0.8279365079365073
0.8479365079365074
0.8444444444444434
0.8273015873015864
0.8330158730158721
0.8307936507936501
0.8304761904761894
0.8130158730158723
0.8234920634920627
0.8273015873015865
0.8257142857142852
0.8263492063492053
0.849206349206349
0.8269841269841263
0.8257142857142852
0.8314285714285707
0.8165079365079358
0.818730158730158
0.8053968253968248
0.8539682539682535
0.8326984126984118
0.8174603174603167
0.8450793650793641
0.8298412698412696
0.8530158730158721
0.8196825396825391
0.8520634920634911
0.8304761904761896
0.8088888888888882
0.8215873015873009
0.8301587301587293
0.83079365079365
0.8453968253968247
0.8219047619047612
0.8047619047619042
0.8209523809523808
0.8323809523809521
0.8384126984126977
0.8358730158730154
0.833650793650793
0.8187301587301581
0.7980952380952373
0.834603174603174
0.8425396825396814
0.8022222222222214
0.8380952380952372
0.814920634920634
0.8257142857142853
0.8177777777777769
0.7987301587301581
0.829523809523809
0.8336507936507931
0.8066666666666656
0.8304761904761897
0.8139682539682533
0.808253968253968
0.8241269841269835
0.837777777777777
0.8441269841269836
0.8336507936507928
0.8044444444444434
0.817460317460317
0.8666666666666655
0.8320634920634915
0.8257142857142852
0.8479365079365074
0.8076190476190471
0.8142857142857138
0.8574603174603161
0.8120634920634914
0.8069841269841262
0.801904761904761
0.8368253968253963
