0.9787301587301587
0.9777777777777775
0.9707936507936502
0.975238095238095
0.9841269841269835
0.9663492063492061
0.9688888888888886
0.9711111111111108
0.9717460317460319
0.9688888888888886
0.969523809523809
0.9790476190476187
0.9850793650793649
0.9799999999999998
0.9806349206349203
0.9803174603174599
0.9720634920634922
0.9733333333333329
0.9831746031746033
0.9736507936507934
0.9746031746031741
0.971111111111111
0.9841269841269842
0.9825396825396822
0.9828571428571424
0.9698412698412697
0.9739682539682536
0.9701587301587298
0.98
0.976507936507936
0.9774603174603169
0.9752380952380948
0.9749206349206347
0.9784126984126982
0.9707936507936502
0.9838095238095235
0.9758730158730153
0.9733333333333329
0.9825396825396824
0.9746031746031744
0.9765079365079363
0.9695238095238092
0.9812698412698407
0.9771428571428569
0.9809523809523807
0.9784126984126982
0.9580952380952376
0.9723809523809518
0.9761904761904757
0.9771428571428569
0.9650793650793651
0.9761904761904759
0.9714285714285713
0.9755555555555551
0.9755555555555553
0.9819047619047616
0.9793650793650788
0.9755555555555554
0.9768253968253966
0.9749206349206351
0.9733333333333332
0.975238095238095
0.9765079365079363
0.9834920634920634
0.9793650793650791
0.9796825396825394
0.9768253968253963
0.9784126984126981
0.9822222222222219
0.9733333333333332
0.9793650793650793
0.9799999999999994
0.9784126984126981
0.9653968253968249
0.972063492063492
0.9777777777777772
0.9695238095238089
0.9742857142857139
0.9803174603174603
0.9780952380952378
0.9831746031746033
0.9568253968253966
0.9765079365079363
0.9736507936507932
0.9593650793650788
0.9723809523809522
0.9761904761904759
0.9742857142857136
0.9780952380952376
0.9780952380952379
0.9774603174603173
0.9768253968253964
0.9707936507936508
0.9774603174603171
0.9825396825396827
0.9809523809523807
0.9774603174603173
0.9714285714285711
0.9755555555555553
0.9755555555555553
0.9720634920634917
0.9796825396825394
0.9669841269841267
0.9790476190476188
0.9847619047619043
0.9777777777777773
0.9784126984126981
0.9695238095238092
0.9673015873015873
0.9749206349206345
0.98031746031746
0.9742857142857143
0.9733333333333329
0.9761904761904759
0.9761904761904762
0.9815873015873015
0.9847619047619048
0.9755555555555553
0.9777777777777777
0.9698412698412697
0.9733333333333327
0.9717460317460314
0.968253968253968
0.9733333333333329
0.9822222222222221
0.9774603174603173
0.9780952380952378
0.9647619047619048
0.9784126984126981
0.9755555555555553
0.9822222222222219
0.9784126984126981
0.9780952380952378
0.981269841269841
0.9799999999999998
0.9653968253968249
0.9768253968253964
0.9733333333333329
0.9698412698412695
0.9685714285714285
0.9746031746031744
0.9723809523809522
0.98
0.9711111111111107
0.9777777777777775
0.9733333333333332
0.9765079365079365
0.9761904761904757
0.9787301587301582
0.9717460317460314
0.9793650793650788
0.9847619047619044
0.9761904761904759
0.9806349206349201
0.975873015873016
0.9758730158730157
0.9784126984126981
0.9701587301587299
0.9777777777777777
0.9736507936507932
0.9669841269841265
0.9806349206349203
0.9536507936507932
0.9777777777777777
0.9644444444444445
0.9619047619047617
0.9612698412698412
0.9787301587301582
0.9809523809523807
0.9761904761904759
0.9799999999999996
0.9742857142857136
0.9758730158730154
0.9815873015873012
0.983174603174603
0.9653968253968249
0.966031746031746
0.969206349206349
0.9777777777777773
0.9730158730158726
0.9726984126984123
0.9850793650793651
0.9819047619047616
0.9774603174603171
0.9755555555555551
0.9777777777777773
0.9714285714285715
0.9819047619047618
0.9730158730158729
0.9819047619047613
0.9647619047619043
0.9730158730158726
0.9682539682539679
0.9793650793650791
0.9768253968253966
0.9688888888888886
0.9790476190476188
0.9717460317460314
0.984126984126984
0.9768253968253966
0.9657142857142854
0.973968253968254
0.9720634920634914
0.9825396825396822
0.969206349206349
0.9777777777777775
0.9777777777777775
0.9758730158730157
0.9742857142857141
0.9777777777777779
0.9682539682539683
0.9765079365079363
0.9796825396825394
0.9742857142857139
0.9796825396825392
0.972380952380952
0.9838095238095235
0.9749206349206347
0.9755555555555553
0.9749206349206345
0.9615873015873014
0.9714285714285713
0.9784126984126981
0.9841269841269837
0.9796825396825396
0.9847619047619044
0.9733333333333332
0.9714285714285709
0.9828571428571425
0.9847619047619043
0.969206349206349
0.976507936507936
0.9717460317460314
0.9780952380952379
0.9641269841269836
0.956507936507936
0.984126984126984
0.9730158730158727
0.9765079365079363
0.9739682539682536
0.9714285714285709
0.9825396825396824
0.9726984126984125
0.9676190476190474
0.9758730158730157
0.9761904761904763
0.9755555555555554
0.9777777777777779
0.9758730158730157
0.9742857142857141
0.9682539682539677
0.9739682539682536
0.9688888888888888
0.9828571428571425
0.976507936507936
0.9739682539682538
