0.8346031746031738
0.878730158730158
0.856825396825396
0.8530158730158726
0.833650793650793
0.8079365079365071
0.8593650793650788
0.8685714285714273
0.8730158730158724
0.8384126984126976
0.873650793650793
0.8631746031746023
0.8533333333333323
0.8774603174603165
0.8812698412698404
0.8301587301587294
0.8473015873015864
0.8599999999999994
0.8879365079365072
0.8676190476190466
0.8619047619047607
0.8844444444444435
0.8419047619047613
0.8501587301587296
0.8666666666666657
0.8568253968253963
0.8536507936507928
0.8650793650793643
0.8676190476190464
0.8717460317460308
0.8498412698412691
0.8447619047619039
0.8609523809523801
0.8304761904761897
0.8822222222222211
0.8288888888888882
0.8507936507936502
0.8504761904761899
0.8761904761904755
0.8542857142857131
0.8476190476190469
0.8431746031746024
0.8368253968253963
0.8523809523809516
0.8815873015873008
0.8723809523809517
0.8736507936507927
0.8431746031746026
0.808571428571428
0.8596825396825392
0.8688888888888882
0.8584126984126976
0.8606349206349195
0.8371428571428559
0.8434920634920628
0.8609523809523804
0.852698412698412
0.8536507936507924
0.862857142857142
0.8358730158730152
0.841587301587301
0.8593650793650783
0.8482539682539673
0.8247619047619043
0.843492063492063
0.8768253968253958
0.8374603174603171
0.8711111111111101
0.8409523809523803
0.845079365079365
0.887936507936507
0.8647619047619041
0.8615873015873009
0.8879365079365075
0.8799999999999994
0.8330158730158724
0.8634920634920626
0.8473015873015866
0.8730158730158727
0.8638095238095234
0.8625396825396817
0.8558730158730151
0.8752380952380944
0.8838095238095226
0.8860317460317454
0.8377777777777773
0.854920634920634
0.8342857142857134
0.8457142857142853
0.8533333333333324
0.8441269841269836
0.8495238095238086
0.8695238095238085
0.8593650793650788
0.8695238095238087
0.8514285714285704
0.8638095238095231
0.8828571428571422
0.8669841269841262
0.8523809523809514
0.8647619047619041
0.8653968253968245
0.8803174603174597
0.8311111111111106
0.8485714285714278
0.8695238095238089
0.8546031746031739
0.861587301587301
0.8406349206349198
0.8603174603174597
0.8546031746031739
0.8565079365079356
0.8831746031746025
0.8393650793650784
0.8374603174603166
0.8336507936507931
0.8396825396825393
0.8590476190476183
0.8619047619047613
0.8688888888888878
0.8717460317460309
0.8574603174603169
0.8873015873015863
0.8498412698412688
0.8749206349206343
0.8784126984126979
0.8533333333333327
0.8419047619047613
0.8326984126984118
0.8676190476190468
0.8568253968253963
0.8720634920634912
0.877777777777777
0.8714285714285706
0.8507936507936498
0.8587301587301581
0.8730158730158721
0.8593650793650786
0.8555555555555551
0.8615873015873009
0.876190476190475
0.8755555555555551
0.8539682539682535
0.8831746031746025
0.8799999999999994
0.8622222222222211
0.8679365079365071
0.8453968253968246
0.8679365079365071
0.8923809523809513
0.8526984126984118
0.84063492063492
0.8492063492063483
0.8746031746031737
0.8850793650793641
0.839047619047618
0.837777777777777
0.8107936507936503
0.8501587301587297
0.8514285714285705
0.8565079365079358
0.8549206349206342
0.8469841269841264
0.8673015873015862
0.878730158730158
0.8622222222222213
0.8765079365079356
0.850476190476189
0.8295238095238088
0.8530158730158723
0.8393650793650788
0.8653968253968245
0.8676190476190471
0.8571428571428563
0.8577777777777775
0.8488888888888881
0.8422222222222212
0.8517460317460308
0.8323809523809514
0.8536507936507928
0.8647619047619037
0.8330158730158724
0.8361904761904756
0.8653968253968247
0.839682539682539
0.8495238095238088
0.8580952380952378
0.8663492063492054
0.8625396825396817
0.8552380952380945
0.8549206349206342
0.8523809523809517
0.8673015873015871
0.8622222222222213
0.853650793650793
0.8907936507936502
0.8774603174603164
0.8438095238095231
0.8295238095238089
0.8803174603174597
0.8682539682539681
0.8403174603174596
0.8730158730158724
0.8530158730158722
0.8584126984126973
0.8546031746031737
0.8406349206349203
0.8834920634920627
0.8755555555555546
0.8457142857142845
0.8333333333333327
0.8749206349206338
0.8390476190476182
0.8590476190476183
0.8587301587301581
0.8428571428571425
0.848571428571428
0.8203174603174594
0.8622222222222216
0.8301587301587293
0.8374603174603166
0.8657142857142848
0.8469841269841263
0.8434920634920627
0.8799999999999994
0.8749206349206343
0.8434920634920628
0.8561904761904752
0.8609523809523801
0.8933333333333325
0.8501587301587298
0.8463492063492055
0.8520634920634913
0.8438095238095229
0.8568253968253964
0.8619047619047613
0.8415873015873007
0.8403174603174599
0.8479365079365071
0.8755555555555551
0.8504761904761897
0.8438095238095229
0.8546031746031737
0.8511111111111102
0.9063492063492055
0.8676190476190466
0.8619047619047615
0.8755555555555546
0.8384126984126976
0.8517460317460311
0.8555555555555548
0.839682539682539
0.8425396825396818
0.8723809523809518
0.8441269841269833
0.8622222222222213
