0.9996825396825397
0.9984126984126984
0.9968253968253968
0.9984126984126984
0.9993650793650793
0.9984126984126984
0.9993650793650795
0.9974603174603173
0.9968253968253968
0.9987301587301588
0.9984126984126984
0.9980952380952381
0.9952380952380951
0.9987301587301587
0.996825396825397
0.9980952380952379
0.9974603174603175
0.9980952380952379
0.9965079365079366
0.9990476190476191
0.9984126984126984
0.9965079365079366
0.9980952380952379
0.9958730158730159
0.9987301587301588
0.9987301587301587
0.9990476190476189
0.9980952380952381
0.9987301587301587
0.9990476190476189
0.9990476190476191
0.9990476190476189
0.9939682539682538
0.9977777777777778
0.9961904761904761
0.9980952380952381
0.9946031746031745
0.9977777777777778
0.9977777777777778
0.9977777777777778
0.9993650793650795
0.9965079365079363
0.9958730158730157
0.9952380952380951
0.9977777777777778
0.9977777777777778
0.9996825396825397
0.9987301587301587
0.9984126984126984
0.9971428571428569
0.9990476190476191
0.9958730158730159
0.9980952380952381
0.9987301587301587
0.9980952380952381
0.9987301587301587
0.9990476190476191
0.9980952380952379
0.9984126984126984
0.9980952380952381
0.9984126984126984
0.9984126984126984
0.9939682539682541
0.9984126984126984
0.9968253968253968
0.9984126984126982
0.9971428571428574
0.997142857142857
0.9993650793650793
0.9990476190476191
0.9974603174603173
0.9990476190476191
0.9993650793650795
0.9955555555555554
0.9987301587301588
0.9996825396825397
0.9990476190476189
0.9955555555555554
0.9990476190476189
0.9968253968253968
0.9980952380952381
0.9980952380952379
0.9961904761904763
0.9984126984126984
0.9977777777777778
0.9993650793650793
0.9990476190476189
0.9987301587301587
0.9977777777777778
0.9990476190476191
0.9993650793650793
0.9977777777777779
0.9955555555555556
0.9977777777777779
0.9965079365079363
1.0
0.9990476190476191
0.9977777777777778
0.9977777777777775
0.997142857142857
0.997142857142857
0.9946031746031747
0.9984126984126984
0.9987301587301587
0.9996825396825397
0.9980952380952381
0.9965079365079363
0.9993650793650793
0.9990476190476191
0.9987301587301587
0.9980952380952381
0.9993650793650793
0.9980952380952381
0.9980952380952381
0.9984126984126984
0.9996825396825397
0.9974603174603175
0.9990476190476191
0.9990476190476191
0.9990476190476189
0.9980952380952379
0.9955555555555554
0.9961904761904761
0.9974603174603175
0.9984126984126984
0.9980952380952381
0.9980952380952381
0.996825396825397
0.9990476190476191
0.9987301587301587
0.9987301587301587
0.9990476190476189
0.9961904761904761
0.9971428571428572
0.9977777777777779
0.9961904761904763
0.9977777777777779
0.9990476190476189
0.9987301587301588
0.9987301587301587
0.9990476190476189
0.9961904761904761
0.9996825396825397
0.9993650793650793
0.997142857142857
0.9984126984126984
0.9990476190476191
0.9987301587301587
0.9980952380952381
0.9987301587301587
0.9977777777777778
0.9968253968253968
0.9977777777777779
0.9977777777777775
0.9990476190476191
0.9974603174603173
0.997142857142857
0.994920634920635
0.9987301587301588
0.997142857142857
0.9968253968253968
0.9984126984126984
0.9952380952380951
0.9961904761904763
0.9968253968253968
0.9980952380952381
0.9993650793650793
0.9977777777777778
0.9980952380952381
0.9990476190476191
0.9993650793650793
0.9980952380952381
0.9987301587301587
0.9958730158730157
0.9996825396825397
0.9993650793650793
0.9968253968253968
0.9974603174603173
0.9987301587301587
0.9984126984126984
0.997142857142857
0.9996825396825397
0.9974603174603175
0.9974603174603173
0.997142857142857
0.9990476190476189
0.9996825396825397
0.9965079365079366
0.9961904761904761
0.997142857142857
0.9958730158730159
0.9974603174603175
0.9984126984126984
0.9984126984126984
0.9990476190476189
0.9968253968253968
0.9987301587301588
0.9990476190476189
0.9984126984126982
0.9993650793650793
0.9984126984126984
0.9980952380952379
0.9987301587301588
0.9987301587301587
0.9993650793650795
0.9993650793650793
0.9971428571428572
0.9946031746031745
0.9993650793650793
0.9987301587301587
0.9990476190476189
0.9980952380952381
0.9984126984126984
0.9984126984126984
0.9974603174603175
0.9984126984126984
0.9961904761904763
0.9974603174603175
0.9961904761904763
0.9984126984126984
0.9968253968253968
0.9974603174603175
0.9936507936507936
0.9993650793650793
0.9996825396825397
1.0
0.9990476190476189
0.9993650793650795
0.9980952380952379
0.9996825396825397
0.9993650793650793
0.9984126984126984
0.9996825396825397
0.9993650793650793
0.9987301587301587
0.9987301587301587
0.9996825396825397
0.9987301587301587
0.9990476190476189
0.9984126984126982
0.9961904761904763
0.9977777777777778
0.9993650793650793
0.9961904761904761
0.9980952380952381
0.9974603174603175
0.9955555555555554
0.9984126984126984
0.9980952380952381
0.9980952380952381
0.9990476190476189
0.9984126984126984
0.997142857142857
0.9965079365079366
0.9996825396825397
0.996825396825397
