-0.9916666666666668
-0.9830555555555558
-0.9852777777777779
-0.9805555555555558
-0.9775
-0.981388888888889
-0.9841666666666666
-0.986388888888889
-0.9855555555555554
-0.988055555555555
-0.9822222222222217
-0.9830555555555552
-0.9875000000000002
-0.9869444444444447
-0.9852777777777779
-0.9805555555555554
-0.9855555555555554
-0.9827777777777779
-0.9858333333333333
-0.9841666666666666
-0.9825
-0.9841666666666665
-0.981111111111111
-0.9844444444444446
-0.9836111111111111
-0.981111111111111
-0.9788888888888888
-0.9802777777777777
-0.9797222222222223
-0.9777777777777777
-0.9841666666666665
-0.9844444444444442
-0.9858333333333333
-0.9777777777777777
-0.9877777777777778
-0.9880555555555556
-0.9805555555555554
-0.984722222222222
-0.986388888888889
-0.9830555555555555
-0.9880555555555556
-0.9844444444444443
-0.9866666666666667
-0.9858333333333336
-0.9822222222222221
-0.9791666666666669
-0.9872222222222221
-0.9838888888888888
-0.9863888888888888
-0.9863888888888888
-0.9819444444444446
-0.9802777777777777
-0.9880555555555555
-0.9886111111111114
-0.9794444444444443
-0.9844444444444446
-0.9858333333333333
-0.9822222222222223
-0.9830555555555556
-0.9836111111111111
-0.9858333333333331
-0.9777777777777773
-0.9844444444444442
-0.9788888888888888
-0.976111111111111
-0.9852777777777777
-0.986111111111111
-0.9822222222222227
-0.9841666666666663
-0.9880555555555555
-0.9783333333333332
-0.9836111111111111
-0.9902777777777779
-0.9819444444444446
-0.9880555555555555
-0.9824999999999998
-0.9902777777777777
-0.981111111111111
-0.9808333333333333
-0.9841666666666665
-0.9852777777777775
-0.9869444444444444
-0.9841666666666666
-0.9808333333333336
-0.9872222222222219
-0.9830555555555555
-0.9813888888888888
-0.9819444444444442
-0.9819444444444444
-0.9891666666666665
-0.9816666666666667
-0.9822222222222221
-0.9894444444444446
-0.9786111111111111
-0.9844444444444443
-0.984444444444444
-0.9830555555555556
-0.9844444444444438
-0.9833333333333333
-0.9850000000000002
-0.9827777777777775
-0.9841666666666666
-0.9902777777777783
-0.9827777777777778
-0.9855555555555554
-0.9905555555555554
-0.9883333333333333
-0.9775
-0.9849999999999998
-0.9880555555555556
-0.9863888888888888
-0.9858333333333336
-0.9816666666666669
-0.9894444444444446
-0.9805555555555554
-0.9808333333333337
-0.9827777777777779
-0.9866666666666667
-0.9836111111111112
-0.9844444444444446
-0.9863888888888888
-0.9777777777777773
-0.9841666666666663
-0.986388888888889
-0.9908333333333329
-0.9794444444444449
-0.9805555555555558
-0.9786111111111114
-0.9844444444444443
-0.9838888888888888
-0.9866666666666667
-0.9844444444444443
-0.9819444444444442
-0.9877777777777775
-0.9872222222222223
-0.9822222222222224
-0.9847222222222223
-0.9822222222222221
-0.986944444444444
-0.9838888888888889
-0.9783333333333334
-0.9819444444444442
-0.9844444444444443
-0.9852777777777779
-0.9841666666666666
-0.9858333333333331
-0.9866666666666665
-0.9838888888888889
-0.9822222222222221
-0.9822222222222221
-0.9797222222222219
-0.9863888888888888
-0.9833333333333332
-0.9847222222222219
-0.9877777777777778
-0.9872222222222223
-0.9797222222222219
-0.9808333333333333
-0.9816666666666665
-0.9838888888888891
-0.985833333333333
-0.9844444444444448
-0.986111111111111
-0.9822222222222217
-0.9841666666666665
-0.984722222222222
-0.9775
-0.9863888888888888
-0.9872222222222221
-0.9866666666666665
-0.9858333333333333
-0.9819444444444447
-0.9827777777777778
-0.9844444444444443
-0.988333333333333
-0.9830555555555555
-0.98
-0.984722222222222
-0.9833333333333332
-0.9872222222222219
-0.9888888888888892
-0.9875
-0.9847222222222223
-0.9841666666666669
-0.9875
-0.9811111111111108
-0.9886111111111109
-0.9847222222222219
-0.9841666666666666
-0.9805555555555554
-0.9822222222222221
-0.9847222222222223
