0.4569444444444444
0.463055555555556
0.46972222222222226
0.4852777777777778
0.39833333333333326
0.4763888888888887
0.4227777777777778
0.46611111111111125
0.4313888888888889
0.5016666666666666
0.4722222222222221
0.46055555555555555
0.4188888888888889
0.4902777777777778
0.4574999999999995
0.33805555555555566
0.506388888888889
0.4280555555555555
0.4766666666666667
0.44888888888888884
0.4347222222222221
0.43999999999999984
0.44944444444444437
0.43361111111111117
0.49888888888888877
0.43805555555555564
0.48388888888888876
0.5480555555555559
0.46638888888888896
0.47861111111111143
0.5069444444444449
0.4530555555555556
0.46138888888888874
0.4455555555555553
0.4655555555555556
0.42638888888888893
0.4655555555555556
0.4555555555555553
0.4891666666666666
0.4508333333333333
0.4422222222222222
0.4980555555555553
0.4655555555555556
0.4877777777777779
0.5180555555555556
0.48444444444444457
0.46361111111111114
0.4986111111111112
0.42083333333333345
0.4444444444444445
0.3969444444444444
0.5077777777777778
0.45583333333333304
0.42694444444444446
0.47861111111111115
0.47972222222222227
0.49305555555555514
0.48138888888888903
0.46138888888888885
0.4930555555555555
0.4722222222222224
0.5063888888888889
0.485
0.45388888888888906
0.45916666666666667
0.5127777777777776
0.5027777777777778
0.3944444444444444
0.4852777777777779
0.43833333333333313
0.4455555555555556
0.5019444444444445
0.47444444444444417
0.5116666666666667
0.5083333333333332
0.42250000000000026
0.4388888888888889
0.43861111111111123
0.4936111111111112
0.46694444444444455
0.49527777777777754
0.46944444444444416
0.48555555555555574
0.4927777777777777
0.466388888888889
0.5224999999999999
0.45861111111111114
0.3805555555555557
0.46111111111111125
0.47361111111111126
0.4216666666666667
0.5061111111111113
0.45833333333333315
0.45250000000000007
0.49666666666666687
0.3863888888888889
0.4394444444444447
0.5038888888888888
0.4397222222222222
0.5008333333333335
0.42111111111111105
0.4691666666666668
0.4602777777777778
0.48138888888888914
0.4125000000000001
0.4647222222222221
0.4794444444444444
0.4449999999999999
0.4574999999999998
0.456111111111111
0.4352777777777777
0.4691666666666668
0.45361111111111113
0.4777777777777774
0.4402777777777777
0.4980555555555558
0.38722222222222236
0.5105555555555553
0.4619444444444445
0.479722222222222
0.49222222222222217
0.4499999999999999
0.44861111111111135
0.4952777777777777
0.5058333333333332
0.464722222222222
0.435
0.4602777777777778
0.40972222222222215
0.4705555555555557
0.5169444444444445
0.4997222222222223
0.5330555555555554
0.46138888888888896
0.43638888888888855
0.49638888888888877
0.42
0.49305555555555564
0.4172222222222223
0.4122222222222222
0.48611111111111116
0.44861111111111124
0.42666666666666664
0.457222222222222
0.41555555555555546
0.4247222222222223
0.4150000000000002
0.45555555555555544
0.48055555555555574
0.42500000000000027
0.3955555555555557
0.4494444444444445
0.4497222222222222
0.4355555555555554
0.48888888888888865
0.49361111111111117
0.38999999999999996
0.4694444444444444
0.4422222222222224
0.3894444444444444
0.5316666666666667
0.44888888888888884
0.455277777777778
0.5169444444444451
0.502222222222222
0.525277777777778
0.39194444444444443
0.4355555555555554
0.4233333333333334
0.44166666666666665
0.45083333333333325
0.5052777777777777
0.48611111111111116
0.4702777777777779
0.40305555555555544
0.4449999999999999
0.5902777777777779
0.4997222222222222
0.5144444444444444
0.43166666666666675
0.46666666666666684
0.46944444444444466
0.48638888888888876
0.49527777777777793
0.4924999999999997
0.5261111111111112
0.44166666666666676
0.48666666666666675
0.437222222222222
0.5133333333333331
0.4230555555555557
0.42194444444444434
