0.32972222222222214
0.4061111111111113
0.3525
0.32222222222222224
0.4125
0.3191666666666666
0.37194444444444447
0.35416666666666663
0.32833333333333325
0.3555555555555554
0.3147222222222222
0.2994444444444446
0.3972222222222223
0.3844444444444443
0.3616666666666667
0.3102777777777779
0.393611111111111
0.3386111111111113
0.37222222222222245
0.34055555555555556
0.3936111111111111
0.28027777777777774
0.33000000000000007
0.33888888888888885
0.3927777777777777
0.34722222222222227
0.37166666666666665
0.2605555555555556
0.30944444444444447
0.32749999999999996
0.3749999999999999
0.3913888888888887
0.285
0.3058333333333333
0.3094444444444446
0.3294444444444443
0.3572222222222222
0.3511111111111112
0.389722222222222
0.3447222222222224
0.26750000000000007
0.3383333333333333
0.376388888888889
0.4036111111111112
0.3763888888888889
0.34
0.40888888888888886
0.331388888888889
0.3325000000000001
0.3916666666666668
0.2974999999999999
0.31666666666666676
0.3688888888888889
0.3113888888888889
0.4088888888888889
0.38388888888888884
0.3977777777777778
0.3672222222222222
0.34083333333333354
0.351111111111111
0.31861111111111096
0.4105555555555555
0.32750000000000007
0.4050000000000001
0.38166666666666654
0.3713888888888887
0.3555555555555555
0.3713888888888889
0.28944444444444445
0.39583333333333354
0.3936111111111113
0.34555555555555556
0.35416666666666685
0.3058333333333334
0.3916666666666666
0.3405555555555558
0.38250000000000023
0.335
0.40472222222222226
0.29277777777777775
0.4180555555555557
0.3763888888888889
0.4183333333333336
0.34916666666666674
0.3700000000000001
0.3919444444444444
0.293611111111111
0.40250000000000014
0.35249999999999987
0.3513888888888887
0.35083333333333344
0.3686111111111113
0.3322222222222223
0.3294444444444444
0.3369444444444442
0.38416666666666655
0.32416666666666677
0.3533333333333332
0.33222222222222214
0.2738888888888889
0.3950000000000001
0.3616666666666667
0.23055555555555557
0.3244444444444446
0.33944444444444444
0.3880555555555556
0.3813888888888887
0.27222222222222214
0.40499999999999997
0.357777777777778
0.3511111111111112
0.34472222222222215
0.3224999999999999
0.3788888888888891
0.31833333333333347
0.37944444444444464
0.30277777777777776
0.38194444444444453
0.29583333333333345
0.36916666666666664
0.4002777777777777
0.39027777777777795
0.28277777777777774
0.4247222222222221
0.3341666666666667
0.34833333333333333
0.3863888888888889
0.3550000000000001
0.26972222222222214
0.3538888888888888
0.3575
0.36861111111111117
0.3649999999999999
0.37250000000000005
0.38499999999999984
0.34388888888888886
0.34499999999999986
0.3513888888888889
0.2877777777777778
0.3986111111111112
0.3797222222222224
0.3591666666666667
0.2941666666666667
0.3369444444444445
0.4111111111111108
0.44333333333333325
0.4055555555555558
0.3291666666666667
0.3102777777777777
0.3888888888888889
0.3591666666666668
0.3794444444444444
0.3761111111111113
0.39472222222222225
0.4175000000000001
0.34527777777777785
0.37194444444444447
0.32888888888888895
0.3674999999999999
0.3933333333333332
0.2888888888888887
0.30277777777777787
0.4097222222222222
0.3627777777777775
0.3447222222222223
0.3519444444444445
0.3547222222222222
0.3991666666666667
0.3255555555555556
0.4186111111111112
0.3816666666666668
0.38416666666666677
0.32138888888888884
0.33861111111111136
0.40222222222222226
0.28583333333333333
0.36388888888888893
0.2894444444444444
0.3566666666666667
0.39138888888888906
0.328611111111111
0.2694444444444445
0.34194444444444455
0.29833333333333334
0.36361111111111116
0.33944444444444427
0.3650000000000002
0.32472222222222213
0.3572222222222222
0.3744444444444444
0.3225
0.36249999999999993
