0.8386111111111113
0.8030555555555555
0.7711111111111105
0.8127777777777778
0.8127777777777777
0.7569444444444445
0.8305555555555554
0.8249999999999998
0.8052777777777778
0.749722222222222
0.8036111111111108
0.7741666666666669
0.8105555555555556
0.799722222222222
0.8027777777777778
0.8280555555555553
0.7838888888888892
0.8316666666666663
0.79
0.7969444444444442
0.8350000000000004
0.7724999999999999
0.8191666666666665
0.7908333333333332
0.811666666666667
0.774444444444444
0.8230555555555551
0.8094444444444443
0.7419444444444441
0.7655555555555554
0.8080555555555555
0.7824999999999999
0.8275000000000001
0.7997222222222224
0.8455555555555553
0.811111111111111
0.8041666666666667
0.8227777777777778
0.7694444444444447
0.8044444444444446
0.769444444444444
0.812777777777778
0.7977777777777778
0.812777777777778
0.7763888888888894
0.8066666666666663
0.8055555555555551
0.8086111111111105
0.7852777777777775
0.7883333333333333
0.8019444444444445
0.7808333333333332
0.7722222222222219
0.7588888888888886
0.8138888888888888
0.8288888888888889
0.776944444444444
0.7705555555555558
0.8302777777777777
0.7863888888888891
0.8030555555555559
0.7994444444444445
0.783333333333333
0.7933333333333334
0.7675
0.8158333333333333
0.7858333333333334
0.7877777777777775
0.7502777777777776
0.8130555555555554
0.808888888888889
0.780833333333333
0.8122222222222221
0.748611111111111
0.7805555555555554
0.7816666666666666
0.7633333333333332
0.8002777777777778
0.7705555555555552
0.7941666666666667
0.8188888888888883
0.7991666666666668
0.7780555555555552
0.7866666666666667
0.815833333333333
0.8074999999999994
0.774722222222222
0.7791666666666667
0.786944444444444
0.7733333333333335
0.8213888888888887
0.7980555555555555
0.8075000000000003
0.7919444444444448
0.8013888888888888
0.7847222222222225
0.7838888888888886
0.7655555555555559
0.7994444444444443
0.7983333333333331
0.7755555555555557
0.8258333333333333
0.8186111111111113
0.7786111111111108
0.7922222222222218
0.7855555555555557
0.8208333333333332
0.8069444444444444
0.7580555555555555
0.7855555555555555
0.8105555555555558
0.7827777777777776
0.8194444444444444
0.8038888888888884
0.7633333333333332
0.8119444444444444
0.7711111111111111
0.7763888888888886
0.7675000000000002
0.815
0.7966666666666665
0.7761111111111109
0.7636111111111108
0.8111111111111111
0.7775
0.8013888888888888
0.7619444444444445
0.7816666666666666
0.7802777777777773
0.8258333333333332
0.7783333333333333
0.7819444444444443
0.779722222222222
0.7563888888888891
0.7408333333333336
0.8019444444444439
0.7699999999999996
0.8036111111111108
0.7913888888888888
0.8250000000000001
0.8141666666666666
0.8202777777777777
0.7869444444444449
0.8027777777777781
0.815277777777778
0.7936111111111109
0.8063888888888888
0.7763888888888888
0.7950000000000004
0.7936111111111114
0.7641666666666671
0.7761111111111108
0.7844444444444441
0.7969444444444443
0.7880555555555554
0.7877777777777777
0.7772222222222224
0.7780555555555552
0.8144444444444446
0.7958333333333331
0.7788888888888893
0.822777777777778
0.7794444444444446
0.8108333333333331
0.816111111111111
0.8033333333333336
0.7697222222222223
0.7883333333333332
0.7980555555555555
0.7730555555555553
0.8088888888888891
0.8016666666666664
0.7627777777777777
0.8127777777777777
0.8011111111111112
0.7972222222222223
0.7422222222222222
0.8430555555555558
0.7558333333333335
0.8172222222222222
0.7961111111111108
0.7791666666666662
0.8019444444444439
0.7902777777777775
0.8008333333333331
0.766111111111111
0.7822222222222219
0.798333333333333
0.7869444444444441
0.7899999999999998
0.8091666666666668
0.7663888888888885
