0.9558333333333331
0.9716666666666667
0.9688888888888884
0.9497222222222219
0.9727777777777779
0.9683333333333332
0.9736111111111112
0.9625
0.9533333333333335
0.9644444444444445
0.965
0.963055555555556
0.9636111111111111
0.9613888888888892
0.9605555555555556
0.9661111111111113
0.9625000000000002
0.966111111111111
0.9700000000000002
0.9611111111111108
0.9622222222222224
0.9541666666666667
0.97
0.9513888888888893
0.9652777777777776
0.9641666666666666
0.9600000000000002
0.9472222222222223
0.9672222222222223
0.9563888888888887
0.967777777777778
0.9513888888888887
0.9680555555555552
0.9525
0.9650000000000002
0.9566666666666667
0.9672222222222223
0.9613888888888892
0.9575000000000002
0.9538888888888889
0.9608333333333333
0.9583333333333331
0.9658333333333335
0.9602777777777781
0.9702777777777777
0.954166666666666
0.9638888888888889
0.9688888888888886
0.9638888888888889
0.9730555555555555
0.9555555555555554
0.9666666666666665
0.9661111111111107
0.9547222222222222
0.9502777777777779
0.9663888888888887
0.9627777777777777
0.9480555555555557
0.9641666666666666
0.965
0.9574999999999998
0.9638888888888886
0.976111111111111
0.9544444444444448
0.9644444444444442
0.9500000000000002
0.9680555555555554
0.9616666666666669
0.960833333333333
0.9638888888888886
0.9474999999999997
0.9663888888888887
0.9699999999999996
0.9613888888888887
0.9508333333333333
0.9638888888888889
0.9699999999999999
0.9597222222222223
0.9786111111111111
0.9636111111111111
0.9508333333333332
0.9680555555555557
0.9494444444444445
0.9625000000000002
0.9633333333333335
0.9586111111111109
0.9644444444444443
0.9719444444444442
0.9577777777777775
0.9666666666666669
0.9650000000000002
0.9577777777777777
0.9638888888888889
0.9672222222222224
0.9619444444444444
0.9652777777777776
0.9674999999999998
0.9672222222222219
0.971666666666667
0.9644444444444448
0.9633333333333334
0.9574999999999998
0.9644444444444445
0.9555555555555556
0.9466666666666669
0.9619444444444444
0.9486111111111108
0.9630555555555557
0.9744444444444442
0.9694444444444446
0.9633333333333334
0.957777777777778
0.9636111111111109
0.955
0.9580555555555554
0.9538888888888888
0.9641666666666665
0.9716666666666667
0.9644444444444448
0.9563888888888892
0.9616666666666664
0.9530555555555557
0.9683333333333327
0.9563888888888887
0.966944444444444
0.956111111111111
0.9613888888888887
0.9597222222222217
0.9597222222222221
0.9588888888888891
0.9486111111111112
0.9630555555555554
0.9641666666666665
0.9633333333333334
0.9638888888888886
0.964444444444444
0.946388888888889
0.9683333333333334
0.9672222222222221
0.9622222222222221
0.9580555555555557
0.9533333333333331
0.9599999999999999
0.9583333333333334
0.9536111111111109
0.9483333333333331
0.9658333333333335
0.9661111111111113
0.965833333333333
0.9622222222222223
0.9625
0.9677777777777775
0.9675
0.9680555555555557
0.9730555555555557
0.9672222222222223
0.9586111111111106
0.9586111111111112
0.967777777777778
0.9683333333333334
0.9605555555555554
0.9630555555555554
0.9613888888888892
0.9533333333333334
0.9716666666666669
0.9550000000000004
0.9608333333333333
0.9661111111111108
0.9694444444444442
0.9669444444444446
0.9677777777777777
0.9538888888888889
0.9691666666666666
0.9550000000000002
0.9647222222222221
0.9783333333333332
0.9675000000000001
0.9591666666666663
0.9622222222222221
0.9591666666666663
0.9611111111111112
0.956388888888889
0.9658333333333333
0.9622222222222223
0.9705555555555556
0.9708333333333335
0.9661111111111107
0.9697222222222223
0.9683333333333332
0.9616666666666663
0.9619444444444446
0.9605555555555554
