0.9325
0.9474999999999995
0.9575000000000002
0.9502777777777777
0.9291666666666667
0.9441666666666667
0.9330555555555556
0.9441666666666667
0.956388888888889
0.9461111111111115
0.9355555555555555
0.9458333333333333
0.9422222222222221
0.9405555555555556
0.9402777777777779
0.9405555555555553
0.9552777777777771
0.9316666666666669
0.9491666666666667
0.9352777777777781
0.9555555555555554
0.9569444444444446
0.9224999999999997
0.9625000000000004
0.9544444444444444
0.9441666666666667
0.9519444444444446
0.9375
0.946111111111111
0.9355555555555555
0.9508333333333333
0.9344444444444445
0.9383333333333336
0.9436111111111111
0.9247222222222223
0.9277777777777777
0.9355555555555555
0.9302777777777779
0.9366666666666666
0.9241666666666667
0.9361111111111112
0.9224999999999998
0.9402777777777778
0.9305555555555555
0.9336111111111108
0.9413888888888894
0.9480555555555557
0.9422222222222221
0.9422222222222225
0.9425000000000002
0.9397222222222221
0.9427777777777779
0.9477777777777779
0.9491666666666667
0.9280555555555556
0.9494444444444444
0.9433333333333329
0.9361111111111112
0.9391666666666663
0.9161111111111109
0.9480555555555558
0.9263888888888892
0.9441666666666663
0.9477777777777777
0.9386111111111108
0.9386111111111113
0.9436111111111108
0.9330555555555559
0.9311111111111112
0.9391666666666665
0.9433333333333331
0.9458333333333332
0.9325000000000002
0.9519444444444441
0.9291666666666667
0.9369444444444446
0.9427777777777777
0.9394444444444445
0.95
0.9447222222222222
0.9444444444444445
0.942222222222222
0.9402777777777781
0.946111111111111
0.9338888888888888
0.95
0.919166666666667
0.9377777777777775
0.948888888888889
0.9480555555555554
0.9552777777777776
0.943888888888889
0.9394444444444444
0.9341666666666663
0.9477777777777779
0.9536111111111106
0.9252777777777779
0.9361111111111112
0.9255555555555555
0.9458333333333332
0.9363888888888889
0.9386111111111111
0.943888888888889
0.9477777777777777
0.9361111111111112
0.9383333333333331
0.9441666666666665
0.9372222222222221
0.9391666666666663
0.9408333333333332
0.9544444444444444
0.9433333333333334
0.9391666666666663
0.945
0.9502777777777777
0.9411111111111109
0.9427777777777777
0.9436111111111108
0.9436111111111114
0.9530555555555558
0.952777777777778
0.9277777777777777
0.9408333333333333
0.9355555555555555
0.9397222222222222
0.9455555555555555
0.9416666666666667
0.9424999999999998
0.9558333333333335
0.9375000000000003
0.9477777777777774
0.9305555555555552
0.9475
0.9102777777777781
0.930833333333333
0.9375000000000002
0.9408333333333332
0.9427777777777775
0.9419444444444441
0.9363888888888889
0.9305555555555558
0.9408333333333333
0.9280555555555559
0.9466666666666664
0.9363888888888887
0.9327777777777779
0.9352777777777778
0.9336111111111113
0.9305555555555558
0.9574999999999996
0.9486111111111111
0.9322222222222223
0.9366666666666663
0.9283333333333331
0.9291666666666663
0.9249999999999994
0.9447222222222221
0.937777777777778
0.9427777777777775
0.9252777777777773
0.9611111111111112
0.9336111111111111
0.945
0.9297222222222223
0.9383333333333336
0.9288888888888885
0.9513888888888892
0.9144444444444444
0.9397222222222222
0.94
0.9519444444444444
0.9555555555555558
0.9380555555555552
0.9372222222222225
0.9491666666666665
0.9519444444444444
0.9283333333333333
0.9433333333333329
0.9202777777777778
0.9438888888888886
0.9386111111111111
0.9413888888888886
0.9374999999999997
0.951388888888889
0.9466666666666664
0.9461111111111107
0.9274999999999997
0.928611111111111
0.9408333333333332
0.9322222222222223
0.9533333333333331
0.9444444444444444
