0.9811111111111107
0.9833333333333332
0.9852777777777781
0.9824999999999996
0.9836111111111112
0.985
0.975
0.9730555555555555
0.9861111111111108
0.9800000000000002
0.9727777777777779
0.9769444444444446
0.9791666666666666
0.9752777777777776
0.9805555555555554
0.9850000000000002
0.9875000000000002
0.9880555555555555
0.9819444444444444
0.9794444444444442
0.9747222222222223
0.9805555555555558
0.9713888888888892
0.9749999999999998
0.9711111111111113
0.9774999999999996
0.9822222222222219
0.9705555555555553
0.9752777777777777
0.9708333333333335
0.9819444444444446
0.9813888888888888
0.9733333333333334
0.9875
0.9816666666666665
0.9755555555555554
0.9808333333333331
0.9780555555555555
0.9716666666666665
0.9813888888888888
0.9827777777777778
0.9861111111111113
0.9841666666666666
0.967777777777778
0.9758333333333333
0.9830555555555555
0.9833333333333333
0.9802777777777777
0.9827777777777779
0.9713888888888887
0.984722222222222
0.9719444444444446
0.9783333333333337
0.9777777777777779
0.9811111111111113
0.981388888888889
0.9811111111111113
0.9813888888888891
0.9752777777777777
0.9830555555555555
0.9788888888888889
0.9755555555555556
0.9811111111111108
0.9819444444444447
0.9838888888888888
0.9852777777777781
0.9880555555555556
0.9808333333333331
0.981111111111111
0.9836111111111111
0.9811111111111108
0.9716666666666667
0.9872222222222223
0.9661111111111108
0.9805555555555556
0.9836111111111109
0.9874999999999998
0.981111111111111
0.983333333333333
0.9791666666666665
0.9833333333333335
0.986111111111111
0.9852777777777777
0.98
0.9755555555555556
0.9688888888888886
0.9802777777777777
0.9805555555555553
0.9797222222222223
0.9819444444444442
0.9777777777777777
0.9780555555555558
0.976388888888889
0.9800000000000002
0.9866666666666668
0.9877777777777779
0.9777777777777775
0.9797222222222223
0.9769444444444446
0.9833333333333335
0.9783333333333334
0.9819444444444444
0.9747222222222225
0.9816666666666667
0.9850000000000002
0.9825000000000002
0.9816666666666667
0.9861111111111113
0.9758333333333336
0.9855555555555556
0.9824999999999998
0.9836111111111111
0.9727777777777777
0.9780555555555552
0.9855555555555556
0.9819444444444442
0.9824999999999998
0.9833333333333332
0.9750000000000002
0.9811111111111113
0.9791666666666666
0.9894444444444443
0.9863888888888891
0.9827777777777779
0.9841666666666666
0.9838888888888888
0.9802777777777777
0.9727777777777779
0.976388888888889
0.9824999999999998
0.9844444444444442
0.979722222222222
0.979722222222222
0.9888888888888888
0.9819444444444442
0.981111111111111
0.9702777777777777
0.9780555555555555
0.9836111111111112
0.981111111111111
0.9808333333333331
0.9786111111111111
0.9861111111111114
0.984722222222222
0.9749999999999998
0.9822222222222221
0.9836111111111111
0.9763888888888885
0.9786111111111111
0.9752777777777781
0.9794444444444443
0.9800000000000002
0.9766666666666667
0.9844444444444442
0.9827777777777779
0.9794444444444448
0.986111111111111
0.9875
0.9827777777777778
0.9663888888888892
0.9833333333333332
0.9830555555555556
0.9802777777777775
0.9791666666666666
0.9844444444444446
0.9877777777777778
0.981388888888889
0.9805555555555558
0.9786111111111111
0.9866666666666667
0.9849999999999998
0.9836111111111109
0.9813888888888885
0.9838888888888889
0.9797222222222223
0.9802777777777775
0.9830555555555555
0.9800000000000002
0.9783333333333334
0.9766666666666667
0.9838888888888889
0.9827777777777779
0.9791666666666669
0.9822222222222223
0.9708333333333333
0.9744444444444443
0.9869444444444442
0.9727777777777779
0.976111111111111
0.9808333333333333
0.9866666666666667
0.9794444444444443
