-0.9941666666666669
-0.9944444444444442
-0.9897222222222225
-0.99
-0.991111111111111
-0.9888888888888888
-0.9877777777777778
-0.9902777777777777
-0.9916666666666667
-0.9872222222222219
-0.9883333333333332
-0.9900000000000002
-0.9830555555555556
-0.9908333333333331
-0.9897222222222221
-0.9861111111111108
-0.9930555555555556
-0.9919444444444442
-0.9872222222222224
-0.9877777777777778
-0.9847222222222223
-0.991666666666667
-0.9913888888888888
-0.993055555555556
-0.9930555555555556
-0.988611111111111
-0.9877777777777775
-0.9891666666666666
-0.9897222222222225
-0.9886111111111109
-0.9880555555555555
-0.9883333333333333
-0.9897222222222221
-0.9877777777777778
-0.9905555555555556
-0.9913888888888888
-0.9894444444444443
-0.9899999999999998
-0.9888888888888889
-0.9886111111111112
-0.9869444444444446
-0.9924999999999998
-0.9869444444444447
-0.9905555555555559
-0.9869444444444444
-0.993611111111111
-0.991111111111111
-0.9916666666666665
-0.993611111111111
-0.9894444444444446
-0.9880555555555555
-0.9897222222222223
-0.9888888888888888
-0.9925
-0.9911111111111108
-0.9858333333333331
-0.9913888888888888
-0.9936111111111109
-0.9899999999999998
-0.9927777777777778
-0.9911111111111108
-0.9888888888888889
-0.9925
-0.9900000000000002
-0.99
-0.9891666666666665
-0.9855555555555552
-0.9933333333333333
-0.9899999999999998
-0.9872222222222223
-0.9902777777777781
-0.9916666666666667
-0.9905555555555559
-0.9905555555555552
-0.9922222222222224
-0.9858333333333333
-0.9863888888888888
-0.9891666666666665
-0.9877777777777775
-0.9894444444444443
-0.9866666666666662
-0.9894444444444442
-0.9911111111111113
-0.9858333333333336
-0.9927777777777778
-0.9869444444444442
-0.9933333333333333
-0.991388888888889
-0.9900000000000002
-0.9902777777777779
-0.9894444444444442
-0.9877777777777779
-0.9883333333333335
-0.9902777777777777
-0.9894444444444442
-0.9919444444444442
-0.9849999999999998
-0.9927777777777778
-0.9913888888888891
-0.991388888888889
-0.9880555555555555
-0.9899999999999998
-0.9883333333333333
-0.9888888888888889
-0.991388888888889
-0.9880555555555556
-0.9913888888888885
-0.9891666666666669
-0.9908333333333333
-0.9902777777777777
-0.9927777777777775
-0.9852777777777777
-0.9900000000000002
-0.9877777777777775
-0.9866666666666668
-0.9866666666666668
-0.991111111111111
-0.9919444444444444
-0.9916666666666667
-0.9911111111111108
-0.9911111111111108
-0.9936111111111112
-0.9861111111111113
-0.9863888888888888
-0.9897222222222223
-0.9913888888888884
-0.9897222222222221
-0.9916666666666667
-0.9922222222222221
-0.9905555555555556
-0.9902777777777777
-0.9883333333333335
-0.9930555555555555
-0.9922222222222219
-0.9911111111111114
-0.9933333333333333
-0.9897222222222225
-0.9927777777777779
-0.9886111111111112
-0.9927777777777778
-0.9866666666666668
-0.9933333333333333
-0.9844444444444443
-0.9861111111111113
-0.991111111111111
-0.9899999999999998
-0.9852777777777777
-0.988611111111111
-0.9927777777777778
-0.9916666666666668
-0.991111111111111
-0.9908333333333331
-0.9894444444444443
-0.9894444444444442
-0.9933333333333333
-0.9897222222222223
-0.9866666666666667
-0.9913888888888888
-0.991111111111111
-0.9902777777777777
-0.9908333333333333
-0.995
-0.9883333333333335
-0.9869444444444446
-0.9911111111111108
-0.9894444444444443
-0.9872222222222221
-0.9855555555555554
-0.991111111111111
-0.9908333333333329
-0.9888888888888886
-0.9919444444444444
-0.9891666666666671
-0.9875000000000002
-0.9902777777777777
-0.9875000000000002
-0.9874999999999998
-0.9888888888888886
-0.9880555555555558
-0.9902777777777777
-0.9922222222222221
-0.9894444444444446
-0.9897222222222221
-0.9877777777777781
-0.9866666666666665
-0.9891666666666665
-0.991388888888889
-0.9852777777777779
-0.9894444444444443
-0.9891666666666666
-0.9902777777777775
-0.9894444444444443
