-0.8769444444444447
-0.8161111111111109
-0.8402777777777777
-0.8527777777777779
-0.8294444444444445
-0.8458333333333335
-0.8691666666666664
-0.8719444444444439
-0.8491666666666667
-0.823611111111111
-0.8555555555555556
-0.7924999999999999
-0.8027777777777776
-0.7841666666666669
-0.8033333333333331
-0.8500000000000001
-0.8083333333333331
-0.8463888888888887
-0.8533333333333333
-0.8405555555555557
-0.850555555555556
-0.8049999999999997
-0.803611111111111
-0.828888888888889
-0.8430555555555556
-0.8055555555555552
-0.8436111111111105
-0.8408333333333333
-0.8561111111111112
-0.8341666666666663
-0.7916666666666664
-0.8516666666666667
-0.8580555555555555
-0.8394444444444449
-0.8419444444444443
-0.837222222222222
-0.8230555555555555
-0.8102777777777778
-0.8463888888888894
-0.8311111111111115
-0.8383333333333336
-0.8252777777777776
-0.8152777777777774
-0.8480555555555556
-0.8047222222222219
-0.8227777777777778
-0.7666666666666664
-0.8516666666666669
-0.8069444444444445
-0.8525
-0.8324999999999997
-0.8322222222222224
-0.8272222222222224
-0.8344444444444441
-0.8294444444444445
-0.7805555555555556
-0.8047222222222221
-0.8144444444444442
-0.8430555555555556
-0.8513888888888889
-0.8355555555555557
-0.816111111111111
-0.8211111111111109
-0.7608333333333327
-0.8402777777777781
-0.8511111111111113
-0.8555555555555552
-0.8483333333333332
-0.8274999999999999
-0.8416666666666667
-0.8261111111111107
-0.8455555555555556
-0.7830555555555553
-0.8419444444444448
-0.8536111111111113
-0.8144444444444442
-0.8138888888888886
-0.817777777777778
-0.843055555555556
-0.8919444444444443
-0.8194444444444451
-0.8075000000000003
-0.8550000000000003
-0.8063888888888887
-0.8405555555555556
-0.8388888888888889
-0.800277777777778
-0.8166666666666669
-0.8052777777777778
-0.7947222222222226
-0.8650000000000004
-0.786111111111111
-0.7980555555555554
-0.837777777777778
-0.8125000000000003
-0.8461111111111107
