-0.8291666666666667
-0.8269444444444441
-0.87
-0.7930555555555554
-0.8736111111111104
-0.8258333333333339
-0.8808333333333335
-0.8919444444444443
-0.8638888888888887
-0.8122222222222222
-0.845277777777778
-0.8666666666666667
-0.8852777777777778
-0.8147222222222222
-0.8583333333333336
-0.9350000000000003
-0.8874999999999997
-0.8580555555555555
-0.8380555555555556
-0.8255555555555554
-0.805
-0.8300000000000003
-0.8658333333333335
-0.8116666666666665
-0.8450000000000005
-0.8183333333333335
-0.8958333333333331
-0.860833333333333
-0.888333333333333
-0.8297222222222225
-0.8363888888888887
-0.8997222222222225
-0.8205555555555556
-0.8936111111111115
-0.8800000000000004
-0.8602777777777777
-0.8630555555555557
-0.8441666666666663
-0.8427777777777774
-0.8627777777777775
-0.8377777777777777
-0.915
-0.862777777777778
-0.781944444444444
-0.8413888888888889
-0.8802777777777776
-0.818333333333333
-0.8355555555555557
-0.8541666666666665
-0.8588888888888887
-0.8297222222222225
-0.8516666666666665
-0.858611111111111
-0.8763888888888884
-0.862777777777778
-0.878888888888889
-0.858055555555556
-0.8205555555555555
-0.8788888888888886
-0.8491666666666666
-0.8125000000000006
-0.8636111111111119
-0.8749999999999999
-0.8558333333333333
-0.8233333333333335
-0.8191666666666674
-0.8086111111111113
-0.8024999999999999
-0.8316666666666666
-0.8774999999999998
-0.8249999999999996
-0.8558333333333334
-0.8311111111111107
-0.821111111111111
-0.8205555555555558
-0.8186111111111107
-0.7711111111111113
-0.8241666666666667
-0.7830555555555552
-0.8819444444444445
-0.8152777777777779
-0.8249999999999998
-0.8838888888888887
-0.8466666666666666
-0.827777777777778
-0.903333333333333
-0.807777777777778
-0.7988888888888888
-0.8108333333333337
-0.8388888888888891
-0.8497222222222224
-0.8077777777777778
-0.9022222222222223
-0.8700000000000006
-0.8300000000000002
-0.869444444444444
