0.9558333333333334
0.931666666666667
0.9269444444444442
0.9530555555555555
0.9316666666666665
0.9475000000000001
0.9366666666666665
0.9652777777777777
0.9547222222222222
0.9633333333333334
0.9422222222222223
0.9494444444444448
0.9438888888888889
0.9375
0.9591666666666667
0.9483333333333335
0.9341666666666667
0.9516666666666665
0.9355555555555557
0.9286111111111112
0.9516666666666665
0.9547222222222225
0.9486111111111112
0.9508333333333339
0.9325000000000003
0.9541666666666672
0.9361111111111111
0.95
0.9388888888888889
0.9483333333333337
0.9491666666666668
0.9433333333333335
0.935
0.9366666666666665
0.9491666666666667
0.950277777777778
0.9466666666666665
0.9377777777777778
0.9391666666666666
0.9225000000000003
0.9575000000000005
0.9544444444444449
0.9319444444444442
0.9186111111111108
0.9455555555555557
0.908611111111111
0.9233333333333331
0.9238888888888894
0.9425000000000003
0.9511111111111112
0.9488888888888889
0.9569444444444447
0.9469444444444445
0.9283333333333336
0.9622222222222224
0.9547222222222218
0.9469444444444446
0.9286111111111116
0.9438888888888889
0.931111111111111
0.9475000000000002
0.9427777777777777
0.9702777777777779
0.9241666666666666
0.9658333333333333
0.9247222222222223
0.9569444444444447
0.9613888888888888
0.9430555555555558
0.945277777777778
0.9369444444444447
0.9444444444444442
0.9491666666666667
0.9452777777777779
0.9330555555555555
0.9344444444444444
0.9505555555555557
0.9461111111111112
0.9597222222222223
0.9483333333333336
0.9350000000000002
0.9533333333333331
0.9419444444444445
0.9713888888888889
0.9655555555555554
0.9347222222222225
0.9297222222222221
0.9411111111111111
0.9355555555555556
0.932777777777778
0.94
0.9508333333333335
0.9486111111111114
0.9569444444444447
0.9247222222222223
0.9494444444444443
