0.07805555555555557
0.09222222222222225
-0.04249999999999999
0.09388888888888891
0.03583333333333331
0.06388888888888888
0.14999999999999997
0.0963888888888889
0.08777777777777773
0.12333333333333328
-0.05749999999999998
0.06888888888888892
0.09500000000000001
0.023333333333333338
0.1213888888888889
0.07888888888888887
0.11194444444444439
0.18
0.09805555555555552
0.09749999999999998
0.1102777777777777
0.14500000000000005
0.03111111111111112
0.04416666666666667
0.1027777777777778
0.06388888888888891
0.038888888888888896
0.06611111111111112
0.07333333333333333
0.0186111111111111
0.09249999999999993
0.10611111111111114
0.06277777777777781
0.16777777777777786
0.10722222222222216
0.06944444444444448
0.06750000000000003
0.008333333333333328
0.04611111111111109
0.06944444444444448
0.04611111111111111
0.011388888888888884
0.005277777777777779
0.06333333333333332
0.09527777777777781
0.11972222222222222
0.10249999999999998
0.07583333333333332
0.17861111111111114
0.05333333333333334
0.08500000000000002
-0.004722222222222217
0.0008333333333333359
0.04416666666666667
-0.005833333333333332
0.05472222222222222
0.04277777777777778
0.023055555555555548
0.034444444444444444
0.06111111111111114
0.1111111111111111
0.07472222222222225
0.11833333333333337
0.07305555555555557
0.05250000000000001
0.10972222222222225
0.11138888888888893
0.07638888888888888
0.03416666666666665
0.0325
0.10361111111111108
0.011944444444444445
0.03277777777777778
0.051388888888888894
0.07944444444444444
0.053055555555555564
0.08583333333333332
0.05583333333333333
0.0561111111111111
0.12305555555555558
0.06805555555555556
0.07361111111111113
0.005277777777777781
0.08888888888888888
0.09361111111111109
0.030277777777777782
0.10333333333333333
0.16888888888888887
0.019166666666666648
0.09666666666666664
0.1305555555555556
0.09305555555555553
0.059444444444444404
0.07944444444444444
0.020277777777777777
0.04583333333333333
