-0.8713888888888889
-0.811111111111111
-0.8049999999999996
-0.8286111111111112
-0.8224999999999999
-0.8375000000000001
-0.8194444444444445
-0.8469444444444443
-0.8269444444444447
-0.8488888888888888
-0.8247222222222227
-0.8452777777777777
-0.7613888888888884
-0.8291666666666672
-0.8150000000000002
-0.7838888888888884
-0.8627777777777781
-0.8105555555555557
-0.8316666666666667
-0.8322222222222218
-0.8080555555555557
-0.8441666666666663
-0.811388888888889
-0.8305555555555557
-0.8361111111111115
-0.7777777777777775
-0.84
-0.8000000000000002
-0.8516666666666667
-0.8677777777777779
-0.8566666666666669
-0.8380555555555554
-0.8325000000000002
-0.8683333333333337
-0.8333333333333336
-0.8324999999999996
-0.8400000000000002
-0.8566666666666666
-0.8397222222222225
-0.8241666666666668
-0.759722222222222
-0.7877777777777776
-0.8222222222222223
-0.8416666666666667
-0.7969444444444445
-0.831388888888889
-0.8266666666666664
-0.8436111111111108
-0.8627777777777779
-0.76
-0.798888888888889
-0.877222222222222
-0.774722222222222
-0.8036111111111112
-0.810833333333333
-0.8524999999999998
-0.818888888888889
-0.8922222222222222
-0.84
-0.8008333333333332
-0.881666666666667
-0.8500000000000001
-0.8388888888888889
-0.8005555555555556
-0.8025000000000001
-0.8466666666666666
-0.8525000000000001
-0.8263888888888893
-0.8580555555555556
-0.8008333333333336
-0.7994444444444442
-0.8552777777777776
-0.7880555555555557
-0.7527777777777778
-0.809722222222222
-0.858055555555556
-0.8022222222222223
-0.8572222222222223
-0.860555555555556
-0.8202777777777781
-0.852222222222222
-0.810833333333333
-0.8469444444444446
-0.8422222222222223
-0.8438888888888886
-0.8361111111111108
-0.825555555555556
-0.8663888888888888
-0.8208333333333334
-0.8997222222222223
-0.8341666666666667
-0.8383333333333337
-0.8066666666666664
-0.8305555555555553
-0.8519444444444443
-0.835
