-0.13666666666666666
-0.20305555555555557
-0.17055555555555554
-0.1325
-0.1427777777777778
-0.12277777777777774
-0.10527777777777782
-0.11305555555555552
-0.11583333333333337
-0.12222222222222219
-0.16138888888888886
-0.061388888888888854
-0.1536111111111111
-0.11472222222222223
-0.20361111111111108
-0.06444444444444444
-0.13222222222222224
-0.015555555555555566
-0.19333333333333336
-0.10777777777777776
-0.0880555555555555
-0.1852777777777777
-0.14805555555555558
-0.1302777777777778
-0.10166666666666668
-0.20555555555555557
-0.10111111111111112
-0.2011111111111112
-0.13472222222222222
-0.19972222222222225
-0.19138888888888894
-0.2908333333333333
-0.03
-0.12972222222222216
-0.1736111111111111
-0.1355555555555555
-0.08555555555555557
-0.13916666666666663
-0.11944444444444445
-0.10999999999999999
-0.1372222222222222
-0.14472222222222222
-0.09666666666666664
-0.1336111111111111
-0.10833333333333332
-0.2036111111111111
-0.03972222222222223
-0.08388888888888892
-0.17972222222222226
-0.1011111111111111
-0.06194444444444444
-0.2102777777777778
-0.05388888888888894
-0.16694444444444437
-0.13833333333333334
-0.19916666666666658
-0.12111111111111107
-0.1738888888888889
-0.051666666666666694
-0.16194444444444453
-0.1825000000000001
-0.13777777777777778
-0.12416666666666662
-0.14277777777777775
-0.1572222222222222
-0.15500000000000008
-0.26722222222222225
-0.12444444444444443
-0.13666666666666671
-0.14027777777777772
-0.1777777777777777
-0.22250000000000006
-0.19638888888888897
-0.15722222222222224
-0.11611111111111111
-0.22777777777777788
-0.21555555555555564
-0.06916666666666667
-0.15694444444444444
-0.06361111111111109
-0.1680555555555556
-0.23555555555555546
-0.1641666666666667
-0.1488888888888889
-0.1858333333333334
-0.17861111111111114
-0.1527777777777778
-0.14444444444444446
-0.12444444444444448
-0.12500000000000003
-0.11916666666666668
-0.16166666666666674
-0.07666666666666673
-0.1497222222222222
-0.1827777777777778
-0.10833333333333328
