-0.9744444444444447
-0.980277777777778
-0.9655555555555557
-0.985
-0.977222222222222
-0.9897222222222224
-0.9733333333333334
-0.9816666666666669
-0.968888888888889
-0.9822222222222224
-0.9866666666666668
-0.9855555555555557
-0.9858333333333336
-0.9830555555555556
-0.9719444444444444
-0.9861111111111112
-0.9722222222222221
-0.9836111111111115
-0.9744444444444446
-0.9916666666666667
-0.9844444444444447
-0.9827777777777778
-0.9858333333333337
-0.9805555555555557
-0.9766666666666671
-0.984722222222222
-0.9816666666666667
-0.9744444444444446
-0.991111111111111
-0.9833333333333337
-0.9686111111111113
-0.9802777777777776
-0.9827777777777778
-0.9750000000000003
-0.9811111111111112
-0.9838888888888888
-0.9838888888888891
-0.983888888888889
-0.9880555555555556
-0.9730555555555557
-0.9861111111111114
-0.9800000000000001
-0.9713888888888892
-0.99
-0.9883333333333334
-0.987777777777778
-0.9836111111111113
-0.9847222222222224
-0.9758333333333337
-0.9875
-0.9916666666666668
-0.9783333333333336
-0.9877777777777783
-0.9802777777777778
-0.9852777777777777
-0.9772222222222223
-0.9822222222222221
-0.9822222222222224
-0.9877777777777775
-0.9658333333333335
-0.976666666666667
-0.9747222222222222
-0.9891666666666667
-0.9786111111111114
-0.9711111111111115
-0.9872222222222226
-0.9863888888888893
-0.9766666666666669
-0.9852777777777778
-0.979166666666667
-0.9869444444444443
-0.9858333333333337
-0.9855555555555553
-0.9788888888888891
-0.9866666666666666
-0.9780555555555557
-0.983888888888889
-0.9838888888888891
-0.9844444444444449
-0.977777777777778
-0.9869444444444446
-0.9794444444444445
-0.9855555555555557
-0.9838888888888893
-0.9705555555555554
-0.986388888888889
-0.9819444444444446
-0.983888888888889
-0.9894444444444447
-0.9838888888888891
-0.9799999999999999
-0.9872222222222224
-0.9775000000000005
-0.9641666666666668
-0.9894444444444445
-0.9866666666666667
