-0.9188888888888888
-0.8991666666666667
-0.9436111111111113
-0.9430555555555558
-0.925833333333333
-0.933888888888889
-0.9044444444444447
-0.8997222222222219
-0.9508333333333333
-0.9366666666666669
-0.9341666666666665
-0.8969444444444448
-0.9208333333333334
-0.9483333333333333
-0.8838888888888886
-0.9094444444444447
-0.910555555555556
-0.9055555555555554
-0.9491666666666667
-0.9430555555555555
-0.9525000000000001
-0.9194444444444444
-0.9269444444444446
-0.9577777777777778
-0.9158333333333336
-0.9450000000000003
-0.9000000000000002
-0.9422222222222224
-0.9261111111111113
-0.9175000000000001
-0.9480555555555555
-0.9394444444444447
-0.9005555555555559
-0.9347222222222226
-0.938888888888889
-0.9227777777777776
-0.8891666666666667
-0.9558333333333331
-0.9188888888888889
-0.9283333333333335
-0.9455555555555556
-0.9311111111111107
-0.9194444444444444
-0.9552777777777779
-0.9336111111111113
-0.8888888888888893
-0.9552777777777777
-0.9544444444444443
-0.9291666666666667
-0.945
-0.9230555555555553
-0.9469444444444443
-0.9286111111111108
-0.9133333333333331
-0.9436111111111112
-0.9427777777777778
-0.9499999999999998
-0.930277777777778
-0.8861111111111107
-0.9299999999999997
-0.9327777777777777
-0.9175000000000001
-0.9027777777777777
-0.9305555555555556
-0.931666666666667
-0.933055555555556
-0.8930555555555558
-0.9238888888888894
-0.9488888888888894
-0.9261111111111113
-0.9350000000000003
-0.9344444444444447
-0.9530555555555555
-0.9136111111111112
-0.9036111111111107
-0.9363888888888893
-0.9294444444444444
-0.9341666666666667
-0.9449999999999997
-0.9411111111111112
-0.9524999999999999
-0.9441666666666667
-0.9147222222222221
-0.9355555555555556
-0.9375000000000001
-0.9447222222222226
-0.9197222222222224
-0.9302777777777779
-0.9155555555555552
-0.9386111111111114
-0.9505555555555558
-0.9011111111111113
-0.9111111111111105
-0.9683333333333334
-0.9502777777777777
-0.9269444444444445
