-0.9994444444444445
-0.9988888888888888
-0.9994444444444446
-1.0
-1.0
-1.0
-1.0
-1.0
-1.0
-1.0
-0.9997222222222223
-0.9997222222222223
-1.0
-0.9994444444444446
-1.0
-0.9997222222222223
-0.9988888888888888
-0.9997222222222223
-0.9997222222222223
-0.9994444444444445
-0.9997222222222223
-0.9997222222222223
-0.9991666666666669
-1.0
-1.0
-0.9997222222222223
-0.9997222222222223
-0.9994444444444445
-1.0
-1.0
-1.0
-1.0
-0.9991666666666665
-1.0
-0.9994444444444445
-0.9997222222222223
-0.9997222222222223
-0.9997222222222223
-1.0
-1.0
-0.9997222222222223
-1.0
-1.0
-0.9997222222222223
-1.0
-0.9994444444444445
-0.9997222222222223
-0.9988888888888888
-0.9994444444444445
-0.9997222222222223
-0.9997222222222223
-0.9994444444444445
-1.0
-0.9997222222222223
-0.9994444444444446
-0.9997222222222223
-0.9997222222222223
-1.0
-0.9997222222222223
-0.9997222222222223
-0.9994444444444445
-1.0
-0.9983333333333334
-1.0
-0.9997222222222223
-0.9997222222222223
-1.0
-0.9997222222222223
-1.0
-0.9997222222222223
-1.0
-0.9983333333333334
-0.9991666666666668
-1.0
-0.9997222222222223
-0.9997222222222223
-1.0
-0.9994444444444446
-0.998888888888889
-0.9997222222222223
-0.9997222222222223
-0.9994444444444446
-1.0
-0.9991666666666668
-0.9997222222222223
-0.9988888888888888
-0.9991666666666665
-0.9983333333333333
-1.0
-1.0
-1.0
-0.9991666666666665
-1.0
-1.0
-0.9994444444444445
-1.0
