-0.897777777777778
-0.9255555555555559
-0.91
-0.9044444444444448
-0.9341666666666668
-0.8719444444444439
-0.8833333333333334
-0.9247222222222221
-0.9316666666666669
-0.8872222222222222
-0.9130555555555556
-0.8775000000000002
-0.9058333333333333
-0.896111111111111
-0.8844444444444445
-0.9086111111111113
-0.8994444444444447
-0.8808333333333331
-0.8824999999999994
-0.9030555555555557
-0.8852777777777777
-0.8991666666666667
-0.9172222222222226
-0.9288888888888888
-0.9049999999999997
-0.9238888888888889
-0.9213888888888888
-0.8533333333333333
-0.9069444444444444
-0.9036111111111106
-0.8402777777777777
-0.93
-0.899444444444445
-0.8783333333333337
-0.8902777777777774
-0.91
-0.8827777777777773
-0.9263888888888888
-0.874444444444445
-0.9097222222222228
-0.8913888888888889
-0.9116666666666668
-0.9175
-0.8725
-0.8744444444444446
-0.9347222222222227
-0.8869444444444444
-0.8419444444444447
-0.9580555555555555
-0.9005555555555556
-0.9383333333333332
-0.8611111111111108
-0.9019444444444441
-0.8597222222222222
-0.8925000000000003
-0.9052777777777782
-0.961111111111111
-0.8969444444444443
-0.9191666666666669
-0.9166666666666665
-0.9311111111111111
-0.9255555555555559
-0.9063888888888891
-0.915833333333333
-0.8933333333333331
-0.8872222222222221
-0.8763888888888889
-0.8911111111111113
-0.895833333333333
-0.9355555555555556
-0.8783333333333332
-0.8952777777777774
-0.9152777777777782
-0.8933333333333331
-0.8888888888888888
-0.8872222222222225
-0.8938888888888887
-0.9008333333333332
-0.884722222222222
-0.8977777777777781
-0.9116666666666672
-0.8800000000000001
-0.8899999999999999
-0.918888888888889
-0.9450000000000002
-0.9124999999999999
-0.926111111111111
-0.8472222222222223
-0.9033333333333339
-0.9075
-0.9119444444444447
-0.8961111111111113
-0.8780555555555557
-0.8775000000000003
-0.9349999999999997
-0.8980555555555557
