-0.9919444444444445
-0.996111111111111
-0.9877777777777779
-0.9947222222222223
-0.9944444444444446
-0.9847222222222223
-0.9925000000000004
-0.9936111111111111
-0.9925000000000002
-0.9899999999999999
-0.9913888888888889
-0.9933333333333336
-0.993611111111111
-0.9919444444444445
-0.9930555555555557
-0.9852777777777778
-0.9877777777777778
-0.991388888888889
-0.9941666666666668
-0.9866666666666667
-0.9952777777777777
-0.9894444444444449
-0.992777777777778
-0.9913888888888889
-0.9925000000000003
-0.9894444444444449
-0.9933333333333334
-0.99
-0.9958333333333335
-0.9969444444444444
-0.9855555555555555
-0.9930555555555556
-0.9938888888888887
-0.9908333333333332
-0.9911111111111113
-0.9899999999999999
-0.9855555555555555
-0.9916666666666667
-0.9966666666666667
-0.9905555555555554
-0.9827777777777775
-0.9891666666666667
-0.9913888888888891
-0.9930555555555555
-0.9875000000000002
-0.9922222222222224
-0.9941666666666668
-0.9944444444444445
-0.9941666666666668
-0.9900000000000001
-0.9905555555555559
-0.9933333333333334
-0.9858333333333333
-0.9913888888888889
-0.9905555555555557
-0.9894444444444445
-0.9883333333333334
-0.9919444444444449
-0.9919444444444445
-0.9916666666666666
-0.996388888888889
-0.9866666666666668
-0.9925
-0.9922222222222221
-0.9869444444444446
-0.9886111111111111
-0.9938888888888888
-0.9925
-0.9908333333333336
-0.9938888888888888
-0.9908333333333332
-0.9922222222222224
-0.9941666666666668
-0.9922222222222223
-0.9894444444444446
-0.9955555555555557
-0.9883333333333334
-0.9888888888888888
-0.993888888888889
-0.9955555555555555
-0.9905555555555555
-0.9911111111111114
-0.9952777777777778
-0.9936111111111111
-0.9927777777777779
-0.9908333333333335
-0.9958333333333335
-0.9933333333333334
-0.9975
-0.9894444444444447
-0.9908333333333337
-0.9838888888888891
-0.9922222222222226
-0.9913888888888889
-0.993888888888889
-0.9930555555555558
