0.9905555555555554
0.9913888888888893
0.9922222222222221
0.9894444444444445
0.9902777777777776
0.9980555555555557
0.9977777777777779
0.9972222222222221
0.9936111111111113
0.988888888888889
0.9958333333333332
0.99
0.9961111111111113
0.9849999999999999
0.9922222222222223
0.991388888888889
0.9911111111111113
0.9808333333333333
0.9877777777777775
0.9911111111111113
0.9963888888888889
0.995
0.9941666666666668
0.9958333333333332
0.995
0.9936111111111111
0.9922222222222221
0.9941666666666665
0.9919444444444447
0.993611111111111
0.9991666666666665
0.99
0.9891666666666669
0.9950000000000001
0.9927777777777779
0.9963888888888889
0.996111111111111
0.9922222222222221
0.9916666666666666
0.9955555555555555
0.9980555555555556
0.9952777777777777
0.9952777777777778
0.9897222222222224
0.9949999999999999
0.9963888888888889
0.9966666666666666
0.9888888888888888
0.9966666666666666
0.9919444444444444
0.9938888888888888
0.986388888888889
0.9919444444444445
0.993888888888889
0.9944444444444442
0.9927777777777775
0.9972222222222222
0.9952777777777778
0.9925
0.9911111111111112
0.9908333333333335
0.9950000000000003
0.9863888888888889
0.995
0.9947222222222223
0.9966666666666666
0.9961111111111112
0.9936111111111111
0.9961111111111112
0.9877777777777779
0.991388888888889
0.9938888888888888
0.9930555555555556
0.995
0.9958333333333332
0.9927777777777779
0.9911111111111113
0.9916666666666668
0.9977777777777778
0.9880555555555555
0.9947222222222226
0.986111111111111
0.9983333333333334
0.9975
0.99
0.9941666666666669
0.9941666666666668
0.9958333333333332
0.9908333333333335
0.988611111111111
0.9975
0.9802777777777778
0.9952777777777778
0.9958333333333335
0.9947222222222222
0.9913888888888889
