-0.9344444444444443
-0.9333333333333336
-0.9444444444444448
-0.9122222222222224
-0.8930555555555556
-0.9333333333333336
-0.9222222222222226
-0.9097222222222224
-0.9469444444444443
-0.9030555555555552
-0.913888888888889
-0.9188888888888889
-0.9411111111111112
-0.9494444444444445
-0.9536111111111112
-0.9475000000000002
-0.9333333333333332
-0.9408333333333335
-0.9308333333333337
-0.9316666666666665
-0.9536111111111113
-0.9591666666666667
-0.9319444444444441
-0.9463888888888893
-0.9247222222222224
-0.9133333333333334
-0.9113888888888888
-0.9616666666666667
-0.915
-0.9088888888888893
-0.9427777777777782
-0.9255555555555559
-0.9622222222222223
-0.9502777777777779
-0.9341666666666668
-0.9405555555555555
-0.9572222222222225
-0.9508333333333338
-0.9219444444444445
-0.9072222222222222
-0.9413888888888888
-0.9350000000000003
-0.9363888888888888
-0.9283333333333336
-0.9277777777777776
-0.9288888888888889
-0.9333333333333335
-0.9400000000000002
-0.9144444444444446
-0.9588888888888889
-0.9644444444444445
-0.9311111111111116
-0.9011111111111112
-0.9533333333333336
-0.9297222222222227
-0.9388888888888887
-0.943888888888889
-0.9286111111111112
-0.93
-0.954166666666667
-0.9205555555555559
-0.9575000000000001
-0.958888888888889
-0.9438888888888891
-0.9375000000000004
-0.9480555555555558
-0.9344444444444449
-0.9547222222222226
-0.9244444444444444
-0.9599999999999999
-0.9294444444444444
-0.956388888888889
-0.9247222222222221
-0.9636111111111113
-0.9227777777777777
-0.946111111111111
-0.9197222222222219
-0.925555555555556
-0.926666666666667
-0.9444444444444448
-0.9330555555555557
-0.9233333333333336
-0.9241666666666667
-0.9275
-0.9436111111111114
-0.9291666666666667
-0.9463888888888888
-0.906666666666667
-0.9436111111111114
-0.9472222222222224
-0.9391666666666666
-0.9536111111111113
-0.9408333333333337
-0.9547222222222221
-0.9216666666666667
-0.9211111111111111
