0.8344444444444444
0.9016666666666667
0.8622222222222224
0.8761111111111107
0.8961111111111114
0.8641666666666665
0.8869444444444441
0.8608333333333333
0.8958333333333333
0.862777777777778
0.8636111111111113
0.8583333333333336
0.905
0.8863888888888887
0.8969444444444445
0.8925000000000002
0.8872222222222222
0.9055555555555554
0.8986111111111112
0.8938888888888888
0.8341666666666668
0.8680555555555556
0.8780555555555555
0.9011111111111113
0.8280555555555553
0.871111111111111
0.892222222222222
0.8800000000000004
0.9086111111111116
0.8694444444444442
0.918611111111111
0.8877777777777779
0.8236111111111113
0.8880555555555553
0.8644444444444446
0.8697222222222226
0.8544444444444445
0.8716666666666667
0.8280555555555558
0.8830555555555555
0.8933333333333334
0.8527777777777777
0.88
0.8738888888888892
0.8800000000000001
0.9033333333333335
0.8791666666666669
0.9052777777777778
0.8805555555555555
0.8872222222222221
0.8944444444444446
0.8899999999999996
0.9155555555555561
0.870833333333333
0.8752777777777777
0.8655555555555559
0.8608333333333335
0.8580555555555556
0.8791666666666669
0.859722222222222
0.9077777777777779
0.9008333333333333
0.9147222222222221
0.8436111111111113
0.8591666666666665
0.873888888888889
0.838888888888889
0.8975
0.8744444444444442
0.8711111111111112
0.8594444444444446
0.8547222222222226
0.8713888888888893
0.8541666666666664
0.8744444444444447
0.9166666666666665
0.8599999999999999
0.896388888888889
0.897777777777778
0.8869444444444445
0.8686111111111113
0.8816666666666667
0.8772222222222222
0.9088888888888893
0.9038888888888887
0.9075000000000003
0.866388888888889
0.8711111111111113
0.8813888888888891
0.8913888888888889
0.8922222222222226
0.886111111111111
0.8936111111111106
0.869722222222222
0.8875
0.8855555555555555
