-0.9074999999999995
-0.9108333333333334
-0.8966666666666668
-0.8847222222222224
-0.8847222222222222
-0.8958333333333335
-0.8886111111111112
-0.8636111111111111
-0.8936111111111111
-0.8883333333333335
-0.8797222222222222
-0.872222222222222
-0.884444444444445
-0.9166666666666665
-0.8847222222222222
-0.8916666666666667
-0.9122222222222224
-0.906666666666667
-0.8972222222222221
-0.9094444444444448
-0.8894444444444446
-0.8930555555555558
-0.9124999999999995
-0.8863888888888889
-0.8877777777777776
-0.9066666666666668
-0.8763888888888891
-0.8475000000000001
-0.897222222222222
-0.8550000000000003
-0.8827777777777781
-0.8913888888888892
-0.8977777777777779
-0.8958333333333336
-0.8925
-0.8972222222222225
-0.871388888888889
-0.9011111111111109
-0.8877777777777779
-0.8941666666666669
-0.911111111111111
-0.8608333333333336
-0.8961111111111113
-0.8883333333333332
-0.860277777777778
-0.8988888888888884
-0.8719444444444444
-0.8711111111111114
-0.9011111111111113
-0.8861111111111112
-0.906388888888889
-0.8963888888888891
-0.8902777777777777
-0.8938888888888892
-0.8875000000000003
-0.8747222222222224
-0.902777777777778
-0.8783333333333332
-0.8811111111111112
-0.8952777777777777
-0.8991666666666664
-0.8883333333333332
-0.9091666666666662
-0.9024999999999999
-0.88
-0.8697222222222217
-0.8997222222222219
-0.8794444444444443
-0.9036111111111113
-0.8625
-0.8755555555555559
-0.9152777777777779
-0.8780555555555556
-0.8830555555555553
-0.891388888888889
-0.9030555555555551
-0.8958333333333335
-0.8983333333333334
-0.8927777777777777
-0.9008333333333333
-0.8866666666666666
-0.890555555555556
-0.9088888888888892
-0.8869444444444448
-0.8666666666666671
-0.8755555555555555
-0.9013888888888891
-0.891388888888889
-0.9013888888888886
-0.9036111111111113
-0.8708333333333332
-0.8911111111111117
-0.9219444444444447
-0.9000000000000002
-0.8708333333333335
-0.9044444444444444
