-0.8627777777777774
-0.8805555555555554
-0.8963888888888889
-0.9083333333333333
-0.9205555555555555
-0.8794444444444445
-0.8719444444444443
-0.8711111111111106
-0.8891666666666664
-0.8758333333333331
-0.8786111111111115
-0.8808333333333332
-0.9008333333333337
-0.882222222222222
-0.8888888888888888
-0.877222222222222
-0.871388888888889
-0.8938888888888892
-0.870277777777778
-0.8933333333333333
-0.8658333333333336
-0.8869444444444443
-0.8552777777777777
-0.8713888888888893
-0.8702777777777777
-0.9011111111111114
-0.849722222222222
-0.8913888888888891
-0.8772222222222222
-0.8769444444444443
-0.8674999999999997
-0.8788888888888887
-0.8463888888888887
-0.8983333333333334
-0.8841666666666661
-0.8683333333333333
-0.8869444444444443
-0.862777777777778
-0.8930555555555557
-0.9125000000000001
-0.9127777777777777
-0.8602777777777778
-0.8763888888888887
-0.9094444444444446
-0.8630555555555557
-0.861111111111111
-0.8688888888888888
-0.8899999999999997
-0.8741666666666669
-0.8702777777777777
-0.8980555555555554
-0.8630555555555555
-0.8919444444444448
-0.8650000000000001
-0.9158333333333334
-0.8600000000000003
-0.8722222222222226
-0.8766666666666667
-0.8877777777777773
-0.898055555555556
-0.8675
-0.8552777777777776
-0.8480555555555557
-0.8647222222222222
-0.9019444444444447
-0.9013888888888885
-0.898333333333333
-0.8850000000000001
-0.872222222222222
-0.8416666666666666
-0.8894444444444443
-0.8913888888888895
-0.8750000000000001
-0.8533333333333332
-0.9025
-0.8752777777777777
-0.8733333333333332
-0.8750000000000003
-0.8716666666666667
-0.8986111111111111
-0.9041666666666667
-0.8658333333333331
-0.8800000000000003
-0.8819444444444444
-0.8825000000000003
-0.9036111111111111
-0.884166666666667
-0.884166666666667
-0.8516666666666666
-0.8619444444444442
-0.8858333333333335
-0.8916666666666672
-0.8452777777777782
-0.9147222222222224
-0.8838888888888888
-0.8658333333333331
