-0.993611111111111
-0.9969444444444443
-0.9938888888888892
-0.9933333333333334
-0.9966666666666666
-0.9952777777777777
-0.9952777777777778
-0.992777777777778
-0.9963888888888889
-0.9955555555555557
-0.996111111111111
-0.9955555555555557
-0.9961111111111114
-0.993888888888889
-0.9963888888888889
-0.9941666666666668
-0.9902777777777778
-0.9919444444444444
-0.9941666666666665
-0.9952777777777778
-0.9972222222222221
-0.9941666666666668
-0.9955555555555554
-0.993888888888889
-0.9966666666666666
-0.9933333333333333
-0.9977777777777778
-0.9952777777777778
-0.9950000000000001
-0.9919444444444445
-0.9950000000000001
-0.9922222222222224
-0.9941666666666668
-0.9955555555555555
-0.9980555555555557
-0.9969444444444444
-0.9969444444444445
-0.9894444444444447
-0.9933333333333333
-0.9972222222222221
-0.9919444444444447
-0.9952777777777777
-0.9963888888888889
-0.9961111111111113
-0.9972222222222221
-0.9941666666666665
-0.9922222222222221
-0.995
-0.995277777777778
-0.9955555555555555
-0.993888888888889
-0.9961111111111113
-0.9958333333333335
-0.9961111111111113
-0.9936111111111111
-0.9947222222222224
-0.9944444444444446
-0.9955555555555559
-0.992777777777778
-0.996388888888889
-0.9936111111111113
-0.9916666666666668
-0.9972222222222222
-0.9958333333333335
-0.995
-0.992777777777778
-0.9938888888888887
-0.9975000000000002
-0.9930555555555556
-0.9952777777777778
-0.996666666666667
-0.9997222222222223
-0.9938888888888894
-0.9972222222222225
-0.9922222222222223
-0.9977777777777778
-0.9936111111111111
-0.9966666666666668
-0.9938888888888892
-0.9966666666666666
-0.9950000000000001
-0.9936111111111113
-0.9952777777777778
-0.9966666666666667
-0.9944444444444446
-0.9980555555555557
-0.9963888888888889
-0.996388888888889
-0.9930555555555556
-0.9969444444444444
-0.9938888888888892
-0.9975
-0.9961111111111113
-0.9958333333333336
-0.9916666666666668
-0.9936111111111113
