0.28583333333333333
0.28444444444444433
0.28805555555555556
0.3641666666666669
0.38305555555555565
0.3005555555555555
0.27833333333333343
0.2672222222222223
0.33416666666666667
0.3497222222222222
0.4586111111111112
0.26666666666666666
0.3369444444444445
0.3730555555555555
0.43333333333333335
0.3455555555555555
0.36777777777777765
0.31861111111111107
0.24222222222222217
0.2286111111111111
0.3127777777777777
0.2872222222222222
0.26361111111111113
0.22749999999999995
0.3083333333333333
0.3327777777777778
0.33333333333333337
0.34833333333333316
0.23583333333333337
0.4197222222222223
0.3877777777777777
0.29500000000000004
0.25277777777777766
0.3002777777777777
0.3830555555555556
0.30027777777777787
0.26194444444444437
0.32611111111111113
0.37527777777777765
0.34277777777777785
0.3327777777777778
0.2980555555555556
0.33527777777777773
0.2902777777777778
0.29666666666666663
0.26972222222222203
0.3272222222222222
0.31916666666666665
0.3038888888888889
0.2922222222222222
0.281388888888889
0.36361111111111094
0.34861111111111087
0.27
0.23972222222222223
0.4088888888888889
0.3527777777777778
0.24722222222222226
0.38638888888888906
0.37972222222222224
0.38138888888888883
0.22694444444444442
0.4086111111111109
0.3127777777777779
0.20722222222222217
0.3341666666666667
0.33861111111111114
0.40222222222222226
0.35750000000000015
0.2927777777777777
0.30694444444444446
0.357222222222222
0.3697222222222221
0.3311111111111111
0.40972222222222215
0.3413888888888889
0.33694444444444455
0.3005555555555555
0.3349999999999999
0.345
0.2972222222222222
0.41694444444444456
0.3066666666666666
0.46500000000000014
0.3633333333333333
0.24999999999999992
0.33638888888888907
0.2619444444444445
0.283611111111111
0.27055555555555555
0.3247222222222221
0.2583333333333332
0.35722222222222233
0.34083333333333327
0.30666666666666664
0.3805555555555554
