-0.9830555555555556
-0.9833333333333333
-0.9905555555555554
-0.981388888888889
-0.9880555555555555
-0.9844444444444446
-0.9819444444444444
-0.9808333333333333
-0.9888888888888889
-0.9883333333333333
-0.9852777777777779
-0.986388888888889
-0.9858333333333333
-0.9883333333333335
-0.9844444444444446
-0.9877777777777775
-0.985
-0.9827777777777779
-0.9891666666666666
-0.9883333333333332
-0.9877777777777775
-0.9872222222222224
-0.9866666666666662
-0.9844444444444446
-0.9866666666666665
-0.9852777777777777
-0.9822222222222224
-0.9875000000000002
-0.9875
-0.9922222222222221
-0.9877777777777778
-0.9861111111111113
-0.9855555555555554
-0.9894444444444446
-0.9925000000000004
-0.9847222222222223
-0.9847222222222223
-0.9866666666666662
-0.9858333333333336
-0.9924999999999998
-0.9830555555555552
-0.9861111111111108
-0.9836111111111111
-0.9872222222222223
-0.9894444444444443
-0.986666666666667
-0.9855555555555554
-0.9811111111111114
-0.9830555555555555
-0.9819444444444446
-0.9830555555555552
-0.9850000000000002
-0.9916666666666668
-0.9880555555555556
-0.9880555555555552
-0.9891666666666669
-0.9855555555555556
-0.9847222222222223
-0.9875
-0.9897222222222225
-0.9880555555555552
-0.9872222222222223
-0.9836111111111111
-0.9872222222222219
-0.9858333333333333
-0.9830555555555552
-0.9874999999999998
-0.9819444444444447
-0.9863888888888891
-0.9874999999999998
-0.9841666666666669
-0.9788888888888889
-0.9877777777777778
-0.9824999999999998
-0.9844444444444443
-0.9902777777777777
-0.9852777777777777
-0.9852777777777775
-0.985
-0.9841666666666669
-0.9888888888888889
-0.9844444444444442
-0.9875
-0.9861111111111114
-0.9872222222222221
-0.9869444444444446
-0.9849999999999998
-0.9883333333333333
-0.99
-0.9841666666666665
-0.9863888888888888
-0.9783333333333329
-0.9894444444444443
-0.9897222222222223
-0.9874999999999996
-0.9875000000000002
-0.9863888888888888
-0.9872222222222223
-0.9844444444444443
-0.9858333333333333
-0.986111111111111
-0.9886111111111112
-0.9897222222222221
-0.9891666666666669
-0.985
-0.9799999999999998
-0.9777777777777777
-0.9908333333333329
-0.9858333333333336
-0.9883333333333333
-0.9911111111111113
-0.9858333333333331
-0.9836111111111111
-0.9844444444444446
-0.9850000000000002
-0.9852777777777775
-0.9852777777777779
-0.9858333333333331
-0.98
-0.975555555555556
-0.9836111111111111
-0.9833333333333333
-0.9877777777777778
-0.9852777777777775
-0.9875
-0.9872222222222221
-0.9808333333333333
-0.9866666666666665
-0.9877777777777779
-0.9872222222222221
-0.9805555555555554
-0.9855555555555556
-0.9827777777777775
-0.9880555555555556
-0.9880555555555555
-0.9824999999999996
-0.9888888888888892
-0.9908333333333337
-0.9858333333333336
-0.9869444444444444
-0.9883333333333335
-0.9869444444444444
-0.9838888888888888
-0.9872222222222223
-0.9855555555555554
-0.9816666666666665
-0.9822222222222224
-0.986111111111111
-0.9816666666666667
-0.9813888888888888
-0.9838888888888889
-0.9838888888888888
-0.985
-0.9888888888888889
-0.9836111111111109
-0.988611111111111
-0.9877777777777778
-0.9841666666666669
-0.9791666666666665
-0.9850000000000002
-0.9822222222222223
-0.9872222222222224
-0.9863888888888888
-0.9838888888888889
-0.9908333333333336
-0.9891666666666665
-0.9847222222222223
-0.9863888888888888
-0.9811111111111108
-0.9844444444444443
-0.9858333333333333
-0.9916666666666667
-0.9875
-0.9808333333333336
-0.9861111111111113
-0.9847222222222223
-0.9841666666666666
-0.986388888888889
-0.9888888888888892
-0.9855555555555554
-0.985833333333333
-0.9891666666666666
-0.9858333333333331
-0.9830555555555556
-0.9913888888888885
-0.9852777777777777
-0.9905555555555556
-0.9888888888888888
-0.9877777777777773
-0.983333333333333
-0.9847222222222223
-0.9869444444444446
