-0.9350000000000002
-0.9294444444444447
-0.9358333333333333
-0.9425000000000003
-0.9333333333333331
-0.9327777777777775
-0.9263888888888886
-0.9269444444444442
-0.9369444444444442
-0.9255555555555555
-0.9255555555555555
-0.9358333333333327
-0.9311111111111114
-0.9266666666666663
-0.9288888888888885
-0.9286111111111108
-0.9241666666666667
-0.9249999999999996
-0.9247222222222219
-0.9322222222222223
-0.9380555555555556
-0.9491666666666668
-0.9344444444444445
-0.935
-0.9275
-0.9272222222222223
-0.9338888888888885
-0.9461111111111109
-0.9450000000000004
-0.9358333333333338
-0.931944444444444
-0.9349999999999998
-0.9366666666666669
-0.9355555555555556
-0.9319444444444446
-0.9141666666666667
-0.9449999999999996
-0.9386111111111114
-0.9374999999999997
-0.9319444444444444
-0.9277777777777777
-0.9258333333333335
-0.9372222222222223
-0.9461111111111112
-0.9388888888888883
-0.9397222222222222
-0.9327777777777775
-0.9355555555555556
-0.9366666666666664
-0.9355555555555553
-0.9438888888888886
-0.9255555555555555
-0.9302777777777771
-0.9352777777777773
-0.9275
-0.9380555555555554
-0.937777777777778
-0.9444444444444445
-0.9377777777777779
-0.9344444444444447
-0.9400000000000002
-0.9397222222222217
-0.9447222222222227
-0.9352777777777778
-0.9388888888888891
-0.9319444444444446
-0.9244444444444446
-0.9338888888888888
-0.9305555555555555
-0.9408333333333335
-0.9416666666666669
-0.9324999999999998
-0.9361111111111114
-0.9299999999999998
-0.9255555555555558
-0.9313888888888887
-0.9341666666666665
-0.9286111111111113
-0.9341666666666667
-0.9327777777777779
-0.9388888888888886
-0.9255555555555556
-0.9330555555555554
-0.9263888888888888
-0.9424999999999994
-0.9436111111111111
-0.9386111111111111
-0.9330555555555552
-0.9486111111111108
-0.9263888888888886
-0.9361111111111109
-0.9288888888888888
-0.9283333333333329
-0.931944444444444
-0.9349999999999998
-0.9305555555555555
-0.9163888888888886
-0.9388888888888882
-0.9377777777777777
-0.9422222222222225
-0.9430555555555556
-0.9313888888888887
-0.9358333333333332
-0.9283333333333333
-0.946944444444444
-0.9177777777777775
-0.9308333333333332
-0.9477777777777775
-0.931944444444444
-0.9319444444444444
-0.9330555555555556
-0.9238888888888891
-0.9430555555555558
-0.9288888888888888
-0.9361111111111109
-0.9344444444444445
-0.9413888888888886
-0.9250000000000002
-0.9344444444444442
-0.9452777777777779
-0.942222222222222
-0.9261111111111107
-0.9277777777777777
-0.9430555555555554
-0.9388888888888888
-0.9419444444444449
-0.9338888888888885
-0.9424999999999997
-0.9449999999999998
-0.9433333333333337
-0.9449999999999998
-0.9322222222222223
-0.9344444444444445
-0.93
-0.9322222222222217
-0.9494444444444444
-0.9333333333333328
-0.9197222222222224
-0.9266666666666661
-0.9211111111111111
-0.9469444444444441
-0.9363888888888886
-0.9394444444444445
-0.9186111111111113
-0.9366666666666666
-0.9313888888888889
-0.9441666666666668
-0.9338888888888888
-0.936111111111111
-0.9311111111111107
-0.9374999999999997
-0.9308333333333335
-0.9402777777777773
-0.9216666666666669
-0.9466666666666667
-0.9283333333333336
-0.9363888888888887
-0.925555555555555
-0.9391666666666667
-0.9358333333333335
-0.9341666666666665
-0.9352777777777779
-0.9186111111111108
-0.9288888888888885
-0.9305555555555556
-0.9444444444444444
-0.9394444444444445
-0.9472222222222219
-0.9472222222222221
-0.9308333333333333
-0.9277777777777783
-0.9344444444444445
-0.9413888888888894
-0.9213888888888884
-0.9336111111111108
-0.9413888888888886
-0.9349999999999998
-0.9394444444444444
-0.9291666666666665
-0.9436111111111108
-0.925833333333333
-0.9397222222222221
-0.928611111111111
-0.9322222222222225
-0.9427777777777775
-0.9208333333333332
-0.9272222222222223
-0.941944444444444
-0.9416666666666663
-0.915
-0.9202777777777773
-0.943055555555556
