-0.9969444444444444
-0.9947222222222221
-0.9944444444444446
-0.9938888888888887
-0.9941666666666666
-0.993611111111111
-0.9936111111111109
-0.9927777777777779
-0.9983333333333333
-0.9941666666666666
-0.9969444444444447
-0.9947222222222225
-0.9961111111111108
-0.9958333333333333
-0.9947222222222223
-0.9963888888888888
-0.9966666666666668
-0.9952777777777775
-0.9961111111111111
-0.9966666666666665
-0.9949999999999998
-0.9972222222222221
-0.9969444444444444
-0.9952777777777779
-0.9977777777777778
-0.9952777777777777
-0.9941666666666666
-0.9961111111111113
-0.9947222222222221
-0.9958333333333331
-0.9950000000000002
-0.9974999999999998
-0.9944444444444444
-0.9952777777777779
-0.9955555555555556
-0.9941666666666666
-0.9947222222222223
-0.9958333333333333
-0.9969444444444445
-0.995
-0.9977777777777778
-0.9955555555555559
-0.9961111111111111
-0.9966666666666667
-0.996388888888889
-0.9969444444444444
-0.9980555555555555
-0.9952777777777779
-0.9941666666666669
-0.9961111111111111
-0.9966666666666665
-0.9969444444444444
-0.9961111111111111
-0.9941666666666666
-0.9966666666666667
-0.995
-0.9958333333333331
-0.9986111111111112
-0.9961111111111114
-0.9955555555555554
-0.9949999999999998
-0.9955555555555556
-0.9975
-0.9966666666666667
-0.9972222222222222
-0.9930555555555555
-0.9958333333333333
-0.995
-0.9958333333333331
-0.9961111111111113
-0.9972222222222221
-0.9972222222222222
-0.9963888888888891
-0.9941666666666669
-0.9958333333333333
-0.9969444444444447
-0.9961111111111113
-0.9944444444444446
-0.9927777777777778
-0.9952777777777779
-0.9966666666666665
-0.9966666666666665
-0.9969444444444445
-0.9933333333333332
-0.9966666666666665
-0.9966666666666665
-0.9966666666666667
-0.9958333333333333
-0.9972222222222221
-0.9972222222222222
-0.9961111111111111
-0.9966666666666667
-0.9983333333333335
-0.9947222222222223
-0.9961111111111111
-0.9961111111111111
-0.9961111111111113
-0.9958333333333333
-0.9908333333333331
-0.9961111111111113
-0.9950000000000002
-0.9972222222222221
-0.9952777777777779
-0.9930555555555556
-0.9952777777777779
-0.9941666666666665
-0.9952777777777777
-0.9952777777777777
-0.9972222222222225
-0.995
-0.9955555555555556
-0.9944444444444446
-0.9930555555555556
-0.9938888888888889
-0.9941666666666666
-0.9972222222222222
-0.9955555555555556
-0.9958333333333331
-0.9975
-0.9955555555555559
-0.9952777777777777
-0.9972222222222221
-0.9966666666666668
-0.9936111111111112
-0.9966666666666667
-0.9963888888888888
-0.9977777777777779
-0.9958333333333336
-0.9969444444444444
-0.9969444444444444
-0.9958333333333333
-0.9977777777777778
-0.995
-0.9975
-0.9972222222222222
-0.9958333333333333
-0.9952777777777779
-0.9963888888888888
-0.9958333333333333
-0.9961111111111111
-0.9966666666666665
-0.996388888888889
-0.9952777777777777
-0.9958333333333333
-0.9975
-0.9977777777777778
-0.9969444444444445
-0.9955555555555556
-0.9941666666666671
-0.9969444444444442
-0.9958333333333336
-0.9955555555555552
-0.9972222222222222
-0.9958333333333333
-0.9958333333333331
-0.9966666666666667
-0.996388888888889
-0.9958333333333333
-0.9966666666666667
-0.9947222222222225
-0.9941666666666665
-0.9941666666666671
-0.9983333333333333
-0.9952777777777779
-0.9938888888888889
-0.9961111111111111
-0.996388888888889
-0.9975
-0.9969444444444445
-0.9950000000000002
-0.9974999999999998
-0.9958333333333336
-0.9947222222222223
-0.9955555555555554
-0.9952777777777777
-0.9938888888888889
-0.9966666666666667
-0.9986111111111112
-0.9925
-0.9933333333333333
-0.991388888888889
-0.9958333333333333
-0.9947222222222221
-0.9947222222222221
-0.9961111111111114
-0.9933333333333332
-0.9963888888888891
-0.9958333333333333
-0.9975
-0.9944444444444446
-0.9961111111111113
-0.9944444444444446
