-0.9016666666666666
-0.8741666666666669
-0.8830555555555555
-0.8825
-0.8677777777777775
-0.8605555555555554
-0.8999999999999992
-0.8913888888888886
-0.8841666666666667
-0.9019444444444443
-0.8783333333333332
-0.8816666666666665
-0.881388888888889
-0.8816666666666665
-0.8769444444444445
-0.865
-0.89
-0.8861111111111111
-0.8763888888888893
-0.8763888888888888
-0.8649999999999998
-0.8869444444444445
-0.8902777777777777
-0.9108333333333332
-0.8752777777777775
-0.8930555555555554
-0.8680555555555555
-0.8791666666666669
-0.8780555555555556
-0.8991666666666664
-0.876388888888889
-0.8786111111111105
-0.8808333333333334
-0.8741666666666664
-0.8722222222222225
-0.876388888888889
-0.8636111111111109
-0.8738888888888889
-0.8838888888888886
-0.8830555555555555
-0.8933333333333335
-0.8666666666666667
-0.900277777777778
-0.8866666666666667
-0.9008333333333335
-0.8708333333333331
-0.868611111111111
-0.9033333333333335
-0.8722222222222222
-0.8855555555555552
-0.8749999999999998
-0.8877777777777776
-0.8802777777777777
-0.8794444444444446
-0.8713888888888891
-0.8869444444444438
-0.8555555555555551
-0.8836111111111109
-0.8708333333333333
-0.8866666666666665
-0.888055555555555
-0.865
-0.8886111111111115
-0.8733333333333335
-0.8819444444444444
-0.8705555555555554
-0.8677777777777773
-0.8483333333333333
-0.8891666666666669
-0.8858333333333331
-0.8874999999999998
-0.8502777777777779
-0.8922222222222227
-0.891944444444444
-0.8916666666666667
-0.8749999999999997
-0.8927777777777777
-0.8927777777777777
-0.8972222222222221
-0.8883333333333333
-0.8875
-0.8861111111111111
-0.875277777777778
-0.9013888888888888
-0.8969444444444442
-0.8825000000000002
-0.8975000000000002
-0.8519444444444441
-0.8855555555555557
-0.8986111111111105
-0.9027777777777777
-0.8913888888888889
-0.8758333333333329
-0.8899999999999996
-0.8688888888888887
-0.883611111111111
-0.8825000000000002
-0.8911111111111109
-0.8836111111111107
-0.8694444444444442
-0.8702777777777775
-0.8941666666666664
-0.8872222222222217
-0.8933333333333331
-0.879722222222222
-0.9011111111111111
-0.8744444444444442
-0.8777777777777781
-0.8822222222222216
-0.8572222222222221
-0.8947222222222226
-0.898611111111111
-0.8708333333333331
-0.8841666666666667
-0.8708333333333331
-0.8788888888888886
-0.8952777777777777
-0.908888888888889
-0.8808333333333335
-0.8583333333333333
-0.8769444444444444
-0.8913888888888889
-0.8811111111111111
-0.8819444444444442
-0.8911111111111106
-0.8866666666666665
-0.8722222222222221
-0.8683333333333333
-0.8866666666666663
-0.8708333333333331
-0.8677777777777773
-0.8927777777777773
-0.8886111111111112
-0.9002777777777781
-0.8875
-0.8711111111111111
-0.9055555555555554
-0.8869444444444444
-0.8830555555555548
-0.8580555555555556
-0.8986111111111112
-0.8872222222222222
-0.8788888888888889
-0.8866666666666667
-0.8883333333333333
-0.876388888888889
-0.8827777777777781
-0.8841666666666667
-0.8983333333333331
-0.8705555555555556
-0.8869444444444445
-0.8774999999999996
-0.8763888888888891
-0.8602777777777779
-0.8869444444444444
-0.9002777777777781
-0.8749999999999998
-0.8783333333333335
-0.8958333333333334
-0.8863888888888893
-0.9100000000000004
-0.9124999999999998
-0.8811111111111108
-0.883333333333333
-0.8763888888888883
-0.8933333333333331
-0.8855555555555552
-0.8916666666666668
-0.883333333333333
-0.8869444444444445
-0.898611111111111
-0.8808333333333335
-0.8847222222222219
-0.8905555555555557
-0.8822222222222221
-0.8713888888888891
-0.8975
-0.8888888888888884
-0.8872222222222222
-0.886388888888889
-0.8866666666666663
-0.8888888888888887
-0.8833333333333335
-0.8677777777777778
-0.8808333333333331
-0.8866666666666668
-0.8697222222222221
-0.8727777777777773
-0.8669444444444445
-0.8913888888888888
-0.8813888888888893
-0.8708333333333333
