0.8936111111111112
0.9022222222222221
0.9091666666666669
0.893611111111111
0.8977777777777779
0.9388888888888891
0.9191666666666665
0.9088888888888887
0.9011111111111111
0.918611111111111
0.8661111111111113
0.9175
0.8969444444444445
0.8930555555555553
0.8997222222222221
0.9113888888888886
0.8955555555555551
0.8975
0.8913888888888889
0.8855555555555557
0.9013888888888888
0.941111111111111
0.9130555555555556
0.9047222222222224
0.9044444444444442
0.9141666666666665
0.9191666666666665
0.8972222222222219
0.9055555555555557
0.922222222222222
0.9038888888888884
0.8988888888888886
0.9174999999999996
0.9083333333333333
0.9227777777777781
0.8950000000000002
0.9130555555555556
0.9161111111111109
0.9072222222222223
0.9377777777777777
0.8947222222222218
0.8916666666666667
0.9386111111111113
0.8972222222222223
0.9077777777777774
0.9244444444444444
0.925555555555556
0.9180555555555558
0.9161111111111111
0.9144444444444444
0.9308333333333332
0.925833333333333
0.9080555555555556
0.9333333333333329
0.8905555555555554
0.9069444444444446
0.9055555555555557
0.8813888888888888
0.8877777777777777
0.9050000000000001
0.908888888888889
0.9138888888888892
0.9061111111111111
0.9308333333333332
0.9011111111111112
0.9108333333333334
0.8988888888888887
0.8980555555555554
0.9152777777777777
0.9316666666666663
0.8999999999999996
0.9413888888888887
0.9194444444444442
0.896944444444444
0.9069444444444443
0.8727777777777775
0.8813888888888888
0.8947222222222223
0.9108333333333334
0.8997222222222221
0.9122222222222223
0.8997222222222223
0.9091666666666667
0.9324999999999998
0.9177777777777777
0.9255555555555555
0.9055555555555549
0.9174999999999998
0.9055555555555554
0.9144444444444442
0.9211111111111111
0.9113888888888888
0.9019444444444445
0.9116666666666665
0.9124999999999998
0.9372222222222223
0.9294444444444442
0.9136111111111113
0.9333333333333336
0.9044444444444442
0.9108333333333334
0.8872222222222221
0.8963888888888889
0.9052777777777777
0.9236111111111113
0.9111111111111114
0.9386111111111111
0.9197222222222223
0.9166666666666663
0.9091666666666665
0.8891666666666669
0.8844444444444444
0.9336111111111111
0.9169444444444443
0.9016666666666668
0.8950000000000002
0.9144444444444444
0.9277777777777775
0.9161111111111112
0.9108333333333335
0.9269444444444442
0.9344444444444447
0.9450000000000002
0.8849999999999998
0.9208333333333327
0.914444444444444
0.9172222222222219
0.9141666666666667
0.9183333333333336
0.9022222222222225
0.9025
0.903888888888889
0.9286111111111105
0.8880555555555554
0.9166666666666665
0.9063888888888891
0.8911111111111109
0.9197222222222216
0.9058333333333334
0.9172222222222219
0.9258333333333335
0.9355555555555555
0.8847222222222223
0.9147222222222221
0.9180555555555553
0.9194444444444447
0.893888888888889
0.9002777777777775
0.8944444444444446
0.9119444444444446
0.9358333333333333
0.9325000000000002
0.898333333333333
0.8986111111111112
0.9161111111111109
0.8908333333333331
0.9169444444444442
0.9191666666666665
0.9236111111111113
0.8883333333333339
0.913611111111111
0.9111111111111109
0.9011111111111106
0.9038888888888885
0.9094444444444447
0.8955555555555554
0.8908333333333329
0.9186111111111108
0.9177777777777777
0.9313888888888886
0.9105555555555552
0.8902777777777775
0.9075
0.919444444444444
0.9161111111111114
0.9063888888888888
0.8930555555555558
0.9374999999999998
0.8922222222222219
0.8908333333333335
0.9247222222222223
0.9008333333333335
0.8888888888888887
0.9222222222222226
0.9297222222222217
0.9150000000000001
0.8844444444444446
0.9227777777777781
0.9347222222222219
0.8719444444444444
0.9208333333333332
0.9047222222222223
