0.9536111111111109
0.9569444444444447
0.9488888888888888
0.9305555555555555
0.9499999999999996
0.9599999999999999
0.962777777777778
0.9558333333333333
0.9652777777777779
0.9661111111111108
0.9497222222222221
0.9425
0.9588888888888888
0.9547222222222222
0.9641666666666665
0.9466666666666667
0.9441666666666668
0.9508333333333333
0.9619444444444442
0.9625
0.9477777777777777
0.9402777777777773
0.9561111111111112
0.9575
0.9491666666666667
0.9597222222222225
0.9574999999999998
0.9411111111111112
0.9569444444444444
0.9405555555555555
0.9541666666666668
0.9538888888888891
0.9424999999999997
0.9641666666666671
0.9563888888888887
0.9438888888888888
0.9494444444444445
0.9619444444444446
0.9533333333333331
0.9491666666666665
0.9461111111111115
0.9605555555555553
0.938888888888889
0.9588888888888888
0.9605555555555558
0.9705555555555554
0.9538888888888888
0.9533333333333334
0.9433333333333335
0.9555555555555556
0.9536111111111111
0.9622222222222221
0.9588888888888891
0.9605555555555556
0.9644444444444445
0.951111111111111
0.9569444444444444
0.9497222222222225
0.9583333333333331
0.9383333333333331
0.9474999999999998
0.9591666666666665
0.9583333333333329
0.9547222222222227
0.9522222222222223
0.9575
0.9497222222222222
0.9586111111111112
0.9605555555555554
0.9558333333333333
0.9624999999999998
0.9277777777777779
0.955
0.9455555555555558
0.9486111111111112
0.9477777777777779
0.94
0.9658333333333338
0.9524999999999998
0.9552777777777776
0.9491666666666665
0.9463888888888893
0.9511111111111109
0.9527777777777775
0.9594444444444445
0.9522222222222219
0.9483333333333334
0.9416666666666667
0.9330555555555556
0.9494444444444445
0.9419444444444444
0.9616666666666664
0.9394444444444447
0.9625
0.9513888888888886
0.97
0.9555555555555556
0.9602777777777779
0.9597222222222223
0.9625
0.9555555555555554
0.9363888888888887
0.9536111111111112
0.9624999999999998
0.9680555555555554
0.9558333333333335
0.9663888888888892
0.9441666666666665
0.9591666666666663
0.9591666666666665
0.9530555555555552
0.9688888888888888
0.9641666666666666
0.962777777777778
0.9552777777777777
0.9588888888888889
0.9466666666666667
0.9516666666666664
0.9647222222222221
0.9427777777777779
0.9502777777777776
0.9533333333333331
0.9580555555555558
0.9541666666666668
0.9475000000000002
0.9480555555555557
0.9427777777777779
0.9502777777777776
0.956111111111111
0.9552777777777777
0.9497222222222222
0.9422222222222223
0.9419444444444444
0.9377777777777777
0.9425
0.9577777777777775
0.9511111111111109
0.9466666666666664
0.9591666666666668
0.9527777777777781
0.9586111111111114
0.9550000000000002
0.9402777777777778
0.9597222222222225
0.9538888888888888
0.9180555555555554
0.9530555555555554
0.9352777777777779
0.9574999999999998
0.9463888888888892
0.9397222222222225
0.9480555555555554
0.9447222222222221
0.9558333333333335
0.9522222222222225
0.9408333333333333
0.9622222222222221
0.952777777777778
0.9591666666666666
0.9399999999999998
0.957777777777778
0.9355555555555556
0.9644444444444442
0.93
0.9488888888888888
0.9477777777777775
0.9436111111111111
0.9558333333333333
0.9647222222222221
0.9663888888888892
0.9566666666666664
0.9483333333333337
0.9533333333333331
0.9374999999999998
0.9575000000000002
0.9374999999999998
0.9511111111111107
0.9608333333333331
0.9536111111111111
0.9638888888888889
0.9783333333333335
0.9594444444444444
0.9502777777777777
0.9566666666666664
0.9525000000000002
0.9533333333333334
0.9302777777777778
0.9572222222222221
0.9413888888888886
0.9516666666666667
0.9572222222222223
0.9494444444444444
