0.9641666666666665
0.9641666666666666
0.9677777777777777
0.9508333333333338
0.969722222222222
0.9647222222222221
0.9527777777777777
0.9741666666666666
0.9541666666666663
0.9594444444444442
0.9605555555555554
0.9722222222222223
0.9641666666666668
0.9591666666666665
0.9602777777777777
0.9538888888888886
0.9597222222222223
0.9766666666666667
0.9616666666666667
0.937222222222222
0.961111111111111
0.9722222222222221
0.9725000000000001
0.9558333333333333
0.9616666666666669
0.9638888888888889
0.9566666666666667
0.9663888888888885
0.9561111111111112
0.9641666666666666
0.9544444444444445
0.9766666666666665
0.966388888888889
0.9691666666666666
0.9677777777777777
0.9638888888888891
0.9755555555555553
0.9724999999999998
0.9733333333333335
0.9566666666666663
0.9594444444444444
0.9605555555555556
0.9636111111111111
0.9525000000000002
0.9455555555555555
0.9666666666666669
0.9613888888888887
0.9672222222222223
0.9533333333333335
0.9591666666666663
0.9566666666666663
0.9547222222222221
0.9580555555555557
0.9600000000000002
0.9480555555555558
0.9502777777777777
0.9711111111111115
0.9744444444444443
0.9527777777777777
0.9591666666666665
0.9580555555555552
0.9702777777777779
0.9725000000000001
0.9538888888888888
0.9472222222222221
0.9766666666666669
0.9380555555555556
0.9505555555555553
0.9494444444444444
0.9630555555555557
0.9702777777777781
0.9577777777777781
0.9566666666666667
0.9483333333333334
0.9666666666666669
0.9591666666666666
0.9561111111111112
0.9497222222222221
0.9547222222222219
0.9572222222222225
0.9616666666666667
0.9591666666666666
0.9727777777777777
0.9608333333333331
0.9619444444444446
0.9691666666666665
0.9697222222222223
0.9725
0.9661111111111108
0.9541666666666667
0.9630555555555558
0.9569444444444444
0.9661111111111108
0.9547222222222221
0.9586111111111114
0.9588888888888891
0.9755555555555553
0.9580555555555554
0.9522222222222221
0.9705555555555558
0.9536111111111112
0.9630555555555552
0.9713888888888887
0.9716666666666665
0.9727777777777777
0.951388888888889
0.9683333333333332
0.9677777777777777
0.9630555555555554
0.9561111111111112
0.9752777777777777
0.9469444444444441
0.9511111111111109
0.9675
0.9624999999999996
0.970833333333333
0.9597222222222221
0.9711111111111113
0.9547222222222222
0.9683333333333334
0.9677777777777777
0.9508333333333333
0.9691666666666666
0.9569444444444447
0.9758333333333336
0.9622222222222223
0.9519444444444441
0.9569444444444446
0.9641666666666666
0.9522222222222223
0.9672222222222224
0.9683333333333334
0.9577777777777777
0.9705555555555556
0.9752777777777779
0.9641666666666665
0.9700000000000002
0.9686111111111109
0.9583333333333334
0.9508333333333335
0.9780555555555556
0.9680555555555557
0.9541666666666667
0.9680555555555554
0.961388888888889
0.9563888888888892
0.9572222222222221
0.9594444444444442
0.971388888888889
0.9536111111111116
0.9547222222222222
0.9700000000000002
0.9547222222222221
0.9366666666666664
0.9525
0.9658333333333331
0.9636111111111111
0.9577777777777781
0.9555555555555556
0.9558333333333331
0.9563888888888887
0.9594444444444448
0.9788888888888888
0.9447222222222222
0.9566666666666667
0.9652777777777779
0.9747222222222223
0.9577777777777777
0.9641666666666668
0.9541666666666665
0.9602777777777777
0.9694444444444443
0.9563888888888892
0.9655555555555559
0.9608333333333333
0.9666666666666667
0.9608333333333333
0.9569444444444444
0.9605555555555553
0.9669444444444447
0.9583333333333331
0.9666666666666665
0.9730555555555555
0.9691666666666665
0.9633333333333335
0.9580555555555557
0.9613888888888887
0.9547222222222219
0.9616666666666664
0.9602777777777781
0.966388888888889
0.9580555555555557
