0.9858333333333336
0.991388888888889
0.9905555555555554
0.9872222222222224
0.979722222222222
0.9833333333333332
0.9825
0.9844444444444446
0.988611111111111
0.9838888888888891
0.9891666666666665
0.9905555555555554
0.9872222222222223
0.9886111111111112
0.9844444444444443
0.9841666666666666
0.9930555555555556
0.9833333333333333
0.9908333333333336
0.9872222222222221
0.98
0.9833333333333333
0.9922222222222223
0.9844444444444446
0.9880555555555552
0.9908333333333331
0.9852777777777777
0.9908333333333329
0.9897222222222223
0.981388888888889
0.9888888888888889
0.9902777777777779
0.9830555555555555
0.988611111111111
0.9872222222222221
0.9769444444444444
0.9916666666666665
0.9869444444444442
0.9902777777777779
0.9880555555555556
0.99
0.9902777777777777
0.9880555555555556
0.9844444444444443
0.9838888888888889
0.9877777777777778
0.9858333333333336
0.9805555555555556
0.9905555555555554
0.99
0.985
0.9852777777777779
0.9927777777777778
0.9797222222222223
0.9875
0.9875
0.9838888888888888
0.9863888888888888
0.9880555555555556
0.9855555555555556
0.9861111111111113
0.9913888888888885
0.988611111111111
0.9780555555555555
0.981111111111111
0.9836111111111111
0.9902777777777777
0.9758333333333333
0.9899999999999998
0.9897222222222223
0.9880555555555556
0.9875
0.9724999999999996
0.9744444444444448
0.9908333333333333
0.9886111111111109
0.9777777777777779
0.9816666666666667
0.995
0.985
0.9922222222222223
0.9936111111111112
0.9819444444444446
0.9813888888888891
0.986944444444444
0.986111111111111
0.9847222222222219
0.9894444444444446
0.9877777777777775
0.984722222222222
0.984722222222222
0.9877777777777781
0.976111111111111
0.9863888888888885
0.99
0.9908333333333331
0.9736111111111111
0.9836111111111112
0.9908333333333333
0.9800000000000002
0.9858333333333333
0.9758333333333333
0.9844444444444443
0.985
0.9894444444444443
0.9858333333333331
0.9866666666666665
0.9897222222222225
0.9791666666666669
0.9916666666666665
0.9897222222222223
0.991111111111111
0.9897222222222223
0.9805555555555556
0.9836111111111111
0.9866666666666667
0.991111111111111
0.991111111111111
0.995
0.9886111111111109
0.983333333333333
0.9883333333333333
0.9858333333333333
0.995
0.9816666666666669
0.9913888888888888
0.9866666666666667
0.9836111111111112
0.9844444444444446
0.9869444444444444
0.9925000000000002
0.9861111111111113
0.9858333333333333
0.9847222222222223
0.9880555555555556
0.9861111111111113
0.9852777777777779
0.9836111111111107
0.985
0.9838888888888888
0.9891666666666666
0.9894444444444443
0.9877777777777779
0.98
0.9777777777777779
0.9888888888888889
0.9866666666666667
0.9886111111111112
0.984722222222222
0.9875
0.9891666666666669
0.9880555555555552
0.9875000000000002
0.9825
0.9852777777777779
0.991111111111111
0.9899999999999998
0.9841666666666669
0.9877777777777779
0.9836111111111114
0.9844444444444443
0.9877777777777779
0.9888888888888889
0.9880555555555555
0.9769444444444446
0.9899999999999998
0.991111111111111
0.984722222222222
0.9866666666666668
0.9866666666666667
0.9861111111111113
0.988611111111111
0.9880555555555555
0.981388888888889
0.9880555555555556
0.9891666666666665
0.9805555555555556
0.988611111111111
0.9891666666666666
0.976111111111111
0.9819444444444446
0.9916666666666668
0.9866666666666667
0.9891666666666666
0.9844444444444446
0.9799999999999998
0.9888888888888889
0.991111111111111
0.9916666666666667
0.9847222222222219
0.9880555555555556
0.9852777777777777
