-0.990625
-0.9899999999999999
-0.9922916666666667
-0.9800000000000001
-0.9877083333333332
-0.9939583333333334
-0.9933333333333333
-0.9906250000000001
-0.9900000000000001
-0.991875
-0.9910416666666667
-0.9885416666666668
-0.9900000000000001
-0.9956249999999999
-0.9945833333333333
-0.9802083333333337
-0.9814583333333333
-0.981875
-0.9883333333333332
-0.9852083333333336
-0.9885416666666665
-0.9879166666666671
-0.9912500000000003
-0.990625
-0.9870833333333331
-0.993125
-0.9922916666666667
-0.9854166666666666
-0.9893749999999996
-0.9925
-0.982916666666667
-0.9933333333333333
-0.9916666666666665
-0.988125
-0.9935416666666668
-0.98375
-0.9852083333333335
-0.9939583333333334
-0.9847916666666667
-0.9939583333333336
-0.9891666666666664
-0.9904166666666667
-0.9922916666666667
-0.9825000000000003
-0.9927083333333334
-0.9904166666666666
-0.9939583333333333
-0.9914583333333336
-0.9900000000000003
-0.9877083333333332
-0.9868750000000002
-0.9893750000000001
-0.9922916666666667
-0.9889583333333334
-0.9945833333333333
-0.9868750000000002
-0.9918749999999998
-0.9895833333333333
-0.9941666666666668
-0.9860416666666666
-0.9910416666666668
-0.9908333333333337
-0.9897916666666668
-0.9922916666666667
-0.9741666666666666
-0.9860416666666666
-0.9837499999999999
-0.9814583333333334
-0.9866666666666667
-0.9870833333333333
-0.9947916666666667
-0.990625
-0.990625
-0.9885416666666668
-0.9910416666666668
-0.9864583333333331
-0.9893750000000004
-0.9870833333333334
-0.9881250000000001
-0.9933333333333334
-0.9866666666666666
-0.9939583333333334
-0.9843750000000001
-0.9883333333333336
-0.9893750000000001
-0.9858333333333333
-0.9916666666666668
-0.9877083333333334
-0.9810416666666666
-0.9895833333333333
-0.9868749999999997
-0.9918749999999998
-0.9927083333333333
-0.991875
-0.9895833333333333
-0.9854166666666664
-0.990625
-0.9918750000000003
-0.9858333333333335
-0.9937500000000002
-0.99375
-0.9939583333333334
-0.9945833333333333
-0.9895833333333335
-0.9858333333333331
-0.9891666666666665
-0.9870833333333333
-0.9754166666666667
-0.9947916666666669
-0.9939583333333333
-0.9885416666666669
-0.9874999999999998
-0.986041666666667
-0.9833333333333333
-0.9924999999999998
-0.9925
-0.9864583333333334
-0.989375
-0.9875
-0.9902083333333336
-0.9910416666666667
-0.9906249999999999
-0.9908333333333336
-0.9854166666666668
-0.9866666666666667
-0.9847916666666666
-0.9885416666666665
-0.9883333333333334
-0.9916666666666667
-0.9933333333333336
-0.9893749999999997
-0.9889583333333334
-0.9925
-0.9881250000000001
-0.9825
-0.9899999999999999
-0.9883333333333333
-0.9897916666666667
-0.9925000000000003
-0.9904166666666666
-0.9925
-0.9964583333333334
-0.9908333333333331
-0.9908333333333332
-0.9927083333333333
-0.9877083333333334
-0.9875
-0.9877083333333334
-0.9908333333333332
-0.9908333333333336
-0.9920833333333334
-0.9902083333333332
-0.9912499999999999
-0.9887500000000001
-0.9845833333333336
-0.986875
-0.9895833333333335
-0.9914583333333336
-0.9858333333333333
-0.9879166666666669
-0.9895833333333336
-0.9929166666666667
-0.995
-0.9922916666666666
-0.9931249999999998
-0.9902083333333335
-0.9879166666666667
-0.9935416666666665
-0.9941666666666665
-0.9875
-0.9818749999999998
-0.9927083333333333
-0.9895833333333335
-0.9902083333333332
-0.9866666666666666
-0.9929166666666667
-0.9920833333333335
-0.9920833333333334
-0.9922916666666669
-0.9891666666666667
-0.9872916666666666
-0.98875
-0.9852083333333336
-0.9810416666666666
-0.9912500000000002
-0.9939583333333332
-0.990625
-0.9906250000000003
-0.9933333333333334
-0.9956250000000001
-0.9945833333333333
-0.9906250000000003
