-0.9831250000000001
-0.9908333333333335
-0.9914583333333337
-0.9870833333333333
-0.9872916666666669
-0.9833333333333332
-0.9781249999999999
-0.9768750000000002
-0.9864583333333334
-0.9889583333333336
-0.9749999999999998
-0.9870833333333335
-0.9837499999999999
-0.981666666666667
-0.968125
-0.9860416666666667
-0.9835416666666668
-0.9945833333333333
-0.983541666666667
-0.9843750000000001
-0.9870833333333335
-0.9872916666666669
-0.9731250000000002
-0.9868750000000002
-0.9837499999999999
-0.9829166666666667
-0.9877083333333333
-0.9858333333333336
-0.988125
-0.9858333333333335
-0.9829166666666667
-0.9731250000000002
-0.9858333333333336
-0.9831250000000001
-0.9931250000000001
-0.9739583333333336
-0.9789583333333334
-0.9766666666666666
-0.9797916666666672
-0.9779166666666669
-0.9870833333333333
-0.9793750000000001
-0.9925000000000003
-0.9889583333333334
-0.9714583333333331
-0.981041666666667
-0.980625
-0.990625
-0.9845833333333335
-0.9893750000000001
-0.9783333333333332
-0.9866666666666666
-0.9837499999999999
-0.9804166666666667
-0.9814583333333334
-0.9779166666666669
-0.99125
-0.9758333333333334
-0.9858333333333336
-0.9893750000000001
-0.9841666666666665
-0.9887500000000001
-0.9854166666666667
-0.9749999999999998
-0.9860416666666668
-0.9743750000000003
-0.9872916666666669
-0.9714583333333333
-0.9833333333333334
-0.9827083333333333
-0.9766666666666666
-0.9797916666666666
-0.9845833333333331
-0.9818750000000003
-0.9799999999999999
-0.9827083333333337
-0.980416666666667
-0.9783333333333334
-0.9839583333333333
-0.9689583333333328
-0.9843749999999999
-0.9820833333333334
-0.9833333333333333
-0.9850000000000003
-0.9862499999999998
-0.9802083333333332
-0.9775
-0.9875
-0.9850000000000001
-0.9814583333333333
-0.9885416666666668
-0.9770833333333332
-0.9920833333333335
-0.9879166666666666
-0.9870833333333334
-0.9772916666666666
-0.9864583333333337
-0.9858333333333336
-0.983125
-0.9864583333333335
-0.9864583333333331
-0.9822916666666666
-0.9772916666666667
-0.9837499999999999
-0.9670833333333334
-0.9860416666666667
-0.9735416666666669
-0.9887500000000001
-0.988125
-0.9808333333333336
-0.9789583333333334
-0.9887500000000002
-0.987916666666667
-0.9833333333333333
-0.9806250000000003
-0.9808333333333333
-0.9810416666666667
-0.9829166666666664
-0.9812500000000002
-0.9804166666666666
-0.9877083333333333
-0.9775
-0.9881249999999998
-0.9914583333333334
-0.9835416666666668
-0.9816666666666667
-0.9814583333333339
-0.9814583333333333
-0.9808333333333334
-0.9837500000000002
-0.9795833333333331
-0.9862500000000002
-0.9806249999999999
-0.9829166666666667
-0.9802083333333336
-0.9760416666666666
-0.9881249999999997
-0.98
-0.9860416666666667
-0.978958333333333
-0.9872916666666669
-0.986041666666667
-0.9879166666666667
-0.9825000000000002
-0.9722916666666667
-0.9822916666666666
-0.9841666666666667
-0.981666666666667
-0.9872916666666667
-0.9797916666666668
-0.989375
-0.9897916666666667
-0.9847916666666668
-0.9889583333333333
-0.9839583333333333
-0.9868750000000002
-0.981666666666667
-0.9843750000000001
-0.9785416666666668
-0.9831250000000001
-0.9939583333333336
-0.9881250000000001
-0.985625
-0.9843750000000003
-0.9839583333333334
-0.9789583333333334
-0.9802083333333335
-0.9854166666666668
-0.9772916666666664
-0.984583333333333
-0.9764583333333334
-0.9804166666666667
-0.9852083333333336
-0.9908333333333331
-0.9883333333333333
-0.9829166666666664
-0.9785416666666665
-0.9895833333333333
-0.9825000000000002
-0.9889583333333332
-0.9870833333333334
-0.9825000000000002
-0.988125
-0.9766666666666665
-0.9754166666666666
-0.9870833333333335
-0.983541666666667
-0.9806249999999999
-0.9695833333333337
-0.9910416666666666
-0.9895833333333335
-0.9875
