-0.8204166666666666
-0.880833333333333
-0.8495833333333336
-0.8347916666666667
-0.7452083333333333
-0.8793749999999999
-0.8572916666666669
-0.8647916666666667
-0.906041666666667
-0.8631250000000003
-0.8943749999999998
-0.8393750000000003
-0.8527083333333334
-0.869375
-0.8143749999999998
-0.8429166666666664
-0.8366666666666667
-0.9024999999999999
-0.8327083333333336
-0.8554166666666666
-0.8647916666666668
-0.8802083333333333
-0.8741666666666669
-0.8397916666666667
-0.8662500000000003
-0.8981250000000003
-0.8816666666666664
-0.8933333333333333
-0.8718749999999998
-0.7760416666666665
-0.8035416666666664
-0.8777083333333331
-0.8679166666666669
-0.8679166666666667
-0.8479166666666669
-0.8664583333333333
-0.904375
-0.8620833333333333
-0.8627083333333333
-0.8712499999999999
-0.8564583333333331
-0.8662500000000002
-0.87
-0.8358333333333333
-0.8435416666666669
-0.9052083333333333
-0.87625
-0.834166666666667
-0.8610416666666666
-0.8506250000000002
-0.8706249999999998
-0.8377083333333336
-0.8289583333333335
-0.8866666666666667
-0.8385416666666665
-0.8595833333333333
-0.8775
-0.8718750000000002
-0.8141666666666663
-0.8997916666666664
-0.8895833333333336
-0.8681249999999997
-0.8208333333333333
-0.8287500000000004
-0.8591666666666665
-0.8566666666666666
-0.881875
-0.8793749999999999
-0.8754166666666666
-0.8747916666666664
-0.8593750000000004
-0.8716666666666668
-0.8414583333333334
-0.8304166666666666
-0.8652083333333332
-0.87125
-0.8974999999999999
-0.8333333333333328
-0.863541666666667
-0.8687499999999997
-0.8922916666666667
-0.8674999999999998
-0.8212499999999998
-0.8431249999999995
-0.8485416666666667
-0.8731250000000003
-0.8641666666666669
-0.8614583333333334
-0.8550000000000001
-0.8672916666666666
-0.8412499999999996
-0.8700000000000003
-0.8416666666666666
-0.8693749999999996
-0.7989583333333331
-0.8670833333333339
-0.8739583333333334
-0.8872916666666665
-0.8622916666666662
-0.81
-0.883958333333333
-0.8749999999999996
-0.8139583333333336
-0.8516666666666669
-0.8608333333333333
-0.7972916666666666
-0.8864583333333337
-0.8633333333333333
-0.8895833333333332
-0.8406249999999998
-0.8112499999999996
-0.8668750000000002
-0.8554166666666667
-0.849375
-0.8508333333333336
-0.8158333333333332
-0.8522916666666669
-0.7999999999999996
-0.8870833333333336
-0.8939583333333334
-0.8435416666666664
-0.8597916666666666
-0.8745833333333333
-0.8733333333333335
-0.842291666666667
-0.8433333333333332
-0.8439583333333331
-0.8729166666666666
-0.8014583333333334
-0.8718750000000002
-0.8774999999999997
-0.8525000000000001
-0.8368750000000003
-0.8493750000000003
-0.903333333333333
-0.920625
-0.7977083333333332
-0.83625
-0.8610416666666671
-0.8545833333333333
-0.840625
-0.8789583333333332
-0.8641666666666672
-0.8512500000000002
-0.8483333333333336
-0.8689583333333334
-0.8908333333333335
-0.8616666666666666
-0.8787500000000001
-0.8808333333333332
-0.8825000000000003
-0.8566666666666666
-0.8729166666666666
-0.84125
-0.84125
-0.8587500000000001
-0.8768750000000003
-0.8670833333333331
-0.86875
-0.8412499999999998
-0.8697916666666663
-0.8843750000000005
-0.8543749999999999
-0.8397916666666667
-0.8729166666666669
-0.8383333333333334
-0.8499999999999999
-0.859583333333333
-0.7675000000000002
-0.8804166666666664
-0.8818750000000002
-0.8595833333333336
-0.8772916666666667
-0.8385416666666667
-0.8522916666666664
-0.8143749999999997
-0.8256249999999998
-0.8754166666666666
-0.8575000000000002
-0.8935416666666666
-0.8433333333333332
-0.8785416666666661
-0.8529166666666664
-0.8785416666666669
-0.8485416666666669
-0.8504166666666664
-0.8400000000000002
-0.8452083333333335
-0.8524999999999996
-0.8689583333333334
-0.8645833333333335
-0.8418749999999997
