-0.8514583333333331
-0.8379166666666668
-0.7893749999999998
-0.8222916666666665
-0.8770833333333334
-0.8514583333333331
-0.846666666666667
-0.7360416666666668
-0.8612499999999996
-0.8485416666666669
-0.8047916666666666
-0.8241666666666666
-0.8556250000000003
-0.8870833333333336
-0.8543750000000001
-0.8391666666666666
-0.8695833333333333
-0.8364583333333333
-0.8906249999999997
-0.893958333333333
-0.8133333333333332
-0.8389583333333331
-0.858125
-0.859791666666667
-0.7850000000000001
-0.8222916666666663
-0.8483333333333333
-0.86625
-0.8387499999999999
-0.8291666666666664
-0.8675000000000004
-0.8020833333333333
-0.8791666666666663
-0.82125
-0.8770833333333337
-0.823333333333333
-0.8827083333333333
-0.8643750000000001
-0.8618750000000002
-0.8697916666666664
-0.8520833333333335
-0.8533333333333338
-0.8627083333333337
-0.8710416666666668
-0.8695833333333333
-0.8639583333333333
-0.796041666666667
-0.7929166666666666
-0.8745833333333337
-0.8881249999999998
-0.80125
-0.8483333333333334
-0.8064583333333333
-0.8589583333333333
-0.8281249999999999
-0.865625
-0.8597916666666667
-0.7847916666666664
-0.8197916666666667
-0.8229166666666665
-0.875625
-0.8237499999999998
-0.8406249999999997
-0.8552083333333335
-0.8875
-0.8920833333333337
-0.7954166666666669
-0.829375
-0.8056250000000003
-0.8439583333333335
-0.8402083333333333
-0.7752083333333332
-0.8756249999999999
-0.8200000000000002
-0.85125
-0.8020833333333333
-0.8562499999999998
-0.9004166666666664
-0.8502083333333337
-0.8272916666666663
-0.8408333333333333
-0.835416666666667
-0.85
-0.7941666666666662
-0.8612500000000004
-0.8354166666666666
-0.8222916666666668
-0.8327083333333334
-0.8639583333333336
-0.8445833333333331
-0.8308333333333339
-0.8433333333333328
-0.8270833333333333
-0.8775
-0.855
-0.8347916666666668
-0.8514583333333333
-0.87375
-0.8670833333333334
-0.85125
-0.8377083333333333
-0.861875
-0.8074999999999999
-0.8564583333333331
-0.865
-0.851875
-0.8366666666666666
-0.8249999999999998
-0.8154166666666662
-0.8699999999999999
-0.8210416666666661
-0.8514583333333333
-0.8216666666666664
-0.8481250000000002
-0.8602083333333331
-0.8593750000000003
-0.8585416666666664
-0.8977083333333333
-0.8375000000000002
-0.8372916666666664
-0.8837500000000006
-0.8510416666666666
-0.8379166666666664
-0.8379166666666668
-0.8410416666666666
-0.8164583333333333
-0.8585416666666665
-0.8864583333333336
-0.8447916666666667
-0.8081249999999999
-0.799375
-0.8339583333333335
-0.8493750000000004
-0.8120833333333333
-0.8427083333333333
-0.8345833333333336
-0.8279166666666663
-0.8314583333333337
-0.8585416666666669
-0.8422916666666669
-0.8189583333333335
-0.8439583333333331
-0.8260416666666669
-0.8966666666666667
-0.8570833333333333
-0.8525
-0.8610416666666666
-0.8862500000000003
-0.8525
-0.7843750000000003
-0.8691666666666669
-0.811041666666667
-0.8116666666666664
-0.8616666666666666
-0.7975000000000003
-0.851875
-0.8460416666666667
-0.8937499999999998
-0.87625
-0.826458333333333
-0.8372916666666669
-0.8806250000000001
-0.8199999999999997
-0.8477083333333332
-0.7685416666666662
-0.8089583333333333
-0.8802083333333336
-0.8072916666666659
-0.8414583333333333
-0.7958333333333336
-0.8654166666666672
-0.8452083333333333
-0.8924999999999998
-0.8300000000000003
-0.8402083333333334
-0.7916666666666667
-0.8660416666666666
-0.8043749999999998
-0.7858333333333332
-0.8443750000000001
-0.8331250000000001
-0.8677083333333334
-0.8497916666666667
-0.8231249999999999
-0.8358333333333334
-0.9029166666666668
-0.8704166666666664
-0.8045833333333333
-0.8214583333333327
-0.8295833333333331
-0.8387500000000001
-0.7872916666666673
