-0.47958333333333336
-0.40687499999999976
-0.24375000000000002
-0.30437500000000006
-0.3691666666666666
-0.29229166666666656
-0.32812500000000006
-0.2595833333333335
-0.3670833333333334
-0.2729166666666667
-0.32812499999999994
-0.46229166666666666
-0.36645833333333333
-0.3414583333333334
-0.4425
-0.2483333333333333
-0.3808333333333332
-0.38062500000000016
-0.31895833333333345
-0.381875
-0.2508333333333333
-0.36687499999999995
-0.23604166666666657
-0.4270833333333334
-0.35020833333333323
-0.3075
-0.3595833333333332
-0.3197916666666666
-0.3350000000000001
-0.2570833333333334
-0.3052083333333334
-0.4237499999999999
-0.3889583333333333
-0.24895833333333328
-0.4383333333333333
-0.40937499999999993
-0.22500000000000003
-0.2991666666666667
-0.39791666666666664
-0.3210416666666667
-0.5045833333333334
-0.3020833333333334
-0.31854166666666667
-0.30187499999999995
-0.4370833333333332
-0.4447916666666665
-0.46875000000000006
-0.27270833333333333
-0.3450000000000001
-0.31229166666666663
-0.3283333333333334
-0.34729166666666667
-0.28437500000000004
-0.25354166666666667
-0.3414583333333333
-0.3472916666666667
-0.3872916666666669
-0.4397916666666664
-0.40624999999999994
-0.31999999999999984
-0.41125000000000006
-0.30208333333333326
-0.4575000000000001
-0.2475
-0.19437499999999996
-0.2527083333333333
-0.3474999999999999
-0.5131249999999999
-0.47083333333333344
-0.1531250000000001
-0.32375
-0.28937499999999994
-0.3456249999999999
-0.3191666666666667
-0.32770833333333327
-0.3506249999999999
-0.2895833333333334
-0.1891666666666666
-0.39229166666666687
-0.47229166666666667
-0.1925
-0.17145833333333335
-0.3210416666666668
-0.38770833333333354
-0.22520833333333334
-0.4185416666666667
-0.4145833333333334
-0.3795833333333332
-0.3527083333333334
-0.2802083333333332
-0.3589583333333334
-0.46166666666666667
-0.32770833333333327
-0.45416666666666683
-0.11166666666666662
-0.46625
-0.19229166666666672
-0.4041666666666666
-0.14875000000000005
-0.4579166666666667
-0.25749999999999995
-0.4041666666666666
-0.40270833333333333
-0.30333333333333334
-0.329375
-0.32208333333333333
-0.334375
-0.4145833333333335
-0.42541666666666644
-0.30562500000000004
-0.31749999999999995
-0.3839583333333334
-0.4458333333333333
-0.465625
-0.13208333333333333
-0.4643750000000002
-0.3424999999999999
-0.2825
-0.2579166666666667
-0.15291666666666673
-0.39333333333333337
-0.2829166666666666
-0.29687500000000006
-0.21312499999999995
-0.28541666666666665
-0.22854166666666667
-0.3572916666666668
-0.2908333333333333
-0.3141666666666666
-0.36250000000000004
-0.39270833333333327
-0.33812499999999995
-0.4810416666666668
-0.3237500000000001
-0.39083333333333337
-0.335625
-0.3947916666666667
-0.33208333333333345
-0.44208333333333344
-0.33374999999999994
-0.2268750000000001
-0.37791666666666657
-0.29458333333333336
-0.34604166666666664
-0.2962499999999999
-0.2624999999999999
-0.35541666666666677
-0.3135416666666667
-0.44604166666666656
-0.42562499999999986
-0.30333333333333334
-0.4118750000000002
-0.21562499999999996
-0.3408333333333335
-0.2762499999999999
-0.24125
-0.18666666666666665
-0.2914583333333334
-0.17749999999999994
-0.4174999999999999
-0.41729166666666656
-0.2879166666666666
-0.43541666666666645
-0.22041666666666665
-0.2662500000000001
-0.31
-0.3570833333333332
-0.3672916666666668
-0.3352083333333333
-0.2972916666666666
-0.459375
-0.24020833333333333
-0.1964583333333332
-0.38375000000000037
-0.13875
-0.2633333333333334
-0.23937499999999992
-0.24729166666666658
-0.33104166666666657
-0.40375000000000016
-0.4279166666666667
-0.3864583333333331
-0.3902083333333334
-0.28479166666666667
-0.3614583333333335
-0.30666666666666664
-0.4008333333333334
-0.43375
-0.4366666666666669
-0.5752083333333335
-0.4375
-0.27875000000000016
