0.7364583333333335
0.8450000000000002
0.7499999999999999
0.7627083333333334
0.8264583333333335
0.7916666666666665
0.8043749999999998
0.6960416666666667
0.695
0.7608333333333337
0.7683333333333334
0.7270833333333334
0.7366666666666666
0.8614583333333334
0.6974999999999997
0.8054166666666669
0.7333333333333332
0.7468750000000004
0.7222916666666666
0.8066666666666669
0.7395833333333335
0.765
0.8429166666666669
0.7060416666666666
0.7716666666666663
0.7735416666666667
0.7954166666666665
0.7447916666666667
0.8016666666666665
0.802291666666667
0.8410416666666667
0.7583333333333332
0.7962500000000001
0.7122916666666665
0.7520833333333334
0.7397916666666664
0.7437499999999999
0.7847916666666666
0.7597916666666665
0.7650000000000001
0.766666666666666
0.6066666666666666
0.7281249999999999
0.681875
0.7920833333333333
0.6652083333333334
0.7785416666666666
0.8345833333333335
0.7581250000000002
0.8279166666666665
0.7552083333333333
0.7427083333333333
0.7754166666666668
0.7864583333333333
0.7637500000000003
0.7731249999999998
0.6864583333333332
0.773541666666667
0.8120833333333332
0.7083333333333333
0.7618750000000002
0.6670833333333333
0.7316666666666661
0.7556250000000001
0.7166666666666663
0.7870833333333331
0.8218750000000002
0.807083333333333
0.7904166666666669
0.7262499999999997
0.7147916666666667
0.7185416666666665
0.7620833333333336
0.710625
0.7829166666666666
0.8077083333333336
0.671875
0.6877083333333336
0.7660416666666667
0.7808333333333336
0.7685416666666667
0.8293749999999998
0.7883333333333334
0.7679166666666666
0.7468750000000003
0.7583333333333335
0.7425
0.7814583333333331
0.7891666666666666
0.8260416666666669
0.7427083333333333
0.7914583333333334
0.7031250000000001
0.75625
0.7760416666666665
0.776875
0.8077083333333336
0.7631250000000002
0.6477083333333333
0.7685416666666666
0.8139583333333333
0.6566666666666667
0.778541666666667
0.7822916666666666
0.7487500000000001
0.8479166666666671
0.75
0.7283333333333333
0.7920833333333333
0.75
0.754375
0.770625
0.777916666666667
0.7635416666666669
0.6927083333333335
0.7014583333333329
0.7914583333333332
0.7525
0.7729166666666666
0.8554166666666663
0.8224999999999997
0.8458333333333333
0.7345833333333331
0.7091666666666667
0.8152083333333334
0.7800000000000001
0.7885416666666665
0.7845833333333333
0.7202083333333333
0.7449999999999999
0.7033333333333335
0.6485416666666669
0.7537500000000001
0.8347916666666664
0.7431250000000005
0.7666666666666666
0.7562500000000001
0.8510416666666665
0.7054166666666668
0.8670833333333334
0.7125000000000002
0.8112500000000001
0.7397916666666664
0.7820833333333332
0.7362500000000002
0.7585416666666667
0.805625
0.7220833333333333
0.7981250000000003
0.7197916666666667
0.8135416666666667
0.7695833333333336
0.8118749999999997
0.7495833333333336
0.7945833333333333
0.729791666666667
0.7906250000000001
0.7518749999999997
0.7304166666666666
0.7647916666666668
0.6935416666666666
0.7489583333333333
0.8379166666666668
0.7802083333333336
0.7510416666666664
0.7606250000000003
0.768125
0.775625
0.7670833333333336
0.742916666666667
0.7558333333333335
0.8220833333333336
0.7845833333333333
0.7164583333333332
0.8012500000000002
0.6854166666666661
0.7733333333333335
0.684375
0.8470833333333333
0.6941666666666664
0.7445833333333336
0.7816666666666667
0.7710416666666668
0.7691666666666666
0.6949999999999998
0.7339583333333333
0.755625
0.7835416666666667
0.7235416666666664
0.8099999999999996
0.85875
0.7631250000000002
