0.7820833333333332
0.7964583333333334
0.8010416666666664
0.7572916666666668
0.7772916666666672
0.7377083333333333
0.6485416666666666
0.7047916666666668
0.7889583333333331
0.6820833333333333
0.735625
0.6447916666666668
0.7043749999999998
0.80625
0.7958333333333334
0.7775000000000002
0.731875
0.7358333333333331
0.7649999999999999
0.7641666666666665
0.6791666666666666
0.7247916666666668
0.7560416666666667
0.6985416666666666
0.8149999999999998
0.7258333333333331
0.7366666666666665
0.653125
0.7810416666666662
0.7556249999999999
0.7268749999999998
0.7843749999999997
0.7125000000000001
0.703125
0.6829166666666668
0.7681249999999998
0.6902083333333334
0.7183333333333333
0.7668749999999999
0.7845833333333332
0.7047916666666667
0.733541666666667
0.6704166666666669
0.7583333333333333
0.7627083333333333
0.61
0.8358333333333333
0.7522916666666667
0.8020833333333335
0.7197916666666666
0.7904166666666669
0.7720833333333332
0.7633333333333332
0.7156250000000002
0.7387500000000002
0.7812500000000001
0.7847916666666666
0.7185416666666669
0.7004166666666669
0.6556250000000001
0.7727083333333333
0.651875
0.6741666666666668
0.7568749999999997
0.6922916666666664
0.765833333333333
0.7543750000000005
0.7466666666666666
0.7768750000000003
0.70875
0.7414583333333334
0.8535416666666669
0.815833333333333
0.7754166666666668
0.7310416666666667
0.80625
0.8554166666666666
0.6956250000000003
0.8187500000000001
0.77
0.7595833333333332
0.7033333333333336
0.8220833333333333
0.7856249999999999
0.755625
0.7677083333333333
0.7281250000000001
0.7752083333333332
0.7652083333333334
0.7600000000000005
0.7341666666666665
0.7087500000000001
0.7202083333333336
0.6964583333333337
0.7233333333333332
0.7127083333333334
0.8102083333333333
0.7927083333333332
0.7337499999999997
0.7866666666666664
0.7022916666666664
0.7720833333333335
0.7835416666666667
0.761458333333333
0.7164583333333334
0.721875
0.7943750000000003
0.7766666666666668
0.7158333333333335
0.6945833333333336
0.7191666666666666
0.7724999999999997
0.7624999999999998
0.7024999999999999
0.7695833333333336
0.7566666666666667
0.7516666666666665
0.6577083333333336
0.8104166666666667
0.6385416666666667
0.8070833333333332
0.7762499999999999
0.7245833333333335
0.8100000000000002
0.6287500000000003
0.656875
0.7104166666666667
0.6252083333333336
0.7702083333333334
0.7585416666666667
0.703125
0.7325000000000002
0.7489583333333333
0.7545833333333336
0.7689583333333333
0.7693749999999998
0.72625
0.7091666666666667
0.783333333333333
0.8220833333333332
0.7885416666666665
0.7227083333333336
0.7479166666666663
0.7185416666666664
0.8029166666666664
0.6947916666666666
0.6264583333333336
0.7812499999999999
0.6995833333333336
0.7122916666666668
0.6827083333333331
0.7095833333333336
0.6989583333333337
0.6947916666666666
0.7572916666666668
0.7477083333333338
0.7443749999999999
0.8166666666666668
0.7427083333333332
0.7289583333333334
0.7291666666666667
0.7241666666666666
0.717708333333333
0.7470833333333338
0.7791666666666667
0.7668749999999999
0.7108333333333334
0.8052083333333332
0.7791666666666669
0.6385416666666665
0.7462500000000004
0.7585416666666664
0.6991666666666666
0.6935416666666663
0.7843750000000002
0.7483333333333335
0.7193749999999999
0.724583333333333
0.75375
0.7537500000000003
0.7814583333333333
0.6883333333333336
0.669791666666667
0.6458333333333335
0.7499999999999997
0.6679166666666668
0.744375
0.7358333333333333
0.8066666666666668
0.6608333333333333
0.7556250000000003
0.783125
