0.9385416666666664
0.916875
0.9247916666666666
0.9327083333333335
0.9145833333333334
0.9174999999999995
0.9283333333333331
0.9031249999999994
0.9514583333333334
0.8758333333333332
0.9372916666666665
0.9006250000000001
0.9616666666666667
0.9427083333333333
0.9520833333333334
0.920625
0.9314583333333336
0.9360416666666667
0.9162499999999997
0.9518749999999998
0.956875
0.9147916666666667
0.90375
0.9164583333333337
0.9464583333333334
0.9141666666666671
0.9433333333333332
0.894375
0.9260416666666668
0.8737500000000001
0.9270833333333336
0.9475
0.8739583333333334
0.8864583333333332
0.9352083333333334
0.9320833333333332
0.9558333333333331
0.9402083333333329
0.9185416666666666
0.9383333333333337
0.9214583333333333
0.9458333333333335
0.9079166666666665
0.9083333333333329
0.9320833333333336
0.916458333333333
0.9166666666666664
0.9143749999999998
0.9087499999999998
0.9266666666666665
0.9383333333333336
0.9404166666666669
0.9420833333333336
0.9204166666666664
0.9520833333333337
0.9216666666666664
0.9566666666666667
0.9318749999999997
0.9487500000000003
0.920208333333333
0.9410416666666664
0.9285416666666666
0.922083333333333
0.9056249999999999
0.9256250000000003
0.940625
0.9616666666666669
0.9420833333333333
0.9254166666666663
0.9420833333333333
0.9377083333333333
0.9335416666666668
0.954375
0.946875
0.9064583333333338
0.9283333333333335
0.9052083333333336
0.90375
0.9283333333333336
0.9337499999999999
0.9012499999999999
0.9339583333333334
0.9447916666666666
0.931666666666667
0.9245833333333333
0.8937499999999998
0.929375
0.9200000000000002
0.9427083333333333
0.95375
0.9585416666666668
0.9524999999999999
0.9262499999999999
0.9335416666666668
0.9006250000000001
0.9352083333333332
0.9420833333333336
0.9041666666666667
0.9322916666666667
0.907708333333333
0.9093750000000002
0.89625
0.9333333333333331
0.9027083333333331
0.9408333333333333
0.9318749999999999
0.9204166666666665
0.9333333333333335
0.924166666666667
0.8958333333333331
0.906875
0.9241666666666666
0.9335416666666667
0.9564583333333334
0.9414583333333332
0.917708333333333
0.9147916666666669
0.9214583333333333
0.9664583333333332
0.9300000000000002
0.8977083333333334
0.9427083333333331
0.9483333333333336
0.8972916666666666
0.9020833333333337
0.950625
0.9375000000000003
0.8981249999999997
0.8983333333333331
0.9133333333333333
0.9370833333333332
0.9429166666666663
0.8968749999999999
0.9302083333333335
0.9381250000000001
0.9268749999999999
0.9439583333333332
0.9345833333333334
0.9083333333333334
0.9385416666666664
0.9281249999999998
0.9435416666666668
0.9258333333333333
0.9110416666666664
0.8712499999999999
0.9004166666666665
0.9133333333333333
0.92
0.9139583333333334
0.9400000000000003
0.9147916666666669
0.9204166666666664
0.9212500000000002
0.9075
0.9312500000000001
0.9360416666666667
0.9325
0.9445833333333333
0.938958333333333
0.9308333333333333
0.9312500000000001
0.9389583333333333
0.9166666666666665
0.9312499999999997
0.9004166666666668
0.932916666666667
0.9470833333333333
0.924583333333333
0.9375000000000003
0.8845833333333333
0.9139583333333334
0.942708333333333
0.9368750000000001
0.9216666666666667
0.9195833333333334
0.9195833333333333
0.8854166666666665
0.9512500000000003
0.9343750000000007
0.9312500000000001
0.905625
0.8912500000000003
0.92
0.9429166666666667
0.9472916666666665
0.9341666666666666
0.9210416666666663
0.9402083333333335
0.9329166666666667
0.9308333333333334
0.936041666666667
0.9483333333333333
