0.9093749999999998
0.9564583333333333
0.9504166666666667
0.9395833333333333
0.9627083333333334
0.932083333333333
0.9324999999999996
0.9324999999999999
0.9620833333333336
0.9441666666666666
0.9322916666666665
0.9577083333333334
0.9622916666666668
0.9181249999999999
0.9470833333333336
0.9304166666666661
0.9408333333333334
0.9552083333333333
0.9274999999999999
0.9177083333333329
0.96
0.893125
0.9443749999999999
0.9295833333333331
0.947291666666667
0.9227083333333332
0.9335416666666667
0.9179166666666666
0.924375
0.9483333333333337
0.941875
0.9383333333333331
0.9472916666666669
0.9214583333333334
0.9050000000000006
0.9185416666666668
0.9324999999999997
0.9220833333333335
0.9631249999999999
0.9608333333333333
0.9485416666666667
0.9108333333333336
0.9341666666666668
0.9277083333333336
0.9322916666666665
0.9331250000000003
0.9531249999999999
0.9285416666666664
0.9287499999999999
0.9364583333333333
0.9281250000000001
0.9564583333333334
0.9166666666666667
0.9202083333333334
0.9516666666666669
0.9508333333333329
0.9583333333333333
0.9212499999999999
0.9429166666666668
0.9354166666666669
0.9366666666666669
0.9295833333333335
0.9629166666666668
0.916875
0.9050000000000001
0.9622916666666665
0.9375000000000001
0.9302083333333332
0.9262500000000005
0.9427083333333336
0.92875
0.9439583333333331
0.9325
0.920416666666667
0.8914583333333332
0.9391666666666665
0.9129166666666667
0.9212499999999999
0.9618750000000001
0.949583333333333
0.9066666666666667
0.956875
0.9102083333333334
0.91625
0.9433333333333336
0.9508333333333335
0.9250000000000002
0.9368749999999999
0.9297916666666669
0.9343750000000002
0.882291666666667
0.936875
0.910625
0.9214583333333333
0.9039583333333333
0.93875
0.929583333333333
0.9414583333333334
0.9260416666666664
0.9312500000000001
0.9460416666666667
0.936458333333333
0.9372916666666672
0.9204166666666665
0.9312499999999999
0.9393749999999998
0.9170833333333333
0.933125
0.9445833333333333
0.9331249999999999
0.9495833333333333
0.943541666666667
0.9272916666666666
0.918541666666667
0.9358333333333334
0.9258333333333334
0.9033333333333333
0.939583333333333
0.9102083333333338
0.9395833333333334
0.9545833333333333
0.9272916666666668
0.959375
0.8939583333333334
0.936875
0.918125
0.8897916666666665
0.9183333333333337
0.9477083333333333
0.9416666666666665
0.9289583333333337
0.9216666666666667
0.9350000000000002
0.9218750000000001
0.9514583333333335
0.9181250000000003
0.9477083333333332
0.907916666666667
0.946041666666667
0.8808333333333335
0.9320833333333336
0.8989583333333334
0.9233333333333335
0.9189583333333331
0.9247916666666669
0.9629166666666668
0.8833333333333333
0.9393749999999998
0.9466666666666668
0.920833333333333
0.9485416666666672
0.9483333333333333
0.9302083333333332
0.9170833333333336
0.9402083333333334
0.9372916666666667
0.9129166666666667
0.9170833333333335
0.9506250000000002
0.9302083333333333
0.9218749999999999
0.9510416666666663
0.9270833333333336
0.9416666666666665
0.9358333333333334
0.9252083333333332
0.9412500000000006
0.9310416666666668
0.9308333333333333
0.9420833333333337
0.9372916666666667
0.9108333333333334
0.925625
0.8997916666666668
0.9420833333333333
0.9202083333333337
0.919791666666667
0.9464583333333334
0.9343749999999998
0.944375
0.9337499999999999
0.9252083333333334
0.9645833333333336
0.874166666666667
0.9247916666666667
0.9047916666666664
0.9454166666666669
0.9345833333333334
0.9460416666666667
0.9193750000000003
0.896875
0.8814583333333335
