0.924375
0.9291666666666666
0.9195833333333335
0.8939583333333332
0.907291666666667
0.8964583333333332
0.894375
0.9137499999999998
0.9110416666666664
0.9370833333333333
0.9208333333333333
0.92375
0.9431249999999995
0.9397916666666666
0.9562499999999998
0.9327083333333333
0.9372916666666664
0.9316666666666665
0.9252083333333333
0.9425000000000003
0.9337500000000003
0.9010416666666665
0.9283333333333332
0.9362500000000001
0.9347916666666666
0.9058333333333334
0.8172916666666669
0.8962499999999999
0.9279166666666668
0.9183333333333331
0.9283333333333335
0.9195833333333334
0.9210416666666668
0.9366666666666664
0.9462499999999998
0.903333333333333
0.913125
0.9229166666666672
0.9131250000000002
0.9241666666666666
0.8468749999999998
0.9039583333333335
0.9377083333333333
0.8810416666666672
0.9181249999999995
0.9295833333333334
0.9445833333333334
0.8972916666666667
0.9235416666666668
0.898333333333333
0.9364583333333333
0.9204166666666667
0.9097916666666667
0.9362499999999998
0.9260416666666668
0.8914583333333336
0.8997916666666664
0.9312500000000001
0.9347916666666667
0.9037500000000003
0.9189583333333331
0.940833333333333
0.9118750000000003
0.9389583333333336
0.8912499999999998
0.9412499999999998
0.9025
0.9116666666666667
0.9089583333333334
0.9485416666666668
0.9339583333333336
0.9114583333333335
0.9414583333333333
0.9318749999999999
0.890625
0.9318750000000002
0.9350000000000002
0.9202083333333333
0.9208333333333334
0.9285416666666667
0.9516666666666665
0.8670833333333333
0.9129166666666666
0.9374999999999996
0.9272916666666668
0.8800000000000001
0.8885416666666669
0.9502083333333334
0.8795833333333332
0.9187499999999998
0.9020833333333336
0.9256249999999998
0.9318750000000001
0.8693749999999997
0.9212500000000005
0.9160416666666668
0.953541666666667
0.8943750000000003
0.898125
0.901666666666667
0.9447916666666666
0.9233333333333335
0.9043750000000002
0.9208333333333337
0.8972916666666668
0.9106250000000002
0.9129166666666668
0.9316666666666669
0.9047916666666665
0.9208333333333333
0.9079166666666666
0.8902083333333336
0.9227083333333332
0.92625
0.8660416666666673
0.9177083333333335
0.9047916666666669
0.9266666666666667
0.9008333333333333
0.8985416666666667
0.9214583333333334
0.8785416666666666
0.8977083333333336
0.9389583333333331
0.8977083333333334
0.9325
0.9135416666666666
0.9395833333333331
0.9256249999999997
0.9304166666666667
0.9229166666666668
0.9029166666666665
0.915416666666667
0.90875
0.9250000000000003
0.9322916666666672
0.9233333333333333
0.944583333333333
0.9433333333333335
0.8264583333333335
0.9197916666666666
0.8747916666666669
0.9158333333333333
0.9133333333333331
0.8525000000000001
0.9031249999999998
0.9039583333333334
0.864375
0.9100000000000001
0.9414583333333334
0.9164583333333332
0.9404166666666666
0.9425
0.8891666666666669
0.9508333333333332
0.9185416666666663
0.9389583333333333
0.9429166666666668
0.9210416666666663
0.8941666666666667
0.8727083333333333
0.9325
0.9199999999999997
0.9081250000000002
0.89625
0.8933333333333338
0.9637500000000001
0.8881249999999998
0.8927083333333334
0.9227083333333335
0.9085416666666668
0.9362499999999998
0.9333333333333336
0.9397916666666668
0.9295833333333334
0.9322916666666664
0.9077083333333336
0.9370833333333334
0.8966666666666664
0.9427083333333336
0.9122916666666664
0.9360416666666664
0.9245833333333333
0.9306250000000003
0.9327083333333336
0.94625
0.9125000000000005
0.9308333333333332
0.9472916666666664
0.941875
0.9158333333333333
0.9154166666666664
