0.9614583333333334
0.9197916666666669
0.9377083333333333
0.9456250000000002
0.9583333333333331
0.9616666666666669
0.9397916666666667
0.9589583333333332
0.9058333333333333
0.92875
0.9385416666666668
0.9172916666666667
0.9599999999999997
0.9552083333333334
0.9435416666666668
0.9227083333333336
0.9137500000000002
0.9464583333333333
0.940625
0.9522916666666665
0.9535416666666667
0.9362500000000001
0.9116666666666667
0.9289583333333336
0.9116666666666666
0.9370833333333333
0.947708333333333
0.9560416666666669
0.9291666666666666
0.9337500000000005
0.9054166666666665
0.9529166666666664
0.9527083333333334
0.9227083333333335
0.9406250000000002
0.9204166666666665
0.9502083333333334
0.9527083333333333
0.8981249999999997
0.9420833333333334
0.9504166666666665
0.9377083333333333
0.9437500000000001
0.9131249999999999
0.9291666666666666
0.9472916666666669
0.9327083333333335
0.8977083333333334
0.9554166666666666
0.920625
0.9602083333333336
0.94875
0.9656250000000002
0.9400000000000002
0.961875
0.9566666666666669
0.9368749999999999
0.9208333333333334
0.9279166666666672
0.9495833333333336
0.9468749999999996
0.9345833333333333
0.9129166666666663
0.9308333333333336
0.9675
0.9231250000000002
0.9012500000000001
0.9031250000000003
0.940625
0.9541666666666667
0.9195833333333332
0.9445833333333331
0.9108333333333334
0.9366666666666668
0.9247916666666666
0.9108333333333336
0.9387499999999995
0.9316666666666669
0.9720833333333334
0.930625
0.9399999999999998
0.9510416666666667
0.9379166666666667
0.9583333333333333
0.9527083333333336
0.9377083333333336
0.9029166666666666
0.9425000000000001
0.94375
0.9449999999999996
0.9222916666666666
0.9470833333333332
0.9618749999999998
0.9379166666666668
0.9410416666666664
0.9572916666666669
0.9125000000000003
0.9393749999999997
0.9600000000000002
0.9316666666666668
0.9208333333333336
0.9187500000000002
0.9120833333333335
0.9568750000000003
0.9395833333333333
0.9593749999999999
0.9372916666666667
0.9352083333333333
0.8891666666666665
0.9012499999999997
0.933125
0.8843749999999999
0.9458333333333333
0.9689583333333335
0.9358333333333333
0.927291666666667
0.941875
0.9381250000000001
0.9285416666666668
0.9375
0.9431249999999999
0.9637500000000001
0.965416666666667
0.9420833333333328
0.9177083333333335
0.9349999999999998
0.9370833333333334
0.9633333333333333
0.950208333333334
0.9252083333333334
0.9264583333333333
0.9412500000000001
0.95125
0.9495833333333337
0.9550000000000002
0.9522916666666668
0.9318750000000001
0.9547916666666667
0.931875
0.9562500000000003
0.944375
0.9262500000000001
0.9089583333333333
0.9497916666666666
0.9322916666666665
0.9443750000000002
0.9635416666666669
0.9231249999999995
0.9529166666666667
0.93125
0.9354166666666666
0.8975
0.9202083333333333
0.9724999999999998
0.9470833333333336
0.9275
0.9350000000000002
0.9477083333333336
0.9125
0.9437499999999999
0.926875
0.9608333333333334
0.9050000000000001
0.9616666666666667
0.9322916666666667
0.95
0.9322916666666667
0.9520833333333333
0.9345833333333335
0.95
0.9602083333333333
0.9614583333333335
0.9393750000000002
0.9181249999999999
0.9545833333333335
0.9552083333333333
0.9491666666666664
0.9464583333333334
0.9289583333333333
0.949166666666667
0.9447916666666668
0.9685416666666669
0.9624999999999999
0.9514583333333335
0.929375
0.96875
0.9704166666666668
0.9289583333333333
0.9547916666666666
0.9295833333333334
0.9143749999999998
0.9202083333333333
