0.9908333333333332
0.9906250000000001
0.9883333333333333
0.9970833333333333
0.986875
0.9816666666666667
0.9933333333333333
0.9843749999999999
0.986875
0.9845833333333335
0.9893749999999999
0.9843749999999999
0.9858333333333335
0.9970833333333333
0.985
0.9925
0.9893750000000001
0.9895833333333333
0.9787499999999999
0.985
0.98375
0.9889583333333334
0.9866666666666667
0.9868749999999997
0.9843750000000001
0.9760416666666667
0.9918750000000002
0.9879166666666669
0.9754166666666664
0.9933333333333332
0.9875
0.9937499999999999
0.9822916666666669
0.9818750000000002
0.9764583333333333
0.9770833333333332
0.9893750000000001
0.9897916666666667
0.9897916666666667
0.9939583333333334
0.9904166666666667
0.9947916666666667
0.9925
0.9945833333333333
0.9881250000000001
0.9895833333333333
0.9952083333333333
0.98125
0.9787500000000001
0.9754166666666668
0.9941666666666664
0.9908333333333335
0.9862499999999998
0.986875
0.9929166666666666
0.9866666666666665
0.9841666666666667
0.9893750000000001
0.9941666666666665
0.9791666666666665
0.9781250000000001
0.9904166666666667
0.9864583333333334
0.9847916666666666
0.9908333333333335
0.993125
0.9916666666666666
0.9883333333333336
0.9864583333333333
0.998125
0.9910416666666666
0.9872916666666667
0.9933333333333333
0.9858333333333333
0.9858333333333335
0.9885416666666668
0.9879166666666666
0.98125
0.9739583333333333
0.9889583333333334
0.9945833333333333
0.98375
0.9883333333333333
0.9804166666666666
0.9764583333333331
0.9879166666666666
0.9864583333333333
0.9935416666666665
0.9908333333333332
0.9749999999999999
0.986875
0.9841666666666667
0.9904166666666666
0.9847916666666668
0.9816666666666666
0.9833333333333334
0.9872916666666667
0.982291666666667
0.9868750000000003
0.9870833333333334
0.98625
0.9804166666666667
0.9962500000000002
0.9908333333333335
0.9933333333333336
0.9856249999999999
0.9816666666666667
0.9900000000000001
0.9847916666666668
0.9947916666666667
0.9929166666666667
0.9933333333333333
0.9922916666666666
0.9852083333333331
0.9881250000000003
0.9889583333333334
0.9889583333333333
0.9939583333333334
0.981875
0.9954166666666666
0.9833333333333333
0.9891666666666669
0.9847916666666666
0.9866666666666666
0.9933333333333333
0.9822916666666666
0.993958333333333
0.98875
0.9750000000000001
0.9858333333333333
0.9920833333333334
0.9883333333333333
0.9925
0.984375
0.9852083333333332
0.9895833333333335
0.9933333333333333
0.9841666666666665
0.9920833333333334
0.9914583333333336
0.9785416666666668
0.9858333333333333
0.9839583333333332
0.9870833333333335
0.9910416666666668
0.9925000000000002
0.9914583333333331
0.9910416666666667
0.978125
0.984375
0.9775000000000001
0.9822916666666666
0.9920833333333333
0.9943750000000001
0.9893750000000001
0.98375
0.9872916666666667
0.990625
0.99125
0.9872916666666665
0.988125
0.9825000000000002
0.9852083333333331
0.9958333333333335
0.9827083333333333
0.9864583333333331
0.9770833333333335
0.9935416666666668
0.9935416666666665
0.9766666666666669
0.9795833333333333
0.9941666666666665
0.9958333333333336
0.99625
0.9958333333333332
0.9870833333333333
0.9820833333333335
0.9877083333333333
0.990625
0.9914583333333334
0.9820833333333335
0.9831250000000001
0.993125
0.968125
0.9835416666666669
0.9916666666666667
0.99125
0.9847916666666666
0.9808333333333333
0.9947916666666667
0.9945833333333336
0.9841666666666667
