0.9789583333333334
0.9852083333333332
0.9870833333333331
0.9800000000000001
0.9885416666666669
0.9885416666666665
0.9829166666666665
0.9770833333333334
0.9877083333333333
0.993125
0.9872916666666665
0.9899999999999999
0.985625
0.9760416666666668
0.9672916666666667
0.9741666666666667
0.9924999999999998
0.990625
0.9766666666666666
0.9897916666666668
0.9914583333333333
0.9735416666666667
0.9895833333333335
0.9785416666666665
0.9735416666666669
0.979375
0.9922916666666669
0.9685416666666665
0.9827083333333335
0.9783333333333334
0.9837500000000001
0.9900000000000001
0.9816666666666669
0.9839583333333333
0.983125
0.9902083333333332
0.9881249999999998
0.9758333333333333
0.9750000000000001
0.9766666666666669
0.9800000000000001
0.9897916666666667
0.9872916666666666
0.9802083333333335
0.9810416666666666
0.9531250000000001
0.9860416666666666
0.9764583333333333
0.9889583333333333
0.981875
0.9825
0.9731250000000005
0.9860416666666667
0.9789583333333334
0.9816666666666665
0.9858333333333335
0.9754166666666667
0.9900000000000001
0.9754166666666666
0.990625
0.9920833333333334
0.9910416666666667
0.9904166666666666
0.9870833333333331
0.9891666666666667
0.98
0.9843750000000001
0.9906249999999999
0.9839583333333333
0.9833333333333333
0.9820833333333334
0.97875
0.9889583333333336
0.9870833333333334
0.9820833333333335
0.9866666666666667
0.988125
0.9775000000000001
0.9883333333333334
0.9854166666666667
0.9675
0.9797916666666667
0.9835416666666669
0.9731250000000002
0.9845833333333335
0.9858333333333335
0.9854166666666667
0.9839583333333333
0.9941666666666668
0.9843750000000003
0.9854166666666668
0.986875
0.9868750000000002
0.9735416666666664
0.9822916666666666
0.9887500000000001
0.9820833333333334
0.9860416666666666
0.9877083333333335
0.9902083333333332
0.9843750000000001
0.9858333333333335
0.9747916666666666
0.98875
0.9839583333333334
0.9908333333333332
0.9822916666666666
0.9737499999999997
0.9858333333333331
0.9843749999999999
0.9827083333333334
0.990625
0.9845833333333331
0.9872916666666666
0.9810416666666667
0.9933333333333333
0.9891666666666669
0.9900000000000003
0.975625
0.9893750000000001
0.9716666666666667
0.9814583333333334
0.9693749999999998
0.979791666666667
0.9862500000000002
0.9870833333333333
0.9902083333333335
0.9954166666666667
0.989375
0.9883333333333333
0.9772916666666666
0.9897916666666668
0.9845833333333335
0.9895833333333335
0.9829166666666667
0.9795833333333335
0.975625
0.9906250000000003
0.9777083333333333
0.9858333333333333
0.9868750000000002
0.9852083333333335
0.9885416666666668
0.9912499999999999
0.9829166666666664
0.9797916666666667
0.9812500000000002
0.9902083333333335
0.9916666666666667
0.9875000000000003
0.98875
0.9860416666666667
0.9860416666666667
0.9795833333333333
0.9897916666666667
0.9885416666666668
0.9843750000000001
0.9912500000000002
0.9872916666666666
0.9916666666666667
0.9910416666666666
0.9745833333333332
0.985625
0.988125
0.9843749999999999
0.9881250000000001
0.9870833333333335
0.9552083333333331
0.982291666666667
0.9820833333333335
0.9797916666666666
0.9920833333333333
0.9922916666666667
0.9810416666666667
0.994375
0.9891666666666665
0.9791666666666669
0.9879166666666667
0.9716666666666669
0.97875
0.974375
0.9883333333333334
0.9829166666666665
0.9852083333333335
0.9860416666666667
0.9822916666666667
0.9852083333333332
0.9812500000000002
0.9806250000000002
0.9927083333333335
0.989791666666667
0.9889583333333334
