-0.9399999999999996
-0.9459259259259256
-0.9674074074074069
-0.9629629629629628
-0.9507407407407403
-0.9533333333333328
-0.9737037037037034
-0.9688888888888886
-0.9659259259259255
-0.9555555555555552
-0.9677777777777773
-0.9418518518518512
-0.9611111111111106
-0.9585185185185179
-0.9429629629629624
-0.9688888888888882
-0.9533333333333328
-0.9440740740740733
-0.9599999999999994
-0.9462962962962959
-0.9651851851851849
-0.9470370370370366
-0.9322222222222217
-0.9607407407407405
-0.962592592592592
-0.9729629629629628
-0.9592592592592589
-0.9629629629629626
-0.9518518518518513
-0.9559259259259254
-0.9562962962962959
-0.9522222222222215
-0.9637037037037031
-0.952962962962962
-0.9559259259259253
-0.9585185185185181
-0.9488888888888881
-0.9666666666666663
-0.954444444444444
-0.9548148148148143
-0.9507407407407402
-0.9507407407407399
-0.9429629629629624
-0.964444444444444
-0.9577777777777774
-0.9529629629629623
-0.9562962962962959
-0.9633333333333328
-0.9548148148148146
-0.9355555555555551
-0.9525925925925922
-0.9496296296296294
-0.9555555555555552
-0.9529629629629625
-0.9637037037037033
-0.9562962962962959
-0.939629629629629
-0.9540740740740736
-0.9485185185185179
-0.9666666666666663
-0.949629629629629
-0.9574074074074068
-0.9529629629629626
-0.9599999999999994
-0.9544444444444439
-0.9470370370370362
-0.939629629629629
-0.9677777777777773
-0.9622222222222218
-0.9562962962962956
-0.9707407407407405
-0.9685185185185183
-0.9518518518518512
-0.9559259259259254
-0.9737037037037036
-0.9477777777777772
-0.9485185185185181
-0.9603703703703698
-0.9533333333333331
-0.9588888888888882
-0.9540740740740737
-0.9666666666666663
-0.9596296296296294
-0.961481481481481
-0.9655555555555552
-0.9603703703703698
-0.9611111111111106
-0.9540740740740736
-0.9448148148148143
-0.9614814814814809
-0.9633333333333328
-0.9540740740740739
-0.9611111111111108
-0.9551851851851848
-0.9629629629629626
-0.957407407407407
