0.9922222222222221
0.9911111111111112
0.991111111111111
0.9881481481481481
0.9937037037037035
0.9866666666666666
0.9948148148148147
0.9862962962962963
0.9918518518518518
0.9870370370370367
0.9944444444444445
0.9955555555555554
0.9940740740740739
0.9855555555555555
0.9903703703703703
0.9929629629629629
0.9862962962962963
0.9944444444444442
0.9922222222222221
0.9874074074074075
0.9874074074074073
0.9944444444444445
0.9888888888888888
0.9918518518518518
0.9874074074074073
0.9840740740740741
0.9933333333333332
0.9955555555555554
0.9929629629629627
0.9951851851851851
0.994074074074074
0.9870370370370367
0.9962962962962962
0.9885185185185184
0.9881481481481481
0.9925925925925925
0.9918518518518517
0.991111111111111
0.9948148148148147
0.9914814814814814
0.9918518518518518
0.9807407407407405
0.9885185185185185
0.9944444444444442
0.9970370370370369
0.9966666666666666
0.9888888888888888
0.9911111111111108
0.9918518518518517
0.9962962962962962
0.9907407407407408
0.9807407407407408
0.9903703703703702
0.9914814814814812
0.9948148148148147
0.9933333333333333
0.9948148148148147
0.9925925925925925
0.9937037037037035
0.991111111111111
0.9833333333333332
0.9896296296296296
0.991111111111111
0.9918518518518518
0.9937037037037036
0.994074074074074
0.9929629629629627
0.9918518518518518
0.9862962962962962
0.988888888888889
0.9896296296296293
0.9859259259259258
0.9903703703703703
0.9944444444444445
0.991111111111111
0.9885185185185185
0.9955555555555554
0.9933333333333333
0.9944444444444442
0.9944444444444442
0.9907407407407406
0.9929629629629629
0.9925925925925925
0.9807407407407408
0.99
0.9907407407407408
0.9922222222222221
0.9974074074074073
0.9866666666666665
0.9933333333333333
0.9914814814814812
0.9866666666666666
0.9899999999999999
0.9933333333333332
0.9885185185185184
0.9859259259259258
