-0.8407407407407405
-0.8403703703703701
-0.8270370370370367
-0.8485185185185183
-0.8544444444444439
-0.8670370370370365
-0.8092592592592586
-0.8014814814814812
-0.8607407407407406
-0.8274074074074069
-0.8229629629629623
-0.8551851851851846
-0.821111111111111
-0.8522222222222215
-0.8462962962962958
-0.7814814814814813
-0.8533333333333337
-0.8533333333333326
-0.8618518518518512
-0.8174074074074071
-0.8681481481481472
-0.8844444444444441
-0.8248148148148142
-0.7907407407407409
-0.8418518518518511
-0.8714814814814809
-0.8285185185185187
-0.8477777777777767
-0.8359259259259254
-0.8114814814814817
-0.8477777777777772
-0.8507407407407402
-0.8718518518518517
-0.8407407407407403
-0.8825925925925919
-0.8685185185185178
-0.8640740740740742
-0.8122222222222224
-0.8640740740740738
-0.8399999999999999
-0.831111111111111
-0.8325925925925923
-0.8066666666666668
-0.875555555555555
-0.7959259259259251
-0.818148148148148
-0.8492592592592593
-0.8425925925925921
-0.8870370370370364
-0.8074074074074075
-0.8077777777777772
-0.8766666666666666
-0.8337037037037033
-0.8262962962962961
-0.8711111111111106
-0.8214814814814813
-0.8522222222222215
-0.8562962962962958
-0.8562962962962959
-0.8618518518518518
-0.8614814814814808
-0.8274074074074069
-0.8785185185185179
-0.8722222222222211
-0.8633333333333332
-0.8222222222222217
-0.8551851851851845
-0.8529629629629626
-0.8629629629629627
-0.8403703703703701
-0.8681481481481476
-0.8199999999999994
-0.8114814814814812
-0.8488888888888885
-0.8285185185185183
-0.798148148148148
-0.8211111111111116
-0.8077777777777776
-0.8366666666666663
-0.8440740740740731
-0.8529629629629628
-0.8485185185185182
-0.8088888888888881
-0.8407407407407403
-0.8592592592592588
-0.8118518518518514
-0.8051851851851848
-0.8466666666666662
-0.8985185185185182
-0.8462962962962958
-0.8529629629629626
-0.8355555555555552
-0.8240740740740737
-0.8337037037037034
-0.8470370370370365
-0.8303703703703704
