-0.8966666666666663
-0.8855555555555553
-0.9044444444444434
-0.9088888888888882
-0.8829629629629622
-0.9159259259259254
-0.8362962962962959
-0.8607407407407405
-0.8844444444444436
-0.8214814814814814
-0.8703703703703699
-0.8437037037037034
-0.8922222222222218
-0.8966666666666662
-0.8944444444444435
-0.8988888888888882
-0.8670370370370365
-0.8762962962962959
-0.91074074074074
-0.9029629629629617
-0.9166666666666657
-0.8792592592592591
-0.8992592592592586
-0.8759259259259257
-0.8899999999999999
-0.9155555555555555
-0.8803703703703696
-0.8740740740740737
-0.9051851851851848
-0.8929629629629626
-0.9033333333333329
-0.8707407407407406
-0.8537037037037035
-0.8722222222222219
-0.918518518518518
-0.8744444444444436
-0.878518518518518
-0.8933333333333329
-0.8981481481481475
-0.884444444444444
-0.892592592592592
-0.8888888888888887
-0.8974074074074073
-0.8774074074074072
-0.8840740740740735
-0.8996296296296292
-0.9003703703703695
-0.8751851851851851
-0.8607407407407408
-0.8674074074074072
-0.9014814814814811
-0.9103703703703699
-0.8944444444444438
-0.8977777777777773
-0.8355555555555548
-0.8922222222222218
-0.9025925925925918
-0.8877777777777771
-0.8970370370370365
-0.9259259259259252
-0.9092592592592587
-0.8962962962962956
-0.8922222222222218
-0.8951851851851849
-0.8951851851851852
-0.8970370370370361
-0.8844444444444438
-0.8918518518518518
-0.883333333333333
-0.8729629629629625
-0.8970370370370369
-0.8881481481481474
-0.8803703703703698
-0.8837037037037032
-0.8899999999999991
-0.8981481481481473
-0.8803703703703696
-0.8996296296296292
-0.8851851851851843
-0.8966666666666661
-0.881481481481481
-0.8614814814814813
-0.8807407407407399
-0.8818518518518512
-0.8711111111111106
-0.8718518518518514
-0.8825925925925923
-0.8818518518518513
-0.8944444444444438
-0.912592592592592
-0.8807407407407399
-0.8996296296296292
-0.898888888888888
-0.8707407407407401
-0.8862962962962958
-0.874444444444444
