-0.33222222222222186
-0.3325925925925922
-0.3333333333333329
-0.33222222222222186
-0.3325925925925922
-0.33222222222222186
-0.3329629629629626
-0.3329629629629626
-0.33185185185185145
-0.33296296296296257
-0.3322222222222219
-0.3311111111111108
-0.33185185185185145
-0.33296296296296257
-0.3307407407407404
-0.3329629629629626
-0.3314814814814811
-0.33222222222222186
-0.33222222222222186
-0.33074074074074034
-0.33148148148148127
-0.33222222222222186
-0.33296296296296257
-0.3314814814814811
-0.3329629629629626
-0.3329629629629626
-0.33185185185185156
-0.33185185185185156
-0.3311111111111107
-0.3325925925925922
-0.3333333333333329
-0.3325925925925922
-0.3303703703703701
-0.3329629629629626
-0.33185185185185156
-0.3333333333333329
-0.3311111111111107
-0.3329629629629626
-0.3329629629629626
-0.3325925925925922
-0.3314814814814811
-0.33148148148148115
-0.33222222222222186
-0.3307407407407404
-0.33037037037037004
-0.33296296296296257
-0.33296296296296257
-0.3333333333333329
-0.33148148148148115
-0.33148148148148115
-0.33185185185185145
-0.3311111111111108
-0.3333333333333329
-0.3311111111111108
-0.33185185185185145
-0.33185185185185145
-0.3325925925925922
-0.3322222222222219
-0.3329629629629626
-0.3314814814814811
-0.3299999999999996
-0.33296296296296257
-0.3333333333333329
-0.33222222222222186
-0.3329629629629626
-0.3325925925925922
-0.33222222222222186
-0.33222222222222186
-0.3325925925925922
-0.3329629629629626
-0.3325925925925922
-0.3325925925925922
-0.3296296296296293
-0.33222222222222186
-0.3325925925925922
-0.33185185185185145
-0.33222222222222186
-0.3333333333333329
-0.3325925925925922
-0.3333333333333329
-0.33185185185185145
-0.3329629629629626
-0.33185185185185156
-0.3325925925925922
-0.33222222222222186
-0.33222222222222186
-0.33185185185185156
-0.3314814814814811
-0.3329629629629626
-0.3307407407407404
-0.33185185185185145
-0.3325925925925922
-0.3333333333333329
-0.33185185185185156
-0.33222222222222186
-0.33222222222222186
