-0.9625925925925921
-0.9585185185185181
-0.967407407407407
-0.9474074074074068
-0.9644444444444441
-0.9499999999999994
-0.964444444444444
-0.9437037037037035
-0.9529629629629626
-0.9533333333333328
-0.9485185185185179
-0.9537037037037033
-0.9470370370370366
-0.96037037037037
-0.9577777777777773
-0.9570370370370367
-0.952592592592592
-0.9540740740740735
-0.9611111111111106
-0.9633333333333328
-0.9637037037037033
-0.9714814814814813
-0.9492592592592587
-0.949629629629629
-0.9666666666666661
-0.9644444444444439
-0.9644444444444438
-0.9737037037037034
-0.9625925925925921
-0.9444444444444438
-0.9592592592592588
-0.9548148148148146
-0.9655555555555553
-0.9633333333333328
-0.9640740740740736
-0.9274074074074066
-0.9607407407407405
-0.9425925925925921
-0.9622222222222218
-0.953333333333333
-0.9577777777777772
-0.9592592592592588
-0.964444444444444
-0.9596296296296294
-0.9459259259259254
-0.9529629629629626
-0.9448148148148143
-0.9662962962962958
-0.954444444444444
-0.9525925925925921
-0.9448148148148142
-0.9618518518518513
-0.9551851851851846
-0.9577777777777776
-0.9622222222222218
-0.9611111111111105
-0.9477777777777772
-0.9677777777777774
-0.9429629629629627
-0.9533333333333331
-0.9533333333333327
-0.9522222222222217
-0.9640740740740735
-0.93037037037037
-0.9559259259259256
-0.9562962962962956
-0.9474074074074066
-0.9599999999999995
-0.9696296296296292
-0.9533333333333327
-0.9388888888888883
-0.9614814814814809
-0.9611111111111106
-0.9581481481481479
-0.9603703703703698
-0.9548148148148143
-0.9440740740740733
-0.9544444444444439
-0.96037037037037
-0.9451851851851846
-0.9588888888888882
-0.9611111111111106
-0.9466666666666664
-0.9522222222222214
-0.9481481481481476
-0.9633333333333327
-0.9388888888888887
-0.9666666666666663
-0.9699999999999994
-0.9466666666666659
-0.9333333333333327
-0.9651851851851848
-0.9603703703703698
-0.9485185185185182
-0.9592592592592588
-0.9596296296296294
