0.9603703703703701
0.951851851851852
0.9585185185185184
0.9622222222222219
0.9640740740740738
0.9551851851851849
0.9648148148148147
0.9629629629629626
0.9603703703703704
0.9462962962962961
0.9666666666666665
0.9585185185185184
0.9622222222222218
0.9548148148148147
0.9611111111111108
0.9555555555555553
0.9603703703703702
0.9507407407407404
0.9655555555555554
0.9507407407407404
0.9688888888888886
0.9581481481481479
0.9685185185185182
0.9618518518518515
0.9759259259259259
0.9499999999999998
0.9485185185185182
0.954444444444444
0.9529629629629628
0.9488888888888886
0.9662962962962962
0.9611111111111108
0.9444444444444442
0.9377777777777774
0.969259259259259
0.9662962962962962
0.9685185185185183
0.971111111111111
0.9499999999999996
0.9762962962962959
0.9614814814814813
0.9592592592592591
0.9640740740740738
0.9681481481481481
0.9629629629629628
0.9648148148148147
0.975185185185185
0.9681481481481481
0.9618518518518516
0.9599999999999999
0.9566666666666664
0.9725925925925923
0.9488888888888886
0.9618518518518516
0.9559259259259258
0.9625925925925922
0.978148148148148
0.9655555555555554
0.9662962962962963
0.9777777777777774
0.9566666666666663
0.9577777777777778
0.9674074074074072
0.9603703703703701
0.9651851851851848
0.9785185185185185
0.9651851851851851
0.9474074074074071
0.9599999999999999
0.9488888888888886
0.9718518518518516
0.9622222222222221
0.9329629629629627
0.9622222222222221
0.957407407407407
0.9570370370370367
0.9533333333333331
0.9599999999999995
0.9477777777777774
0.9555555555555553
0.9655555555555554
0.9551851851851849
0.9448148148148146
0.9714814814814814
0.9640740740740738
0.9518518518518516
0.953333333333333
0.9448148148148142
0.9540740740740737
0.9340740740740736
0.9614814814814813
0.9744444444444443
0.958148148148148
0.9599999999999999
0.9644444444444441
0.9429629629629628
