-0.9888888888888886
-0.9892592592592591
-0.983333333333333
-0.983333333333333
-0.9907407407407406
-0.9885185185185184
-0.9885185185185184
-0.9940740740740739
-0.9822222222222219
-0.992222222222222
-0.9885185185185184
-0.9870370370370369
-0.983333333333333
-0.9911111111111108
-0.9892592592592591
-0.9892592592592591
-0.9903703703703702
-0.9866666666666665
-0.981111111111111
-0.9874074074074071
-0.9851851851851849
-0.9925925925925925
-0.9899999999999999
-0.9818518518518516
-0.9866666666666662
-0.9870370370370368
-0.9877777777777774
-0.9922222222222221
-0.9866666666666665
-0.9929629629629627
-0.9929629629629627
-0.988148148148148
-0.9944444444444442
-0.9829629629629626
-0.9903703703703701
-0.9907407407407406
-0.9870370370370367
-0.9829629629629626
-0.9929629629629627
-0.9937037037037035
-0.9892592592592591
-0.9907407407407405
-0.9803703703703701
-0.9918518518518518
-0.9877777777777775
-0.9896296296296293
-0.9833333333333333
-0.9903703703703702
-0.986296296296296
-0.9896296296296295
-0.983333333333333
-0.9881481481481481
-0.9859259259259258
-0.9866666666666665
-0.9844444444444441
-0.988148148148148
-0.9911111111111108
-0.9896296296296293
-0.9903703703703701
-0.9896296296296295
-0.9918518518518517
-0.9870370370370369
-0.9844444444444441
-0.9848148148148147
-0.9833333333333332
-0.9888888888888888
-0.9844444444444442
-0.9907407407407406
-0.9877777777777778
-0.9907407407407406
-0.9855555555555552
-0.9899999999999999
-0.9925925925925924
-0.9862962962962962
-0.9851851851851849
-0.9814814814814813
-0.9933333333333332
-0.9899999999999999
-0.9874074074074072
-0.9911111111111108
-0.9896296296296296
-0.9859259259259257
-0.9870370370370367
-0.9896296296296295
-0.9877777777777775
-0.9896296296296293
-0.9851851851851849
-0.9851851851851849
-0.9940740740740739
-0.9840740740740739
-0.9959259259259258
-0.985185185185185
-0.9818518518518515
-0.9896296296296295
-0.9914814814814812
-0.9888888888888886
