0.8499999999999994
0.8211111111111112
0.8270370370370368
0.8344444444444441
0.7807407407407401
0.817037037037037
0.8048148148148144
0.7981481481481479
0.7755555555555553
0.7907407407407405
0.7885185185185183
0.8277777777777776
0.8240740740740736
0.8481481481481478
0.8259259259259256
0.8585185185185179
0.812222222222222
0.8496296296296293
0.7718518518518515
0.8344444444444443
0.8281481481481479
0.7859259259259259
0.812222222222222
0.8259259259259255
0.8499999999999998
0.8292592592592587
0.8088888888888888
0.868518518518518
0.8159259259259255
0.8177777777777773
0.8085185185185183
0.7677777777777774
0.8099999999999996
0.8455555555555553
0.8181481481481478
0.8440740740740738
0.8214814814814814
0.8014814814814814
0.8085185185185177
0.8562962962962958
0.7951851851851847
0.7844444444444437
0.8248148148148148
0.8114814814814811
0.825185185185185
0.8503703703703697
0.7533333333333329
0.8437037037037031
0.8114814814814811
0.8229629629629627
0.8318518518518516
0.7955555555555552
0.8396296296296293
0.8285185185185183
0.8470370370370368
0.7929629629629628
0.8407407407407402
0.8174074074074071
0.7937037037037034
0.8203703703703704
0.8266666666666661
0.784814814814815
0.7799999999999992
0.806666666666666
0.8822222222222219
0.787407407407407
0.8366666666666661
0.8381481481481482
0.7581481481481478
0.8355555555555554
0.8229629629629625
0.832222222222222
0.7814814814814812
0.8459259259259255
0.8025925925925924
0.8251851851851849
0.8388888888888885
0.8129629629629628
0.8137037037037032
0.8399999999999997
0.7814814814814812
0.805555555555555
0.817407407407407
0.7896296296296296
0.8596296296296297
0.8262962962962958
0.8499999999999999
0.8581481481481478
0.8129629629629624
0.8114814814814808
0.8199999999999996
0.8240740740740736
0.7611111111111108
0.801851851851852
0.8462962962962958
0.8199999999999994
