0.08481481481481479
0.15999999999999995
0.12444444444444444
0.14148148148148149
0.10518518518518513
0.11296296296296296
0.08148148148148145
0.06407407407407406
0.09518518518518519
0.09592592592592591
0.12592592592592594
0.06592592592592596
0.08629629629629627
0.14888888888888885
0.15666666666666676
0.03777777777777778
0.10444444444444441
0.13296296296296292
0.07851851851851852
0.11777777777777779
0.10259259259259255
0.05814814814814816
0.14925925925925926
0.11481481481481479
0.13851851851851849
0.1522222222222222
0.1003703703703703
0.1311111111111111
0.07333333333333339
0.10703703703703703
0.1362962962962963
0.025555555555555564
0.09666666666666666
0.052222222222222225
0.10407407407407408
0.11444444444444439
0.1418518518518518
0.18888888888888897
0.12962962962962962
0.17481481481481478
0.13
0.11740740740740736
0.13296296296296298
0.0503703703703704
0.09370370370370366
0.13555555555555546
0.04777777777777779
0.10777777777777775
0.09
0.09592592592592591
0.06888888888888889
0.09222222222222225
0.06703703703703708
0.11851851851851851
0.17999999999999994
0.09592592592592596
0.09703703703703702
0.1337037037037037
0.11
0.0985185185185185
0.09740740740740743
0.12148148148148148
0.13037037037037033
0.13629629629629628
0.1262962962962963
0.09481481481481481
0.107037037037037
0.1277777777777778
0.1855555555555555
0.09703703703703706
0.10518518518518521
0.06629629629629628
0.10592592592592595
0.10962962962962962
0.0851851851851852
0.05666666666666667
0.09592592592592589
0.06074074074074074
0.07074074074074073
0.0659259259259259
0.07407407407407407
0.09592592592592593
0.1022222222222222
0.16444444444444437
0.09370370370370376
0.1151851851851852
0.005555555555555553
0.10518518518518519
0.09962962962962955
0.10111111111111112
0.1033333333333333
0.03629629629629629
0.10407407407407404
0.14666666666666672
0.07037037037037036
0.09555555555555556
