0.5625925925925925
0.5840740740740742
0.5374074074074072
0.5818518518518518
0.5374074074074073
0.56
0.5622222222222221
0.5022222222222222
0.5451851851851852
0.46518518518518526
0.5362962962962962
0.5048148148148146
0.5229629629629629
0.5303703703703703
0.5462962962962963
0.5611111111111113
0.5537037037037037
0.6077777777777778
0.5614814814814816
0.574074074074074
0.5692592592592594
0.49111111111111116
0.5674074074074074
0.562222222222222
0.4866666666666668
0.5603703703703706
0.5251851851851851
0.5559259259259259
0.5455555555555556
0.5737037037037036
0.5592592592592591
0.567037037037037
0.5588888888888889
0.5577777777777778
0.534074074074074
0.5633333333333332
0.554074074074074
0.5266666666666668
0.5107407407407405
0.5422222222222224
0.5407407407407405
0.5181481481481481
0.5103703703703707
0.5688888888888887
0.5355555555555555
0.5766666666666667
0.5507407407407405
0.5662962962962961
0.49740740740740746
0.5074074074074073
0.5292592592592593
0.576296296296296
0.5237037037037037
0.5407407407407405
0.5555555555555557
0.5403703703703705
0.5507407407407408
0.5144444444444444
0.6040740740740742
0.5440740740740742
0.5740740740740742
0.5429629629629631
0.5937037037037037
0.5322222222222223
0.5362962962962962
0.5674074074074074
0.5033333333333335
0.5892592592592593
0.569259259259259
0.5507407407407408
0.5537037037037035
0.5985185185185184
0.5725925925925928
0.6122222222222219
0.478888888888889
0.5807407407407408
0.5944444444444443
0.5692592592592595
0.5296296296296297
0.5448148148148149
0.5362962962962959
0.5244444444444444
0.5633333333333337
0.525925925925926
0.5766666666666667
0.612222222222222
0.5162962962962963
0.5388888888888891
0.5281481481481481
0.5051851851851851
0.5596296296296297
0.5759259259259258
0.515185185185185
0.5337037037037038
0.5388888888888891
0.6062962962962961
