-0.8662962962962957
-0.9262962962962955
-0.8829629629629623
-0.8774074074074067
-0.8792592592592584
-0.9014814814814811
-0.8577777777777773
-0.9329629629629622
-0.8488888888888882
-0.8588888888888881
-0.8981481481481474
-0.8711111111111107
-0.867037037037036
-0.9070370370370364
-0.83037037037037
-0.9103703703703698
-0.8803703703703698
-0.8992592592592592
-0.8725925925925921
-0.883703703703703
-0.90111111111111
-0.8437037037037034
-0.8825925925925922
-0.8481481481481475
-0.9107407407407406
-0.8499999999999998
-0.8866666666666664
-0.8848148148148143
-0.8637037037037031
-0.8755555555555553
-0.9192592592592582
-0.8666666666666663
-0.8451851851851848
-0.8877777777777771
-0.8892592592592589
-0.8840740740740732
-0.8644444444444439
-0.8444444444444439
-0.8599999999999995
-0.888518518518518
-0.8833333333333327
-0.867407407407407
-0.8488888888888886
-0.8981481481481478
-0.875185185185185
-0.8766666666666663
-0.8911111111111105
-0.8659259259259257
-0.8966666666666663
-0.8911111111111104
-0.8911111111111107
-0.9051851851851844
-0.8425925925925923
-0.8851851851851845
-0.8970370370370359
-0.8933333333333329
-0.8733333333333332
-0.8659259259259254
-0.8859259259259252
-0.8881481481481477
-0.8851851851851842
-0.8622222222222216
-0.9148148148148142
-0.8696296296296293
-0.8885185185185179
-0.8655555555555552
-0.8533333333333326
-0.8796296296296292
-0.8996296296296288
-0.86037037037037
-0.8825925925925928
-0.8262962962962963
-0.8837037037037032
-0.8688888888888882
-0.8985185185185176
-0.8629629629629624
-0.851481481481481
-0.8651851851851847
-0.8911111111111104
-0.8814814814814811
-0.8603703703703701
-0.899259259259259
-0.8629629629629626
-0.8699999999999993
-0.8900000000000001
-0.8670370370370364
-0.8892592592592586
-0.8659259259259257
-0.8755555555555549
-0.8977777777777773
-0.8722222222222217
-0.8618518518518513
-0.8914814814814808
-0.8755555555555554
-0.8796296296296293
-0.8959259259259249
