0.44222222222222207
0.3718518518518517
0.4318518518518518
0.388148148148148
0.4466666666666665
0.4062962962962962
0.4625925925925926
0.38851851851851854
0.4133333333333332
0.4985185185185185
0.40296296296296275
0.37518518518518496
0.40222222222222237
0.3655555555555556
0.4074074074074075
0.43592592592592583
0.3992592592592594
0.3911111111111113
0.40037037037037015
0.37185185185185177
0.39518518518518514
0.38851851851851854
0.314814814814815
0.4629629629629629
0.3385185185185184
0.4159259259259261
0.5037037037037038
0.44407407407407395
0.39666666666666656
0.45407407407407424
0.36111111111111116
0.4825925925925926
0.41518518518518505
0.33666666666666656
0.4533333333333334
0.44259259259259265
0.2792592592592593
0.42148148148148157
0.4629629629629629
0.44370370370370366
0.3670370370370371
0.37666666666666665
0.34851851851851834
0.428148148148148
0.39037037037037053
0.4422222222222223
0.37999999999999995
0.4266666666666669
0.4770370370370371
0.41814814814814816
0.3937037037037035
0.3914814814814814
0.36000000000000015
0.44185185185185183
0.3933333333333334
0.4781481481481483
0.3918518518518519
0.4503703703703705
0.3714814814814815
0.42629629629629634
0.3814814814814815
0.404074074074074
0.34185185185185185
0.38518518518518513
0.32296296296296295
0.36074074074074064
0.3855555555555555
0.3400000000000001
0.35666666666666663
0.4185185185185186
0.455185185185185
0.371851851851852
0.3714814814814816
0.4240740740740741
0.39925925925925926
0.3681481481481482
0.42592592592592593
0.358888888888889
0.40333333333333315
0.4496296296296296
0.4229629629629631
0.4337037037037038
0.42703703703703705
0.36888888888888877
0.4096296296296298
0.42185185185185203
0.4381481481481482
0.35666666666666663
0.4177777777777778
0.35185185185185197
0.4107407407407406
0.2788888888888888
0.4114814814814814
0.3833333333333335
0.29962962962962963
0.4777777777777775
