-0.9803703703703701
-0.9666666666666663
-0.973333333333333
-0.9670370370370365
-0.9851851851851849
-0.9737037037037033
-0.9737037037037033
-0.9788888888888885
-0.9799999999999998
-0.9685185185185182
-0.9870370370370368
-0.9814814814814814
-0.9714814814814811
-0.9725925925925921
-0.9766666666666662
-0.9699999999999994
-0.9685185185185183
-0.979259259259259
-0.9722222222222219
-0.9740740740740739
-0.9844444444444442
-0.9740740740740736
-0.9785185185185182
-0.9844444444444441
-0.9725925925925921
-0.9777777777777774
-0.9788888888888886
-0.9822222222222221
-0.9814814814814813
-0.9637037037037035
-0.9655555555555552
-0.9729629629629626
-0.9766666666666665
-0.9818518518518516
-0.9848148148148145
-0.9685185185185182
-0.9774074074074072
-0.9829629629629628
-0.9625925925925922
-0.9718518518518515
-0.9681481481481476
-0.9807407407407406
-0.9770370370370367
-0.9788888888888886
-0.9840740740740739
-0.9714814814814814
-0.9707407407407402
-0.9785185185185182
-0.9759259259259256
-0.9748148148148146
-0.9788888888888886
-0.9777777777777775
-0.9799999999999998
-0.9877777777777775
-0.9718518518518515
-0.9781481481481477
-0.9792592592592588
-0.9751851851851849
-0.9722222222222219
-0.9696296296296293
-0.9781481481481478
-0.9774074074074071
-0.9759259259259256
-0.9711111111111106
-0.9692592592592589
-0.982222222222222
-0.9881481481481478
-0.9596296296296292
-0.9762962962962959
-0.9762962962962959
-0.9774074074074072
-0.9755555555555554
-0.9725925925925922
-0.9840740740740738
-0.9666666666666663
-0.9751851851851849
-0.98037037037037
-0.9811111111111108
-0.9714814814814813
-0.9777777777777774
-0.9774074074074071
-0.982222222222222
-0.9803703703703701
-0.9666666666666663
-0.9725925925925921
-0.973333333333333
-0.9855555555555553
-0.9725925925925921
-0.9770370370370367
-0.9770370370370367
-0.9707407407407405
-0.9651851851851848
-0.9674074074074067
-0.9733333333333332
-0.9848148148148145
-0.9799999999999998
