-0.9329629629629624
-0.9137037037037029
-0.9099999999999991
-0.92037037037037
-0.9029629629629623
-0.9133333333333326
-0.9092592592592587
-0.8896296296296297
-0.9381481481481476
-0.9151851851851849
-0.8999999999999997
-0.8899999999999995
-0.9288888888888881
-0.9166666666666662
-0.899629629629629
-0.9174074074074067
-0.9274074074074066
-0.9196296296296289
-0.9018518518518515
-0.9277777777777773
-0.9144444444444437
-0.8970370370370366
-0.9411111111111103
-0.9337037037037033
-0.9251851851851842
-0.9185185185185182
-0.9285185185185177
-0.9007407407407401
-0.9248148148148142
-0.9192592592592583
-0.918518518518518
-0.9162962962962956
-0.9007407407407402
-0.9162962962962956
-0.9296296296296294
-0.9203703703703698
-0.9199999999999993
-0.9229629629629623
-0.9348148148148145
-0.9185185185185177
-0.8951851851851846
-0.9062962962962959
-0.9322222222222217
-0.9051851851851851
-0.9129629629629625
-0.9188888888888883
-0.9048148148148144
-0.9262962962962955
-0.9244444444444437
-0.9111111111111105
-0.8988888888888887
-0.9207407407407403
-0.9340740740740736
-0.9240740740740735
-0.9277777777777773
-0.922592592592592
-0.8977777777777773
-0.9092592592592587
-0.9129629629629623
-0.8970370370370365
-0.9166666666666657
-0.8881481481481477
-0.9329629629629623
-0.9281481481481475
-0.9137037037037032
-0.9248148148148142
-0.9337037037037034
-0.9085185185185177
-0.9159259259259251
-0.9155555555555551
-0.9096296296296289
-0.9092592592592587
-0.8959259259259253
-0.9351851851851848
-0.9211111111111104
-0.9259259259259254
-0.9285185185185181
-0.9229629629629623
-0.9340740740740734
-0.8974074074074068
-0.9077777777777771
-0.9307407407407402
-0.9225925925925916
-0.9099999999999993
-0.8951851851851851
-0.9255555555555546
-0.9133333333333324
-0.9340740740740734
-0.9162962962962957
-0.9003703703703697
-0.9207407407407402
-0.936666666666666
-0.9155555555555551
-0.9407407407407404
-0.9007407407407401
-0.9355555555555548
