-0.5777777777777775
-0.6070370370370374
-0.639259259259259
-0.5374074074074073
-0.5733333333333333
-0.6092592592592594
-0.6462962962962961
-0.6170370370370372
-0.5992592592592592
-0.5788888888888886
-0.5892592592592593
-0.6529629629629629
-0.5822222222222222
-0.6133333333333334
-0.5344444444444444
-0.5933333333333333
-0.577777777777778
-0.5829629629629628
-0.6000000000000001
-0.5681481481481483
-0.5103703703703704
-0.5481481481481482
-0.5814814814814814
-0.567037037037037
-0.5337037037037037
-0.6255555555555554
-0.5551851851851852
-0.6022222222222223
-0.5077777777777778
-0.5640740740740741
-0.6003703703703703
-0.5740740740740741
-0.6151851851851852
-0.588148148148148
-0.626296296296296
-0.5514814814814814
-0.5585185185185185
-0.5885185185185184
-0.5777777777777777
-0.5944444444444444
-0.5944444444444443
-0.5651851851851853
-0.5955555555555557
-0.5425925925925924
-0.5370370370370373
-0.5585185185185186
-0.6414814814814814
-0.518148148148148
-0.5825925925925922
-0.548148148148148
-0.5792592592592594
-0.6244444444444442
-0.5266666666666666
-0.5607407407407408
-0.5970370370370368
-0.5588888888888888
-0.5744444444444442
-0.588148148148148
-0.5988888888888888
-0.6125925925925925
-0.5974074074074074
-0.611111111111111
-0.6003703703703702
-0.6144444444444443
-0.642962962962963
-0.6114814814814811
-0.6166666666666665
-0.587407407407407
-0.5525925925925929
-0.5966666666666665
-0.5996296296296295
-0.548148148148148
-0.6077777777777774
-0.5885185185185184
-0.5751851851851851
-0.5866666666666666
-0.5970370370370369
-0.5566666666666668
-0.5822222222222221
-0.6285185185185186
-0.6100000000000001
-0.5662962962962961
-0.6096296296296294
-0.5714814814814815
-0.5511111111111114
-0.6155555555555555
-0.6440740740740738
-0.5785185185185184
-0.5507407407407405
-0.5574074074074076
-0.6107407407407408
-0.6244444444444444
-0.5477777777777777
-0.5403703703703703
-0.6159259259259261
-0.6185185185185185
