0.6888888888888886
0.6785185185185183
0.7177777777777776
0.6544444444444444
0.6796296296296295
0.6822222222222223
0.6085185185185185
0.6262962962962959
0.6685185185185183
0.6755555555555551
0.6862962962962962
0.6718518518518516
0.6614814814814813
0.6222222222222222
0.622962962962963
0.677407407407407
0.7355555555555552
0.638148148148148
0.5829629629629628
0.6444444444444442
0.7362962962962962
0.6899999999999997
0.6325925925925924
0.7433333333333332
0.6114814814814813
0.6711111111111109
0.6166666666666667
0.7059259259259261
0.6603703703703703
0.6977777777777778
0.7299999999999998
0.6577777777777777
0.6748148148148148
0.6459259259259257
0.6955555555555557
0.6270370370370373
0.6614814814814817
0.6777777777777776
0.7096296296296294
0.712222222222222
0.6370370370370371
0.7044444444444443
0.6659259259259261
0.6440740740740739
0.6551851851851853
0.6751851851851852
0.7125925925925926
0.6625925925925924
0.6262962962962965
0.6659259259259258
0.7014814814814814
0.6885185185185186
0.6907407407407407
0.626296296296296
0.6348148148148146
0.6885185185185185
0.6151851851851852
0.6537037037037039
0.637037037037037
0.6677777777777775
0.6366666666666663
0.6774074074074073
0.6885185185185185
0.6637037037037039
0.6544444444444444
0.674444444444444
0.6374074074074073
0.701111111111111
0.70037037037037
0.7255555555555553
0.6637037037037036
0.644814814814815
0.6214814814814812
0.6322222222222224
0.6303703703703702
0.663333333333333
0.6614814814814817
0.6377777777777778
0.6774074074074072
0.6637037037037038
0.7003703703703704
0.7148148148148148
0.6351851851851853
0.6911111111111109
0.6870370370370372
0.6437037037037038
0.6429629629629631
0.642962962962963
0.6777777777777776
0.5914814814814817
0.6037037037037036
0.6614814814814811
0.6607407407407402
0.7066666666666661
0.7159259259259255
0.6714814814814816
