0.9922222222222221
0.9896296296296295
0.991111111111111
0.9885185185185185
0.9907407407407408
0.9870370370370368
0.9922222222222221
0.988148148148148
0.9866666666666666
0.9825925925925927
0.9925925925925927
0.9855555555555554
0.9859259259259257
0.9948148148148147
0.9918518518518519
0.9874074074074073
0.9833333333333333
0.991111111111111
0.9844444444444442
0.9814814814814814
0.9922222222222223
0.9829629629629629
0.9840740740740739
0.9877777777777778
0.9918518518518517
0.979259259259259
0.9899999999999998
0.9877777777777778
0.9933333333333332
0.9881481481481478
0.9829629629629626
0.9844444444444442
0.9948148148148148
0.985185185185185
0.9851851851851849
0.9855555555555555
0.9933333333333333
0.9870370370370369
0.9888888888888887
0.9903703703703702
0.9877777777777779
0.9855555555555554
0.9892592592592591
0.992962962962963
0.9851851851851849
0.9888888888888888
0.9888888888888886
0.9918518518518519
0.9796296296296295
0.9837037037037036
0.9885185185185185
0.9925925925925924
0.9899999999999999
0.988148148148148
0.9851851851851849
0.9892592592592593
0.9755555555555556
0.9944444444444442
0.9888888888888887
0.9896296296296293
0.9866666666666666
0.9933333333333333
0.9929629629629627
0.9922222222222221
0.9829629629629628
0.9870370370370369
0.9785185185185182
0.9874074074074073
0.989259259259259
0.9770370370370368
0.9866666666666666
0.9944444444444442
0.9937037037037035
0.9874074074074073
0.9877777777777775
0.9914814814814814
0.9796296296296293
0.9925925925925924
0.9862962962962959
0.9888888888888888
0.985925925925926
0.9922222222222221
0.9814814814814814
0.992962962962963
0.9914814814814812
0.982222222222222
0.9855555555555555
0.9937037037037036
0.9781481481481481
0.9859259259259258
0.9892592592592591
0.9940740740740739
0.9848148148148147
0.9814814814814814
0.9877777777777774
0.9940740740740739
