-0.7470370370370368
-0.7388888888888885
-0.762222222222222
-0.7737037037037036
-0.7785185185185182
-0.7885185185185185
-0.7870370370370368
-0.8022222222222216
-0.774074074074074
-0.7962962962962961
-0.7992592592592588
-0.7711111111111109
-0.776296296296296
-0.8103703703703696
-0.7596296296296293
-0.7555555555555551
-0.7407407407407405
-0.7351851851851852
-0.7544444444444441
-0.7707407407407403
-0.7340740740740739
-0.7744444444444447
-0.7848148148148154
-0.7940740740740735
-0.7651851851851852
-0.7611111111111108
-0.7633333333333334
-0.7862962962962964
-0.7625925925925919
-0.7633333333333332
-0.7885185185185183
-0.7703703703703703
-0.7788888888888885
-0.7799999999999997
-0.7622222222222219
-0.777037037037037
-0.7151851851851848
-0.7737037037037036
-0.7988888888888884
-0.7955555555555551
-0.8207407407407404
-0.7774074074074072
-0.7444444444444442
-0.7870370370370365
-0.7718518518518513
-0.771111111111111
-0.781111111111111
-0.774074074074074
-0.7525925925925924
-0.7974074074074067
-0.7681481481481479
-0.726296296296296
-0.747037037037037
-0.7888888888888888
-0.7670370370370366
-0.7970370370370365
-0.7681481481481479
-0.7770370370370369
-0.7744444444444444
-0.7603703703703703
-0.7999999999999996
-0.7855555555555553
-0.7918518518518516
-0.791111111111111
-0.7618518518518513
-0.807037037037037
-0.751111111111111
-0.7707407407407405
-0.7777777777777775
-0.7570370370370365
-0.789259259259259
-0.7755555555555554
-0.7737037037037033
-0.7840740740740736
-0.7755555555555556
-0.7759259259259258
-0.7774074074074073
-0.7637037037037037
-0.8088888888888884
-0.7366666666666662
-0.7825925925925918
-0.7655555555555555
-0.7711111111111107
-0.7503703703703702
-0.7914814814814811
-0.7692592592592585
-0.7462962962962962
-0.7807407407407406
-0.8077777777777772
-0.7503703703703704
-0.7603703703703703
-0.7725925925925923
-0.7733333333333331
-0.8048148148148144
-0.7448148148148143
-0.7622222222222219
