-0.9611111111111107
-0.9585185185185179
-0.9622222222222218
-0.96074074074074
-0.9522222222222219
-0.9581481481481475
-0.954444444444444
-0.9562962962962958
-0.9555555555555552
-0.9499999999999994
-0.9474074074074069
-0.9637037037037031
-0.9644444444444439
-0.9511111111111107
-0.9599999999999995
-0.9540740740740736
-0.9514814814814808
-0.9707407407407403
-0.9681481481481475
-0.9648148148148143
-0.9448148148148143
-0.9662962962962959
-0.9562962962962959
-0.9562962962962959
-0.956666666666666
-0.9562962962962958
-0.9411111111111105
-0.9511111111111106
-0.9555555555555552
-0.9529629629629626
-0.9614814814814813
-0.968518518518518
-0.9540740740740733
-0.9540740740740737
-0.9581481481481479
-0.9637037037037033
-0.9574074074074069
-0.952592592592592
-0.9562962962962959
-0.9644444444444439
-0.9614814814814809
-0.9544444444444443
-0.9688888888888885
-0.9414814814814809
-0.9492592592592589
-0.9533333333333326
-0.9640740740740735
-0.9607407407407403
-0.9470370370370363
-0.9492592592592588
-0.9422222222222217
-0.9581481481481479
-0.9399999999999996
-0.9566666666666661
-0.9577777777777774
-0.957777777777777
-0.9666666666666665
-0.9692592592592589
-0.962222222222222
-0.971481481481481
-0.9659259259259255
-0.9566666666666661
-0.9403703703703696
-0.9492592592592587
-0.9611111111111106
-0.9537037037037029
-0.9666666666666663
-0.9492592592592587
-0.9540740740740735
-0.947777777777777
-0.9581481481481475
-0.9466666666666663
-0.9411111111111105
-0.9540740740740736
-0.9451851851851848
-0.9437037037037029
-0.9425925925925922
-0.9466666666666663
-0.9537037037037029
-0.9570370370370364
-0.9603703703703697
-0.9511111111111106
-0.9514814814814813
-0.9566666666666661
-0.9740740740740738
-0.9592592592592587
-0.9474074074074068
-0.962592592592592
-0.9548148148148146
-0.9603703703703698
-0.9629629629629624
-0.9574074074074069
-0.9562962962962959
-0.937407407407407
-0.9548148148148142
-0.9614814814814809
