0.0	48.54666666666667	52.873333333333335	54.93333333333333	56.406666666666666	57.733333333333334	58.31333333333333	59.06	60.17333333333333	60.56	61.28666666666667	61.36	61.78	61.986666666666665	62.126666666666665	61.986666666666665	62.02	61.86	62.026666666666664	61.74	61.9	61.82	61.89333333333333	61.88666666666666	61.56666666666667	61.45333333333333	60.593333333333334	60.18666666666667	59.86666666666667	59.126666666666665	58.28	57.49333333333333	56.413333333333334	54.9	52.74	48.0	0.0
0.0	48.473333333333336	52.82666666666667	54.94	56.513333333333335	58.24	58.89333333333333	59.62	60.28	60.75333333333333	61.28	61.46	61.7	61.986666666666665	62.38	61.806666666666665	62.10666666666667	62.38	62.07333333333333	61.946666666666665	62.406666666666666	62.31333333333333	62.1	61.96	61.553333333333335	61.92666666666667	61.16	60.48	60.54	59.79333333333334	58.84	58.02	56.86	54.913333333333334	52.526666666666664	48.45333333333333	0.0
0.0	48.026666666666664	52.50666666666667	54.64666666666667	56.3	57.806666666666665	58.2	59.02	59.58	59.94	60.553333333333335	60.9	60.973333333333336	61.18666666666667	61.52	62.13333333333333	61.96666666666667	61.92	62.50666666666667	62.093333333333334	62.16	61.99333333333333	61.72666666666667	61.50666666666667	61.406666666666666	60.94	60.46666666666667	60.013333333333335	59.36666666666667	58.96	58.27333333333333	57.44	56.42	54.406666666666666	52.63333333333333	48.22	0.0
0.0	48.26	52.74	55.06	56.806666666666665	57.78666666666667	58.92	59.53333333333333	59.873333333333335	60.22	60.36	61.14	61.62	62.28	62.38	62.586666666666666	62.68	62.64666666666667	62.626666666666665	62.24666666666667	62.513333333333335	62.373333333333335	62.06666666666667	61.68	61.406666666666666	61.233333333333334	61.13333333333333	60.48	60.02	59.38	58.75333333333333	57.67333333333333	56.86	55.126666666666665	52.666666666666664	48.82	0.0
0.0	48.166666666666664	52.526666666666664	55.1	56.12	57.76	58.54666666666667	59.21333333333333	59.45333333333333	60.18666666666667	60.74666666666667	60.82	61.373333333333335	61.74666666666667	61.693333333333335	61.99333333333333	61.913333333333334	62.32	62.14666666666667	62.013333333333335	62.13333333333333	62.02	61.81333333333333	61.28	61.28666666666667	60.50666666666667	60.373333333333335	60.193333333333335	59.72666666666667	58.96	58.473333333333336	57.54666666666667	56.626666666666665	54.56	52.56	48.57333333333333	0.0
0.0	48.586666666666666	53.14666666666667	55.31333333333333	56.4	57.526666666666664	58.56	59.56666666666667	59.846666666666664	60.513333333333335	60.82666666666667	60.986666666666665	61.473333333333336	61.72	61.986666666666665	61.95333333333333	62.21333333333333	62.06666666666667	62.346666666666664	62.126666666666665	62.406666666666666	62.39333333333333	62.22666666666667	61.89333333333333	62.166666666666664	61.7	61.29333333333334	60.86	60.63333333333333	59.8	58.693333333333335	57.63333333333333	56.57333333333333	55.07333333333333	52.71333333333333	48.36666666666667	0.0
0.0	48.45333333333333	52.68666666666667	54.81333333333333	56.62	57.61333333333334	58.31333333333333	59.026666666666664	59.93333333333333	60.486666666666665	60.78	61.2	61.7	61.71333333333333	61.973333333333336	61.84	61.99333333333333	62.306666666666665	62.593333333333334	62.60666666666667	62.75333333333333	62.20666666666666	61.89333333333333	61.98	61.7	61.17333333333333	60.9	60.526666666666664	60.07333333333333	59.473333333333336	58.68666666666667	57.48	56.593333333333334	55.06	52.61333333333334	48.333333333333336	0.0
0.0	48.62	52.71333333333333	54.74	56.36	57.54666666666667	58.18666666666667	59.093333333333334	59.5	59.973333333333336	60.193333333333335	61.10666666666667	61.0	61.626666666666665	61.50666666666667	61.526666666666664	61.82666666666667	61.913333333333334	61.89333333333333	61.81333333333333	61.96	61.84	61.35333333333333	61.18666666666667	61.18666666666667	60.9	60.86	60.18	59.89333333333333	59.36	58.626666666666665	57.54666666666667	56.233333333333334	55.04666666666667	52.5	48.3	0.0
0.0	48.526666666666664	52.86	55.16	56.81333333333333	57.50666666666667	58.553333333333335	59.44	60.28666666666667	60.39333333333333	61.193333333333335	61.04	61.44	61.79333333333334	61.846666666666664	61.95333333333333	62.233333333333334	61.92	62.36	62.14	62.18666666666667	61.81333333333333	61.58	61.45333333333333	61.406666666666666	61.43333333333333	60.766666666666666	60.56666666666667	60.266666666666666	59.193333333333335	58.653333333333336	57.913333333333334	56.56	54.93333333333333	52.74	48.413333333333334	0.0
0.0	48.36	52.513333333333335	54.42	56.11333333333334	57.093333333333334	58.22	58.82666666666667	59.46666666666667	59.79333333333334	60.64	60.75333333333333	61.26	61.626666666666665	62.0	61.66	61.63333333333333	61.766666666666666	61.96666666666667	61.81333333333333	61.46666666666667	61.49333333333333	61.42	61.306666666666665	61.39333333333333	60.89333333333333	60.31333333333333	59.733333333333334	59.5	58.56666666666667	58.42666666666667	57.56	56.333333333333336	54.86	52.38	48.39333333333333	0.0
0.0	48.42	52.89333333333333	55.093333333333334	56.49333333333333	57.94	58.693333333333335	59.406666666666666	59.766666666666666	60.54	60.78666666666667	60.86	61.406666666666666	61.553333333333335	62.013333333333335	61.833333333333336	61.846666666666664	62.153333333333336	62.486666666666665	62.67333333333333	62.54	62.266666666666666	62.06666666666667	61.96	61.45333333333333	61.11333333333334	60.86	60.43333333333333	59.973333333333336	59.14	58.733333333333334	57.78666666666667	56.413333333333334	54.72666666666667	52.61333333333334	48.52	0.0
0.0	48.17333333333333	52.38	55.45333333333333	56.86	57.71333333333333	58.62	59.04666666666667	60.126666666666665	60.25333333333333	60.913333333333334	61.22666666666667	61.36	61.54666666666667	61.78666666666667	62.36666666666667	62.14666666666667	61.946666666666665	62.3	62.68666666666667	62.5	62.093333333333334	61.846666666666664	61.56666666666667	61.63333333333333	61.053333333333335	60.9	60.42	59.85333333333333	59.446666666666665	58.52	57.406666666666666	56.28666666666667	54.94	52.626666666666665	47.95333333333333	0.0
0.0	48.17333333333333	52.72666666666667	55.333333333333336	57.266666666666666	58.16	58.693333333333335	59.193333333333335	59.92	59.93333333333333	60.66	61.333333333333336	61.906666666666666	61.89333333333333	62.1	62.473333333333336	62.36	62.626666666666665	62.18	62.38	62.10666666666667	62.28	62.13333333333333	61.946666666666665	61.45333333333333	61.13333333333333	60.733333333333334	60.79333333333334	60.32	59.833333333333336	59.27333333333333	58.04	56.71333333333333	55.31333333333333	53.00666666666667	48.733333333333334	0.0
0.0	48.166666666666664	52.38	54.88	56.61333333333334	57.67333333333333	58.693333333333335	59.58	60.22666666666667	60.86	61.07333333333333	61.626666666666665	61.68	61.526666666666664	62.266666666666666	61.88666666666666	62.28666666666667	62.28	62.20666666666666	62.74	62.44	62.34	61.75333333333333	61.86	61.50666666666667	61.00666666666667	60.873333333333335	60.22666666666667	59.70666666666666	59.306666666666665	58.333333333333336	57.75333333333333	56.39333333333333	54.79333333333334	52.53333333333333	48.126666666666665	0.0
0.0	47.733333333333334	51.67333333333333	54.50666666666667	55.846666666666664	57.02	58.093333333333334	58.50666666666667	58.86	59.693333333333335	60.04	60.64	61.053333333333335	61.08	61.1	61.36	61.38	61.486666666666665	61.81333333333333	61.473333333333336	61.46	61.10666666666667	60.99333333333333	60.78	60.86666666666667	60.693333333333335	60.626666666666665	59.78666666666667	59.64	58.88	58.32	57.373333333333335	56.35333333333333	54.77333333333333	52.53333333333333	48.4	0.0
0.0	48.4	52.38666666666666	54.81333333333333	56.486666666666665	57.833333333333336	58.62	59.28	59.35333333333333	60.086666666666666	60.526666666666664	60.693333333333335	60.99333333333333	61.413333333333334	61.4	61.60666666666667	61.81333333333333	61.85333333333333	61.833333333333336	61.913333333333334	61.96	61.733333333333334	61.64	61.666666666666664	61.24	60.92666666666667	61.06	60.17333333333333	59.95333333333333	58.93333333333333	58.32666666666667	57.28666666666667	56.50666666666667	55.1	52.31333333333333	48.22666666666667	0.0
0.0	48.16	52.22	54.63333333333333	56.21333333333333	57.52	58.43333333333333	59.48	59.82	60.32	60.74	61.233333333333334	61.28	61.733333333333334	61.68	61.93333333333333	61.8	61.48	62.14666666666667	61.72	61.78666666666667	61.486666666666665	61.653333333333336	61.5	61.46666666666667	61.07333333333333	60.626666666666665	59.86666666666667	59.67333333333333	58.82666666666667	58.20666666666666	57.32	56.17333333333333	54.93333333333333	52.85333333333333	48.13333333333333	0.0
0.0	48.413333333333334	52.52	54.71333333333333	56.29333333333334	57.61333333333334	58.46	59.07333333333333	59.58	60.27333333333333	60.873333333333335	61.04666666666667	61.36666666666667	61.45333333333333	61.92666666666667	62.1	62.14666666666667	62.07333333333333	61.95333333333333	61.88	61.50666666666667	61.79333333333334	62.03333333333333	61.48	61.413333333333334	60.89333333333333	60.32	60.56	59.64	59.2	58.233333333333334	57.553333333333335	56.766666666666666	54.81333333333333	52.513333333333335	48.233333333333334	0.0
0.0	48.14666666666667	52.29333333333334	54.50666666666667	56.233333333333334	57.79333333333334	58.193333333333335	59.333333333333336	59.95333333333333	60.526666666666664	60.96	61.4	61.56	62.14	62.08	62.4	62.46	62.44	62.346666666666664	62.48	62.473333333333336	62.04	62.24	61.78	61.38666666666666	61.333333333333336	61.0	60.64	59.806666666666665	59.52	58.62	57.58	56.82	54.92	52.32666666666667	47.98	0.0
0.0	48.5	52.7	54.76	56.76	57.6	58.42666666666667	59.07333333333333	59.86	60.18666666666667	60.78666666666667	60.946666666666665	61.24	61.0	61.20666666666666	61.666666666666664	61.75333333333333	62.22	62.03333333333333	61.98	62.34	62.0	61.74	61.53333333333333	61.54666666666667	61.28666666666667	61.1	60.693333333333335	60.193333333333335	59.36666666666667	58.68	57.846666666666664	56.733333333333334	54.96666666666667	53.166666666666664	48.21333333333333	0.0
0.0	48.42	52.76	54.93333333333333	56.81333333333333	57.54666666666667	58.473333333333336	59.13333333333333	59.806666666666665	60.22666666666667	60.666666666666664	61.406666666666666	61.346666666666664	61.29333333333334	61.70666666666666	62.00666666666667	62.04666666666667	62.32	62.32	62.28666666666667	62.24666666666667	62.0	61.74	61.56	61.486666666666665	60.82666666666667	60.93333333333333	60.68666666666667	60.10666666666667	59.49333333333333	58.846666666666664	58.04666666666667	56.666666666666664	54.98	52.76	48.56	0.0
0.0	48.56666666666667	52.86666666666667	55.526666666666664	57.07333333333333	58.373333333333335	58.846666666666664	60.02	60.44	60.88666666666666	61.21333333333333	61.64	62.28666666666667	62.306666666666665	62.56	62.346666666666664	62.873333333333335	62.86	63.22	62.72666666666667	62.92	62.64	62.61333333333334	62.27333333333333	61.76	61.54	61.16	60.986666666666665	60.5	59.54	59.193333333333335	58.00666666666667	56.92	55.42666666666667	53.06	48.766666666666666	0.0
0.0	48.413333333333334	52.4	54.93333333333333	56.446666666666665	57.473333333333336	58.56666666666667	59.25333333333333	59.42666666666667	60.22	60.72666666666667	61.22666666666667	61.42	61.53333333333333	61.99333333333333	62.2	62.32666666666667	62.333333333333336	62.35333333333333	62.28	62.086666666666666	61.56666666666667	61.58	61.68	61.373333333333335	61.04	60.78	60.6	60.04	59.153333333333336	58.67333333333333	58.18	56.86666666666667	55.126666666666665	52.72	48.12	0.0
0.0	48.4	52.72666666666667	55.086666666666666	56.35333333333333	57.74666666666667	58.50666666666667	59.00666666666667	60.093333333333334	60.20666666666666	60.75333333333333	61.18666666666667	61.63333333333333	61.946666666666665	61.833333333333336	61.78	62.27333333333333	62.08	62.4	61.92	62.1	61.89333333333333	61.60666666666667	61.50666666666667	61.333333333333336	61.26	60.64666666666667	60.126666666666665	59.93333333333333	59.14	58.086666666666666	57.413333333333334	56.34	54.76	52.45333333333333	48.233333333333334	0.0
0.0	48.14666666666667	52.68666666666667	55.04666666666667	56.56666666666667	57.57333333333333	58.44	59.593333333333334	59.906666666666666	60.42666666666667	60.57333333333333	60.873333333333335	61.653333333333336	61.72	61.94	62.17333333333333	62.053333333333335	62.24666666666667	62.4	62.333333333333336	62.44	61.8	62.086666666666666	61.74666666666667	61.446666666666665	61.62	61.2	60.86	59.96	59.84	58.846666666666664	57.60666666666667	56.733333333333334	54.92666666666667	52.45333333333333	48.086666666666666	0.0
0.0	47.973333333333336	52.16	54.62	55.72	57.21333333333333	58.14	58.79333333333334	59.193333333333335	59.86	60.36	61.06	61.28	61.44	61.61333333333334	61.98	62.00666666666667	62.36666666666667	62.24	62.24666666666667	61.913333333333334	61.76	61.38	61.20666666666666	60.8	60.70666666666666	60.373333333333335	60.026666666666664	59.57333333333333	59.31333333333333	58.553333333333335	57.2	56.346666666666664	54.373333333333335	52.64	47.98	0.0
0.0	48.39333333333333	52.593333333333334	55.00666666666667	56.64666666666667	57.61333333333334	58.71333333333333	59.32	60.0	60.266666666666666	60.96666666666667	60.92666666666667	61.42	61.68666666666667	62.14	62.43333333333333	62.49333333333333	62.38666666666666	62.32666666666667	62.34	62.22666666666667	61.913333333333334	62.24666666666667	61.92	61.806666666666665	61.28666666666667	60.82	60.49333333333333	59.98	59.513333333333335	58.89333333333333	58.1	56.29333333333334	55.266666666666666	52.8	48.5	0.0
0.0	48.56	52.7	55.06666666666667	56.77333333333333	57.49333333333333	58.53333333333333	59.38666666666666	59.74	60.38666666666666	61.04	61.17333333333333	61.3	61.53333333333333	61.513333333333335	61.77333333333333	61.666666666666664	61.92666666666667	61.9	61.77333333333333	61.74	61.6	61.64	60.95333333333333	60.72	60.473333333333336	60.36666666666667	60.28	59.32666666666667	58.84	58.6	57.486666666666665	56.586666666666666	54.946666666666665	52.29333333333334	48.4	0.0
0.0	48.45333333333333	52.593333333333334	54.77333333333333	56.68666666666667	57.74	58.38666666666666	59.36	59.6	59.98	60.446666666666665	61.25333333333333	61.446666666666665	61.64666666666667	61.85333333333333	62.126666666666665	62.21333333333333	62.03333333333333	62.10666666666667	62.28666666666667	61.98	61.78666666666667	61.79333333333334	61.54666666666667	61.79333333333334	61.17333333333333	60.92666666666667	60.44	59.78666666666667	59.39333333333333	58.74	57.693333333333335	56.81333333333333	55.266666666666666	52.71333333333333	48.2	0.0
0.0	48.193333333333335	52.45333333333333	54.75333333333333	56.4	57.8	58.42666666666667	59.446666666666665	59.71333333333333	60.44	60.733333333333334	61.44	61.29333333333334	61.733333333333334	61.75333333333333	61.56666666666667	61.766666666666666	61.67333333333333	61.92666666666667	61.653333333333336	61.72666666666667	61.766666666666666	61.25333333333333	61.446666666666665	61.06	60.92	60.60666666666667	60.3	60.20666666666666	59.4	58.46	57.5	56.806666666666665	55.1	52.94	48.54666666666667	0.0
0.0	48.45333333333333	52.57333333333333	55.11333333333334	56.693333333333335	57.833333333333336	58.67333333333333	59.72666666666667	59.96	60.9	61.64	61.93333333333333	62.14	62.24	62.67333333333333	62.31333333333333	62.46666666666667	62.4	62.18666666666667	62.56	62.38	62.46666666666667	62.57333333333333	62.346666666666664	61.906666666666666	61.54	60.76	60.46666666666667	59.913333333333334	59.086666666666666	58.693333333333335	57.45333333333333	56.593333333333334	54.78666666666667	52.74666666666667	48.346666666666664	0.0
0.0	48.373333333333335	52.50666666666667	55.10666666666667	56.68666666666667	57.74	58.28	59.22	59.58	59.98	60.6	61.42666666666667	61.24	61.346666666666664	61.75333333333333	61.593333333333334	61.733333333333334	61.653333333333336	61.88	61.693333333333335	61.98	61.54666666666667	61.6	61.126666666666665	61.053333333333335	61.22	60.75333333333333	60.00666666666667	59.72666666666667	59.03333333333333	58.626666666666665	57.96	56.42	54.88	52.36	48.58	0.0
0.0	48.39333333333333	52.22	54.84	56.89333333333333	58.06	58.53333333333333	59.46666666666667	59.74	60.68	60.81333333333333	61.04	61.38	61.733333333333334	61.66	62.07333333333333	61.82666666666667	61.766666666666666	61.586666666666666	61.92666666666667	61.78	61.8	61.446666666666665	61.22	61.086666666666666	60.98	60.57333333333333	60.18666666666667	59.406666666666666	58.666666666666664	58.64666666666667	57.986666666666665	56.86	55.13333333333333	52.82666666666667	48.46	0.0
0.0	48.00666666666667	52.373333333333335	54.89333333333333	56.38666666666666	57.58	58.24	59.093333333333334	59.43333333333333	59.653333333333336	60.13333333333333	60.626666666666665	61.06	61.36	61.79333333333334	61.68	61.66	61.82666666666667	61.96	61.61333333333334	61.82	61.48	61.39333333333333	61.653333333333336	60.96	60.71333333333333	60.42666666666667	60.193333333333335	59.44	59.25333333333333	58.28	57.653333333333336	56.053333333333335	54.67333333333333	52.36666666666667	48.14	0.0
0.0	48.346666666666664	52.85333333333333	54.8	56.42666666666667	57.82666666666667	58.64	59.31333333333333	59.833333333333336	60.44	60.75333333333333	61.14666666666667	61.34	61.48	61.98	62.11333333333334	62.02	62.14666666666667	62.093333333333334	61.733333333333334	61.88666666666666	61.45333333333333	61.68	61.36	61.38666666666666	61.2	60.45333333333333	60.06666666666667	59.68	59.31333333333333	58.593333333333334	58.07333333333333	56.89333333333333	55.413333333333334	53.04666666666667	48.58	0.0
0.0	48.233333333333334	52.82666666666667	54.986666666666665	56.72	57.64	58.67333333333333	59.54666666666667	60.36666666666667	60.553333333333335	61.36666666666667	61.66	61.67333333333333	61.873333333333335	62.22	62.42	62.28666666666667	62.38666666666666	62.25333333333333	62.28	62.04	61.78	61.873333333333335	61.78	61.733333333333334	61.58	60.94	60.82666666666667	60.57333333333333	59.446666666666665	58.76	58.27333333333333	56.74666666666667	55.346666666666664	53.153333333333336	48.64	0.0
0.0	48.46	52.64	55.16	56.7	57.93333333333333	58.82	59.766666666666666	60.1	60.946666666666665	61.06	61.486666666666665	61.71333333333333	61.76	62.06	62.153333333333336	62.07333333333333	62.086666666666666	62.1	62.193333333333335	62.1	62.34	62.06	62.053333333333335	61.5	61.46	61.02	60.57333333333333	60.406666666666666	59.45333333333333	58.693333333333335	58.026666666666664	56.973333333333336	55.28	52.833333333333336	48.553333333333335	0.0
0.0	48.1	52.28666666666667	54.70666666666666	56.153333333333336	57.346666666666664	58.54	59.22666666666667	59.9	60.22666666666667	60.78666666666667	61.093333333333334	61.233333333333334	61.693333333333335	61.57333333333333	61.833333333333336	62.193333333333335	62.12	61.96	62.42666666666667	62.346666666666664	61.86	61.56666666666667	61.446666666666665	61.29333333333334	61.14	60.44	60.32	59.72	58.833333333333336	58.26	57.46666666666667	56.526666666666664	54.666666666666664	52.233333333333334	48.14	0.0
0.0	48.25333333333333	52.52	54.4	56.12	57.1	57.86	59.053333333333335	59.81333333333333	60.193333333333335	60.84	61.04	61.00666666666667	61.10666666666667	61.413333333333334	61.63333333333333	61.766666666666666	61.906666666666666	61.45333333333333	61.56666666666667	61.9	61.6	61.593333333333334	61.44	60.913333333333334	60.78666666666667	60.56666666666667	60.14666666666667	59.833333333333336	58.68	58.66	57.52	56.333333333333336	54.89333333333333	52.56666666666667	48.233333333333334	0.0
0.0	48.56	52.986666666666665	55.02	56.473333333333336	57.64	58.346666666666664	59.46	60.06	60.27333333333333	60.75333333333333	60.92	61.48	61.64	62.28	62.233333333333334	62.22	62.36666666666667	62.22	62.12	62.11333333333334	62.36666666666667	62.27333333333333	61.68	61.74	61.52	61.2	60.333333333333336	59.76	59.56	58.56	57.64	56.95333333333333	54.96666666666667	52.446666666666665	48.4	0.0
0.0	48.64	53.3	55.57333333333333	57.04666666666667	58.32	59.24666666666667	59.653333333333336	60.46	61.00666666666667	61.60666666666667	62.0	61.7	61.873333333333335	62.48	62.74666666666667	62.76	63.013333333333335	62.89333333333333	62.58	62.82	62.626666666666665	62.473333333333336	62.32666666666667	62.026666666666664	61.82	61.67333333333333	60.99333333333333	60.07333333333333	59.72666666666667	58.72	58.153333333333336	57.233333333333334	55.7	52.74666666666667	48.92	0.0
0.0	48.406666666666666	52.36	55.013333333333335	56.60666666666667	57.68	58.74	59.44	60.08	60.74	61.07333333333333	61.27333333333333	61.82666666666667	62.06	62.39333333333333	62.61333333333334	62.68	62.93333333333333	62.72666666666667	62.653333333333336	62.67333333333333	62.373333333333335	62.266666666666666	62.00666666666667	62.32666666666667	61.486666666666665	61.29333333333334	60.74	60.26	59.66	58.70666666666666	57.75333333333333	57.04666666666667	55.086666666666666	52.733333333333334	48.413333333333334	0.0
0.0	48.45333333333333	52.68	55.20666666666666	56.62	57.486666666666665	58.68	59.626666666666665	60.25333333333333	60.766666666666666	61.413333333333334	61.4	61.4	61.86666666666667	62.013333333333335	62.28	62.04	62.333333333333336	62.50666666666667	62.013333333333335	62.28666666666667	62.34	62.06666666666667	62.25333333333333	61.74666666666667	61.32666666666667	60.946666666666665	60.5	60.27333333333333	59.54	58.82666666666667	57.79333333333334	56.46	55.22666666666667	53.04666666666667	48.513333333333335	0.0
0.0	48.39333333333333	52.2	54.76	56.24666666666667	57.58	58.78666666666667	59.46	59.873333333333335	60.28	60.94	60.86	61.43333333333333	61.406666666666666	61.766666666666666	62.04666666666667	62.35333333333333	62.20666666666666	62.04	61.846666666666664	61.8	61.57333333333333	61.373333333333335	61.346666666666664	61.193333333333335	61.0	60.68666666666667	60.333333333333336	59.913333333333334	59.38666666666666	58.906666666666666	57.52	56.77333333333333	54.99333333333333	52.68	48.28666666666667	0.0
0.0	48.38666666666666	52.32666666666667	54.82666666666667	56.21333333333333	57.28	58.18	58.693333333333335	59.32	59.93333333333333	60.24666666666667	60.693333333333335	61.126666666666665	61.58	61.61333333333334	61.626666666666665	61.86666666666667	61.913333333333334	62.04	62.06	62.03333333333333	61.666666666666664	61.68666666666667	61.60666666666667	61.26	60.89333333333333	60.48	59.88666666666666	59.70666666666666	59.18	58.2	57.24	56.32666666666667	54.8	52.52	48.42	0.0
0.0	48.2	52.693333333333335	55.04	56.053333333333335	57.77333333333333	58.48	58.82666666666667	59.733333333333334	59.85333333333333	60.526666666666664	61.00666666666667	61.11333333333334	61.50666666666667	61.766666666666666	61.81333333333333	61.79333333333334	61.973333333333336	61.873333333333335	61.77333333333333	61.75333333333333	61.913333333333334	61.86	62.06	61.56	61.36	60.946666666666665	60.446666666666665	59.96666666666667	59.43333333333333	58.68666666666667	58.153333333333336	56.64	54.71333333333333	52.85333333333333	48.46	0.0
0.0	48.0	52.593333333333334	54.74666666666667	56.25333333333333	57.29333333333334	58.24	59.11333333333334	59.7	60.07333333333333	60.4	60.82	60.906666666666666	60.78	61.36	61.57333333333333	61.68	61.92666666666667	61.77333333333333	61.586666666666666	61.973333333333336	61.46666666666667	61.3	61.413333333333334	61.7	61.14666666666667	60.43333333333333	60.0	59.6	58.75333333333333	58.266666666666666	57.29333333333334	56.34	54.74666666666667	52.07333333333333	48.11333333333334	0.0
0.0	48.39333333333333	52.32666666666667	54.78666666666667	56.06	57.126666666666665	57.586666666666666	59.20666666666666	59.62	60.13333333333333	60.52	61.04	61.406666666666666	61.626666666666665	61.593333333333334	62.1	62.18666666666667	61.86	62.35333333333333	61.94	61.88666666666666	61.72	61.586666666666666	61.57333333333333	61.27333333333333	61.02	60.67333333333333	60.21333333333333	59.75333333333333	59.513333333333335	58.626666666666665	57.52	55.93333333333333	54.49333333333333	52.25333333333333	48.04	0.0
0.0	48.32	52.67333333333333	54.88	56.406666666666666	57.766666666666666	58.5	59.58	60.473333333333336	60.46666666666667	60.81333333333333	61.14	61.45333333333333	61.733333333333334	61.9	61.986666666666665	62.34	62.36666666666667	62.1	62.13333333333333	62.54666666666667	62.266666666666666	62.08	61.71333333333333	61.61333333333334	61.25333333333333	61.2	60.38	59.413333333333334	59.10666666666667	58.42666666666667	57.446666666666665	56.35333333333333	55.02	52.6	48.36666666666667	0.0
0.0	48.53333333333333	52.513333333333335	54.913333333333334	56.653333333333336	57.946666666666665	58.53333333333333	59.14666666666667	59.79333333333334	60.70666666666666	60.94	61.333333333333336	61.346666666666664	61.79333333333334	61.806666666666665	61.77333333333333	62.02	62.03333333333333	62.166666666666664	62.21333333333333	62.26	62.02	62.013333333333335	61.75333333333333	61.52	61.4	60.67333333333333	60.9	59.94	59.42	58.76	57.906666666666666	56.96666666666667	55.22666666666667	52.906666666666666	48.586666666666666	0.0
0.0	48.67333333333333	53.17333333333333	55.36	56.98	57.94	58.74	59.473333333333336	60.56666666666667	60.71333333333333	61.233333333333334	61.626666666666665	61.9	61.906666666666666	62.36666666666667	62.68666666666667	62.46	62.473333333333336	62.68666666666667	62.653333333333336	62.75333333333333	62.666666666666664	62.193333333333335	62.24	62.00666666666667	61.42	61.153333333333336	60.766666666666666	60.35333333333333	59.57333333333333	59.2	58.193333333333335	57.11333333333334	55.25333333333333	52.96	48.72666666666667	0.0
0.0	48.526666666666664	52.85333333333333	55.3	56.86	58.053333333333335	59.13333333333333	59.733333333333334	60.17333333333333	60.77333333333333	61.346666666666664	61.82	61.72	62.193333333333335	62.54666666666667	62.526666666666664	62.54666666666667	62.34	62.24	61.99333333333333	62.52	62.166666666666664	62.086666666666666	61.68666666666667	61.60666666666667	61.693333333333335	61.16	60.50666666666667	60.026666666666664	59.693333333333335	59.086666666666666	58.10666666666667	56.96	55.166666666666664	53.06	48.64	0.0
0.0	48.586666666666666	52.166666666666664	54.86666666666667	56.24	57.373333333333335	58.36	59.026666666666664	59.54	59.806666666666665	60.42666666666667	60.88	60.973333333333336	61.08	61.48	61.806666666666665	61.74	61.76	62.08	61.92666666666667	61.766666666666666	61.46	61.43333333333333	61.526666666666664	61.03333333333333	61.03333333333333	60.54666666666667	60.07333333333333	59.63333333333333	59.32	58.57333333333333	57.76	56.446666666666665	54.72	52.45333333333333	48.193333333333335	0.0
0.0	48.28666666666667	52.54	54.88666666666666	56.653333333333336	57.58	58.846666666666664	59.5	60.10666666666667	60.86	61.03333333333333	61.07333333333333	61.76	61.85333333333333	61.986666666666665	62.44	62.18	62.04666666666667	62.17333333333333	62.266666666666666	62.38666666666666	61.61333333333334	61.56	61.5	61.126666666666665	60.833333333333336	60.593333333333334	59.85333333333333	59.57333333333333	58.806666666666665	58.22	57.39333333333333	56.61333333333334	55.16	52.806666666666665	48.67333333333333	0.0
0.0	48.373333333333335	52.526666666666664	54.82666666666667	56.43333333333333	57.54666666666667	58.29333333333334	59.31333333333333	59.54	60.28	60.52	61.13333333333333	61.45333333333333	61.36	62.12	61.586666666666666	62.11333333333334	62.31333333333333	62.093333333333334	62.10666666666667	62.126666666666665	61.833333333333336	61.72666666666667	61.6	61.36	61.27333333333333	61.24666666666667	60.26	59.76	59.11333333333334	58.833333333333336	57.626666666666665	56.70666666666666	55.14	52.66	48.35333333333333	0.0
0.0	48.486666666666665	52.54	54.6	56.58	57.60666666666667	58.526666666666664	59.526666666666664	59.82666666666667	60.71333333333333	60.89333333333333	60.96666666666667	61.026666666666664	61.5	61.526666666666664	61.58	61.526666666666664	61.60666666666667	61.806666666666665	62.04	62.053333333333335	62.00666666666667	61.7	61.22	61.24666666666667	60.833333333333336	60.48	60.38666666666666	59.233333333333334	58.986666666666665	58.193333333333335	57.11333333333334	55.99333333333333	54.906666666666666	52.66	47.96666666666667	0.0
0.0	48.086666666666666	52.64666666666667	54.88666666666666	56.593333333333334	57.306666666666665	58.093333333333334	58.96	59.766666666666666	60.513333333333335	60.8	61.36	61.70666666666666	61.913333333333334	62.153333333333336	62.193333333333335	62.28	62.56666666666667	62.29333333333334	61.973333333333336	61.64	61.92666666666667	61.3	61.27333333333333	61.13333333333333	60.846666666666664	60.6	60.266666666666666	59.653333333333336	59.24	58.586666666666666	57.86	56.44	54.78	52.53333333333333	47.96666666666667	0.0
0.0	48.45333333333333	52.88666666666666	55.14	56.4	58.333333333333336	59.10666666666667	59.76	60.36666666666667	60.846666666666664	61.27333333333333	61.60666666666667	61.96666666666667	62.06666666666667	62.18	62.093333333333334	62.06	62.67333333333333	62.28	62.34	61.84	62.20666666666666	61.806666666666665	61.906666666666666	61.44	61.32	61.11333333333334	60.86	60.166666666666664	59.38	58.653333333333336	57.66	56.64666666666667	55.22666666666667	52.76	48.346666666666664	0.0
0.0	48.06666666666667	52.6	55.1	56.67333333333333	57.82	58.94	59.34	59.79333333333334	60.36666666666667	60.49333333333333	60.96666666666667	61.333333333333336	61.27333333333333	61.99333333333333	61.89333333333333	62.08	62.36666666666667	62.31333333333333	62.18666666666667	61.93333333333333	61.53333333333333	61.406666666666666	61.53333333333333	61.52	61.193333333333335	61.16	60.54666666666667	59.92666666666667	59.306666666666665	58.92666666666667	57.846666666666664	56.81333333333333	55.22	52.82666666666667	48.193333333333335	0.0
0.0	48.66	52.45333333333333	54.76	56.45333333333333	57.24666666666667	58.02	59.373333333333335	59.946666666666665	60.31333333333333	60.486666666666665	60.93333333333333	60.92666666666667	61.4	61.04	61.34	61.17333333333333	61.54	61.32666666666667	61.57333333333333	61.64666666666667	61.43333333333333	61.46666666666667	61.48	61.18666666666667	61.04	60.74666666666667	60.14666666666667	59.92666666666667	59.06666666666667	58.526666666666664	57.333333333333336	56.306666666666665	54.56666666666667	52.406666666666666	48.013333333333335	0.0
0.0	48.36	52.513333333333335	55.086666666666666	56.666666666666664	57.473333333333336	58.693333333333335	59.42666666666667	59.82666666666667	60.56666666666667	60.49333333333333	60.64	61.333333333333336	61.513333333333335	61.86666666666667	61.733333333333334	61.81333333333333	62.06	62.166666666666664	62.086666666666666	62.1	61.78666666666667	61.9	61.66	61.72666666666667	61.06666666666667	60.846666666666664	60.18	59.92	59.373333333333335	58.42666666666667	57.64666666666667	56.593333333333334	54.833333333333336	52.653333333333336	48.406666666666666	0.0
0.0	48.25333333333333	52.42	54.74	56.373333333333335	57.95333333333333	58.50666666666667	59.306666666666665	59.82666666666667	60.54666666666667	60.57333333333333	60.67333333333333	61.38	61.32	61.4	61.89333333333333	61.79333333333334	61.95333333333333	61.913333333333334	61.63333333333333	61.46	61.82666666666667	61.72	61.57333333333333	61.28	60.973333333333336	60.48	60.08	59.626666666666665	59.053333333333335	58.36666666666667	57.66	56.346666666666664	54.846666666666664	52.36666666666667	48.06	0.0
0.0	48.766666666666666	52.48	55.29333333333334	56.84	57.85333333333333	59.086666666666666	59.70666666666666	60.57333333333333	60.84	61.29333333333334	61.50666666666667	61.513333333333335	61.72	61.56	61.906666666666666	61.9	62.1	62.593333333333334	62.31333333333333	61.946666666666665	62.36666666666667	61.92666666666667	62.153333333333336	62.11333333333334	61.373333333333335	61.21333333333333	60.906666666666666	60.446666666666665	59.973333333333336	59.28666666666667	58.00666666666667	57.1	55.36666666666667	53.0	48.986666666666665	0.0
0.0	48.36	52.526666666666664	54.52	56.39333333333333	57.43333333333333	58.333333333333336	59.00666666666667	59.86666666666667	60.56666666666667	60.593333333333334	60.89333333333333	60.92666666666667	61.166666666666664	61.52	61.406666666666666	61.46666666666667	61.85333333333333	61.96666666666667	61.61333333333334	61.78	61.96	61.513333333333335	61.08	60.93333333333333	60.46666666666667	60.26	59.8	59.32	59.00666666666667	58.43333333333333	56.98	56.166666666666664	54.553333333333335	52.27333333333333	48.16	0.0
0.0	48.18	52.586666666666666	54.68666666666667	56.29333333333334	57.42666666666667	58.35333333333333	58.986666666666665	59.586666666666666	60.473333333333336	60.586666666666666	60.6	60.913333333333334	61.67333333333333	61.35333333333333	62.24	61.946666666666665	62.07333333333333	61.96	62.14666666666667	61.79333333333334	61.346666666666664	61.62	61.07333333333333	61.00666666666667	60.88666666666666	60.28666666666667	60.233333333333334	59.8	59.24666666666667	58.42666666666667	57.986666666666665	56.473333333333336	54.586666666666666	52.446666666666665	48.266666666666666	0.0
0.0	48.39333333333333	52.78666666666667	55.166666666666664	56.38666666666666	57.67333333333333	58.333333333333336	59.026666666666664	59.76	60.36	61.00666666666667	61.28	61.18	61.193333333333335	61.806666666666665	62.08	62.29333333333334	62.62	62.64	62.06666666666667	62.18666666666667	62.053333333333335	61.78	61.626666666666665	61.32666666666667	61.00666666666667	60.96666666666667	60.28	59.986666666666665	59.16	58.593333333333334	57.473333333333336	56.38	55.06666666666667	52.5	48.4	0.0
0.0	48.46666666666667	52.806666666666665	55.16	56.7	57.64	58.58	59.74	60.086666666666666	60.60666666666667	61.02	61.28666666666667	61.86666666666667	62.32	61.99333333333333	62.46	62.94	62.64	62.72	62.693333333333335	62.68666666666667	62.25333333333333	62.07333333333333	62.0	61.38666666666666	61.32	60.85333333333333	60.586666666666666	59.92	59.486666666666665	58.446666666666665	57.626666666666665	56.733333333333334	55.14666666666667	53.03333333333333	48.25333333333333	0.0
0.0	48.013333333333335	52.11333333333334	54.806666666666665	56.14666666666667	57.31333333333333	58.44	59.0	59.53333333333333	60.11333333333334	60.913333333333334	61.29333333333334	61.48	61.78	62.24	62.193333333333335	62.06	61.973333333333336	61.96666666666667	62.446666666666665	62.233333333333334	62.04666666666667	62.14	61.64	61.42666666666667	61.553333333333335	60.93333333333333	60.1	59.846666666666664	59.11333333333334	58.66	57.48	56.03333333333333	54.693333333333335	52.36	48.06666666666667	0.0
0.0	48.26	52.25333333333333	55.49333333333333	56.4	57.60666666666667	58.32666666666667	59.266666666666666	60.07333333333333	60.4	61.053333333333335	60.84	61.18	61.85333333333333	61.906666666666666	62.08	62.06666666666667	62.27333333333333	62.31333333333333	62.02	62.14	62.08	61.88666666666666	61.79333333333334	61.666666666666664	61.27333333333333	60.553333333333335	60.29333333333334	60.16	59.38	58.666666666666664	57.72	56.46	54.93333333333333	52.473333333333336	48.27333333333333	0.0
0.0	48.35333333333333	52.82666666666667	55.22	56.16	57.446666666666665	58.14	58.74	59.42666666666667	59.96	60.20666666666666	60.5	61.28	61.346666666666664	61.29333333333334	61.39333333333333	61.8	61.62	61.693333333333335	61.846666666666664	61.6	61.586666666666666	61.60666666666667	61.68666666666667	61.56666666666667	60.8	60.60666666666667	60.11333333333334	59.28666666666667	58.75333333333333	57.92	57.32666666666667	56.093333333333334	54.593333333333334	52.093333333333334	48.12	0.0
0.0	48.24666666666667	52.22	54.68	56.373333333333335	57.79333333333334	58.86666666666667	59.03333333333333	59.50666666666667	60.3	60.68666666666667	61.2	61.50666666666667	61.54666666666667	61.58	61.72	62.026666666666664	61.93333333333333	61.96	61.8	61.513333333333335	61.71333333333333	61.486666666666665	61.513333333333335	61.18	61.026666666666664	60.2	59.906666666666666	59.84	58.906666666666666	58.60666666666667	57.56	56.72	54.913333333333334	52.233333333333334	48.36666666666667	0.0
0.0	48.21333333333333	52.626666666666665	54.946666666666665	56.666666666666664	57.84	58.71333333333333	59.25333333333333	59.56	60.3	61.153333333333336	61.18	61.78666666666667	61.76	61.96666666666667	62.36	62.03333333333333	62.346666666666664	62.22	62.18	62.24	62.00666666666667	62.026666666666664	61.833333333333336	61.76	61.38	61.14666666666667	60.48	60.07333333333333	59.6	58.63333333333333	57.86	56.166666666666664	54.94	52.553333333333335	48.10666666666667	0.0
0.0	48.413333333333334	52.64666666666667	54.99333333333333	56.66	57.22666666666667	58.60666666666667	59.406666666666666	59.946666666666665	60.486666666666665	60.986666666666665	61.22	61.513333333333335	61.74	61.68666666666667	61.653333333333336	61.766666666666666	61.64666666666667	61.84	61.63333333333333	61.57333333333333	61.48	61.626666666666665	61.28	61.28	61.02	61.00666666666667	59.873333333333335	59.7	59.10666666666667	58.54	57.54666666666667	56.4	54.88	52.42	48.63333333333333	0.0
0.0	48.22	52.60666666666667	55.13333333333333	56.26	57.64	58.233333333333334	59.28	59.71333333333333	60.1	60.42	60.46666666666667	60.79333333333334	61.373333333333335	61.56666666666667	61.39333333333333	61.5	61.54666666666667	61.82	61.626666666666665	61.78666666666667	61.5	61.373333333333335	61.233333333333334	60.72	60.82	60.42	59.78666666666667	59.26	58.92	58.26	57.193333333333335	56.24	54.9	52.74	48.42666666666667	0.0
0.0	48.54	52.766666666666666	55.086666666666666	56.72	57.86666666666667	58.44	59.46666666666667	59.8	60.2	60.68	61.11333333333334	61.126666666666665	61.693333333333335	61.64	61.88666666666666	61.95333333333333	62.32	62.00666666666667	62.586666666666666	62.35333333333333	62.193333333333335	61.78666666666667	62.013333333333335	61.78666666666667	61.08	60.553333333333335	60.43333333333333	59.9	59.74	58.70666666666666	57.68	56.86666666666667	55.39333333333333	52.67333333333333	48.1	0.0
0.0	48.373333333333335	52.24	54.593333333333334	56.306666666666665	57.806666666666665	58.22666666666667	58.553333333333335	59.86666666666667	60.25333333333333	60.39333333333333	60.89333333333333	61.48	61.49333333333333	61.67333333333333	61.846666666666664	61.64666666666667	61.26	62.03333333333333	61.63333333333333	61.526666666666664	61.6	61.513333333333335	61.346666666666664	61.086666666666666	60.733333333333334	60.333333333333336	60.04666666666667	59.6	59.153333333333336	58.3	57.54666666666667	56.413333333333334	54.78	52.31333333333333	48.54	0.0
0.0	48.02	52.57333333333333	54.78666666666667	56.446666666666665	57.76	58.446666666666665	59.13333333333333	59.75333333333333	59.986666666666665	60.38666666666666	60.4	61.21333333333333	61.5	61.63333333333333	62.04666666666667	62.28	62.28666666666667	62.446666666666665	62.74666666666667	62.52	61.72	61.81333333333333	61.61333333333334	61.32	60.846666666666664	60.42666666666667	60.03333333333333	59.446666666666665	58.95333333333333	58.56666666666667	57.56	56.526666666666664	54.71333333333333	52.61333333333334	48.21333333333333	0.0
0.0	48.306666666666665	52.78	54.56666666666667	56.27333333333333	57.61333333333334	58.88	59.53333333333333	59.74666666666667	60.46	60.846666666666664	61.153333333333336	61.06	61.60666666666667	61.766666666666666	61.43333333333333	61.74	61.77333333333333	61.693333333333335	61.693333333333335	61.666666666666664	61.22	61.60666666666667	60.95333333333333	60.76	60.67333333333333	60.373333333333335	59.86666666666667	59.413333333333334	59.04	58.8	57.26	55.96666666666667	54.61333333333334	52.07333333333333	47.88	0.0
0.0	48.58	52.58	55.42	56.586666666666666	58.1	59.44	59.88	60.193333333333335	61.06666666666667	61.25333333333333	61.50666666666667	61.45333333333333	62.03333333333333	61.85333333333333	62.28	62.20666666666666	62.166666666666664	62.08	62.093333333333334	62.3	62.21333333333333	61.96	61.873333333333335	61.733333333333334	61.54	61.14666666666667	60.88666666666666	60.24666666666667	59.56666666666667	58.75333333333333	57.74	56.86	55.46666666666667	52.78	48.46	0.0
0.0	48.406666666666666	52.446666666666665	54.946666666666665	56.32666666666667	57.29333333333334	58.45333333333333	59.18666666666667	59.29333333333334	59.833333333333336	60.27333333333333	60.63333333333333	60.89333333333333	61.32666666666667	61.94	62.25333333333333	61.733333333333334	61.74	61.28666666666667	61.63333333333333	61.46666666666667	61.36666666666667	61.13333333333333	60.98	61.10666666666667	61.233333333333334	60.48	60.266666666666666	59.74666666666667	59.34	58.42666666666667	57.7	56.79333333333334	54.6	52.513333333333335	48.266666666666666	0.0
0.0	48.3	52.46666666666667	55.24	56.46666666666667	58.14666666666667	58.846666666666664	59.086666666666666	59.626666666666665	60.32666666666667	61.11333333333334	61.266666666666666	61.346666666666664	61.81333333333333	62.04	61.86	62.13333333333333	61.76	62.06666666666667	62.36666666666667	62.03333333333333	61.98	62.193333333333335	61.52	61.6	60.89333333333333	60.88666666666666	60.22	59.78	59.42666666666667	58.54666666666667	57.88	56.48	54.84	52.46	48.18	0.0
0.0	48.18666666666667	52.48	54.78666666666667	56.63333333333333	57.71333333333333	58.8	59.35333333333333	60.12	60.64	61.04	61.32666666666667	61.50666666666667	61.62	61.93333333333333	61.86	62.1	61.74	61.81333333333333	61.913333333333334	61.75333333333333	61.68	61.46666666666667	61.32666666666667	61.093333333333334	61.053333333333335	60.72	60.153333333333336	59.54666666666667	59.18666666666667	58.526666666666664	57.693333333333335	56.48	54.78	52.52	48.54	0.0
0.0	48.126666666666665	52.39333333333333	54.76	56.346666666666664	57.77333333333333	58.5	59.28666666666667	59.71333333333333	60.14	60.34	60.74	61.166666666666664	61.67333333333333	61.74	61.89333333333333	61.973333333333336	61.78	62.18666666666667	61.85333333333333	61.48	61.513333333333335	61.6	61.306666666666665	61.36	61.24	61.02	60.166666666666664	60.00666666666667	59.22	58.446666666666665	57.9	56.66	54.96666666666667	52.62	48.053333333333335	0.0
0.0	48.1	52.18	54.693333333333335	56.013333333333335	57.10666666666667	58.333333333333336	58.79333333333334	59.3	59.64666666666667	60.35333333333333	60.38	60.84	60.526666666666664	60.913333333333334	61.25333333333333	61.00666666666667	61.21333333333333	61.52	61.486666666666665	61.54666666666667	61.193333333333335	61.233333333333334	61.24	61.22	60.96	60.57333333333333	59.806666666666665	59.77333333333333	59.10666666666667	58.43333333333333	57.75333333333333	56.2	54.7	52.446666666666665	48.16	0.0
0.0	48.2	52.54	54.94	56.94	57.626666666666665	58.57333333333333	59.39333333333333	60.03333333333333	60.27333333333333	61.166666666666664	61.17333333333333	61.49333333333333	61.233333333333334	61.446666666666665	61.92	62.11333333333334	61.74	62.233333333333334	62.36666666666667	62.14666666666667	61.68	61.84	61.446666666666665	61.586666666666666	61.17333333333333	61.04	60.733333333333334	60.13333333333333	59.66	58.666666666666664	57.653333333333336	56.67333333333333	54.8	52.64	48.26	0.0
0.0	48.44	52.693333333333335	55.27333333333333	56.92	57.906666666666666	59.06	59.57333333333333	60.07333333333333	60.9	61.04666666666667	61.07333333333333	61.626666666666665	61.593333333333334	62.38	62.14666666666667	62.093333333333334	61.9	62.28666666666667	62.39333333333333	62.64666666666667	62.44	62.24	61.906666666666666	61.553333333333335	61.34	61.06666666666667	60.53333333333333	59.86666666666667	59.18	58.85333333333333	57.96	56.88666666666666	55.18	53.06666666666667	48.38	0.0
0.0	48.42666666666667	52.653333333333336	54.82	56.49333333333333	57.693333333333335	58.586666666666666	59.58	60.25333333333333	60.2	60.42	60.96	60.86666666666667	61.473333333333336	61.766666666666666	62.02	62.49333333333333	62.5	62.486666666666665	62.66	62.32666666666667	62.233333333333334	61.99333333333333	62.00666666666667	61.693333333333335	61.42666666666667	60.82	60.513333333333335	59.98	59.49333333333333	58.86666666666667	58.02	56.42	55.49333333333333	53.07333333333333	48.46	0.0
0.0	48.02	52.193333333333335	54.85333333333333	56.48	57.46	58.373333333333335	59.193333333333335	59.67333333333333	60.346666666666664	60.43333333333333	61.16	61.39333333333333	61.46666666666667	61.4	61.946666666666665	61.78	61.88666666666666	61.553333333333335	61.75333333333333	61.72	61.56	61.553333333333335	61.42666666666667	61.053333333333335	60.61333333333334	60.68	59.693333333333335	59.6	59.24	58.333333333333336	57.78	56.39333333333333	54.846666666666664	52.42	48.32	0.0
0.0	48.32666666666667	52.72	54.72	56.26	57.36	58.54	58.986666666666665	60.14666666666667	60.8	61.22666666666667	61.56	62.013333333333335	61.9	61.906666666666666	62.04666666666667	61.71333333333333	61.89333333333333	62.233333333333334	62.306666666666665	61.9	61.86666666666667	61.77333333333333	61.62	61.593333333333334	61.38	61.093333333333334	60.42	59.75333333333333	59.08	58.71333333333333	57.92	56.586666666666666	55.06	52.52	48.406666666666666	0.0
0.0	48.2	52.693333333333335	55.08	56.66	57.5	58.36666666666667	58.986666666666665	59.626666666666665	60.28	60.56666666666667	61.27333333333333	61.58	62.0	61.85333333333333	62.346666666666664	62.50666666666667	62.89333333333333	63.026666666666664	62.62	62.5	61.82666666666667	61.9	61.67333333333333	61.82	61.18	60.93333333333333	60.333333333333336	59.63333333333333	59.04	58.513333333333335	57.54666666666667	56.593333333333334	55.18666666666667	52.36	48.053333333333335	0.0
0.0	48.766666666666666	52.78666666666667	54.94	56.46	57.60666666666667	58.56666666666667	59.42666666666667	59.78666666666667	60.61333333333334	61.02	61.373333333333335	61.58	61.76	62.153333333333336	62.24666666666667	62.513333333333335	62.3	62.013333333333335	62.153333333333336	62.17333333333333	61.986666666666665	61.986666666666665	61.62	61.233333333333334	61.18	60.24666666666667	60.36666666666667	59.78666666666667	58.94	58.526666666666664	57.413333333333334	56.58	55.06	52.57333333333333	48.1	0.0
0.0	48.233333333333334	52.373333333333335	55.06	56.64666666666667	57.806666666666665	58.586666666666666	59.27333333333333	60.04666666666667	60.68	60.986666666666665	61.333333333333336	61.7	61.96	61.88666666666666	61.9	62.46	62.89333333333333	62.693333333333335	62.6	62.2	62.17333333333333	62.21333333333333	62.18666666666667	61.94	61.72666666666667	61.18666666666667	60.486666666666665	60.16	59.39333333333333	58.77333333333333	57.54666666666667	56.24	55.03333333333333	52.36	48.12	0.0
0.0	48.56	52.96	55.26	57.21333333333333	58.27333333333333	59.20666666666666	60.126666666666665	60.35333333333333	60.62	61.56	61.85333333333333	62.32	61.913333333333334	62.193333333333335	62.13333333333333	62.04	62.74	62.36666666666667	62.24666666666667	62.733333333333334	62.18	61.6	61.50666666666667	61.49333333333333	61.126666666666665	60.96666666666667	60.68	60.53333333333333	59.50666666666667	59.06	58.553333333333335	56.79333333333334	55.49333333333333	53.03333333333333	48.49333333333333	0.0
0.0	48.1	52.68666666666667	55.25333333333333	57.0	57.733333333333334	58.76	59.553333333333335	59.9	60.22666666666667	60.72	61.026666666666664	61.08	61.25333333333333	61.68666666666667	62.053333333333335	61.873333333333335	61.833333333333336	61.70666666666666	61.93333333333333	61.913333333333334	61.50666666666667	61.25333333333333	61.17333333333333	60.99333333333333	61.04666666666667	60.413333333333334	60.22	59.78	59.1	58.42	57.68666666666667	56.60666666666667	55.00666666666667	52.766666666666666	48.32	0.0
0.0	48.42	52.32666666666667	55.026666666666664	56.24666666666667	57.42	58.52	59.7	60.28	60.906666666666666	60.78	61.233333333333334	61.71333333333333	61.666666666666664	61.806666666666665	61.81333333333333	62.026666666666664	62.49333333333333	62.28	62.06	61.75333333333333	61.513333333333335	61.52	61.666666666666664	60.89333333333333	60.88666666666666	60.9	60.17333333333333	59.833333333333336	59.06	58.34	57.4	56.49333333333333	54.846666666666664	52.71333333333333	48.68666666666667	0.0
0.0	48.413333333333334	52.54	54.79333333333334	56.693333333333335	57.38666666666666	58.2	59.42	59.86	60.13333333333333	60.48	61.03333333333333	60.92666666666667	61.31333333333333	61.88	61.86	62.21333333333333	62.42666666666667	62.53333333333333	62.27333333333333	62.373333333333335	62.20666666666666	61.92	62.053333333333335	61.78	61.28	60.9	60.56666666666667	59.873333333333335	59.67333333333333	58.82	57.72	56.62	55.11333333333334	52.473333333333336	48.18666666666667	0.0
0.0	48.46666666666667	52.7	55.06	56.71333333333333	57.54666666666667	58.4	59.306666666666665	60.29333333333334	60.38	60.63333333333333	61.27333333333333	61.58	61.48	61.8	62.28666666666667	62.4	62.34	62.553333333333335	62.413333333333334	62.3	62.24	62.00666666666667	62.0	61.68	61.63333333333333	61.14666666666667	60.5	60.12	59.35333333333333	58.3	57.486666666666665	56.346666666666664	54.68	52.82	48.406666666666666	0.0
0.0	48.56	52.873333333333335	54.82666666666667	56.72	58.18666666666667	58.833333333333336	59.72666666666667	60.31333333333333	60.81333333333333	61.13333333333333	61.626666666666665	61.846666666666664	62.24666666666667	62.5	62.49333333333333	62.74666666666667	62.48	62.84	62.56666666666667	62.16	62.086666666666666	61.846666666666664	62.14666666666667	61.27333333333333	61.32	60.78666666666667	60.54666666666667	59.77333333333333	59.526666666666664	58.96666666666667	58.0	56.78666666666667	55.39333333333333	53.02	48.60666666666667	0.0
0.0	48.34	52.473333333333336	54.72	56.24666666666667	57.29333333333334	58.10666666666667	58.74666666666667	59.446666666666665	60.00666666666667	60.49333333333333	60.333333333333336	60.95333333333333	61.026666666666664	61.806666666666665	61.553333333333335	61.44	61.24666666666667	61.25333333333333	61.766666666666666	61.626666666666665	61.34	61.153333333333336	61.31333333333333	60.70666666666666	60.8	60.266666666666666	60.07333333333333	60.12	58.92	58.56666666666667	57.28666666666667	56.513333333333335	54.78666666666667	52.36	48.25333333333333	0.0
0.0	48.6	52.54666666666667	54.68666666666667	56.56666666666667	57.82666666666667	58.14666666666667	58.93333333333333	59.526666666666664	60.14666666666667	60.21333333333333	60.78666666666667	60.96666666666667	61.35333333333333	61.44	61.75333333333333	61.71333333333333	61.79333333333334	62.06666666666667	61.93333333333333	61.98	61.82	61.406666666666666	61.86666666666667	61.39333333333333	61.12	60.96666666666667	60.38	59.74666666666667	59.20666666666666	58.21333333333333	57.50666666666667	56.54666666666667	54.99333333333333	52.62	48.50666666666667	0.0
0.0	48.78666666666667	52.45333333333333	54.62	56.64666666666667	57.486666666666665	58.70666666666666	59.06	60.18666666666667	60.373333333333335	61.06666666666667	61.526666666666664	61.44	61.64	62.2	62.266666666666666	62.00666666666667	61.946666666666665	62.52	62.12	61.98	61.82	61.49333333333333	61.98	61.14	60.86	60.50666666666667	60.266666666666666	60.24666666666667	59.64666666666667	58.873333333333335	57.71333333333333	57.086666666666666	55.20666666666666	52.64	48.27333333333333	0.0
0.0	48.1	52.61333333333334	54.553333333333335	56.20666666666666	57.346666666666664	58.24666666666667	58.593333333333334	59.913333333333334	59.95333333333333	60.626666666666665	61.086666666666666	61.28	61.24	61.70666666666666	61.806666666666665	61.86	61.513333333333335	61.46	61.61333333333334	61.38	61.3	61.13333333333333	61.14666666666667	61.03333333333333	60.84	60.86666666666667	60.61333333333334	59.82666666666667	59.233333333333334	58.68666666666667	57.693333333333335	56.526666666666664	54.84	52.34	48.126666666666665	0.0
0.0	48.266666666666666	52.21333333333333	54.526666666666664	56.46666666666667	57.733333333333334	58.42666666666667	59.45333333333333	59.68666666666667	60.413333333333334	60.84	61.3	61.626666666666665	61.56666666666667	61.806666666666665	61.986666666666665	62.29333333333334	62.266666666666666	62.373333333333335	62.166666666666664	62.166666666666664	62.06666666666667	62.18	61.53333333333333	61.57333333333333	61.12	60.62	60.28666666666667	59.88666666666666	59.5	58.406666666666666	57.82666666666667	56.58	54.913333333333334	52.52	48.43333333333333	0.0
0.0	48.34	52.61333333333334	54.68666666666667	56.14	57.45333333333333	58.166666666666664	59.03333333333333	59.473333333333336	60.126666666666665	60.46	60.973333333333336	61.42	61.84	61.96	61.95333333333333	62.20666666666666	62.126666666666665	62.39333333333333	62.20666666666666	62.333333333333336	62.12	61.89333333333333	62.193333333333335	61.513333333333335	61.28666666666667	61.093333333333334	60.45333333333333	59.81333333333333	59.04666666666667	58.35333333333333	57.32666666666667	56.31333333333333	55.18	52.67333333333333	48.46	0.0
0.0	48.14	52.56	54.92	56.54666666666667	57.75333333333333	58.446666666666665	59.233333333333334	60.21333333333333	60.88	61.45333333333333	61.50666666666667	61.56666666666667	62.16	62.486666666666665	62.38666666666666	62.28666666666667	62.693333333333335	62.906666666666666	62.373333333333335	62.153333333333336	62.43333333333333	62.02	61.733333333333334	61.77333333333333	61.48	61.16	60.71333333333333	59.82666666666667	59.58	58.78666666666667	58.00666666666667	56.42666666666667	55.16	52.94	48.7	0.0
0.0	48.553333333333335	52.92666666666667	54.913333333333334	56.61333333333334	57.626666666666665	58.46666666666667	59.39333333333333	60.00666666666667	60.166666666666664	60.7	61.126666666666665	61.71333333333333	61.86666666666667	61.986666666666665	62.45333333333333	62.71333333333333	62.64666666666667	62.42666666666667	62.24	62.50666666666667	62.39333333333333	61.846666666666664	61.82	61.88	61.446666666666665	60.85333333333333	60.54666666666667	59.66	59.3	58.44	57.82	55.92666666666667	54.946666666666665	52.29333333333334	48.26	0.0
0.0	48.27333333333333	52.96	55.16	56.98	57.88	58.44	59.27333333333333	59.82	60.6	61.1	61.28	61.82	61.74666666666667	62.17333333333333	62.31333333333333	62.28	62.126666666666665	62.193333333333335	62.053333333333335	62.6	62.42666666666667	62.00666666666667	61.513333333333335	60.88	60.7	60.626666666666665	60.413333333333334	59.85333333333333	59.346666666666664	58.86666666666667	57.78666666666667	56.58	54.78666666666667	52.6	48.333333333333336	0.0
0.0	48.166666666666664	52.873333333333335	55.49333333333333	57.14	58.12	59.18666666666667	59.906666666666666	59.96666666666667	60.81333333333333	61.36666666666667	61.50666666666667	61.89333333333333	62.166666666666664	62.10666666666667	62.10666666666667	62.27333333333333	62.36	62.13333333333333	62.406666666666666	62.513333333333335	62.44	62.153333333333336	61.92666666666667	61.81333333333333	61.693333333333335	61.17333333333333	60.846666666666664	60.5	59.74	58.84	57.56	56.64	55.04	52.57333333333333	48.57333333333333	0.0
0.0	47.973333333333336	52.38	54.486666666666665	56.11333333333334	57.553333333333335	57.93333333333333	58.873333333333335	59.29333333333334	59.72	59.846666666666664	60.68666666666667	61.026666666666664	61.10666666666667	61.3	61.24	61.46666666666667	61.63333333333333	61.42	61.526666666666664	61.46666666666667	61.18666666666667	61.17333333333333	60.8	60.84	60.77333333333333	60.77333333333333	59.973333333333336	59.26	58.39333333333333	58.04666666666667	57.46	56.22	54.7	52.54666666666667	48.10666666666667	0.0
0.0	48.27333333333333	52.68666666666667	54.973333333333336	56.766666666666666	57.9	58.68666666666667	59.473333333333336	60.1	60.486666666666665	60.666666666666664	61.29333333333334	61.34	61.593333333333334	61.92666666666667	62.3	61.96666666666667	62.29333333333334	62.4	62.49333333333333	61.806666666666665	62.18	61.88666666666666	61.48	61.53333333333333	61.21333333333333	60.82	60.6	60.02	59.346666666666664	58.75333333333333	57.766666666666666	56.906666666666666	55.29333333333334	52.88666666666666	48.46	0.0
0.0	48.24666666666667	52.806666666666665	55.02	56.29333333333334	57.45333333333333	58.233333333333334	58.913333333333334	59.72666666666667	59.913333333333334	60.0	60.64	61.04666666666667	61.2	61.54	61.82	61.693333333333335	61.62	62.04666666666667	61.82	61.873333333333335	61.88	61.54666666666667	61.53333333333333	61.14	60.74	60.486666666666665	59.873333333333335	59.66	59.39333333333333	58.333333333333336	57.38	56.68	54.78	52.12	47.96666666666667	0.0
0.0	48.18666666666667	52.50666666666667	54.92	56.346666666666664	57.36	58.43333333333333	59.24666666666667	59.95333333333333	60.44	60.473333333333336	61.00666666666667	61.34	61.89333333333333	61.82	61.986666666666665	62.49333333333333	62.486666666666665	62.56666666666667	62.34	62.13333333333333	62.12	61.70666666666666	61.12	60.96	60.96666666666667	60.64666666666667	60.12	59.93333333333333	59.35333333333333	58.42666666666667	57.54666666666667	56.266666666666666	54.446666666666665	52.49333333333333	48.3	0.0
0.0	48.49333333333333	52.74666666666667	54.48	56.346666666666664	57.766666666666666	58.126666666666665	59.1	60.026666666666664	60.36666666666667	60.82666666666667	61.27333333333333	61.22666666666667	61.20666666666666	61.413333333333334	61.68666666666667	61.4	61.71333333333333	61.666666666666664	61.653333333333336	61.68666666666667	61.54	61.39333333333333	61.153333333333336	60.806666666666665	60.58	60.18	59.68666666666667	59.21333333333333	58.9	58.10666666666667	56.89333333333333	55.973333333333336	54.4	52.3	48.14666666666667	0.0
0.0	48.06	52.513333333333335	54.74666666666667	56.52	57.61333333333334	58.38	59.36	59.85333333333333	60.17333333333333	60.42	60.92	60.98	61.56666666666667	61.81333333333333	61.9	62.04666666666667	62.21333333333333	61.88	62.00666666666667	61.71333333333333	62.013333333333335	61.72666666666667	61.54666666666667	61.42666666666667	61.1	60.64666666666667	60.27333333333333	59.68666666666667	59.153333333333336	58.586666666666666	57.72	56.49333333333333	54.82666666666667	52.64666666666667	48.38666666666666	0.0
0.0	48.61333333333334	52.6	54.82	56.4	57.89333333333333	58.446666666666665	59.08	59.98	60.36	60.74666666666667	61.14666666666667	61.54666666666667	61.806666666666665	62.04666666666667	62.193333333333335	62.42666666666667	62.233333333333334	62.16	61.88666666666666	61.74	61.913333333333334	62.00666666666667	61.54666666666667	61.43333333333333	60.973333333333336	60.72	60.45333333333333	59.57333333333333	59.666666666666664	58.74	57.43333333333333	56.46	54.64666666666667	52.64666666666667	48.22	0.0
0.0	48.44	52.586666666666666	55.20666666666666	57.00666666666667	57.77333333333333	58.88	59.64	60.27333333333333	60.833333333333336	61.126666666666665	61.26	61.56666666666667	61.93333333333333	61.806666666666665	61.733333333333334	61.95333333333333	62.086666666666666	62.3	62.026666666666664	62.21333333333333	62.22666666666667	62.20666666666666	62.053333333333335	61.96666666666667	61.66	60.973333333333336	60.526666666666664	59.986666666666665	59.693333333333335	58.63333333333333	57.68	56.60666666666667	55.14666666666667	52.846666666666664	48.3	0.0
0.0	48.35333333333333	52.873333333333335	54.833333333333336	56.50666666666667	57.9	58.74666666666667	59.526666666666664	59.8	60.446666666666665	60.79333333333334	60.89333333333333	61.086666666666666	61.38666666666666	61.50666666666667	61.28666666666667	61.92666666666667	62.0	62.086666666666666	62.1	62.053333333333335	61.733333333333334	61.74	61.766666666666666	61.46666666666667	61.02	60.74	60.46666666666667	60.086666666666666	59.266666666666666	58.553333333333335	57.64	56.54666666666667	55.12	52.76	48.28666666666667	0.0
0.0	48.346666666666664	52.32666666666667	54.81333333333333	56.53333333333333	57.68	58.333333333333336	59.22	59.68	60.50666666666667	61.07333333333333	61.20666666666666	61.62	61.6	61.86	61.94	61.906666666666666	61.99333333333333	62.04	62.07333333333333	61.64666666666667	62.126666666666665	61.693333333333335	61.693333333333335	61.46666666666667	61.346666666666664	60.46	60.29333333333334	59.75333333333333	59.18666666666667	58.28	57.666666666666664	56.56	55.04666666666667	52.46	48.053333333333335	0.0
0.0	48.43333333333333	52.64666666666667	54.75333333333333	56.193333333333335	57.45333333333333	58.166666666666664	58.84	59.733333333333334	60.24666666666667	60.446666666666665	60.94	61.03333333333333	61.26	61.4	61.44	61.71333333333333	61.78666666666667	61.77333333333333	61.9	61.84	61.733333333333334	61.66	61.79333333333334	61.03333333333333	61.04	60.43333333333333	60.166666666666664	60.13333333333333	59.586666666666666	58.17333333333333	57.53333333333333	56.42666666666667	54.82	52.29333333333334	48.42	0.0
0.0	48.28	52.906666666666666	54.733333333333334	56.93333333333333	57.986666666666665	58.82	59.26	59.693333333333335	60.06	60.81333333333333	60.94	61.35333333333333	61.413333333333334	61.57333333333333	61.766666666666666	61.586666666666666	61.46666666666667	61.95333333333333	61.81333333333333	61.62	62.06666666666667	61.31333333333333	61.45333333333333	60.946666666666665	60.846666666666664	60.266666666666666	60.50666666666667	59.666666666666664	59.14666666666667	58.653333333333336	57.54	56.63333333333333	55.2	52.513333333333335	48.053333333333335	0.0
0.0	47.99333333333333	52.513333333333335	55.24	56.68666666666667	57.88666666666666	58.46666666666667	59.24666666666667	59.666666666666664	60.126666666666665	60.66	61.166666666666664	61.553333333333335	61.68666666666667	61.93333333333333	62.13333333333333	62.35333333333333	61.98	62.2	62.36666666666667	62.12	61.473333333333336	61.6	61.27333333333333	61.13333333333333	61.4	60.56	60.79333333333334	60.026666666666664	59.266666666666666	58.68666666666667	57.81333333333333	56.5	55.06666666666667	52.42	48.193333333333335	0.0
0.0	48.04666666666667	52.50666666666667	54.766666666666666	56.486666666666665	57.406666666666666	58.49333333333333	59.02	59.77333333333333	60.406666666666666	60.82	60.92	61.11333333333334	61.43333333333333	61.20666666666666	61.586666666666666	61.61333333333334	61.96666666666667	61.986666666666665	61.846666666666664	61.72666666666667	61.553333333333335	61.32	60.986666666666665	60.74	60.526666666666664	60.43333333333333	60.093333333333334	59.64	58.82666666666667	58.10666666666667	57.43333333333333	56.12	54.4	52.12	48.026666666666664	0.0
0.0	48.1	52.49333333333333	54.9	56.22	57.32	58.46666666666667	59.06666666666667	59.72	59.98	60.82666666666667	61.03333333333333	61.56666666666667	61.42	61.766666666666666	61.88	62.013333333333335	62.04666666666667	61.593333333333334	61.92666666666667	61.92666666666667	62.06666666666667	61.86666666666667	61.72666666666667	61.666666666666664	61.266666666666666	61.22666666666667	61.03333333333333	60.20666666666666	59.45333333333333	58.693333333333335	57.766666666666666	56.486666666666665	54.693333333333335	52.43333333333333	47.9	0.0
0.0	48.02	52.0	54.49333333333333	56.57333333333333	57.593333333333334	58.57333333333333	59.29333333333334	59.78666666666667	60.473333333333336	60.74	61.18	61.27333333333333	61.72	62.013333333333335	61.85333333333333	61.85333333333333	62.1	62.346666666666664	62.24666666666667	61.85333333333333	61.593333333333334	61.54	61.266666666666666	60.8	60.28666666666667	60.413333333333334	59.99333333333333	59.666666666666664	59.08	58.44	57.373333333333335	56.32666666666667	54.513333333333335	52.126666666666665	48.13333333333333	0.0
0.0	47.946666666666665	52.38666666666666	54.39333333333333	56.266666666666666	57.3	58.48	58.66	59.48	60.18666666666667	60.66	61.22666666666667	61.77333333333333	61.44	61.71333333333333	61.75333333333333	62.11333333333334	61.88666666666666	61.84	61.95333333333333	61.766666666666666	62.08	61.833333333333336	61.63333333333333	61.7	60.88666666666666	60.79333333333334	60.346666666666664	60.06	59.473333333333336	59.093333333333334	57.88	56.63333333333333	55.12	52.60666666666667	48.28	0.0
0.0	48.28666666666667	52.513333333333335	54.99333333333333	56.54666666666667	57.74666666666667	58.49333333333333	59.06	59.8	60.49333333333333	60.84	61.04666666666667	61.68666666666667	61.78666666666667	61.93333333333333	61.92666666666667	62.20666666666666	62.50666666666667	62.34	62.32	62.10666666666667	62.06	62.06	61.81333333333333	61.64	61.34	60.71333333333333	60.233333333333334	60.3	59.26	58.82	57.74666666666667	56.92666666666667	55.14666666666667	52.93333333333333	48.35333333333333	0.0
0.0	48.44	52.7	55.04666666666667	56.78	57.92666666666667	58.46666666666667	59.233333333333334	59.766666666666666	60.093333333333334	60.62	61.35333333333333	61.63333333333333	61.233333333333334	61.68	61.986666666666665	61.82666666666667	62.32666666666667	61.89333333333333	62.25333333333333	61.98	62.16	61.67333333333333	61.733333333333334	61.64666666666667	61.4	61.16	60.526666666666664	60.27333333333333	59.11333333333334	58.733333333333334	57.88	56.74666666666667	55.086666666666666	52.50666666666667	48.413333333333334	0.0
0.0	48.58	52.913333333333334	55.50666666666667	57.3	57.88	58.25333333333333	59.346666666666664	59.833333333333336	60.26	61.35333333333333	61.9	61.96666666666667	62.153333333333336	62.46666666666667	62.52	62.56666666666667	62.346666666666664	62.36	62.22	62.32666666666667	62.22666666666667	62.27333333333333	61.99333333333333	61.74666666666667	61.54666666666667	61.166666666666664	60.9	60.153333333333336	59.45333333333333	58.593333333333334	57.70666666666666	56.38666666666666	54.833333333333336	52.586666666666666	48.42666666666667	0.0
0.0	48.46666666666667	52.766666666666666	55.08	56.48	57.53333333333333	58.39333333333333	59.14	59.81333333333333	60.38	60.766666666666666	61.14	61.36	61.526666666666664	61.72	61.693333333333335	62.08	61.266666666666666	62.13333333333333	61.72	62.0	61.95333333333333	61.70666666666666	61.873333333333335	61.52	61.25333333333333	60.88	60.053333333333335	59.846666666666664	59.13333333333333	58.4	57.72666666666667	56.36666666666667	54.8	52.45333333333333	48.57333333333333	0.0
0.0	48.766666666666666	52.78666666666667	55.20666666666666	56.806666666666665	57.806666666666665	58.62	59.666666666666664	60.32666666666667	60.833333333333336	61.086666666666666	61.586666666666666	61.5	62.04666666666667	62.166666666666664	62.4	62.77333333333333	62.54	62.46666666666667	62.17333333333333	62.513333333333335	62.553333333333335	62.233333333333334	62.24666666666667	62.093333333333334	61.74	61.12	60.78	60.13333333333333	59.54666666666667	59.13333333333333	57.60666666666667	56.68666666666667	55.02	52.72666666666667	48.46666666666667	0.0
0.0	48.17333333333333	52.526666666666664	55.18666666666667	56.64666666666667	57.77333333333333	58.446666666666665	59.346666666666664	59.81333333333333	60.29333333333334	60.8	61.28666666666667	61.46666666666667	61.7	61.666666666666664	62.126666666666665	62.306666666666665	62.266666666666666	62.12	62.00666666666667	61.946666666666665	61.68	61.42	61.60666666666667	61.10666666666667	60.973333333333336	60.446666666666665	60.18666666666667	59.70666666666666	59.2	58.35333333333333	57.666666666666664	56.38	54.79333333333334	52.24	48.54	0.0
0.0	48.446666666666665	52.88	55.10666666666667	57.093333333333334	58.13333333333333	58.85333333333333	59.63333333333333	59.946666666666665	60.63333333333333	60.71333333333333	61.21333333333333	61.57333333333333	61.4	62.14666666666667	62.42666666666667	62.5	62.42666666666667	61.98	62.50666666666667	62.27333333333333	62.36666666666667	62.21333333333333	61.72666666666667	61.7	61.18666666666667	61.04	60.36666666666667	60.03333333333333	59.57333333333333	58.846666666666664	57.973333333333336	57.086666666666666	55.26	53.12	48.653333333333336	0.0
0.0	48.21333333333333	52.62	54.946666666666665	56.64	57.94	58.986666666666665	59.60666666666667	60.24666666666667	60.32	60.77333333333333	61.093333333333334	61.486666666666665	61.6	61.79333333333334	62.04666666666667	62.32	62.18	62.31333333333333	61.77333333333333	61.913333333333334	61.846666666666664	61.72666666666667	61.48	61.43333333333333	61.22666666666667	60.96	60.333333333333336	59.806666666666665	59.20666666666666	58.42	57.7	56.626666666666665	54.88	52.49333333333333	48.45333333333333	0.0
0.0	48.553333333333335	52.526666666666664	55.39333333333333	56.56	57.626666666666665	58.84	59.586666666666666	60.36666666666667	60.82666666666667	61.28666666666667	61.586666666666666	61.95333333333333	62.013333333333335	62.18666666666667	62.14	62.513333333333335	62.6	62.26	62.333333333333336	62.346666666666664	61.873333333333335	61.71333333333333	61.79333333333334	61.28	61.06666666666667	60.61333333333334	60.04666666666667	59.70666666666666	58.94	58.24666666666667	57.77333333333333	56.36666666666667	54.94	52.61333333333334	48.28	0.0
0.0	48.54	52.766666666666666	54.92666666666667	56.35333333333333	57.486666666666665	58.35333333333333	59.29333333333334	60.31333333333333	60.513333333333335	61.00666666666667	61.0	61.486666666666665	61.413333333333334	61.846666666666664	61.64666666666667	61.88666666666666	61.74666666666667	62.04666666666667	62.2	62.026666666666664	62.11333333333334	61.906666666666666	61.26	61.2	60.99333333333333	60.68	60.413333333333334	59.57333333333333	59.00666666666667	58.306666666666665	57.58	56.61333333333334	54.99333333333333	52.39333333333333	48.34	0.0
0.0	48.67333333333333	52.98	55.06666666666667	57.02	57.81333333333333	58.36	58.95333333333333	59.72	60.56666666666667	60.50666666666667	60.52	61.26	61.57333333333333	61.60666666666667	61.64	61.666666666666664	61.68	62.093333333333334	62.12	61.98	61.72666666666667	61.56666666666667	61.49333333333333	61.24666666666667	61.126666666666665	61.04	59.913333333333334	59.92	59.27333333333333	58.733333333333334	58.07333333333333	56.76	55.11333333333334	52.29333333333334	48.3	0.0
0.0	48.626666666666665	52.666666666666664	55.20666666666666	56.17333333333333	57.72	58.74	59.22	59.74666666666667	60.406666666666666	60.60666666666667	61.00666666666667	61.306666666666665	61.486666666666665	61.84	61.906666666666666	62.053333333333335	61.96	62.2	62.42	61.906666666666666	61.946666666666665	61.76	61.71333333333333	61.54	61.21333333333333	61.00666666666667	60.56666666666667	60.04666666666667	59.61333333333334	58.6	57.82	56.6	54.96	52.67333333333333	48.49333333333333	0.0
0.0	48.1	52.373333333333335	54.98	56.08	56.92	57.806666666666665	58.586666666666666	59.46	60.25333333333333	60.46666666666667	61.27333333333333	61.4	61.5	61.626666666666665	61.75333333333333	61.46	61.94	61.806666666666665	61.60666666666667	61.79333333333334	61.45333333333333	61.28666666666667	60.92666666666667	60.86	60.96	60.68	60.013333333333335	59.666666666666664	58.95333333333333	58.00666666666667	56.99333333333333	56.193333333333335	54.35333333333333	52.373333333333335	47.8	0.0
0.0	48.626666666666665	52.78	55.18666666666667	57.14666666666667	58.42666666666667	59.10666666666667	59.82	60.693333333333335	60.7	61.6	61.7	61.72666666666667	62.14	62.553333333333335	62.10666666666667	62.49333333333333	62.18666666666667	62.25333333333333	61.986666666666665	62.0	62.10666666666667	62.10666666666667	61.906666666666666	61.5	61.486666666666665	61.22666666666667	60.66	60.626666666666665	59.66	58.99333333333333	58.13333333333333	56.86	55.5	52.7	48.833333333333336	0.0
0.0	48.46666666666667	52.833333333333336	54.71333333333333	56.413333333333334	57.64666666666667	58.6	59.24	59.85333333333333	60.17333333333333	60.43333333333333	61.28	61.24666666666667	61.666666666666664	62.13333333333333	61.8	62.02	61.98	61.92	61.986666666666665	62.04	61.82666666666667	61.71333333333333	61.5	61.14	60.92666666666667	60.4	60.04666666666667	59.86	59.446666666666665	58.25333333333333	58.07333333333333	56.99333333333333	55.39333333333333	52.88	48.24666666666667	0.0
0.0	48.54	52.89333333333333	54.82	56.56	57.666666666666664	58.78	59.62	60.74	60.806666666666665	61.22	61.626666666666665	62.1	61.96666666666667	62.373333333333335	62.43333333333333	61.81333333333333	61.86	62.26	62.35333333333333	62.06	62.32	61.973333333333336	61.5	61.5	61.50666666666667	61.20666666666666	60.54666666666667	60.26	59.70666666666666	58.68	58.07333333333333	56.3	54.66	52.54	48.57333333333333	0.0
0.0	48.39333333333333	52.733333333333334	55.36666666666667	56.54	57.85333333333333	58.693333333333335	59.46666666666667	59.626666666666665	59.906666666666666	60.53333333333333	61.093333333333334	61.48	61.79333333333334	61.68666666666667	61.96	62.21333333333333	62.266666666666666	62.21333333333333	61.913333333333334	62.02	61.766666666666666	61.75333333333333	61.61333333333334	61.44	61.04666666666667	60.06	60.153333333333336	59.58	59.21333333333333	58.39333333333333	57.63333333333333	56.766666666666666	55.373333333333335	52.64666666666667	48.20666666666666	0.0
0.0	48.14666666666667	52.22666666666667	54.593333333333334	56.18	57.24666666666667	58.22	58.54666666666667	59.086666666666666	59.71333333333333	60.193333333333335	60.5	60.54666666666667	61.04	61.38	61.526666666666664	61.50666666666667	61.766666666666666	61.76	62.026666666666664	61.39333333333333	61.653333333333336	61.526666666666664	61.36	60.593333333333334	60.693333333333335	60.07333333333333	60.06666666666667	59.67333333333333	59.086666666666666	58.35333333333333	57.526666666666664	56.1	54.68666666666667	52.12	48.27333333333333	0.0
0.0	48.08	52.49333333333333	54.50666666666667	56.666666666666664	57.71333333333333	58.60666666666667	59.46666666666667	59.9	60.346666666666664	60.68666666666667	60.86	61.306666666666665	61.36666666666667	61.553333333333335	62.02	62.0	62.13333333333333	62.36	62.0	61.7	61.94	61.50666666666667	61.28	61.28	61.17333333333333	61.0	60.58	59.88	59.34	58.45333333333333	57.72666666666667	56.32666666666667	54.86	52.586666666666666	48.72666666666667	0.0
0.0	48.166666666666664	52.61333333333334	54.93333333333333	56.973333333333336	58.14	58.74	59.413333333333334	59.92	60.22666666666667	60.24666666666667	60.66	61.2	61.46	61.68666666666667	61.906666666666666	62.52	62.18	62.193333333333335	61.986666666666665	62.45333333333333	62.32666666666667	62.24	61.68666666666667	61.266666666666666	61.026666666666664	60.9	60.67333333333333	60.306666666666665	59.54666666666667	58.78	57.833333333333336	56.413333333333334	55.153333333333336	52.733333333333334	48.63333333333333	0.0
0.0	48.306666666666665	52.56	54.72666666666667	56.36	57.373333333333335	58.3	58.94	59.72666666666667	60.42666666666667	60.38666666666666	60.49333333333333	61.026666666666664	61.45333333333333	61.29333333333334	61.653333333333336	62.02	61.96	61.81333333333333	61.946666666666665	62.166666666666664	62.36666666666667	61.593333333333334	61.43333333333333	61.13333333333333	60.78	60.42666666666667	60.00666666666667	59.46	59.013333333333335	58.166666666666664	57.446666666666665	56.43333333333333	54.49333333333333	52.07333333333333	48.22666666666667	0.0
0.0	48.28666666666667	52.66	55.08	56.38666666666666	57.5	58.56666666666667	59.04	59.56666666666667	60.16	60.68666666666667	60.84	61.28666666666667	61.373333333333335	61.84	61.733333333333334	61.82666666666667	61.973333333333336	61.71333333333333	61.45333333333333	62.18666666666667	62.11333333333334	61.446666666666665	61.553333333333335	61.35333333333333	61.266666666666666	60.93333333333333	60.54	59.98	59.766666666666666	58.85333333333333	57.74	56.653333333333336	55.12	52.9	48.846666666666664	0.0
0.0	48.306666666666665	52.42	54.88666666666666	56.63333333333333	57.72666666666667	58.60666666666667	59.54	59.72	60.78	60.833333333333336	61.18	61.56666666666667	61.473333333333336	61.58	62.00666666666667	62.07333333333333	62.02	62.18666666666667	62.553333333333335	62.333333333333336	62.16	62.17333333333333	61.9	61.46666666666667	61.10666666666667	60.68	60.27333333333333	59.92	59.60666666666667	58.61333333333334	57.53333333333333	56.82	54.88	52.46	48.333333333333336	0.0
0.0	48.04666666666667	52.193333333333335	54.74	56.18	57.22	58.08	59.35333333333333	59.74666666666667	60.64	61.093333333333334	61.68666666666667	61.586666666666666	61.81333333333333	61.64666666666667	61.946666666666665	61.67333333333333	62.20666666666666	62.43333333333333	62.22	62.17333333333333	62.1	61.906666666666666	61.84	61.653333333333336	61.18666666666667	61.013333333333335	60.56	60.306666666666665	59.693333333333335	58.57333333333333	57.72	56.513333333333335	54.973333333333336	52.61333333333334	48.333333333333336	0.0
0.0	48.06	52.406666666666666	55.03333333333333	56.373333333333335	57.6	58.513333333333335	59.013333333333335	59.96	59.96	60.733333333333334	60.68666666666667	61.07333333333333	61.43333333333333	61.45333333333333	61.60666666666667	61.95333333333333	61.653333333333336	62.04	61.88666666666666	61.64666666666667	61.43333333333333	61.67333333333333	61.74666666666667	61.373333333333335	60.92666666666667	60.57333333333333	60.34	60.04666666666667	59.053333333333335	58.49333333333333	57.56666666666667	56.306666666666665	54.77333333333333	52.29333333333334	48.04666666666667	0.0
0.0	48.666666666666664	52.72	55.00666666666667	56.78	57.63333333333333	58.5	59.473333333333336	60.166666666666664	60.193333333333335	60.56	61.16	61.48	62.38666666666666	61.78	62.24666666666667	61.986666666666665	62.233333333333334	62.58	62.626666666666665	62.093333333333334	62.11333333333334	61.86	62.266666666666666	61.46666666666667	61.653333333333336	61.03333333333333	60.653333333333336	59.986666666666665	59.03333333333333	58.44	57.81333333333333	56.27333333333333	54.76	52.333333333333336	48.3	0.0
0.0	48.52	52.593333333333334	54.81333333333333	56.32	57.4	58.473333333333336	59.16	59.88	60.0	60.50666666666667	60.56	60.75333333333333	61.35333333333333	61.666666666666664	62.026666666666664	61.873333333333335	61.98	61.92	62.18	62.25333333333333	62.013333333333335	61.86666666666667	61.513333333333335	61.233333333333334	60.88	60.50666666666667	60.406666666666666	59.553333333333335	59.266666666666666	58.653333333333336	57.82666666666667	56.46666666666667	55.026666666666664	52.733333333333334	48.10666666666667	0.0
0.0	48.36666666666667	52.64666666666667	54.8	56.36	57.53333333333333	58.64666666666667	59.74666666666667	60.36	60.62	61.12	61.413333333333334	61.693333333333335	62.26	62.11333333333334	62.29333333333334	62.193333333333335	62.526666666666664	62.43333333333333	62.0	62.64666666666667	62.24666666666667	62.3	62.22	61.7	61.446666666666665	61.153333333333336	60.56666666666667	59.733333333333334	59.62	58.62	57.60666666666667	56.76	54.913333333333334	52.626666666666665	48.49333333333333	0.0
0.0	48.0	52.32	54.98	56.766666666666666	57.36	58.21333333333333	59.24	60.2	60.45333333333333	60.86666666666667	61.20666666666666	61.61333333333334	61.74	61.593333333333334	61.873333333333335	62.06666666666667	62.053333333333335	62.306666666666665	62.18	62.17333333333333	61.96	61.413333333333334	61.38	61.193333333333335	60.96	60.913333333333334	60.75333333333333	60.22	59.22666666666667	58.64666666666667	57.54	56.266666666666666	54.626666666666665	52.7	48.27333333333333	0.0
0.0	48.2	52.39333333333333	54.76	56.46	57.473333333333336	58.21333333333333	59.39333333333333	59.82666666666667	60.28666666666667	60.53333333333333	61.373333333333335	61.4	61.67333333333333	62.06	62.0	61.88666666666666	62.14	61.8	61.96666666666667	62.16	61.9	61.833333333333336	61.93333333333333	61.72	61.406666666666666	60.833333333333336	60.39333333333333	59.56	59.34	58.166666666666664	57.5	56.82666666666667	54.906666666666666	52.126666666666665	48.14666666666667	0.0
0.0	48.44	52.806666666666665	54.986666666666665	56.64666666666667	57.64666666666667	58.513333333333335	59.11333333333334	59.946666666666665	60.2	60.95333333333333	61.22666666666667	61.25333333333333	61.74	62.10666666666667	62.13333333333333	61.906666666666666	62.54	62.48	62.54	62.20666666666666	62.4	62.52	61.88666666666666	61.39333333333333	61.06666666666667	60.72666666666667	60.32666666666667	60.04666666666667	59.27333333333333	58.48	57.68	55.96666666666667	54.61333333333334	52.233333333333334	48.39333333333333	0.0
0.0	48.07333333333333	52.28	54.56666666666667	56.42	57.74	58.8	59.446666666666665	60.10666666666667	60.626666666666665	60.653333333333336	61.14666666666667	61.46666666666667	61.82	61.9	62.32	62.18666666666667	62.14666666666667	61.766666666666666	62.39333333333333	62.07333333333333	61.88666666666666	61.56	61.71333333333333	61.166666666666664	61.04	60.63333333333333	60.28666666666667	59.92	59.4	58.79333333333334	57.406666666666666	56.373333333333335	55.03333333333333	52.34	48.32	0.0
0.0	47.92	52.39333333333333	54.626666666666665	56.1	57.28	58.28	59.166666666666664	59.76	59.86	60.193333333333335	60.6	61.00666666666667	60.873333333333335	61.22666666666667	61.413333333333334	61.29333333333334	62.013333333333335	61.92666666666667	61.973333333333336	62.08	61.766666666666666	61.36666666666667	61.50666666666667	60.82	60.78666666666667	60.346666666666664	60.29333333333334	59.373333333333335	58.74666666666667	58.306666666666665	57.39333333333333	56.20666666666666	54.67333333333333	52.36	48.026666666666664	0.0
0.0	47.986666666666665	52.58	54.86666666666667	56.586666666666666	57.42	58.24666666666667	59.28666666666667	59.72	60.2	60.653333333333336	60.88666666666666	61.193333333333335	61.53333333333333	61.6	61.49333333333333	61.593333333333334	61.8	61.46	61.553333333333335	61.58	61.64	61.38666666666666	61.3	60.946666666666665	60.53333333333333	60.413333333333334	60.02	59.60666666666667	59.27333333333333	58.373333333333335	57.53333333333333	56.38666666666666	54.70666666666666	52.22666666666667	48.306666666666665	0.0
0.0	48.31333333333333	52.60666666666667	55.38666666666666	56.626666666666665	58.093333333333334	58.86	59.526666666666664	60.17333333333333	60.5	60.79333333333334	60.86	61.25333333333333	61.56666666666667	61.6	62.21333333333333	61.973333333333336	62.00666666666667	62.126666666666665	62.153333333333336	62.26	61.64	61.7	61.56	61.56666666666667	60.82666666666667	60.57333333333333	60.406666666666666	59.873333333333335	59.18666666666667	58.78	57.85333333333333	56.733333333333334	54.98	52.22666666666667	47.986666666666665	0.0
0.0	48.18	52.92	55.31333333333333	56.72666666666667	57.9	58.93333333333333	59.64666666666667	60.3	60.5	61.14666666666667	61.446666666666665	61.70666666666666	61.846666666666664	62.12	62.46	62.46666666666667	62.486666666666665	62.38666666666666	62.28	62.26	62.193333333333335	62.026666666666664	62.07333333333333	61.81333333333333	61.53333333333333	61.2	60.946666666666665	60.38	59.473333333333336	58.86	57.68	56.806666666666665	55.14	52.666666666666664	48.85333333333333	0.0
0.0	48.0	52.093333333333334	54.346666666666664	55.873333333333335	57.11333333333334	57.77333333333333	58.76	59.61333333333334	60.02	60.333333333333336	60.63333333333333	60.64	61.12	61.21333333333333	61.24666666666667	61.36	61.24666666666667	62.0	61.77333333333333	61.64	61.39333333333333	61.32	61.00666666666667	60.96	60.373333333333335	60.03333333333333	59.486666666666665	59.38666666666666	59.10666666666667	58.11333333333334	57.26	56.08	54.653333333333336	52.71333333333333	47.973333333333336	0.0
0.0	48.46666666666667	52.68	55.26	56.44	57.28	58.25333333333333	59.053333333333335	59.68666666666667	60.446666666666665	60.86666666666667	61.086666666666666	61.64	61.76	61.86	62.086666666666666	62.13333333333333	61.906666666666666	61.846666666666664	61.82	61.86666666666667	62.21333333333333	61.53333333333333	61.76	61.54666666666667	61.08	60.93333333333333	60.8	60.22	59.42	58.67333333333333	57.77333333333333	56.593333333333334	54.88666666666666	52.5	48.29333333333334	0.0
0.0	48.26	52.72	54.50666666666667	56.513333333333335	57.66	58.68666666666667	59.38666666666666	59.94	60.76	61.193333333333335	61.42	61.68	62.32666666666667	62.126666666666665	62.12	62.413333333333334	62.086666666666666	62.46666666666667	62.49333333333333	62.49333333333333	62.46666666666667	62.21333333333333	62.34	61.66	61.36666666666667	61.026666666666664	60.46	60.14666666666667	59.66	58.81333333333333	57.913333333333334	56.76	54.71333333333333	52.68	48.446666666666665	0.0
0.0	48.36666666666667	52.38666666666666	54.693333333333335	56.7	57.9	58.79333333333334	58.906666666666666	59.78	60.4	60.63333333333333	60.79333333333334	61.36	61.46666666666667	61.78	62.10666666666667	61.77333333333333	61.64	61.82	61.733333333333334	61.86	61.833333333333336	61.593333333333334	61.666666666666664	61.20666666666666	61.24	60.973333333333336	60.34	59.873333333333335	58.666666666666664	58.266666666666666	57.46	56.153333333333336	54.50666666666667	52.02	48.32666666666667	0.0
0.0	48.50666666666667	52.50666666666667	54.833333333333336	56.46666666666667	57.31333333333333	58.35333333333333	59.053333333333335	59.86	60.53333333333333	60.806666666666665	61.28666666666667	61.846666666666664	61.63333333333333	61.75333333333333	62.233333333333334	62.126666666666665	61.72	62.24	61.92666666666667	61.7	61.72666666666667	61.72666666666667	61.12	61.06	61.08	60.58	60.14	59.46666666666667	59.153333333333336	58.373333333333335	57.54	56.49333333333333	54.99333333333333	52.6	48.35333333333333	0.0
0.0	47.92666666666667	52.35333333333333	54.85333333333333	56.406666666666666	57.3	58.11333333333334	58.95333333333333	59.38666666666666	59.93333333333333	60.36	60.58	61.053333333333335	61.36	61.4	61.57333333333333	61.553333333333335	61.76	61.32	61.45333333333333	61.653333333333336	61.486666666666665	61.12	61.26	61.07333333333333	60.806666666666665	60.06	59.29333333333334	59.28666666666667	58.413333333333334	58.166666666666664	57.20666666666666	56.21333333333333	54.61333333333334	52.153333333333336	47.9	0.0
0.0	48.52	52.70666666666666	55.093333333333334	56.586666666666666	57.72	58.593333333333334	59.56666666666667	59.68	60.62	61.21333333333333	61.406666666666666	61.53333333333333	62.02	62.053333333333335	62.2	62.38666666666666	62.36	62.333333333333336	62.07333333333333	62.266666666666666	62.126666666666665	61.84	61.72666666666667	61.63333333333333	61.28666666666667	60.60666666666667	60.586666666666666	60.6	59.96	59.18	57.82	56.66	54.82666666666667	52.38	48.486666666666665	0.0
0.0	48.24	52.626666666666665	54.76	56.44	57.68666666666667	58.6	58.92	59.653333333333336	60.22666666666667	60.45333333333333	61.2	61.31333333333333	61.78	62.38666666666666	62.406666666666666	62.0	62.0	62.013333333333335	62.193333333333335	62.03333333333333	61.64666666666667	61.46666666666667	61.526666666666664	61.74	61.233333333333334	60.7	60.31333333333333	59.68	59.2	58.36666666666667	57.626666666666665	56.46666666666667	55.02	52.72666666666667	48.693333333333335	0.0
0.0	48.24	52.68666666666667	55.086666666666666	56.79333333333334	57.6	58.25333333333333	59.24	59.72666666666667	60.34	60.78	60.99333333333333	61.526666666666664	61.62	61.88	62.266666666666666	61.92666666666667	62.3	61.986666666666665	61.82666666666667	61.98	61.806666666666665	61.67333333333333	61.553333333333335	61.54666666666667	61.35333333333333	60.62	60.70666666666666	60.346666666666664	59.3	58.62	57.86	56.52	55.13333333333333	52.36	48.39333333333333	0.0
0.0	48.49333333333333	53.166666666666664	55.28666666666667	57.013333333333335	58.13333333333333	58.89333333333333	59.486666666666665	59.88666666666666	60.72666666666667	60.973333333333336	61.333333333333336	61.58	61.89333333333333	61.84	61.95333333333333	62.233333333333334	62.34	62.38666666666666	62.406666666666666	62.02	62.266666666666666	61.986666666666665	61.66	61.63333333333333	61.486666666666665	61.38666666666666	60.986666666666665	60.306666666666665	59.373333333333335	58.626666666666665	58.04	56.71333333333333	54.81333333333333	53.04	48.666666666666664	0.0
0.0	48.5	52.7	55.04666666666667	56.45333333333333	57.64	58.373333333333335	59.0	59.85333333333333	59.92666666666667	60.43333333333333	61.06	61.10666666666667	61.473333333333336	61.7	61.766666666666666	61.99333333333333	62.10666666666667	62.153333333333336	61.95333333333333	62.346666666666664	62.193333333333335	62.013333333333335	61.72666666666667	61.333333333333336	60.986666666666665	60.486666666666665	60.626666666666665	60.00666666666667	59.166666666666664	58.68666666666667	58.3	56.82	55.593333333333334	52.94	48.68666666666667	0.0
0.0	48.61333333333334	52.77333333333333	55.06666666666667	56.68	57.873333333333335	58.50666666666667	59.626666666666665	59.86	60.10666666666667	60.74	60.76	61.16	61.406666666666666	61.64666666666667	61.70666666666666	61.85333333333333	62.16	61.653333333333336	61.54	61.75333333333333	61.74	61.72666666666667	61.78666666666667	61.34	60.84	60.89333333333333	60.346666666666664	59.92666666666667	59.63333333333333	58.53333333333333	57.46666666666667	56.89333333333333	55.153333333333336	52.86666666666667	48.84	0.0
0.0	48.31333333333333	52.513333333333335	54.82	56.46	57.76	58.84	59.10666666666667	59.99333333333333	60.04	60.72	61.086666666666666	61.473333333333336	61.61333333333334	61.74	61.873333333333335	61.833333333333336	62.0	62.12	61.67333333333333	61.653333333333336	61.74	61.56666666666667	61.62	61.11333333333334	61.026666666666664	60.77333333333333	60.16	59.586666666666666	59.333333333333336	58.093333333333334	56.986666666666665	56.3	54.346666666666664	52.27333333333333	48.50666666666667	0.0
0.0	48.513333333333335	52.7	55.013333333333335	57.013333333333335	57.986666666666665	58.82666666666667	59.373333333333335	59.89333333333333	60.22666666666667	60.78	61.42666666666667	61.07333333333333	61.60666666666667	61.70666666666666	62.1	62.3	62.03333333333333	62.166666666666664	62.166666666666664	61.92	61.873333333333335	61.846666666666664	61.64666666666667	61.346666666666664	60.93333333333333	60.513333333333335	60.29333333333334	59.88	59.32666666666667	58.1	57.56666666666667	56.79333333333334	54.72	52.586666666666666	48.56666666666667	0.0
0.0	48.34	52.52	54.666666666666664	56.42666666666667	57.666666666666664	58.486666666666665	59.126666666666665	60.04666666666667	60.61333333333334	61.4	61.50666666666667	61.31333333333333	61.913333333333334	61.74666666666667	61.72	61.873333333333335	62.08	62.48	62.2	62.18	62.03333333333333	62.053333333333335	61.75333333333333	61.63333333333333	61.08	60.50666666666667	60.36	59.913333333333334	59.733333333333334	58.64	57.66	56.95333333333333	54.82	52.5	48.093333333333334	0.0
0.0	48.32	53.026666666666664	54.92666666666667	56.56	57.78	58.56	59.373333333333335	59.88666666666666	60.473333333333336	60.973333333333336	61.12	62.333333333333336	62.11333333333334	62.8	62.74666666666667	62.64	62.28	62.24	62.27333333333333	62.24666666666667	62.18666666666667	61.74666666666667	61.61333333333334	61.22	60.846666666666664	60.72666666666667	60.43333333333333	60.013333333333335	59.34	58.72666666666667	58.086666666666666	56.626666666666665	55.126666666666665	52.60666666666667	48.22666666666667	0.0
0.0	48.38	52.42666666666667	54.54	56.3	57.64666666666667	58.153333333333336	59.52	59.84	60.13333333333333	60.553333333333335	61.153333333333336	61.193333333333335	61.6	61.74666666666667	61.806666666666665	62.11333333333334	61.79333333333334	62.153333333333336	62.14666666666667	61.906666666666666	61.626666666666665	61.56	61.473333333333336	61.333333333333336	60.913333333333334	60.7	59.84	59.67333333333333	58.85333333333333	58.46666666666667	57.266666666666666	56.306666666666665	54.846666666666664	52.42666666666667	48.43333333333333	0.0
0.0	48.26	52.46	55.06666666666667	56.68	57.67333333333333	58.63333333333333	59.026666666666664	60.07333333333333	60.38	60.93333333333333	61.20666666666666	61.766666666666666	61.70666666666666	61.77333333333333	62.14	62.02	62.04	61.77333333333333	62.03333333333333	61.89333333333333	61.733333333333334	61.96666666666667	61.78	61.526666666666664	61.11333333333334	60.68	60.486666666666665	59.986666666666665	59.486666666666665	58.82666666666667	57.74666666666667	56.74666666666667	55.11333333333334	52.77333333333333	48.306666666666665	0.0
0.0	48.16	52.553333333333335	54.76	55.99333333333333	57.18666666666667	58.24666666666667	59.02	59.833333333333336	60.00666666666667	60.54666666666667	60.25333333333333	60.57333333333333	61.02	61.42666666666667	61.46666666666667	61.806666666666665	62.166666666666664	62.306666666666665	62.093333333333334	62.126666666666665	61.89333333333333	61.68	61.75333333333333	61.413333333333334	60.94	60.32666666666667	59.7	59.28	58.67333333333333	58.58	57.44	56.42	54.833333333333336	52.86666666666667	48.4	0.0
0.0	48.20666666666666	52.82	54.75333333333333	55.973333333333336	57.29333333333334	58.3	58.78666666666667	59.25333333333333	59.72666666666667	60.68666666666667	60.75333333333333	60.82	60.92666666666667	60.99333333333333	61.82	61.74	61.4	61.85333333333333	61.99333333333333	61.846666666666664	61.57333333333333	61.346666666666664	61.193333333333335	61.2	61.093333333333334	60.513333333333335	60.49333333333333	60.42	59.48	58.64666666666667	57.626666666666665	56.06	54.86666666666667	52.36666666666667	48.306666666666665	0.0
0.0	48.513333333333335	52.56666666666667	54.96666666666667	56.75333333333333	58.126666666666665	58.9	59.42	60.24	61.053333333333335	61.63333333333333	61.586666666666666	62.02	62.18666666666667	62.333333333333336	62.70666666666666	62.593333333333334	62.39333333333333	62.846666666666664	62.766666666666666	62.48	62.70666666666666	62.373333333333335	62.38	62.193333333333335	62.25333333333333	61.52	60.806666666666665	60.46666666666667	59.81333333333333	58.81333333333333	58.2	56.54	54.85333333333333	52.733333333333334	48.513333333333335	0.0
0.0	48.22	52.52	54.60666666666667	56.42666666666667	57.82	58.88	59.53333333333333	60.46	60.66	61.02	61.16	61.32666666666667	61.873333333333335	62.08	62.07333333333333	61.806666666666665	62.373333333333335	62.306666666666665	62.24666666666667	61.986666666666665	61.593333333333334	61.526666666666664	61.56	61.446666666666665	60.946666666666665	60.64	60.42666666666667	60.026666666666664	59.513333333333335	58.733333333333334	58.04	56.78	54.88666666666666	52.86	48.56	0.0
0.0	48.653333333333336	52.593333333333334	54.6	56.24666666666667	57.846666666666664	58.79333333333334	59.67333333333333	60.14	60.3	60.89333333333333	61.153333333333336	61.45333333333333	61.74666666666667	61.946666666666665	61.79333333333334	61.89333333333333	62.04	62.306666666666665	62.11333333333334	61.946666666666665	62.14666666666667	61.986666666666665	62.086666666666666	61.473333333333336	61.06666666666667	60.74	60.31333333333333	59.693333333333335	59.34	58.486666666666665	58.013333333333335	56.593333333333334	55.52	52.986666666666665	48.35333333333333	0.0
0.0	48.1	52.486666666666665	54.67333333333333	56.42	57.29333333333334	58.27333333333333	59.17333333333333	59.39333333333333	60.13333333333333	60.666666666666664	60.873333333333335	61.74	61.79333333333334	61.94	62.06666666666667	62.22	62.306666666666665	62.18666666666667	62.14666666666667	62.193333333333335	61.85333333333333	61.46666666666667	61.17333333333333	61.14666666666667	60.733333333333334	60.406666666666666	60.22666666666667	59.806666666666665	59.26	58.46	57.39333333333333	56.39333333333333	54.473333333333336	52.17333333333333	48.07333333333333	0.0
0.0	48.126666666666665	52.88	55.25333333333333	56.95333333333333	58.22	58.806666666666665	59.50666666666667	60.56666666666667	60.8	61.126666666666665	61.486666666666665	62.013333333333335	62.04	62.35333333333333	62.24	62.333333333333336	62.03333333333333	62.306666666666665	62.346666666666664	62.266666666666666	62.06	61.806666666666665	61.693333333333335	61.49333333333333	61.14666666666667	61.153333333333336	60.666666666666664	60.39333333333333	59.446666666666665	58.92	57.98	56.873333333333335	55.04	52.9	48.49333333333333	0.0
0.0	48.34	52.7	55.053333333333335	56.29333333333334	57.446666666666665	58.42666666666667	59.10666666666667	59.88666666666666	60.026666666666664	60.72	60.913333333333334	61.24	61.32666666666667	61.873333333333335	61.75333333333333	62.07333333333333	62.093333333333334	62.13333333333333	62.04666666666667	61.96666666666667	62.07333333333333	61.82666666666667	61.6	61.28666666666667	61.26	60.79333333333334	60.32666666666667	60.32	59.44	58.8	58.153333333333336	56.593333333333334	54.95333333333333	52.50666666666667	48.32	0.0
0.0	48.333333333333336	52.72	54.846666666666664	56.25333333333333	57.986666666666665	58.74	59.35333333333333	59.733333333333334	60.233333333333334	60.54	61.373333333333335	61.95333333333333	61.946666666666665	61.94	62.406666666666666	62.58	62.07333333333333	61.906666666666666	62.3	62.2	62.11333333333334	61.92666666666667	62.026666666666664	61.693333333333335	61.34	60.88	60.46	59.94	59.35333333333333	58.986666666666665	57.89333333333333	56.62	55.3	52.38666666666666	48.21333333333333	0.0
0.0	48.20666666666666	52.28666666666667	54.846666666666664	56.38	57.31333333333333	58.39333333333333	59.32	59.766666666666666	60.25333333333333	60.88	61.06	61.43333333333333	61.66	61.513333333333335	61.60666666666667	61.79333333333334	62.56	62.08	62.053333333333335	61.93333333333333	61.77333333333333	61.806666666666665	61.68666666666667	61.16	61.18	61.12	60.6	60.31333333333333	59.42	58.946666666666665	57.666666666666664	56.553333333333335	55.013333333333335	52.52	48.28	0.0
0.0	48.45333333333333	52.5	54.94	56.60666666666667	57.8	58.72	59.153333333333336	59.88666666666666	60.53333333333333	60.806666666666665	61.07333333333333	61.32	61.586666666666666	62.1	62.1	62.02	61.9	62.25333333333333	62.44	61.85333333333333	61.86666666666667	61.67333333333333	61.62	61.54666666666667	61.38	61.07333333333333	60.553333333333335	59.8	59.11333333333334	58.56666666666667	57.81333333333333	56.25333333333333	54.986666666666665	52.666666666666664	48.38666666666666	0.0
0.0	48.24	52.22	54.81333333333333	56.5	57.35333333333333	58.26	59.31333333333333	59.82	60.38666666666666	60.653333333333336	60.93333333333333	61.36	61.473333333333336	61.62	61.99333333333333	61.973333333333336	61.86	62.03333333333333	62.373333333333335	62.45333333333333	62.04666666666667	61.86666666666667	62.06666666666667	61.406666666666666	61.026666666666664	60.74666666666667	60.24	59.906666666666666	59.086666666666666	58.5	57.806666666666665	56.43333333333333	54.92	52.43333333333333	48.013333333333335	0.0
0.0	48.70666666666666	52.60666666666667	54.99333333333333	56.60666666666667	58.00666666666667	58.68	59.126666666666665	59.94	60.75333333333333	61.3	61.39333333333333	61.79333333333334	61.84	62.013333333333335	61.96	61.973333333333336	62.00666666666667	62.36666666666667	62.56	62.026666666666664	62.1	61.70666666666666	61.846666666666664	61.26	60.79333333333334	60.56	60.166666666666664	59.48	58.906666666666666	58.7	57.52	56.14666666666667	54.92	52.43333333333333	48.333333333333336	0.0
