0.0	51.38666666666666	57.0	60.49333333333333	63.22666666666667	64.94	66.53333333333333	67.5	68.80666666666667	69.57333333333334	70.22	70.64666666666666	71.08	71.82666666666667	72.2	72.62	72.38	72.67333333333333	72.54666666666667	72.77333333333333	72.36666666666666	72.54666666666667	72.18666666666667	71.32666666666667	71.24666666666667	71.10666666666667	70.54666666666667	69.16666666666667	68.42666666666666	67.4	66.15333333333334	64.59333333333333	62.82	60.49333333333333	56.99333333333333	51.346666666666664	0.0
0.0	51.21333333333333	57.42666666666667	60.74666666666667	63.02	65.21333333333334	66.46666666666667	67.40666666666667	68.36	69.45333333333333	70.02	70.72666666666667	70.62	71.21333333333334	71.45333333333333	71.6	71.58666666666667	72.04666666666667	72.25333333333333	72.28	72.19333333333333	72.02666666666667	71.91333333333333	71.32666666666667	70.94666666666667	70.83333333333333	70.18	69.26666666666667	68.58666666666667	67.90666666666667	66.54666666666667	64.99333333333334	62.973333333333336	60.553333333333335	57.46	51.36	0.0
0.0	51.02	57.12	60.99333333333333	63.193333333333335	65.13333333333334	66.54	67.62666666666667	68.9	69.88666666666667	70.60666666666667	71.07333333333334	71.82666666666667	71.89333333333333	72.34666666666666	72.44666666666667	72.89333333333333	72.57333333333334	72.82	72.66	72.39333333333333	72.04666666666667	71.42	71.47333333333333	71.10666666666667	70.52666666666667	70.14666666666666	69.61333333333333	68.45333333333333	67.27333333333333	66.36666666666666	65.40666666666667	63.68	61.053333333333335	57.39333333333333	51.6	0.0
0.0	51.18	57.49333333333333	60.75333333333333	62.733333333333334	64.82666666666667	66.43333333333334	67.4	68.96	69.83333333333333	70.36666666666666	71.19333333333333	71.59333333333333	72.00666666666666	72.28	72.50666666666666	72.54	72.67333333333333	72.58666666666667	72.8	72.70666666666666	72.42	72.22666666666667	71.58666666666667	71.04666666666667	70.52	69.98	69.62666666666667	68.90666666666667	67.6	66.34	64.68666666666667	62.81333333333333	60.626666666666665	56.81333333333333	51.2	0.0
0.0	51.32666666666667	57.31333333333333	60.81333333333333	63.14666666666667	64.58666666666667	66.34	67.52	68.48666666666666	69.32666666666667	70.09333333333333	70.36	70.87333333333333	71.22	71.37333333333333	72.42	72.31333333333333	72.26666666666667	72.28	72.04	72.11333333333333	72.12666666666667	71.82666666666667	71.62666666666667	71.12	70.86666666666666	70.27333333333333	69.57333333333334	68.75333333333333	67.76666666666667	66.22	64.84	62.626666666666665	60.25333333333333	56.9	51.486666666666665	0.0
0.0	51.26	57.13333333333333	60.27333333333333	62.593333333333334	64.77333333333333	66.18	67.31333333333333	68.26666666666667	69.06	69.80666666666667	70.07333333333334	70.79333333333334	71.27333333333333	71.59333333333333	72.12	72.16	72.28666666666666	72.33333333333333	72.48666666666666	72.23333333333333	72.18666666666667	72.01333333333334	71.64	71.06	71.04	70.36	69.26	68.38	67.4	66.44666666666667	65.00666666666666	63.1	60.473333333333336	56.92	51.29333333333334	0.0
0.0	51.56666666666667	57.08	60.586666666666666	63.42	65.25333333333333	66.36666666666666	67.43333333333334	68.61333333333333	69.04666666666667	70.64	70.74666666666667	71.2	71.66	71.96666666666667	72.26	72.50666666666666	72.37333333333333	72.72666666666667	72.64666666666666	72.82	72.36666666666666	72.09333333333333	71.82666666666667	71.53333333333333	71.13333333333334	70.48666666666666	69.77333333333333	69.18	68.02	66.40666666666667	64.82	63.39333333333333	60.56666666666667	57.44	51.306666666666665	0.0
0.0	51.32	57.22	60.29333333333334	63.14666666666667	65.1	66.3	67.45333333333333	68.41333333333333	69.22666666666667	69.98666666666666	70.61333333333333	71.03333333333333	71.48	71.71333333333334	72.31333333333333	72.29333333333334	72.57333333333334	72.28666666666666	72.01333333333334	72.21333333333334	72.10666666666667	72.12	71.38666666666667	70.98666666666666	70.58	69.91333333333333	69.26	68.47333333333333	67.06666666666666	66.02	64.42666666666666	62.693333333333335	60.31333333333333	56.79333333333334	51.29333333333334	0.0
0.0	51.53333333333333	57.38666666666666	61.026666666666664	63.45333333333333	65.27333333333333	66.88	68.3	69.23333333333333	70.15333333333334	70.66666666666667	71.49333333333334	72.03333333333333	72.13333333333334	72.56666666666666	72.76	73.1	72.99333333333334	73.32666666666667	72.92	72.82	72.64	72.51333333333334	72.23333333333333	71.62666666666667	71.26666666666667	70.74	70.14666666666666	69.16	67.97333333333333	67.2	65.51333333333334	63.35333333333333	61.06666666666667	57.29333333333334	51.25333333333333	0.0
0.0	51.06666666666667	56.833333333333336	60.71333333333333	63.56666666666667	65.05333333333333	66.66	67.82666666666667	68.92666666666666	69.74	70.4	70.61333333333333	71.39333333333333	71.42666666666666	71.59333333333333	72.45333333333333	72.45333333333333	72.48666666666666	72.52	72.20666666666666	71.9	71.60666666666667	71.34	71.18	70.82	70.53333333333333	70.05333333333333	69.28666666666666	68.37333333333333	67.16	66.36666666666666	64.96666666666667	63.24	60.35333333333333	56.766666666666666	51.406666666666666	0.0
0.0	50.806666666666665	56.9	60.16	62.48	64.32666666666667	65.99333333333334	67.44666666666667	68.16666666666667	69.37333333333333	70.1	70.58666666666667	71.34	71.16666666666667	71.75333333333333	71.98666666666666	72.20666666666666	71.93333333333334	72.02666666666667	72.0	71.72	71.66666666666667	71.93333333333334	71.2	70.78	70.05333333333333	69.98666666666666	68.72	68.01333333333334	67.07333333333334	65.99333333333334	64.34666666666666	63.11333333333334	60.526666666666664	57.266666666666666	51.446666666666665	0.0
0.0	51.34	57.03333333333333	60.24666666666667	62.92	64.94	66.48	67.47333333333333	68.41333333333333	69.08666666666667	69.99333333333334	70.46	70.98666666666666	71.34	71.64666666666666	71.69333333333333	72.0	72.26666666666667	72.04666666666667	72.26666666666667	71.97333333333333	72.22666666666667	71.80666666666667	71.54666666666667	71.46666666666667	70.78	70.24	69.35333333333334	68.64	67.59333333333333	66.32666666666667	64.76666666666667	63.04	60.96	57.266666666666666	51.56	0.0
0.0	51.22666666666667	57.25333333333333	60.71333333333333	63.0	64.91333333333333	66.38666666666667	67.88666666666667	68.75333333333333	69.19333333333333	70.08666666666667	70.91333333333333	71.09333333333333	71.86	72.04	72.32666666666667	72.38	72.72666666666667	72.21333333333334	72.27333333333333	72.23333333333333	71.64	71.74666666666667	71.43333333333334	71.10666666666667	70.51333333333334	69.97333333333333	69.32	68.52666666666667	67.34666666666666	66.14	64.67333333333333	63.34	60.88	57.21333333333333	51.11333333333334	0.0
0.0	51.053333333333335	57.093333333333334	60.53333333333333	62.74666666666667	64.64666666666666	66.42666666666666	67.76	68.42	68.93333333333334	69.76	70.5	71.12	71.84666666666666	71.56	71.93333333333334	72.58666666666667	72.35333333333334	72.23333333333333	71.92	72.15333333333334	71.74	71.58	71.56666666666666	70.93333333333334	70.96666666666667	70.28	69.7	68.65333333333334	68.14666666666666	66.97333333333333	65.09333333333333	63.04666666666667	60.52	56.946666666666665	51.38	0.0
0.0	51.34	57.00666666666667	60.88	63.3	64.98	66.71333333333334	67.92666666666666	68.71333333333334	69.66666666666667	70.20666666666666	70.68666666666667	70.94	71.28	71.35333333333334	71.86666666666666	72.10666666666667	72.54666666666667	72.19333333333333	72.16	72.07333333333334	72.21333333333334	71.76666666666667	71.4	70.94666666666667	71.17333333333333	70.25333333333333	69.39333333333333	68.86	67.52666666666667	66.48666666666666	64.89333333333333	63.08	60.67333333333333	56.99333333333333	51.306666666666665	0.0
0.0	51.44	56.98	60.5	62.88	64.63333333333334	66.29333333333334	67.3	68.22666666666667	69.26	70.18666666666667	71.10666666666667	71.32666666666667	72.02	71.80666666666667	71.98	72.48666666666666	72.62666666666667	71.99333333333334	72.40666666666667	72.18666666666667	72.09333333333333	72.13333333333334	71.58	71.35333333333334	70.93333333333334	70.16	69.38666666666667	68.58666666666667	67.42666666666666	65.60666666666667	64.83333333333333	62.96	60.513333333333335	57.29333333333334	51.24666666666667	0.0
0.0	51.32666666666667	57.233333333333334	60.92	63.56666666666667	65.0	66.32666666666667	67.82666666666667	68.14	69.14	70.02666666666667	70.48666666666666	71.2	71.83333333333333	71.98666666666666	72.32666666666667	72.28666666666666	72.08666666666667	72.35333333333334	72.22	72.24	72.19333333333333	72.00666666666666	71.40666666666667	70.94666666666667	70.74	69.72666666666667	69.40666666666667	68.96666666666667	67.76	66.52666666666667	65.05333333333333	63.18666666666667	60.58	57.00666666666667	51.166666666666664	0.0
0.0	51.48	57.166666666666664	60.6	63.053333333333335	64.95333333333333	66.74666666666667	68.03333333333333	69.22666666666667	69.47333333333333	70.44	71.14	71.46	71.68666666666667	72.28	72.63333333333334	72.72	73.1	72.66666666666667	72.95333333333333	72.69333333333333	72.24666666666667	72.13333333333334	71.52666666666667	71.54	70.84666666666666	70.07333333333334	69.60666666666667	68.68	67.68	66.58	64.97333333333333	63.45333333333333	60.913333333333334	57.68666666666667	51.26	0.0
0.0	51.333333333333336	57.593333333333334	60.95333333333333	63.71333333333333	65.56666666666666	66.86	67.92	68.72666666666667	69.61333333333333	70.54	71.02	71.5	71.82	72.06666666666666	72.30666666666667	72.45333333333333	72.48666666666666	72.35333333333334	72.39333333333333	72.49333333333334	72.20666666666666	72.38666666666667	71.55333333333333	71.25333333333333	70.83333333333333	69.76666666666667	69.28666666666666	68.92666666666666	68.14	66.79333333333334	65.32666666666667	63.17333333333333	60.99333333333333	57.126666666666665	51.26	0.0
0.0	51.3	57.46666666666667	60.95333333333333	63.56666666666667	65.19333333333333	66.54666666666667	67.48666666666666	68.66	69.53333333333333	70.24666666666667	71.08	71.38666666666667	71.88	72.27333333333333	72.4	72.65333333333334	72.31333333333333	72.54	72.15333333333334	72.50666666666666	72.60666666666667	72.12666666666667	71.72	71.11333333333333	71.04	70.14666666666666	69.36666666666666	68.66	67.9	66.62	64.94666666666667	63.38666666666666	60.72666666666667	57.193333333333335	51.233333333333334	0.0
0.0	51.29333333333334	56.806666666666665	60.593333333333334	62.9	64.92666666666666	66.48	67.82	68.76	69.90666666666667	70.72666666666667	71.30666666666667	71.46666666666667	72.04	72.20666666666666	72.56	72.54	72.80666666666667	72.84666666666666	72.97333333333333	72.94	72.28666666666666	71.98	71.82666666666667	71.76	71.16666666666667	70.38	69.58666666666667	68.58666666666667	68.13333333333334	66.43333333333334	65.02666666666667	63.32666666666667	60.99333333333333	56.78666666666667	51.28666666666667	0.0
0.0	51.34	57.29333333333334	61.22666666666667	63.44	65.20666666666666	66.94	68.0	68.89333333333333	69.63333333333334	70.66666666666667	71.38666666666667	71.46	72.06666666666666	72.42666666666666	72.18666666666667	72.72	72.31333333333333	72.81333333333333	72.65333333333334	72.84	72.46666666666667	72.15333333333334	71.93333333333334	71.48666666666666	70.70666666666666	69.85333333333334	69.33333333333333	68.90666666666667	67.88666666666667	66.59333333333333	64.77333333333333	62.973333333333336	60.57333333333333	56.833333333333336	51.6	0.0
0.0	51.46666666666667	57.31333333333333	60.70666666666666	63.07333333333333	64.66666666666667	66.41333333333333	67.80666666666667	68.5	69.03333333333333	70.18	70.44	71.02666666666667	71.6	72.08	72.21333333333334	72.45333333333333	72.64	73.21333333333334	73.02666666666667	72.6	72.21333333333334	71.82	71.76666666666667	71.14	70.89333333333333	70.54	69.85333333333334	69.03333333333333	67.96	66.65333333333334	65.16	63.22	60.74666666666667	57.22666666666667	51.46666666666667	0.0
0.0	51.586666666666666	57.5	60.92	63.38666666666666	64.97333333333333	66.26	67.40666666666667	68.72	69.58666666666667	70.28	70.88	71.64666666666666	72.26	72.42	72.8	72.85333333333334	72.78666666666666	73.09333333333333	73.29333333333334	73.06	73.54666666666667	73.16666666666667	72.52666666666667	71.84666666666666	71.20666666666666	70.95333333333333	69.98	69.3	68.35333333333334	67.34	65.67333333333333	63.93333333333333	61.12	57.333333333333336	51.38666666666666	0.0
0.0	51.56666666666667	57.233333333333334	60.553333333333335	63.2	64.74	66.28	67.56666666666666	68.23333333333333	69.5	69.98666666666666	70.2	70.77333333333333	70.91333333333333	71.43333333333334	71.63333333333334	71.66666666666667	72.01333333333334	71.91333333333333	71.78	72.27333333333333	71.83333333333333	71.79333333333334	71.12666666666667	70.78	70.60666666666667	70.07333333333334	69.31333333333333	68.43333333333334	67.48	66.26666666666667	64.66666666666667	63.03333333333333	60.586666666666666	57.00666666666667	51.14	0.0
0.0	50.99333333333333	56.99333333333333	60.72	63.0	65.21333333333334	66.33333333333333	67.64	69.10666666666667	69.79333333333334	70.32666666666667	70.82666666666667	71.13333333333334	71.27333333333333	71.54666666666667	72.22666666666667	72.50666666666666	72.52666666666667	72.7	72.15333333333334	72.22	72.20666666666666	72.60666666666667	71.88	71.41333333333333	70.62	69.92666666666666	69.6	68.83333333333333	67.77333333333333	66.27333333333333	64.98	63.093333333333334	60.72	57.22666666666667	51.32	0.0
0.0	51.22666666666667	57.13333333333333	60.693333333333335	63.0	65.2	66.44	67.50666666666666	68.29333333333334	68.88	69.71333333333334	70.51333333333334	70.89333333333333	71.59333333333333	71.97333333333333	72.44	72.64666666666666	72.65333333333334	72.42666666666666	72.04666666666667	72.20666666666666	72.12666666666667	72.13333333333334	71.82	71.38	70.90666666666667	70.48	69.65333333333334	68.42666666666666	67.5	66.92	65.48	63.3	60.74	57.373333333333335	51.28	0.0
0.0	51.086666666666666	57.32	60.88666666666666	63.413333333333334	65.04	67.00666666666666	67.99333333333334	68.86666666666666	69.68	70.49333333333334	71.18	71.47333333333333	72.10666666666667	72.39333333333333	72.24666666666667	72.36666666666666	72.81333333333333	72.49333333333334	72.22666666666667	72.44	72.35333333333334	72.26666666666667	71.62	71.5	71.34	70.54	69.84666666666666	68.78666666666666	68.04	66.71333333333334	65.01333333333334	63.373333333333335	61.07333333333333	57.42	51.446666666666665	0.0
0.0	50.99333333333333	57.28	60.76	63.193333333333335	64.83333333333333	65.78666666666666	67.12	68.35333333333334	69.47333333333333	69.99333333333334	70.52666666666667	71.32666666666667	71.53333333333333	71.60666666666667	72.18666666666667	72.44666666666667	72.68	72.75333333333333	72.48	72.2	71.82	72.06666666666666	71.6	71.08	70.40666666666667	69.75333333333333	69.05333333333333	68.28	67.29333333333334	66.12666666666667	64.83333333333333	62.906666666666666	60.78	56.9	51.32	0.0
0.0	51.74	57.626666666666665	60.70666666666666	63.58	65.14666666666666	66.94666666666667	67.96666666666667	69.4	69.77333333333333	70.87333333333333	71.42666666666666	72.10666666666667	72.78	72.85333333333334	73.04	73.26666666666667	73.15333333333334	73.14666666666666	72.85333333333334	72.94666666666667	72.87333333333333	72.47333333333333	72.33333333333333	71.64	71.46666666666667	71.40666666666667	69.98666666666666	68.80666666666667	67.98666666666666	67.14666666666666	65.56	63.32	60.906666666666666	57.25333333333333	51.946666666666665	0.0
0.0	51.46	57.306666666666665	60.766666666666666	63.54666666666667	64.69333333333333	66.68	67.52666666666667	68.52	69.56	69.9	70.66666666666667	71.24666666666667	71.49333333333334	71.80666666666667	72.63333333333334	72.32666666666667	72.41333333333333	72.71333333333334	72.3	72.37333333333333	71.98666666666666	71.68	71.24666666666667	70.94	70.35333333333334	69.88	69.24666666666667	68.73333333333333	67.70666666666666	66.19333333333333	65.04666666666667	63.093333333333334	60.52	56.92	51.013333333333335	0.0
0.0	51.18666666666667	57.10666666666667	60.26	62.806666666666665	64.50666666666666	66.34	67.24	68.62	69.62	70.03333333333333	70.5	70.69333333333333	71.37333333333333	71.64	71.93333333333334	72.16666666666667	72.70666666666666	72.8	72.52	72.39333333333333	72.38	72.07333333333334	71.84666666666666	71.54666666666667	70.60666666666667	70.02	69.32666666666667	68.42666666666666	67.73333333333333	66.36666666666666	65.04666666666667	63.31333333333333	60.58	57.373333333333335	51.27333333333333	0.0
0.0	51.56	57.62	61.0	63.626666666666665	65.48666666666666	66.8	68.2	69.06666666666666	69.69333333333333	70.78666666666666	71.1	71.36	71.64666666666666	72.28	72.09333333333333	72.48666666666666	72.50666666666666	72.6	72.62	72.10666666666667	72.07333333333334	71.67333333333333	71.55333333333333	71.50666666666666	71.18666666666667	70.12666666666667	69.8	68.88	67.58666666666667	66.41333333333333	64.94666666666667	63.36666666666667	60.82666666666667	57.31333333333333	51.68666666666667	0.0
0.0	51.45333333333333	57.973333333333336	60.64666666666667	63.22666666666667	65.02	66.58	68.0	68.80666666666667	69.82	70.19333333333333	70.58666666666667	71.16666666666667	71.5	72.42	72.73333333333333	72.68	72.76	72.55333333333333	72.7	72.63333333333334	72.29333333333334	72.04	72.17333333333333	71.31333333333333	70.72	70.00666666666666	69.29333333333334	68.56666666666666	67.36666666666666	66.45333333333333	64.47333333333333	63.053333333333335	60.666666666666664	56.86666666666667	51.04	0.0
0.0	51.24666666666667	57.153333333333336	60.60666666666667	63.42	65.18666666666667	66.75333333333333	67.84666666666666	68.72	70.12666666666667	70.42666666666666	71.02	71.57333333333334	71.64	72.02	72.13333333333334	72.76666666666667	72.79333333333334	72.45333333333333	72.24666666666667	72.42	72.14666666666666	72.0	71.54	71.23333333333333	70.72	70.45333333333333	69.68	68.87333333333333	67.67333333333333	66.5	64.98	63.2	60.93333333333333	56.913333333333334	51.46	0.0
0.0	51.24	57.03333333333333	60.54666666666667	63.153333333333336	64.84666666666666	66.42	67.59333333333333	68.46	69.16	70.02	70.71333333333334	71.04666666666667	71.87333333333333	72.02666666666667	72.08666666666667	72.22666666666667	72.63333333333334	72.79333333333334	72.62666666666667	72.45333333333333	72.35333333333334	72.39333333333333	71.80666666666667	71.29333333333334	70.86666666666666	70.18	69.46	68.4	67.48666666666666	66.59333333333333	65.39333333333333	63.406666666666666	60.53333333333333	57.22	51.38666666666666	0.0
0.0	51.14666666666667	57.03333333333333	60.84	63.24	65.08666666666667	66.34666666666666	67.65333333333334	68.25333333333333	69.13333333333334	69.80666666666667	70.74666666666667	70.98666666666666	71.12666666666667	71.57333333333334	71.27333333333333	72.04666666666667	72.05333333333333	71.72666666666667	71.94	71.95333333333333	71.72	71.70666666666666	71.28666666666666	70.86	70.54	70.54666666666667	69.24	68.71333333333334	67.29333333333334	66.62	65.08	62.88666666666666	60.666666666666664	57.10666666666667	51.14666666666667	0.0
0.0	51.666666666666664	57.3	60.64	63.03333333333333	64.89333333333333	66.04666666666667	67.48	68.8	69.57333333333334	70.12666666666667	70.64666666666666	71.38666666666667	71.7	72.06666666666666	72.56666666666666	72.89333333333333	73.05333333333333	72.86	72.88666666666667	72.56	72.43333333333334	72.4	72.06	71.36666666666666	70.95333333333333	70.53333333333333	69.55333333333333	68.64	67.71333333333334	66.76666666666667	65.26	63.00666666666667	60.82	57.10666666666667	51.57333333333333	0.0
0.0	51.22666666666667	57.42666666666667	60.22666666666667	63.06666666666667	64.72	66.24	67.35333333333334	68.64	69.58666666666667	70.30666666666667	70.84	71.30666666666667	71.73333333333333	72.32666666666667	72.52666666666667	72.51333333333334	72.82	72.85333333333334	72.41333333333333	72.34666666666666	72.17333333333333	72.31333333333333	71.68666666666667	71.58666666666667	71.08666666666667	70.33333333333333	70.08	69.62666666666667	67.88	66.32	64.78666666666666	62.94	60.57333333333333	56.94	51.4	0.0
0.0	51.6	57.22666666666667	60.806666666666665	63.086666666666666	65.11333333333333	66.56666666666666	67.81333333333333	68.53333333333333	69.46666666666667	69.88666666666667	70.44666666666667	70.90666666666667	71.27333333333333	71.81333333333333	72.24	72.38	72.27333333333333	72.44666666666667	72.04	72.42666666666666	72.18	71.53333333333333	71.64	71.1	70.91333333333333	70.26666666666667	69.17333333333333	68.54	67.85333333333334	66.92	64.9	63.06666666666667	60.3	57.166666666666664	51.43333333333333	0.0
0.0	51.28666666666667	57.013333333333335	60.64666666666667	63.153333333333336	64.96666666666667	66.15333333333334	67.62	68.53333333333333	69.68	70.00666666666666	70.8	71.67333333333333	71.86	72.26666666666667	72.48	72.22666666666667	72.33333333333333	72.59333333333333	72.40666666666667	72.85333333333334	73.17333333333333	72.37333333333333	72.02	71.38666666666667	71.33333333333333	70.62666666666667	69.72666666666667	68.68666666666667	67.7	66.34666666666666	64.89333333333333	63.04666666666667	60.74666666666667	57.36666666666667	51.17333333333333	0.0
0.0	51.14666666666667	57.29333333333334	60.986666666666665	63.32	65.18666666666667	66.87333333333333	67.85333333333334	68.70666666666666	70.02666666666667	70.3	70.84	71.0	71.39333333333333	71.63333333333334	72.12666666666667	72.06	72.28666666666666	72.34666666666666	72.42666666666666	72.54666666666667	71.8	71.16666666666667	71.06666666666666	71.28	70.89333333333333	70.48666666666666	69.76666666666667	68.47333333333333	67.58666666666667	66.34	65.18	62.82666666666667	60.54	57.086666666666666	51.16	0.0
0.0	51.31333333333333	57.35333333333333	60.44	62.92666666666667	64.65333333333334	66.44	67.34666666666666	68.29333333333334	69.03333333333333	70.01333333333334	70.46	70.63333333333334	71.23333333333333	71.67333333333333	71.67333333333333	72.15333333333334	71.96666666666667	71.84	71.76	71.78	71.6	71.82	71.24	71.30666666666667	70.65333333333334	70.09333333333333	68.91333333333333	67.93333333333334	67.1	65.86666666666666	64.18	62.406666666666666	60.12	56.98	51.306666666666665	0.0
0.0	51.07333333333333	56.99333333333333	60.58	63.46	65.27333333333333	66.58666666666667	67.93333333333334	68.97333333333333	69.60666666666667	70.47333333333333	70.82666666666667	71.32666666666667	71.97333333333333	72.19333333333333	72.23333333333333	72.52	72.72	72.16	72.49333333333334	72.39333333333333	72.02666666666667	71.87333333333333	71.65333333333334	71.18666666666667	70.87333333333333	70.58666666666667	69.36	68.49333333333334	67.77333333333333	66.38666666666667	65.32666666666667	63.54	60.86666666666667	57.193333333333335	51.28666666666667	0.0
0.0	51.68	57.906666666666666	60.946666666666665	63.346666666666664	64.94666666666667	66.38666666666667	67.96	68.72	69.68666666666667	70.25333333333333	70.92666666666666	71.81333333333333	71.68	72.58	72.78	72.83333333333333	73.2	73.08	73.22666666666667	73.33333333333333	72.81333333333333	73.1	72.54666666666667	72.11333333333333	71.20666666666666	71.03333333333333	69.84666666666666	69.50666666666666	68.12	67.56	65.9	63.64666666666667	60.833333333333336	57.31333333333333	51.56666666666667	0.0
0.0	51.406666666666666	57.373333333333335	60.553333333333335	62.873333333333335	64.7	66.52	67.96666666666667	68.88666666666667	69.62	69.95333333333333	70.81333333333333	71.29333333333334	71.49333333333334	72.11333333333333	72.39333333333333	72.61333333333333	72.97333333333333	72.74	72.98666666666666	72.25333333333333	72.21333333333334	72.18	71.81333333333333	71.64	70.75333333333333	70.07333333333334	69.43333333333334	68.56666666666666	67.66	66.31333333333333	64.8	62.79333333333334	60.473333333333336	57.053333333333335	51.4	0.0
0.0	51.44	57.39333333333333	60.60666666666667	62.71333333333333	64.57333333333334	66.64666666666666	67.76	68.60666666666667	69.40666666666667	70.34	70.78666666666666	71.38	71.79333333333334	71.98666666666666	72.01333333333334	72.45333333333333	72.56666666666666	72.54666666666667	72.56	72.56	72.01333333333334	71.77333333333333	71.05333333333333	71.18	70.38666666666667	69.68	69.00666666666666	68.67333333333333	67.78666666666666	66.54666666666667	64.85333333333334	62.833333333333336	60.50666666666667	56.92666666666667	51.473333333333336	0.0
0.0	51.25333333333333	57.07333333333333	60.526666666666664	63.026666666666664	65.14	66.56666666666666	68.04666666666667	68.94666666666667	69.56666666666666	70.55333333333333	71.11333333333333	71.17333333333333	71.87333333333333	72.19333333333333	72.36	71.88	72.4	72.36666666666666	72.05333333333333	72.17333333333333	71.72	71.33333333333333	71.18666666666667	70.82	70.91333333333333	70.18	69.62666666666667	68.83333333333333	67.52	66.4	64.78666666666666	62.64666666666667	60.79333333333334	57.2	51.46	0.0
0.0	51.446666666666665	57.20666666666666	60.346666666666664	62.86	65.17333333333333	66.66	67.26	68.42666666666666	69.24666666666667	69.86666666666666	70.60666666666667	71.3	72.06666666666666	72.38666666666667	73.01333333333334	72.86	73.00666666666666	72.61333333333333	72.34666666666666	72.50666666666666	72.30666666666667	71.52666666666667	71.54	70.84	70.63333333333334	69.89333333333333	69.15333333333334	68.32	67.48666666666666	65.96666666666667	64.72666666666667	62.74666666666667	60.7	57.11333333333334	51.406666666666666	0.0
0.0	51.593333333333334	57.07333333333333	60.873333333333335	63.49333333333333	65.30666666666667	66.93333333333334	68.02	68.84666666666666	69.27333333333333	69.98666666666666	70.84666666666666	71.30666666666667	71.72666666666667	72.11333333333333	72.12666666666667	72.53333333333333	72.88	72.76666666666667	72.6	72.31333333333333	72.48666666666666	72.02666666666667	71.76	71.30666666666667	70.57333333333334	70.18	69.23333333333333	68.36666666666666	67.55333333333333	66.6	64.83333333333333	63.2	60.67333333333333	57.22	51.52	0.0
0.0	51.43333333333333	57.29333333333334	60.88666666666666	63.166666666666664	65.08666666666667	66.66666666666667	67.82	68.98666666666666	69.37333333333333	69.97333333333333	70.91333333333333	71.36666666666666	71.59333333333333	71.89333333333333	72.32666666666667	72.82666666666667	73.02	72.81333333333333	72.66666666666667	72.78	72.42666666666666	72.58	71.90666666666667	71.85333333333334	71.33333333333333	70.76	69.74666666666667	68.94	67.59333333333333	66.18	65.56	63.666666666666664	60.88	57.10666666666667	50.98	0.0
0.0	51.373333333333335	57.08	60.77333333333333	63.27333333333333	65.08	66.30666666666667	67.42	68.89333333333333	69.52666666666667	70.21333333333334	70.66	70.96	71.50666666666666	72.04	72.03333333333333	72.18666666666667	72.6	72.49333333333334	72.85333333333334	72.54666666666667	72.12	71.74	71.71333333333334	70.99333333333334	70.48666666666666	70.40666666666667	69.52666666666667	68.93333333333334	68.13333333333334	66.64	65.09333333333333	63.03333333333333	60.74666666666667	57.28	51.53333333333333	0.0
0.0	51.306666666666665	57.22666666666667	60.72	63.14	64.82	66.40666666666667	67.4	68.52	69.10666666666667	69.99333333333334	70.56666666666666	70.74666666666667	71.45333333333333	71.80666666666667	72.09333333333333	72.46666666666667	72.06	72.20666666666666	72.16	72.12666666666667	71.55333333333333	71.57333333333334	71.1	70.92	70.48666666666666	69.82	69.23333333333333	68.52666666666667	67.47333333333333	66.34	65.12	62.67333333333333	60.586666666666666	57.3	51.266666666666666	0.0
0.0	51.14	56.94	60.346666666666664	62.75333333333333	64.64	65.93333333333334	67.16666666666667	68.49333333333334	69.45333333333333	69.62	70.37333333333333	70.50666666666666	70.87333333333333	71.42	71.66666666666667	71.94	71.9	71.86	71.85333333333334	71.86666666666666	71.56	71.12	71.05333333333333	70.92666666666666	70.2	69.6	69.10666666666667	68.49333333333334	67.04666666666667	66.48666666666666	64.41333333333333	62.98	60.586666666666666	56.99333333333333	51.233333333333334	0.0
0.0	51.17333333333333	57.18666666666667	60.486666666666665	63.16	64.90666666666667	66.51333333333334	67.77333333333333	68.99333333333334	69.64	70.04	71.25333333333333	71.05333333333333	71.88	71.64	71.71333333333334	71.92	72.18666666666667	72.42666666666666	72.42	72.44666666666667	72.37333333333333	71.91333333333333	71.75333333333333	71.35333333333334	70.96	70.52	69.83333333333333	68.88666666666667	68.06	66.52	65.32666666666667	63.08	60.74	57.03333333333333	51.3	0.0
0.0	50.766666666666666	57.18	60.446666666666665	63.38	64.82666666666667	66.24666666666667	67.57333333333334	68.18	69.4	70.26	70.77333333333333	71.43333333333334	72.2	72.30666666666667	72.61333333333333	72.58666666666667	73.14666666666666	72.97333333333333	72.6	72.44666666666667	72.25333333333333	71.77333333333333	71.48666666666666	71.35333333333334	70.72	70.25333333333333	69.24666666666667	68.49333333333334	67.7	66.75333333333333	65.32	63.16	60.70666666666666	57.1	51.26	0.0
0.0	51.60666666666667	57.666666666666664	61.193333333333335	63.513333333333335	65.81333333333333	67.03333333333333	68.17333333333333	68.94	69.83333333333333	70.3	71.32	71.2	72.15333333333334	72.59333333333333	72.72	72.68	72.8	73.10666666666667	72.81333333333333	73.06666666666666	72.64666666666666	72.24666666666667	72.02666666666667	71.61333333333333	71.49333333333334	70.58666666666667	70.03333333333333	68.90666666666667	68.18	67.38	65.44666666666667	63.50666666666667	61.06666666666667	57.54	51.626666666666665	0.0
0.0	51.43333333333333	57.233333333333334	60.54666666666667	62.906666666666666	64.51333333333334	66.19333333333333	67.60666666666667	68.32666666666667	69.26666666666667	70.26666666666667	70.4	70.88666666666667	71.5	71.92666666666666	71.92	72.04666666666667	72.34	72.59333333333333	72.75333333333333	72.68	72.58666666666667	72.15333333333334	71.54666666666667	71.24	70.51333333333334	70.16	69.74	68.87333333333333	68.07333333333334	66.69333333333333	64.86	63.04	60.593333333333334	56.986666666666665	51.346666666666664	0.0
0.0	51.166666666666664	56.66	59.986666666666665	62.79333333333334	64.47333333333333	65.80666666666667	67.29333333333334	68.44666666666667	69.09333333333333	70.06666666666666	70.78	71.08	71.48666666666666	71.82666666666667	72.3	72.24	72.74	72.49333333333334	72.41333333333333	72.28666666666666	71.90666666666667	71.87333333333333	71.68	71.44	70.75333333333333	70.68	69.54666666666667	68.9	67.69333333333333	66.58	65.20666666666666	63.486666666666665	60.62	57.44	51.333333333333336	0.0
0.0	51.446666666666665	57.373333333333335	60.973333333333336	63.31333333333333	65.42666666666666	66.38	67.67333333333333	69.02	69.31333333333333	70.06666666666666	70.56	70.97333333333333	71.62666666666667	71.72666666666667	71.87333333333333	72.41333333333333	72.53333333333333	72.46666666666667	72.16666666666667	72.29333333333334	71.98	71.9	71.31333333333333	70.46	70.17333333333333	69.9	69.07333333333334	68.45333333333333	67.40666666666667	66.54	65.16666666666667	63.126666666666665	60.96	57.04	51.64	0.0
0.0	51.693333333333335	57.16	60.95333333333333	63.25333333333333	65.23333333333333	66.6	67.76	68.80666666666667	69.88	70.42	70.74	71.10666666666667	71.98	72.12666666666667	72.52	72.34666666666666	72.41333333333333	72.69333333333333	72.27333333333333	72.38	72.52	72.48	72.06	71.39333333333333	71.20666666666666	70.82	69.94666666666667	69.42666666666666	68.21333333333334	66.83333333333333	64.96	63.06	60.513333333333335	57.02	51.333333333333336	0.0
0.0	51.626666666666665	57.373333333333335	60.78	63.093333333333334	65.02666666666667	66.24	67.14666666666666	68.31333333333333	68.79333333333334	69.68	70.26	70.69333333333333	71.25333333333333	71.64	72.27333333333333	72.12666666666667	72.43333333333334	72.35333333333334	72.18	72.44666666666667	72.33333333333333	72.14	71.38	71.14	70.47333333333333	70.05333333333333	69.28	68.75333333333333	67.58666666666667	66.11333333333333	64.72	62.973333333333336	60.72666666666667	57.53333333333333	51.58	0.0
0.0	51.50666666666667	57.32	60.95333333333333	63.28	65.11333333333333	66.61333333333333	67.88	68.72666666666667	69.73333333333333	70.25333333333333	71.04	71.28666666666666	71.5	71.7	72.10666666666667	71.98	72.62666666666667	72.56666666666666	72.71333333333334	72.62666666666667	72.27333333333333	72.16	71.68	71.35333333333334	70.77333333333333	70.33333333333333	69.20666666666666	68.36	67.35333333333334	66.4	64.92	63.36	60.89333333333333	57.526666666666664	51.38	0.0
0.0	51.2	57.18	60.92	63.53333333333333	65.23333333333333	66.54666666666667	67.39333333333333	68.91333333333333	69.88666666666667	70.24666666666667	70.94666666666667	71.09333333333333	71.64666666666666	71.88666666666667	71.9	72.2	71.97333333333333	72.10666666666667	72.3	72.22	72.45333333333333	71.79333333333334	71.58666666666667	71.4	71.14	70.22	69.52	69.08666666666667	67.90666666666667	66.57333333333334	64.94666666666667	62.766666666666666	60.68666666666667	57.16	51.4	0.0
0.0	51.35333333333333	56.78666666666667	60.35333333333333	62.3	64.73333333333333	66.50666666666666	67.9	68.88	69.68	70.01333333333334	70.72666666666667	71.1	70.98	71.92	72.32666666666667	72.35333333333334	72.75333333333333	72.50666666666666	72.08	72.22	72.18	72.10666666666667	71.30666666666667	70.94666666666667	70.94666666666667	70.23333333333333	69.09333333333333	68.59333333333333	67.21333333333334	66.42666666666666	64.48666666666666	62.693333333333335	60.35333333333333	56.74	51.12	0.0
0.0	51.193333333333335	57.24	60.21333333333333	62.413333333333334	64.39333333333333	65.47333333333333	66.70666666666666	68.00666666666666	69.08	69.88	70.33333333333333	70.69333333333333	70.76	70.92	71.24	71.56666666666666	71.48	72.07333333333334	71.82	72.5	71.89333333333333	71.68666666666667	71.01333333333334	70.60666666666667	70.16666666666667	69.4	68.85333333333334	68.25333333333333	67.27333333333333	66.11333333333333	64.90666666666667	62.92666666666667	60.20666666666666	56.81333333333333	50.86666666666667	0.0
0.0	51.50666666666667	57.25333333333333	60.913333333333334	63.14	64.99333333333334	66.49333333333334	67.82	68.6	69.36	70.24666666666667	70.68	71.36666666666666	71.96	72.44666666666667	72.26	72.49333333333334	72.54666666666667	72.91333333333333	72.87333333333333	72.74	72.76666666666667	72.27333333333333	71.72	71.44666666666667	70.66666666666667	70.58666666666667	69.56666666666666	68.68	67.62	66.62	65.69333333333333	63.35333333333333	60.81333333333333	57.52	51.406666666666666	0.0
0.0	51.06	57.16	60.49333333333333	62.95333333333333	64.94666666666667	66.38	67.76	68.84666666666666	69.46666666666667	70.35333333333334	70.84666666666666	71.73333333333333	72.06	72.12666666666667	72.52	72.02666666666667	72.66666666666667	72.46666666666667	72.57333333333334	72.16666666666667	72.17333333333333	72.14666666666666	71.55333333333333	71.08666666666667	70.7	70.64	70.18666666666667	68.86666666666666	67.52666666666667	66.37333333333333	64.77333333333333	63.24666666666667	60.42	57.18	51.17333333333333	0.0
0.0	51.266666666666666	57.486666666666665	60.833333333333336	63.166666666666664	65.14666666666666	66.24	67.58666666666667	69.00666666666666	69.70666666666666	69.73333333333333	70.4	71.40666666666667	71.59333333333333	71.97333333333333	72.14666666666666	72.48666666666666	72.93333333333334	72.68666666666667	72.65333333333334	72.46	71.84	71.60666666666667	71.44	70.89333333333333	70.60666666666667	70.22	69.68	68.62	67.58666666666667	66.15333333333334	64.62	63.17333333333333	60.67333333333333	57.14	51.27333333333333	0.0
0.0	51.68	57.38	60.873333333333335	63.306666666666665	64.98	66.42	67.67333333333333	68.86	69.35333333333334	69.92	70.94666666666667	71.05333333333333	71.18666666666667	71.54	71.87333333333333	71.71333333333334	72.1	72.49333333333334	72.56666666666666	72.2	72.09333333333333	71.30666666666667	71.62	70.86666666666666	71.02666666666667	70.40666666666667	69.48	68.8	67.54666666666667	66.26	64.84	62.82666666666667	61.08	57.46	51.193333333333335	0.0
0.0	50.99333333333333	56.986666666666665	60.58	63.1	65.50666666666666	66.32666666666667	68.08666666666667	68.85333333333334	70.06666666666666	70.19333333333333	71.08666666666667	72.08	72.34	72.37333333333333	72.54666666666667	72.76666666666667	73.03333333333333	73.02666666666667	72.89333333333333	72.58666666666667	72.60666666666667	72.24	72.2	71.41333333333333	71.06666666666666	70.26	69.89333333333333	69.15333333333334	67.74666666666667	66.34666666666666	65.16	63.44	61.18666666666667	57.46666666666667	51.266666666666666	0.0
0.0	51.56666666666667	57.46666666666667	61.153333333333336	63.413333333333334	64.87333333333333	66.65333333333334	68.30666666666667	69.22666666666667	70.14666666666666	70.93333333333334	71.52666666666667	71.61333333333333	72.30666666666667	72.67333333333333	73.05333333333333	72.84	72.86666666666666	72.48	72.54666666666667	72.02666666666667	72.24666666666667	72.02666666666667	72.18	71.81333333333333	71.36666666666666	71.09333333333333	70.23333333333333	69.02	67.83333333333333	66.78	65.34666666666666	63.233333333333334	60.806666666666665	57.526666666666664	51.56	0.0
0.0	51.593333333333334	57.153333333333336	60.8	63.27333333333333	65.04666666666667	66.54	67.84666666666666	68.71333333333334	69.40666666666667	69.99333333333334	70.9	71.49333333333334	71.94	72.23333333333333	72.30666666666667	72.45333333333333	72.90666666666667	72.65333333333334	72.88666666666667	72.72666666666667	72.80666666666667	72.70666666666666	72.52666666666667	72.28666666666666	71.44	70.64	69.94	69.04	68.21333333333334	66.65333333333334	65.2	63.56666666666667	60.68	57.12	51.56	0.0
0.0	51.086666666666666	56.86	60.333333333333336	62.74666666666667	64.98666666666666	65.96	67.11333333333333	68.08	68.95333333333333	69.73333333333333	70.35333333333334	70.65333333333334	71.03333333333333	71.63333333333334	71.86	72.18	72.12	72.18	72.26	72.13333333333334	72.01333333333334	71.58	71.22	70.73333333333333	70.40666666666667	70.04666666666667	69.04666666666667	68.28666666666666	66.86	65.88	64.60666666666667	63.12	60.413333333333334	56.79333333333334	51.24	0.0
0.0	51.28666666666667	56.873333333333335	60.84	63.373333333333335	65.26666666666667	66.58	67.86666666666666	68.59333333333333	69.32	69.98666666666666	70.58666666666667	70.74	71.64666666666666	71.73333333333333	71.9	71.94	72.04666666666667	72.08666666666667	72.54666666666667	72.31333333333333	72.20666666666666	71.8	71.64666666666666	71.06	70.55333333333333	69.79333333333334	69.32	68.62666666666667	67.68666666666667	65.84	64.78666666666666	63.04	60.74666666666667	56.913333333333334	51.32666666666667	0.0
0.0	51.66	57.446666666666665	60.846666666666664	63.06	64.85333333333334	66.06666666666666	67.47333333333333	68.57333333333334	69.7	70.48	70.74	71.15333333333334	71.52666666666667	71.88666666666667	72.43333333333334	72.81333333333333	72.90666666666667	72.68	72.90666666666667	72.54666666666667	72.23333333333333	72.04	71.68	71.14666666666666	70.26666666666667	70.00666666666666	69.06	68.3	67.32666666666667	66.31333333333333	65.26	63.053333333333335	60.56666666666667	57.153333333333336	51.22666666666667	0.0
0.0	51.22666666666667	56.64666666666667	60.373333333333335	63.03333333333333	64.86666666666666	66.83333333333333	67.86666666666666	68.8	69.68	70.27333333333333	71.03333333333333	71.70666666666666	71.48	72.18	72.34666666666666	72.46	72.56666666666666	72.64666666666666	72.39333333333333	72.24	72.12	71.88	71.44666666666667	71.26	70.61333333333333	69.68	69.05333333333333	68.52	67.48666666666666	65.94	64.82	63.24	60.64	57.36	51.43333333333333	0.0
0.0	51.66	57.54666666666667	60.71333333333333	63.20666666666666	64.94666666666667	66.83333333333333	68.37333333333333	69.10666666666667	69.76	70.74	71.17333333333333	71.52666666666667	71.78666666666666	72.37333333333333	72.77333333333333	72.76	72.67333333333333	72.75333333333333	72.70666666666666	72.67333333333333	72.34	72.42	72.45333333333333	71.76	71.40666666666667	70.47333333333333	69.79333333333334	69.22	68.02666666666667	66.42666666666666	65.16666666666667	63.233333333333334	60.85333333333333	57.03333333333333	51.346666666666664	0.0
0.0	50.986666666666665	56.96666666666667	60.67333333333333	62.82666666666667	64.99333333333334	66.56666666666666	67.72	68.60666666666667	69.22	70.05333333333333	70.65333333333334	70.89333333333333	71.39333333333333	71.75333333333333	72.02666666666667	72.1	72.51333333333334	72.32666666666667	72.44	72.31333333333333	71.84666666666666	72.10666666666667	71.72666666666667	71.68666666666667	70.46666666666667	70.14666666666666	69.02666666666667	68.61333333333333	67.31333333333333	66.36666666666666	65.15333333333334	62.88	60.42666666666667	57.026666666666664	51.46666666666667	0.0
0.0	51.22666666666667	56.946666666666665	60.53333333333333	63.08	64.89333333333333	66.16666666666667	67.86666666666666	68.72666666666667	69.41333333333333	70.00666666666666	70.87333333333333	71.18666666666667	71.48	71.46666666666667	71.76	72.06666666666666	72.21333333333334	72.5	72.71333333333334	72.81333333333333	72.38666666666667	72.04666666666667	71.44666666666667	71.00666666666666	71.08	70.48	69.5	68.99333333333334	68.1	66.84	65.03333333333333	63.2	60.58	56.92666666666667	51.04666666666667	0.0
0.0	50.95333333333333	57.11333333333334	60.373333333333335	62.64	64.59333333333333	66.18	67.9	68.66	69.72666666666667	70.39333333333333	70.92	71.72	71.63333333333334	72.21333333333334	72.5	72.90666666666667	72.76	72.54	72.24	72.63333333333334	72.72	71.89333333333333	71.56	71.44	70.76	69.69333333333333	69.14666666666666	68.19333333333333	67.44666666666667	66.34666666666666	64.95333333333333	63.193333333333335	60.64666666666667	57.02	51.346666666666664	0.0
0.0	51.53333333333333	56.906666666666666	61.44	63.16	65.42	66.90666666666667	67.59333333333333	68.72666666666667	69.65333333333334	70.33333333333333	71.31333333333333	71.49333333333334	71.37333333333333	72.26666666666667	72.30666666666667	72.18	72.48	72.44	72.09333333333333	72.26	71.9	71.88666666666667	71.6	71.0	70.7	70.08	69.3	68.81333333333333	67.76	66.74666666666667	65.32666666666667	63.06666666666667	60.66	56.96	51.486666666666665	0.0
0.0	51.593333333333334	57.24	60.43333333333333	62.84	64.92	66.66666666666667	67.78666666666666	68.66	69.66	70.38666666666667	70.82666666666667	71.31333333333333	71.59333333333333	71.80666666666667	71.92666666666666	72.39333333333333	72.49333333333334	72.5	72.77333333333333	72.39333333333333	72.42666666666666	72.26666666666667	71.84	71.44666666666667	71.28666666666666	70.34666666666666	69.71333333333334	68.77333333333333	67.81333333333333	66.82666666666667	65.34	63.486666666666665	61.086666666666666	57.08	51.24	0.0
0.0	51.093333333333334	57.18666666666667	60.94	63.29333333333334	65.12666666666667	66.67333333333333	67.93333333333334	68.96666666666667	69.93333333333334	70.54666666666667	70.86	71.72666666666667	72.12	72.32	72.51333333333334	72.34	72.56666666666666	72.92	72.96666666666667	72.76	72.65333333333334	72.65333333333334	72.1	71.24666666666667	70.97333333333333	70.69333333333333	69.76	69.09333333333333	67.6	66.46666666666667	65.0	62.96666666666667	60.98	57.2	51.38666666666666	0.0
0.0	50.99333333333333	56.9	60.36666666666667	63.28	64.98	66.40666666666667	67.12666666666667	68.08	69.25333333333333	70.08	70.80666666666667	71.31333333333333	71.59333333333333	72.22	72.03333333333333	72.12666666666667	72.1	71.93333333333334	72.24	72.29333333333334	71.96666666666667	72.09333333333333	71.38666666666667	70.88	70.82	70.0	69.75333333333333	68.68	67.66	66.28666666666666	65.08666666666667	63.193333333333335	60.846666666666664	57.14	51.28666666666667	0.0
0.0	51.07333333333333	56.98	60.46	62.84	64.88666666666667	66.34	67.85333333333334	68.74666666666667	69.7	70.43333333333334	71.10666666666667	71.40666666666667	72.0	72.63333333333334	72.72666666666667	72.82666666666667	72.82666666666667	72.57333333333334	72.41333333333333	72.28	71.75333333333333	71.88666666666667	71.46	71.20666666666666	70.44	69.62	69.36	68.34666666666666	67.50666666666666	66.5	65.28666666666666	63.44	60.36	57.06666666666667	51.193333333333335	0.0
0.0	51.16	57.31333333333333	60.88	62.81333333333333	64.92666666666666	66.42666666666666	67.72666666666667	68.54666666666667	68.92666666666666	70.02666666666667	70.70666666666666	71.38666666666667	71.32	71.55333333333333	72.18	72.05333333333333	72.51333333333334	72.29333333333334	72.23333333333333	72.16666666666667	72.00666666666666	71.85333333333334	71.3	71.1	70.74666666666667	70.51333333333334	69.58	68.56666666666666	67.34	66.39333333333333	65.20666666666666	63.44	61.026666666666664	57.18666666666667	51.08	0.0
0.0	51.526666666666664	57.45333333333333	60.50666666666667	63.3	65.66666666666667	66.65333333333334	68.33333333333333	69.12	69.89333333333333	70.82	71.4	71.85333333333334	72.50666666666666	72.64666666666666	72.62	72.52	72.54666666666667	72.55333333333333	72.66	73.03333333333333	72.9	72.05333333333333	71.62	71.66	71.24	70.63333333333334	69.87333333333333	69.42	67.76	66.80666666666667	65.65333333333334	63.32	60.82	57.16	51.473333333333336	0.0
0.0	51.486666666666665	57.24	60.64	63.2	65.15333333333334	66.28666666666666	67.50666666666666	68.67333333333333	69.88	70.98	71.10666666666667	71.84	72.32666666666667	72.61333333333333	72.74	72.5	72.91333333333333	73.06666666666666	72.78666666666666	72.76	72.32	72.24666666666667	71.66	71.22666666666667	70.54666666666667	69.96	69.49333333333334	68.65333333333334	67.90666666666667	66.87333333333333	65.4	63.42666666666667	60.96	57.38666666666666	51.653333333333336	0.0
0.0	51.32666666666667	57.16	60.72666666666667	63.08	65.0	66.54666666666667	67.54	68.3	69.79333333333334	70.1	70.57333333333334	71.27333333333333	71.78666666666666	71.96666666666667	72.2	72.36	72.40666666666667	72.46	72.56666666666666	72.39333333333333	72.00666666666666	71.67333333333333	71.64666666666666	71.11333333333333	70.2	69.94666666666667	69.18666666666667	68.30666666666667	67.44666666666667	66.28666666666666	64.88	62.70666666666666	60.32	57.413333333333334	51.406666666666666	0.0
0.0	51.32	57.18	60.413333333333334	62.74666666666667	64.58	66.28666666666666	67.06	68.54	69.34666666666666	70.62	71.14666666666666	71.36	71.95333333333333	71.96666666666667	72.38666666666667	72.65333333333334	72.85333333333334	72.46666666666667	72.32	72.6	72.13333333333334	71.88	71.58666666666667	71.57333333333334	70.63333333333334	70.08666666666667	69.30666666666667	68.64666666666666	67.48666666666666	66.35333333333334	65.28	63.36	60.96666666666667	57.13333333333333	50.733333333333334	0.0
0.0	51.373333333333335	57.28666666666667	60.62	63.4	65.11333333333333	66.78666666666666	67.72	68.79333333333334	69.44666666666667	70.09333333333333	71.02	71.28666666666666	71.45333333333333	71.78666666666666	72.06666666666666	72.5	72.78	72.77333333333333	72.57333333333334	72.58666666666667	72.34	71.85333333333334	71.78	71.76	71.21333333333334	70.29333333333334	69.4	68.76	67.82666666666667	66.74666666666667	65.12	62.76	61.166666666666664	57.35333333333333	51.413333333333334	0.0
0.0	51.08	56.95333333333333	60.78	63.24666666666667	65.18666666666667	66.67333333333333	67.84666666666666	68.37333333333333	69.31333333333333	69.95333333333333	70.82	71.02666666666667	71.50666666666666	71.72	72.2	72.77333333333333	72.76666666666667	73.28	72.82666666666667	72.84	72.25333333333333	72.38	71.92666666666666	71.4	70.47333333333333	69.95333333333333	69.63333333333334	68.83333333333333	67.76666666666667	66.36	65.36	63.10666666666667	60.52	57.24	51.233333333333334	0.0
0.0	51.81333333333333	57.21333333333333	61.16	63.53333333333333	65.66666666666667	66.80666666666667	68.34666666666666	68.88	69.99333333333334	70.88	71.22666666666667	71.57333333333334	71.87333333333333	72.52	72.84666666666666	72.86666666666666	72.65333333333334	73.14666666666666	72.84	72.83333333333333	72.34666666666666	72.06666666666666	71.75333333333333	71.56	71.08666666666667	70.56666666666666	69.86666666666666	68.81333333333333	67.98	66.56666666666666	65.04	63.45333333333333	60.53333333333333	57.14	51.46666666666667	0.0
0.0	51.346666666666664	57.053333333333335	60.68666666666667	63.12	65.11333333333333	66.79333333333334	67.95333333333333	68.75333333333333	69.70666666666666	70.16	71.11333333333333	70.77333333333333	72.10666666666667	71.70666666666666	72.11333333333333	72.16666666666667	72.25333333333333	72.74	72.53333333333333	73.23333333333333	72.72666666666667	72.30666666666667	71.54666666666667	71.24666666666667	70.78666666666666	70.36	69.55333333333333	68.52	67.51333333333334	66.73333333333333	64.88666666666667	63.346666666666664	60.60666666666667	57.233333333333334	51.2	0.0
0.0	51.24666666666667	57.373333333333335	60.873333333333335	63.306666666666665	65.25333333333333	66.72666666666667	67.88	68.70666666666666	69.46666666666667	70.48666666666666	70.67333333333333	71.76	72.24	72.14	72.02666666666667	72.35333333333334	72.73333333333333	72.62	72.30666666666667	72.37333333333333	72.49333333333334	72.11333333333333	71.65333333333334	71.39333333333333	70.76	70.01333333333334	69.21333333333334	68.41333333333333	67.25333333333333	66.5	65.18	63.373333333333335	60.88666666666666	57.193333333333335	51.21333333333333	0.0
0.0	51.26	57.61333333333334	60.70666666666666	62.5	64.34	66.0	67.14666666666666	68.08666666666667	69.18666666666667	70.14	70.51333333333334	71.57333333333334	71.62666666666667	71.3	71.9	72.04666666666667	72.24	72.24666666666667	72.32	71.48	71.46666666666667	71.44	71.14666666666666	70.88666666666667	70.04666666666667	69.58	68.56666666666666	67.82	67.27333333333333	65.96	64.46666666666667	62.913333333333334	60.14	56.586666666666666	51.31333333333333	0.0
0.0	51.78	57.46666666666667	60.64666666666667	63.29333333333334	65.26666666666667	67.36	68.09333333333333	69.37333333333333	70.14666666666666	70.87333333333333	71.31333333333333	71.78	72.33333333333333	72.46	73.08	72.87333333333333	72.88666666666667	73.00666666666666	73.00666666666666	72.83333333333333	72.16	72.48	72.28	71.82666666666667	71.22	70.76666666666667	69.76	68.97333333333333	67.86666666666666	67.16666666666667	65.46666666666667	63.71333333333333	61.14666666666667	57.653333333333336	51.593333333333334	0.0
0.0	51.24666666666667	57.013333333333335	60.7	63.193333333333335	64.76666666666667	66.80666666666667	68.02666666666667	68.37333333333333	69.36	70.22666666666667	70.8	71.12	71.80666666666667	71.99333333333334	72.40666666666667	72.42	72.18666666666667	72.36	72.21333333333334	71.54666666666667	71.70666666666666	71.56666666666666	71.54666666666667	70.96666666666667	70.85333333333334	70.17333333333333	69.54666666666667	68.74	67.46666666666667	66.64	65.06	62.82666666666667	60.62	57.27333333333333	51.24	0.0
0.0	51.61333333333334	57.60666666666667	60.806666666666665	63.50666666666667	64.92666666666666	66.16	67.64	68.75333333333333	69.41333333333333	70.39333333333333	70.69333333333333	71.35333333333334	71.28666666666666	72.25333333333333	72.46	72.37333333333333	72.71333333333334	72.54	72.55333333333333	72.74	72.38	71.99333333333334	71.70666666666666	71.57333333333334	70.54666666666667	69.94666666666667	69.70666666666666	68.85333333333334	68.11333333333333	66.91333333333333	65.40666666666667	63.07333333333333	60.45333333333333	57.406666666666666	51.46	0.0
0.0	51.42	57.13333333333333	60.526666666666664	63.193333333333335	65.18	66.60666666666667	67.82666666666667	68.86	69.4	70.24666666666667	71.0	71.66666666666667	71.88666666666667	72.27333333333333	72.85333333333334	72.96	72.98666666666666	72.75333333333333	72.89333333333333	72.68666666666667	72.37333333333333	71.98666666666666	71.35333333333334	71.14	70.51333333333334	70.66	69.86	68.74	68.06666666666666	66.59333333333333	64.88	63.44	60.093333333333334	57.29333333333334	51.526666666666664	0.0
0.0	51.32666666666667	56.986666666666665	61.026666666666664	63.57333333333333	65.54	66.71333333333334	67.94666666666667	69.12	69.64666666666666	70.64	70.86	71.73333333333333	72.08	72.45333333333333	72.78	72.78666666666666	72.92666666666666	72.98	72.88666666666667	72.74	72.58	72.08666666666667	71.72	71.4	70.62	70.56	69.82666666666667	68.7	67.98	66.56	65.34	63.346666666666664	61.31333333333333	57.32666666666667	51.56	0.0
0.0	51.13333333333333	57.21333333333333	60.20666666666666	62.873333333333335	64.98	66.31333333333333	67.64666666666666	68.75333333333333	69.64	70.23333333333333	70.80666666666667	71.12	71.47333333333333	72.2	72.18666666666667	72.22666666666667	72.89333333333333	72.66	72.44	72.33333333333333	71.95333333333333	72.05333333333333	71.36	70.57333333333334	70.18	69.89333333333333	69.20666666666666	68.3	67.27333333333333	66.12	64.48666666666666	62.63333333333333	60.32666666666667	56.733333333333334	50.85333333333333	0.0
0.0	51.513333333333335	57.29333333333334	60.8	63.31333333333333	65.31333333333333	66.64	67.62666666666667	68.82666666666667	69.72	70.26	70.82	71.3	71.60666666666667	72.38666666666667	72.28	72.55333333333333	72.46	72.5	72.56666666666666	72.25333333333333	72.07333333333334	72.18666666666667	71.76	71.35333333333334	70.54666666666667	70.33333333333333	69.74666666666667	68.89333333333333	68.01333333333334	66.58	64.66666666666667	62.94	60.89333333333333	57.153333333333336	51.22	0.0
0.0	50.973333333333336	57.42666666666667	60.733333333333334	63.35333333333333	64.71333333333334	66.41333333333333	67.49333333333334	68.48	69.3	69.89333333333333	70.48666666666666	70.78	71.4	71.59333333333333	72.03333333333333	72.11333333333333	72.24	72.63333333333334	72.19333333333333	72.12	72.11333333333333	71.48	71.28666666666666	70.88666666666667	70.5	69.44	68.95333333333333	68.5	67.61333333333333	66.57333333333334	64.90666666666667	62.98	60.60666666666667	57.22666666666667	51.36666666666667	0.0
0.0	51.36	57.34	60.6	63.18	65.16	66.39333333333333	67.68	68.59333333333333	69.55333333333333	70.22666666666667	71.19333333333333	71.22	71.94666666666667	72.49333333333334	72.12	72.48666666666666	72.74666666666667	72.37333333333333	72.30666666666667	72.5	72.16	71.98	71.6	71.22	70.63333333333334	70.07333333333334	69.53333333333333	68.44	67.45333333333333	66.32666666666667	64.94	63.38	60.52	56.92	51.22	0.0
0.0	51.04	56.7	60.57333333333333	62.8	64.74666666666667	66.41333333333333	67.35333333333334	68.79333333333334	69.35333333333334	69.93333333333334	70.48666666666666	71.12666666666667	71.65333333333334	72.24	72.28666666666666	72.38	72.34666666666666	72.56666666666666	72.72	72.80666666666667	72.43333333333334	71.95333333333333	71.66	71.20666666666666	70.64	70.03333333333333	69.28666666666666	68.50666666666666	67.23333333333333	66.11333333333333	64.79333333333334	62.66	60.54666666666667	56.946666666666665	51.28666666666667	0.0
0.0	51.64666666666667	57.42	60.96666666666667	63.71333333333333	65.75333333333333	66.95333333333333	68.26666666666667	69.04666666666667	70.04666666666667	70.52666666666667	70.96666666666667	71.32	71.6	71.98666666666666	72.48	72.27333333333333	72.54666666666667	72.48	72.18	72.29333333333334	72.19333333333333	71.76666666666667	71.46	71.44666666666667	70.51333333333334	70.08	69.68666666666667	68.4	67.7	66.61333333333333	64.81333333333333	63.03333333333333	60.626666666666665	57.07333333333333	51.08	0.0
0.0	51.54	57.833333333333336	61.333333333333336	63.54666666666667	65.43333333333334	66.64666666666666	67.9	68.95333333333333	69.72	70.64666666666666	71.08	71.61333333333333	72.06	72.47333333333333	72.73333333333333	73.08	73.0	73.18666666666667	73.19333333333333	73.02	72.8	72.56666666666666	72.04666666666667	71.86	71.62666666666667	70.98	69.82666666666667	68.99333333333334	68.01333333333334	66.57333333333334	65.37333333333333	63.586666666666666	60.88	57.76	51.24	0.0
0.0	51.28	56.946666666666665	60.78	63.38666666666666	64.87333333333333	66.06666666666666	67.52666666666667	68.68666666666667	69.28666666666666	70.19333333333333	70.76	71.08	71.37333333333333	71.81333333333333	72.07333333333334	72.5	72.2	72.56666666666666	72.27333333333333	72.02	71.74666666666667	71.93333333333334	71.38666666666667	70.8	70.66666666666667	69.9	69.09333333333333	68.22	67.60666666666667	66.28	64.69333333333333	62.98	60.75333333333333	57.306666666666665	51.13333333333333	0.0
0.0	51.18	57.14	60.72666666666667	63.29333333333334	64.56666666666666	66.24666666666667	67.25333333333333	68.52666666666667	69.24	69.84666666666666	70.6	71.06	71.58	72.26	72.12	72.09333333333333	72.56666666666666	72.54666666666667	72.41333333333333	72.62	72.4	71.81333333333333	71.69333333333333	71.15333333333334	70.33333333333333	70.26	69.4	68.34	67.45333333333333	66.18666666666667	64.99333333333334	63.34	60.86	57.32666666666667	51.17333333333333	0.0
0.0	51.413333333333334	57.21333333333333	60.833333333333336	63.27333333333333	65.13333333333334	66.75333333333333	68.01333333333334	68.74666666666667	69.38	69.94	70.79333333333334	70.82	71.46666666666667	71.54	71.89333333333333	72.12	72.16666666666667	72.63333333333334	72.60666666666667	72.19333333333333	72.28	71.75333333333333	71.63333333333334	71.28666666666666	70.69333333333333	69.94666666666667	69.78666666666666	68.68	67.54	66.62	65.02666666666667	63.45333333333333	60.64	57.626666666666665	51.81333333333333	0.0
0.0	51.74666666666667	57.74	61.29333333333334	63.68	65.26	66.58666666666667	68.01333333333334	69.06666666666666	69.84	70.50666666666666	70.61333333333333	71.24666666666667	71.90666666666667	71.79333333333334	72.39333333333333	72.7	72.58	72.56	72.9	72.48	72.52666666666667	72.06666666666666	71.70666666666666	71.01333333333334	70.71333333333334	70.21333333333334	69.4	68.53333333333333	67.74	66.78666666666666	65.38666666666667	63.57333333333333	61.093333333333334	57.14	51.413333333333334	0.0
0.0	51.67333333333333	57.07333333333333	60.5	63.35333333333333	65.34	66.66	67.97333333333333	68.54	69.63333333333334	69.95333333333333	70.44	71.54	71.56666666666666	71.6	72.32666666666667	72.00666666666666	72.78	72.47333333333333	72.61333333333333	72.25333333333333	72.34666666666666	71.98	71.82666666666667	71.72666666666667	70.84666666666666	70.66	69.91333333333333	69.01333333333334	68.12666666666667	66.34666666666666	64.88	63.553333333333335	60.85333333333333	57.013333333333335	51.586666666666666	0.0
0.0	51.38666666666666	57.14666666666667	60.38666666666666	62.973333333333336	65.0	66.24666666666667	67.69333333333333	68.76666666666667	69.78666666666666	69.7	70.28	71.04	71.66	72.07333333333334	72.3	72.40666666666667	72.38	72.2	72.90666666666667	72.70666666666666	72.1	72.18666666666667	71.86666666666666	71.4	70.89333333333333	70.50666666666666	69.59333333333333	68.66	67.66	66.58	65.25333333333333	62.986666666666665	60.486666666666665	57.44	51.233333333333334	0.0
0.0	51.39333333333333	57.62	60.49333333333333	63.04	65.05333333333333	66.88666666666667	67.76666666666667	68.79333333333334	69.53333333333333	70.02666666666667	70.20666666666666	71.42666666666666	71.57333333333334	71.77333333333333	72.24	72.28666666666666	72.90666666666667	72.86666666666666	72.82	72.70666666666666	72.35333333333334	71.76666666666667	71.92	71.62666666666667	70.64666666666666	69.84	69.37333333333333	68.74	67.58	66.34666666666666	64.51333333333334	63.026666666666664	60.24666666666667	57.07333333333333	50.92	0.0
0.0	51.34	57.28666666666667	61.053333333333335	63.18666666666667	64.95333333333333	66.56666666666666	67.49333333333334	68.74	69.74	70.59333333333333	71.06	71.82666666666667	71.86666666666666	72.23333333333333	72.39333333333333	72.84	72.82666666666667	72.88	72.77333333333333	72.62666666666667	72.44	72.41333333333333	72.04666666666667	71.63333333333334	71.05333333333333	70.67333333333333	70.06666666666666	68.90666666666667	67.76666666666667	66.71333333333334	64.95333333333333	62.906666666666666	60.61333333333334	57.34	51.406666666666666	0.0
0.0	51.4	57.126666666666665	60.526666666666664	63.00666666666667	64.96	66.86666666666666	67.84666666666666	68.82	69.66666666666667	70.74666666666667	71.06	70.87333333333333	71.16	71.83333333333333	72.24	72.15333333333334	72.54666666666667	72.62666666666667	72.52	72.34666666666666	72.20666666666666	71.51333333333334	71.09333333333333	70.79333333333334	70.44	70.06666666666666	68.88666666666667	68.04666666666667	67.03333333333333	66.30666666666667	64.64	63.053333333333335	60.42	56.99333333333333	51.06666666666667	0.0
0.0	51.553333333333335	57.54	60.92	63.42	65.46666666666667	66.51333333333334	67.84666666666666	68.66666666666667	69.52666666666667	70.4	70.68	71.36666666666666	71.83333333333333	71.84666666666666	72.62666666666667	72.05333333333333	72.74	72.80666666666667	72.53333333333333	72.22666666666667	72.14	72.04666666666667	71.94666666666667	71.73333333333333	70.96	70.4	69.5	68.50666666666666	67.78	66.78	65.46	63.306666666666665	60.79333333333334	57.346666666666664	51.446666666666665	0.0
0.0	51.406666666666666	57.44	60.6	62.99333333333333	65.10666666666667	66.76	67.96666666666667	68.99333333333334	69.99333333333334	70.55333333333333	71.04666666666667	71.48666666666666	71.68	72.17333333333333	72.30666666666667	72.29333333333334	72.48666666666666	72.45333333333333	72.44666666666667	72.28666666666666	72.27333333333333	71.90666666666667	71.55333333333333	71.04666666666667	70.56	69.83333333333333	69.44666666666667	68.59333333333333	67.59333333333333	66.28	64.9	63.31333333333333	60.76	57.0	51.11333333333334	0.0
0.0	51.39333333333333	57.18666666666667	60.79333333333334	63.5	65.38666666666667	66.49333333333334	67.80666666666667	68.57333333333334	69.49333333333334	70.18666666666667	70.64	71.2	71.25333333333333	71.78666666666666	72.61333333333333	72.48	72.24666666666667	72.54666666666667	72.48666666666666	72.40666666666667	72.14	72.03333333333333	71.61333333333333	71.15333333333334	70.64	70.06	69.42666666666666	68.56666666666666	67.38	66.43333333333334	64.89333333333333	63.266666666666666	60.71333333333333	57.18	51.32	0.0
0.0	51.88666666666666	57.586666666666666	61.07333333333333	63.82666666666667	65.88666666666667	67.48666666666666	68.38666666666667	69.54	69.92	70.58666666666667	71.17333333333333	71.71333333333334	72.20666666666666	72.4	73.02	72.72	73.01333333333334	72.74	72.71333333333334	72.67333333333333	72.40666666666667	72.08	71.81333333333333	71.28	70.97333333333333	70.22666666666667	69.71333333333334	69.1	68.19333333333333	67.23333333333333	65.40666666666667	63.593333333333334	61.08	57.193333333333335	51.3	0.0
0.0	51.27333333333333	57.10666666666667	60.95333333333333	63.17333333333333	64.90666666666667	66.58	67.78	69.12	69.83333333333333	70.46666666666667	70.60666666666667	70.86	71.38	71.68666666666667	72.12	72.15333333333334	72.80666666666667	72.63333333333334	72.44666666666667	72.52666666666667	72.06	71.37333333333333	71.44666666666667	71.12	70.70666666666666	70.42666666666666	69.36666666666666	68.34666666666666	67.24	66.28666666666666	65.2	63.22666666666667	61.25333333333333	56.89333333333333	51.58	0.0
0.0	51.986666666666665	57.413333333333334	61.11333333333334	63.66	65.44	66.51333333333334	68.34	69.21333333333334	69.78666666666666	70.34	71.06	71.43333333333334	71.48	71.99333333333334	72.26666666666667	72.42666666666666	73.05333333333333	72.48666666666666	72.44666666666667	72.36666666666666	72.48	72.02	72.00666666666666	71.44	71.21333333333334	70.4	69.85333333333334	68.80666666666667	68.30666666666667	66.72666666666667	65.32	63.12	60.766666666666666	57.093333333333334	51.53333333333333	0.0
0.0	51.24	56.973333333333336	60.72666666666667	63.32666666666667	65.15333333333334	66.52	67.29333333333334	68.78666666666666	69.75333333333333	70.11333333333333	70.60666666666667	70.98666666666666	71.44666666666667	71.68	71.84666666666666	72.12666666666667	72.09333333333333	72.28	71.83333333333333	72.19333333333333	71.81333333333333	71.89333333333333	71.47333333333333	71.16666666666667	70.3	70.16666666666667	69.43333333333334	68.88666666666667	67.94666666666667	66.8	65.03333333333333	62.93333333333333	60.52	57.03333333333333	51.32	0.0
0.0	51.28666666666667	57.50666666666667	61.02	63.913333333333334	65.55333333333333	66.82666666666667	67.92666666666666	69.08666666666667	69.54666666666667	70.45333333333333	70.82	71.57333333333334	71.75333333333333	72.06	72.3	72.94666666666667	73.28	73.49333333333334	73.04	73.29333333333334	73.01333333333334	72.40666666666667	71.81333333333333	71.56	70.86666666666666	69.94	69.6	68.84666666666666	67.78	66.66	64.94	63.3	60.8	57.473333333333336	51.50666666666667	0.0
0.0	51.193333333333335	57.38	60.60666666666667	63.306666666666665	65.06666666666666	66.52666666666667	68.28	69.02666666666667	69.83333333333333	70.08666666666667	70.85333333333334	70.94666666666667	71.67333333333333	72.3	72.25333333333333	72.32666666666667	72.13333333333334	72.74666666666667	72.46666666666667	72.37333333333333	72.89333333333333	72.64666666666666	71.78666666666666	71.5	70.88	70.2	69.64	68.66	67.90666666666667	66.67333333333333	65.09333333333333	63.08	60.50666666666667	57.333333333333336	51.48	0.0
0.0	51.153333333333336	56.913333333333334	60.56666666666667	62.67333333333333	64.88666666666667	66.46	67.42	68.87333333333333	69.21333333333334	70.42	70.81333333333333	71.35333333333334	71.91333333333333	72.52666666666667	72.86	73.09333333333333	72.85333333333334	73.10666666666667	72.87333333333333	72.80666666666667	72.87333333333333	71.95333333333333	71.68666666666667	70.97333333333333	70.68666666666667	70.19333333333333	69.76	69.12666666666667	68.02	66.68666666666667	64.86666666666666	63.14	60.79333333333334	57.266666666666666	51.233333333333334	0.0
0.0	51.38	56.946666666666665	60.79333333333334	63.12	64.88	66.32666666666667	67.67333333333333	68.53333333333333	69.64666666666666	70.26	70.89333333333333	71.04	71.14	71.55333333333333	71.85333333333334	72.44	72.36666666666666	72.55333333333333	72.42	72.70666666666666	72.37333333333333	72.03333333333333	71.86666666666666	71.48	70.85333333333334	70.53333333333333	69.9	69.0	68.20666666666666	66.80666666666667	65.08666666666667	62.9	60.7	57.36666666666667	51.39333333333333	0.0
0.0	50.96	57.126666666666665	60.81333333333333	63.28666666666667	65.26	66.9	68.05333333333333	69.08	69.76	70.93333333333334	71.52666666666667	71.67333333333333	72.36666666666666	72.52	72.3	72.68666666666667	72.64	73.1	72.89333333333333	72.9	72.8	72.34666666666666	71.70666666666666	71.62666666666667	70.93333333333334	70.26	69.17333333333333	68.72666666666667	68.06	66.52666666666667	65.38	63.7	61.07333333333333	57.36	51.24	0.0
0.0	51.653333333333336	57.46	60.8	63.45333333333333	65.21333333333334	66.96	68.22	69.44	69.84666666666666	70.83333333333333	71.14666666666666	71.54666666666667	71.59333333333333	72.15333333333334	72.44	72.86	72.78666666666666	72.82666666666667	72.47333333333333	72.77333333333333	72.51333333333334	72.33333333333333	71.82	71.32	70.74	70.56	69.58	68.87333333333333	67.76	66.83333333333333	65.15333333333334	63.28	61.04666666666667	57.56666666666667	51.4	0.0
0.0	50.77333333333333	56.806666666666665	60.26	62.62	64.62666666666667	66.38	67.74666666666667	68.65333333333334	69.55333333333333	70.12	70.78	70.7	71.16666666666667	71.46666666666667	72.04	72.35333333333334	72.34	72.28	71.94	71.8	72.26666666666667	71.82666666666667	71.55333333333333	71.34	70.95333333333333	70.28	69.51333333333334	68.79333333333334	68.1	66.52	65.11333333333333	63.373333333333335	60.56	57.13333333333333	51.406666666666666	0.0
0.0	51.31333333333333	57.053333333333335	61.10666666666667	63.10666666666667	65.01333333333334	66.57333333333334	67.84666666666666	68.33333333333333	69.3	70.12666666666667	70.64666666666666	71.33333333333333	71.31333333333333	71.94	72.19333333333333	72.46666666666667	72.43333333333334	72.34666666666666	72.37333333333333	72.24	72.09333333333333	71.71333333333334	71.60666666666667	71.62	70.96666666666667	70.02	69.26666666666667	68.86666666666666	67.90666666666667	66.39333333333333	64.84666666666666	62.81333333333333	60.56	57.053333333333335	51.43333333333333	0.0
0.0	51.38666666666666	57.13333333333333	60.44	63.04666666666667	65.08666666666667	66.32666666666667	67.46666666666667	68.46	69.1	70.02	70.34	71.00666666666666	71.45333333333333	71.95333333333333	72.18	72.44666666666667	72.41333333333333	72.22	72.3	72.12666666666667	72.08666666666667	71.51333333333334	71.18666666666667	70.93333333333334	70.26666666666667	70.02	68.96666666666667	68.09333333333333	67.79333333333334	66.22666666666667	64.44666666666667	63.46666666666667	60.86666666666667	57.16	51.46666666666667	0.0
0.0	50.96666666666667	57.166666666666664	60.44	63.233333333333334	64.75333333333333	66.47333333333333	67.48	68.38	69.34	70.03333333333333	70.44	70.94666666666667	71.07333333333334	71.60666666666667	71.76	72.47333333333333	72.41333333333333	72.36666666666666	72.41333333333333	72.50666666666666	72.17333333333333	72.08666666666667	71.83333333333333	71.34666666666666	71.0	70.35333333333334	69.74	68.95333333333333	68.20666666666666	66.56666666666666	64.89333333333333	62.96	60.31333333333333	56.913333333333334	51.513333333333335	0.0
0.0	51.22666666666667	57.266666666666666	60.78666666666667	62.85333333333333	65.11333333333333	66.55333333333333	67.84	68.53333333333333	69.42666666666666	69.98666666666666	70.81333333333333	71.18	71.54	71.98666666666666	72.54666666666667	72.58666666666667	72.36666666666666	72.05333333333333	72.0	72.26	71.88	71.77333333333333	71.57333333333334	71.26	70.80666666666667	70.17333333333333	69.40666666666667	68.98	67.73333333333333	66.04666666666667	64.94	63.21333333333333	60.56666666666667	56.95333333333333	51.20666666666666	0.0
0.0	51.22666666666667	57.16	60.74	62.79333333333334	64.60666666666667	66.17333333333333	67.68666666666667	68.78666666666666	69.45333333333333	70.32666666666667	70.5	70.80666666666667	71.01333333333334	72.04	72.10666666666667	72.33333333333333	72.39333333333333	72.29333333333334	72.24666666666667	72.32666666666667	71.96666666666667	71.58	71.47333333333333	71.08666666666667	70.53333333333333	69.48666666666666	69.57333333333334	68.04666666666667	67.52	66.58666666666667	64.87333333333333	62.68666666666667	60.626666666666665	56.913333333333334	50.99333333333333	0.0
0.0	51.31333333333333	57.20666666666666	60.68	63.20666666666666	65.32666666666667	66.2	67.46666666666667	68.54666666666667	69.41333333333333	69.74	70.69333333333333	71.42	71.72	71.85333333333334	71.78	71.99333333333334	71.92666666666666	72.21333333333334	71.84	71.94666666666667	71.6	71.28666666666666	71.58	71.02666666666667	70.68	70.15333333333334	69.08	68.18666666666667	67.87333333333333	66.29333333333334	65.00666666666666	63.14666666666667	60.833333333333336	57.153333333333336	51.20666666666666	0.0
0.0	51.42666666666667	57.39333333333333	60.76	63.04	64.92	66.63333333333334	68.1	68.98666666666666	69.80666666666667	70.03333333333333	70.78666666666666	71.35333333333334	71.68	72.04666666666667	72.58	72.99333333333334	72.99333333333334	73.30666666666667	72.89333333333333	72.89333333333333	72.70666666666666	72.38666666666667	71.91333333333333	71.56666666666666	71.04	70.37333333333333	69.65333333333334	68.72666666666667	67.75333333333333	66.78	65.14666666666666	63.233333333333334	60.60666666666667	57.38666666666666	51.4	0.0
0.0	51.153333333333336	57.27333333333333	60.56666666666667	63.026666666666664	64.7	66.02	67.32666666666667	68.35333333333334	69.27333333333333	70.54666666666667	71.34	71.75333333333333	72.03333333333333	72.66	72.52666666666667	72.74	72.70666666666666	72.96666666666667	72.82666666666667	72.62	72.55333333333333	72.2	71.96	71.68	70.58	70.56666666666666	69.74	69.23333333333333	67.95333333333333	66.50666666666666	65.34	63.1	60.78	57.36666666666667	51.28	0.0
0.0	51.17333333333333	57.31333333333333	61.013333333333335	63.39333333333333	65.39333333333333	66.55333333333333	68.06	68.94666666666667	69.8	70.84666666666666	71.40666666666667	72.18	72.13333333333334	72.72666666666667	72.67333333333333	73.02	72.95333333333333	73.11333333333333	72.99333333333334	72.62666666666667	72.39333333333333	72.32666666666667	72.03333333333333	71.82	70.98	70.58	69.7	69.18	67.79333333333334	66.68	65.05333333333333	63.333333333333336	60.92	57.89333333333333	51.7	0.0
0.0	51.67333333333333	57.373333333333335	60.94	63.64666666666667	65.30666666666667	66.92	67.98666666666666	68.81333333333333	69.52666666666667	70.13333333333334	70.80666666666667	71.30666666666667	71.87333333333333	71.91333333333333	72.44	72.49333333333334	72.8	72.55333333333333	72.98666666666666	73.05333333333333	72.66666666666667	72.51333333333334	72.28	71.43333333333334	70.96666666666667	70.36	69.74666666666667	68.57333333333334	67.94	66.86666666666666	65.06666666666666	62.973333333333336	60.513333333333335	57.126666666666665	51.7	0.0
0.0	51.04666666666667	57.34	60.946666666666665	63.35333333333333	65.16	66.56	67.37333333333333	68.46	69.33333333333333	70.12	70.68	71.0	71.53333333333333	71.54666666666667	71.92666666666666	72.17333333333333	72.23333333333333	72.35333333333334	72.1	72.19333333333333	72.28	72.11333333333333	71.91333333333333	71.43333333333334	71.1	70.34	69.98666666666666	69.05333333333333	68.15333333333334	66.96	65.54666666666667	63.46666666666667	61.26	57.126666666666665	51.373333333333335	0.0
0.0	51.71333333333333	57.27333333333333	61.04	63.45333333333333	65.12	66.49333333333334	68.11333333333333	69.02	69.68666666666667	70.31333333333333	71.16666666666667	71.74666666666667	72.12	72.54	72.52666666666667	72.57333333333334	72.66	72.7	72.84666666666666	72.65333333333334	72.52666666666667	72.54666666666667	72.06	71.35333333333334	71.04666666666667	70.47333333333333	69.5	69.03333333333333	68.10666666666667	66.63333333333334	65.05333333333333	63.486666666666665	60.846666666666664	57.306666666666665	51.6	0.0
0.0	51.413333333333334	57.03333333333333	60.38	63.233333333333334	64.66666666666667	66.27333333333333	67.56666666666666	68.38666666666667	69.50666666666666	70.0	70.66	71.39333333333333	71.55333333333333	71.73333333333333	72.50666666666666	72.67333333333333	72.53333333333333	72.79333333333334	72.70666666666666	72.64	72.16	72.22666666666667	71.67333333333333	71.31333333333333	70.66666666666667	70.05333333333333	69.62	68.78	67.54	66.7	65.40666666666667	63.28	60.806666666666665	57.14	51.153333333333336	0.0
0.0	51.413333333333334	57.18	60.526666666666664	63.08	64.98	66.40666666666667	67.12666666666667	68.76666666666667	69.56	69.97333333333333	70.84	71.49333333333334	71.72666666666667	72.20666666666666	71.94	72.59333333333333	72.33333333333333	72.64666666666666	72.32	72.00666666666666	71.83333333333333	71.84666666666666	71.54	70.92666666666666	70.7	70.14	69.54666666666667	68.52	67.44666666666667	66.33333333333333	64.73333333333333	63.10666666666667	60.513333333333335	57.093333333333334	51.14	0.0
0.0	51.32666666666667	57.43333333333333	60.61333333333334	63.28666666666667	65.02666666666667	66.62666666666667	67.95333333333333	68.95333333333333	70.11333333333333	70.48	71.22	71.51333333333334	72.18666666666667	72.34	72.73333333333333	72.8	72.87333333333333	72.73333333333333	72.62	72.56666666666666	72.42666666666666	71.99333333333334	71.82666666666667	71.42	70.68	70.1	69.94	68.99333333333334	68.06666666666666	66.58	64.85333333333334	62.92	60.46666666666667	57.67333333333333	51.75333333333333	0.0
0.0	51.06	57.02	60.54666666666667	62.833333333333336	64.92666666666666	66.4	67.66666666666667	68.82	69.48666666666666	70.41333333333333	70.75333333333333	71.09333333333333	71.52666666666667	71.88666666666667	71.79333333333334	71.86	71.87333333333333	71.99333333333334	72.08	72.22666666666667	72.02	71.32666666666667	70.98	69.94666666666667	69.55333333333333	69.68	68.78	68.1	67.18	66.09333333333333	64.68	63.14666666666667	60.373333333333335	56.67333333333333	51.166666666666664	0.0
0.0	51.10666666666667	57.0	60.56	63.333333333333336	64.86	66.50666666666666	67.54666666666667	68.39333333333333	69.77333333333333	70.57333333333334	70.82	71.40666666666667	71.94	72.24	72.33333333333333	72.96	72.48666666666666	72.56666666666666	72.68666666666667	72.52	72.32666666666667	71.74666666666667	71.49333333333334	70.9	70.31333333333333	69.88666666666667	69.22	68.46	67.72666666666667	66.49333333333334	65.1	63.38666666666666	61.32	57.586666666666666	51.446666666666665	0.0
0.0	51.473333333333336	57.193333333333335	60.61333333333334	63.36666666666667	64.91333333333333	66.74	68.22666666666667	68.82	69.68666666666667	70.29333333333334	70.66	71.32	71.73333333333333	71.57333333333334	71.88	72.19333333333333	72.27333333333333	72.23333333333333	72.38666666666667	72.28	72.14666666666666	72.0	71.83333333333333	71.54	71.02666666666667	70.5	69.7	68.60666666666667	67.61333333333333	66.38	65.17333333333333	62.89333333333333	60.38	57.14666666666667	51.49333333333333	0.0
0.0	51.56	57.126666666666665	60.44	63.12	65.63333333333334	66.89333333333333	68.0	68.83333333333333	69.76	70.60666666666667	71.37333333333333	71.86	72.15333333333334	72.49333333333334	72.56	73.02	73.02666666666667	72.76	72.90666666666667	72.86	72.96666666666667	72.78	72.32666666666667	71.82	71.49333333333334	70.43333333333334	69.58666666666667	68.76	67.56	66.12666666666667	64.94666666666667	62.99333333333333	60.78	57.04666666666667	50.84	0.0
0.0	51.1	57.13333333333333	60.346666666666664	63.18	65.12666666666667	66.32666666666667	67.82666666666667	68.54	69.49333333333334	70.30666666666667	71.14666666666666	71.62666666666667	72.22	72.76666666666667	72.64	72.27333333333333	72.54666666666667	72.34	72.6	72.61333333333333	72.24666666666667	72.28	71.61333333333333	71.14	71.12666666666667	70.95333333333333	70.08	69.07333333333334	68.01333333333334	66.83333333333333	65.14666666666666	63.406666666666666	60.85333333333333	57.34	51.66	0.0
0.0	51.36666666666667	57.4	60.946666666666665	63.586666666666666	65.25333333333333	66.72666666666667	67.9	68.59333333333333	70.06666666666666	70.30666666666667	71.05333333333333	71.65333333333334	72.01333333333334	72.0	72.45333333333333	72.72	72.5	72.85333333333334	72.38666666666667	72.82	72.22666666666667	72.45333333333333	72.04	71.58666666666667	71.27333333333333	70.16666666666667	69.59333333333333	68.74	68.04666666666667	66.75333333333333	65.1	63.68666666666667	60.82666666666667	57.60666666666667	51.413333333333334	0.0
0.0	51.02	57.18	60.5	62.833333333333336	65.10666666666667	66.88	67.83333333333333	68.62666666666667	69.2	70.01333333333334	70.58	71.2	71.64	71.94	72.14666666666666	72.14666666666666	72.00666666666666	72.18666666666667	72.15333333333334	72.02	71.84	71.6	71.28666666666666	71.0	70.52666666666667	70.00666666666666	69.32	68.04666666666667	67.80666666666667	66.50666666666666	64.91333333333333	62.92	60.32666666666667	57.17333333333333	51.193333333333335	0.0
0.0	51.126666666666665	57.20666666666666	60.58	63.2	65.52	66.73333333333333	67.59333333333333	68.57333333333334	69.74	70.32666666666667	70.95333333333333	71.72	72.03333333333333	72.58666666666667	72.5	72.69333333333333	72.85333333333334	72.32666666666667	72.79333333333334	72.74	72.76666666666667	72.31333333333333	71.93333333333334	71.65333333333334	71.32666666666667	70.58666666666667	70.16	69.28	68.28666666666666	67.08	65.34666666666666	63.44	60.9	57.46	51.45333333333333	0.0
0.0	51.193333333333335	57.03333333333333	60.666666666666664	63.17333333333333	64.87333333333333	66.46666666666667	67.24666666666667	67.98666666666666	69.22	69.92666666666666	70.60666666666667	71.13333333333334	71.56666666666666	71.76	71.86666666666666	72.32666666666667	72.25333333333333	72.27333333333333	72.46	71.94666666666667	72.14	71.78	71.57333333333334	71.1	70.49333333333334	69.94	69.60666666666667	68.71333333333334	67.48666666666666	66.10666666666667	64.64	63.053333333333335	60.373333333333335	57.12	51.13333333333333	0.0
0.0	50.92	57.013333333333335	60.46	62.9	64.82666666666667	66.02666666666667	67.03333333333333	68.17333333333333	68.52666666666667	69.32666666666667	69.80666666666667	70.96666666666667	71.44666666666667	71.81333333333333	72.08	72.24666666666667	72.02666666666667	72.3	72.34	72.16	72.36	72.22666666666667	71.6	71.51333333333334	71.02	70.13333333333334	69.29333333333334	68.38666666666667	67.36	66.08666666666667	64.46666666666667	62.81333333333333	60.413333333333334	56.93333333333333	51.26	0.0
0.0	51.42	57.333333333333336	60.99333333333333	63.093333333333334	65.16666666666667	66.98666666666666	67.96	69.22	70.32	70.78666666666666	71.44	71.89333333333333	72.14666666666666	72.34666666666666	72.74	72.72	72.66666666666667	73.02666666666667	73.44	72.84666666666666	72.66666666666667	72.2	71.77333333333333	71.68	71.3	70.36	69.94	68.9	67.83333333333333	66.8	65.2	63.60666666666667	60.77333333333333	57.32666666666667	51.333333333333336	0.0
0.0	50.96666666666667	56.82	60.44	63.46	65.20666666666666	66.55333333333333	67.24	68.46	69.65333333333334	70.73333333333333	71.12	71.48666666666666	72.12666666666667	71.89333333333333	72.74	72.73333333333333	72.85333333333334	72.46	73.06666666666666	72.37333333333333	72.29333333333334	72.45333333333333	71.86666666666666	71.50666666666666	70.74	69.86666666666666	69.11333333333333	68.26666666666667	67.44666666666667	66.51333333333334	64.83333333333333	63.193333333333335	60.89333333333333	57.0	51.22666666666667	0.0
0.0	50.96666666666667	56.79333333333334	60.62	63.22	64.68	66.14	67.78666666666666	68.59333333333333	69.12666666666667	69.70666666666666	70.65333333333334	71.06	71.85333333333334	71.73333333333333	72.22666666666667	72.24666666666667	72.34666666666666	72.29333333333334	72.04	72.34	71.96	71.66666666666667	71.21333333333334	71.12	70.52	69.93333333333334	69.41333333333333	68.47333333333333	67.5	66.4	64.74666666666667	63.18666666666667	61.0	57.266666666666666	51.26	0.0
0.0	51.306666666666665	57.3	60.553333333333335	62.806666666666665	64.94666666666667	66.54666666666667	67.60666666666667	68.3	69.70666666666666	70.14	70.52666666666667	71.37333333333333	71.62666666666667	72.03333333333333	72.82666666666667	72.76	72.8	73.13333333333334	72.79333333333334	72.72	72.39333333333333	71.92	71.55333333333333	71.17333333333333	70.56666666666666	70.1	69.63333333333334	68.7	67.74	66.57333333333334	65.14666666666666	62.76	60.78	56.986666666666665	51.10666666666667	0.0
0.0	51.04666666666667	56.86666666666667	60.32666666666667	62.99333333333333	64.9	66.38	67.16666666666667	68.39333333333333	68.93333333333334	70.10666666666667	70.52	70.93333333333334	71.07333333333334	71.37333333333333	71.63333333333334	71.98666666666666	72.11333333333333	72.22	72.22666666666667	72.20666666666666	72.39333333333333	72.02	71.74	70.71333333333334	70.53333333333333	70.2	68.98666666666666	68.03333333333333	66.93333333333334	65.80666666666667	64.54666666666667	62.53333333333333	60.233333333333334	56.93333333333333	51.18666666666667	0.0
0.0	51.266666666666666	56.986666666666665	60.39333333333333	62.6	65.02666666666667	66.63333333333334	67.80666666666667	68.66	69.56	70.08666666666667	70.93333333333334	71.20666666666666	71.34	71.86666666666666	72.42	72.5	72.54666666666667	72.75333333333333	72.66	72.62666666666667	72.70666666666666	71.83333333333333	71.68666666666667	71.42666666666666	70.73333333333333	69.90666666666667	69.39333333333333	68.19333333333333	67.40666666666667	66.10666666666667	64.27333333333333	62.72666666666667	60.42	57.18	51.48	0.0
0.0	51.43333333333333	57.2	61.333333333333336	63.54	65.00666666666666	66.37333333333333	67.72	68.78666666666666	69.77333333333333	70.10666666666667	70.8	71.22	71.93333333333334	71.82	72.42	72.42666666666666	72.60666666666667	72.72666666666667	73.01333333333334	72.55333333333333	72.45333333333333	72.50666666666666	72.2	71.58	71.22	70.76666666666667	69.80666666666667	68.96666666666667	68.02	66.76666666666667	65.61333333333333	63.513333333333335	60.986666666666665	57.27333333333333	51.68666666666667	0.0
0.0	50.946666666666665	57.24	60.36666666666667	62.906666666666666	64.66666666666667	65.77333333333333	67.27333333333333	67.93333333333334	69.09333333333333	69.59333333333333	69.81333333333333	70.46666666666667	71.36666666666666	71.43333333333334	71.34	71.44666666666667	72.08	71.91333333333333	71.49333333333334	71.62	71.72	71.71333333333334	71.45333333333333	71.16666666666667	70.45333333333333	69.76666666666667	69.05333333333333	68.54666666666667	67.0	66.21333333333334	64.52666666666667	62.986666666666665	60.38	57.053333333333335	51.42666666666667	0.0
0.0	51.6	56.946666666666665	61.0	63.9	65.36	66.71333333333334	67.61333333333333	68.52	69.07333333333334	69.96	70.31333333333333	70.78	70.84	71.44	71.89333333333333	72.54	72.12666666666667	72.11333333333333	72.12	71.65333333333334	71.96	71.55333333333333	71.01333333333334	70.88	70.59333333333333	69.86	69.15333333333334	68.60666666666667	68.06666666666666	66.54	65.08	63.18	60.84	57.60666666666667	51.17333333333333	0.0
0.0	51.49333333333333	57.473333333333336	60.96	63.12	65.06666666666666	66.22	67.61333333333333	69.20666666666666	69.37333333333333	70.36666666666666	70.92	71.8	71.78666666666666	72.10666666666667	72.27333333333333	72.56666666666666	72.36666666666666	72.59333333333333	72.40666666666667	72.36666666666666	72.06666666666666	71.96	71.34	70.92666666666666	70.86666666666666	70.14666666666666	69.34	68.9	68.05333333333333	66.05333333333333	64.99333333333334	63.29333333333334	60.8	57.18666666666667	51.38666666666666	0.0
0.0	51.22666666666667	56.833333333333336	60.513333333333335	63.14666666666667	64.68666666666667	66.04	66.88666666666667	68.44666666666667	69.20666666666666	70.01333333333334	70.54	71.45333333333333	71.96	71.99333333333334	72.15333333333334	72.47333333333333	72.46	72.38666666666667	72.49333333333334	72.32666666666667	72.56	72.18666666666667	71.64666666666666	71.48666666666666	70.70666666666666	70.24	69.13333333333334	68.09333333333333	67.52	66.38666666666667	65.06666666666666	63.28666666666667	60.72	57.306666666666665	51.32	0.0
0.0	51.56666666666667	57.666666666666664	61.16	63.22	65.34	66.59333333333333	67.38666666666667	68.70666666666666	69.38666666666667	70.15333333333334	71.07333333333334	71.44666666666667	71.76666666666667	72.22	72.40666666666667	72.36666666666666	72.37333333333333	72.59333333333333	72.77333333333333	72.76	72.66	72.38	71.54	71.58	71.02	70.52666666666667	69.53333333333333	68.68	67.62666666666667	66.72666666666667	65.38666666666667	63.46666666666667	60.593333333333334	57.626666666666665	51.64666666666667	0.0
0.0	51.54666666666667	57.373333333333335	60.846666666666664	62.94	65.54666666666667	67.04666666666667	68.13333333333334	69.11333333333333	69.49333333333334	70.35333333333334	71.40666666666667	71.7	72.06666666666666	72.46	71.66	72.47333333333333	72.58	72.39333333333333	72.19333333333333	72.11333333333333	71.92	72.03333333333333	71.96	71.56666666666666	71.08666666666667	70.69333333333333	69.9	69.05333333333333	67.96	66.78	65.49333333333334	63.56	61.03333333333333	57.21333333333333	51.486666666666665	0.0
0.0	51.36666666666667	56.60666666666667	60.22	62.79333333333334	64.79333333333334	66.36	67.58	68.34	69.1	70.08	70.80666666666667	71.29333333333334	71.45333333333333	72.16666666666667	72.42666666666666	72.59333333333333	72.23333333333333	72.69333333333333	72.65333333333334	72.62666666666667	72.50666666666666	72.52666666666667	71.99333333333334	71.04666666666667	70.88666666666667	70.4	70.04666666666667	68.98666666666666	67.78666666666666	66.64	64.80666666666667	63.153333333333336	60.58	57.14	51.32	0.0
0.0	51.31333333333333	57.12	60.626666666666665	63.346666666666664	65.42	66.83333333333333	68.12	69.16666666666667	70.15333333333334	70.46666666666667	70.98666666666666	71.26666666666667	71.82666666666667	72.04666666666667	71.81333333333333	72.08	72.26666666666667	72.62	72.46666666666667	72.56666666666666	72.46666666666667	71.69333333333333	71.26666666666667	70.44666666666667	70.56	69.94	69.38666666666667	68.63333333333334	67.46666666666667	66.3	65.21333333333334	63.04	60.42	56.98	51.39333333333333	0.0
0.0	51.36	57.346666666666664	61.06	63.58	65.32666666666667	66.56666666666666	67.98	69.28	70.52666666666667	70.92	71.22666666666667	71.46666666666667	72.00666666666666	72.18666666666667	72.58666666666667	72.28666666666666	72.58	72.47333333333333	72.66666666666667	72.07333333333334	72.04666666666667	72.32	71.90666666666667	71.35333333333334	71.04666666666667	70.22666666666667	69.46666666666667	68.18	67.57333333333334	66.39333333333333	64.76	63.24666666666667	60.72	57.446666666666665	51.45333333333333	0.0
0.0	50.98	56.92	60.553333333333335	63.03333333333333	65.45333333333333	66.48	67.44	68.60666666666667	69.22	70.0	70.66666666666667	71.36666666666666	71.84666666666666	72.07333333333334	72.31333333333333	72.4	72.60666666666667	72.91333333333333	72.49333333333334	72.32666666666667	72.0	71.56	71.12	71.1	70.42	69.92666666666666	69.68	68.87333333333333	67.92666666666666	66.56666666666666	65.19333333333333	63.54	60.56	57.70666666666666	51.48	0.0
0.0	51.513333333333335	57.3	60.586666666666666	63.17333333333333	64.94666666666667	66.39333333333333	67.78666666666666	68.96	69.54666666666667	70.26	70.54	71.00666666666666	71.5	72.02666666666667	71.98	72.35333333333334	72.35333333333334	72.46666666666667	72.58	72.32	72.23333333333333	72.27333333333333	71.81333333333333	71.35333333333334	70.97333333333333	70.40666666666667	69.8	69.06666666666666	67.76666666666667	66.66666666666667	64.9	63.193333333333335	60.626666666666665	56.93333333333333	51.20666666666666	0.0
0.0	51.16	56.946666666666665	60.62	62.94	64.92666666666666	66.07333333333334	67.26666666666667	68.52	69.11333333333333	69.86	70.74	71.06666666666666	71.70666666666666	71.90666666666667	72.19333333333333	72.5	72.98	73.06666666666666	72.48	72.94	72.55333333333333	72.32666666666667	71.78666666666666	70.70666666666666	70.62666666666667	69.92	68.92	68.0	67.06666666666666	65.98	64.34	62.43333333333333	60.013333333333335	56.78	51.13333333333333	0.0
0.0	51.28666666666667	56.81333333333333	60.39333333333333	63.17333333333333	65.07333333333334	66.31333333333333	67.63333333333334	68.48	69.67333333333333	69.88666666666667	70.48666666666666	71.39333333333333	72.02666666666667	72.18666666666667	72.48666666666666	72.39333333333333	72.76666666666667	72.44666666666667	72.23333333333333	72.15333333333334	72.21333333333334	71.64	71.05333333333333	70.58	70.4	69.58	69.26	68.74666666666667	67.72666666666667	66.35333333333334	64.56	62.96	60.833333333333336	57.086666666666666	51.32	0.0
0.0	51.026666666666664	57.31333333333333	60.68666666666667	63.28	64.76	66.27333333333333	67.46666666666667	68.54666666666667	69.18666666666667	69.9	70.34666666666666	70.82	71.49333333333334	71.79333333333334	71.96	71.93333333333334	72.34	71.99333333333334	72.18666666666667	72.07333333333334	71.32	71.45333333333333	71.34	70.84	70.30666666666667	69.74	69.36666666666666	68.56666666666666	67.50666666666666	66.37333333333333	65.08	63.193333333333335	60.733333333333334	57.193333333333335	51.43333333333333	0.0
0.0	51.45333333333333	57.08	60.846666666666664	63.153333333333336	65.1	66.4	67.97333333333333	68.77333333333333	69.49333333333334	70.24666666666667	70.42	70.82666666666667	71.89333333333333	72.33333333333333	72.52666666666667	72.90666666666667	72.58	72.70666666666666	72.64	72.62	72.3	72.16666666666667	72.28	71.52	71.15333333333334	70.85333333333334	70.01333333333334	69.21333333333334	67.86	66.33333333333333	64.54666666666667	63.11333333333334	60.266666666666666	57.053333333333335	50.94	0.0
0.0	50.88666666666666	56.85333333333333	60.586666666666666	62.586666666666666	64.70666666666666	66.04666666666667	67.62	68.16666666666667	69.75333333333333	70.18	70.58	71.07333333333334	71.22	71.68666666666667	71.94666666666667	72.08	72.75333333333333	72.15333333333334	72.10666666666667	72.51333333333334	72.08666666666667	71.69333333333333	71.65333333333334	71.17333333333333	70.74	70.44666666666667	69.44	68.24	67.68666666666667	66.5	65.48666666666666	63.36666666666667	60.81333333333333	56.846666666666664	51.086666666666666	0.0
0.0	51.45333333333333	57.7	61.28666666666667	63.5	65.77333333333333	66.92666666666666	68.24	69.13333333333334	69.98	70.96	71.68666666666667	72.38666666666667	72.56666666666666	72.46666666666667	73.18666666666667	73.28	73.55333333333333	73.62	73.59333333333333	73.14	72.7	72.89333333333333	72.18	72.0	71.54	70.86666666666666	70.16	69.74666666666667	68.12666666666667	66.86666666666666	65.56666666666666	63.373333333333335	60.70666666666666	57.46	51.38	0.0
0.0	51.52	57.16	60.82666666666667	63.35333333333333	65.06666666666666	66.68	67.87333333333333	69.38666666666667	69.73333333333333	70.15333333333334	71.01333333333334	71.38	71.46666666666667	72.02666666666667	72.12	72.11333333333333	72.11333333333333	72.38666666666667	72.4	72.43333333333334	72.02	71.78	71.42666666666666	71.12666666666667	70.44666666666667	69.67333333333333	69.27333333333333	68.16666666666667	67.52	66.5	64.85333333333334	63.04666666666667	60.50666666666667	57.18	51.193333333333335	0.0
0.0	51.52	56.95333333333333	60.64666666666667	63.34	65.15333333333334	66.42666666666666	67.60666666666667	68.80666666666667	69.43333333333334	69.97333333333333	70.82	71.26	71.78	71.88	72.3	72.28	72.44	72.43333333333334	72.34666666666666	72.58666666666667	72.25333333333333	72.14	71.3	71.04666666666667	70.44666666666667	69.67333333333333	69.14666666666666	68.35333333333334	66.99333333333334	65.86666666666666	64.37333333333333	62.973333333333336	60.42666666666667	56.653333333333336	51.16	0.0
0.0	51.52	57.766666666666666	61.053333333333335	63.56666666666667	65.43333333333334	66.65333333333334	67.48666666666666	68.59333333333333	69.22	70.16	70.79333333333334	71.57333333333334	72.32666666666667	72.46666666666667	72.76	73.28	73.32666666666667	73.61333333333333	73.07333333333334	72.7	72.7	72.72	71.81333333333333	71.16666666666667	70.94666666666667	70.75333333333333	69.77333333333333	69.12666666666667	68.14	66.93333333333334	65.49333333333334	63.153333333333336	60.92666666666667	57.266666666666666	51.473333333333336	0.0
0.0	51.513333333333335	57.32	60.733333333333334	63.333333333333336	64.88666666666667	66.29333333333334	67.57333333333334	68.39333333333333	69.68	70.41333333333333	71.09333333333333	71.69333333333333	71.92	72.40666666666667	72.78	73.12	72.86666666666666	72.86	72.98	73.13333333333334	72.62666666666667	72.18666666666667	72.11333333333333	71.82	71.32	70.7	69.75333333333333	68.95333333333333	67.82666666666667	66.61333333333333	65.16666666666667	63.553333333333335	60.986666666666665	57.63333333333333	51.6	0.0
0.0	51.28666666666667	57.233333333333334	60.526666666666664	63.093333333333334	64.88666666666667	66.39333333333333	67.72	68.52	69.43333333333334	70.47333333333333	70.84	71.09333333333333	71.63333333333334	72.01333333333334	72.19333333333333	72.43333333333334	72.84666666666666	72.87333333333333	72.76	72.43333333333334	72.82	72.46666666666667	71.94	71.41333333333333	71.1	70.46	69.52666666666667	68.24	67.16666666666667	66.02666666666667	64.99333333333334	63.17333333333333	60.89333333333333	57.626666666666665	51.42	0.0
0.0	51.42666666666667	57.48	61.25333333333333	63.66	65.42666666666666	66.78	68.45333333333333	69.36	70.41333333333333	70.72666666666667	71.64	71.9	72.21333333333334	72.55333333333333	72.93333333333334	72.7	72.45333333333333	72.78	72.62	72.78666666666666	72.85333333333334	72.61333333333333	72.28	71.92666666666666	71.35333333333334	70.71333333333334	69.8	68.98	67.87333333333333	66.92666666666666	65.41333333333333	63.57333333333333	61.166666666666664	57.38666666666666	51.36666666666667	0.0
0.0	51.61333333333334	57.24666666666667	60.72666666666667	63.086666666666666	64.90666666666667	66.58	67.52666666666667	68.37333333333333	68.99333333333334	70.32	70.84666666666666	71.22666666666667	71.87333333333333	71.77333333333333	71.98	72.42	72.3	72.21333333333334	72.1	72.50666666666666	72.42666666666666	71.74666666666667	71.52666666666667	71.28	70.92666666666666	70.04666666666667	69.72666666666667	68.56666666666666	67.88	66.81333333333333	65.38666666666667	63.21333333333333	60.81333333333333	57.39333333333333	51.76	0.0
0.0	51.10666666666667	56.973333333333336	60.38666666666666	62.46	64.8	66.27333333333333	67.35333333333334	68.45333333333333	69.42	69.67333333333333	70.56666666666666	71.14666666666666	71.31333333333333	71.53333333333333	71.58666666666667	71.90666666666667	71.69333333333333	71.81333333333333	71.88666666666667	71.90666666666667	71.51333333333334	71.66666666666667	71.54666666666667	70.62	70.52	69.72666666666667	69.08666666666667	68.0	67.22	65.85333333333334	64.53333333333333	62.78666666666667	60.70666666666666	56.94	51.1	0.0
0.0	51.38666666666666	56.71333333333333	60.53333333333333	63.06	64.92666666666666	66.5	67.84	68.52666666666667	69.62	70.22666666666667	71.18666666666667	71.32666666666667	71.90666666666667	71.94	72.24	72.56666666666666	72.69333333333333	72.97333333333333	72.62666666666667	72.94666666666667	72.5	72.67333333333333	72.05333333333333	71.58666666666667	71.0	70.60666666666667	70.06666666666666	69.01333333333334	67.83333333333333	66.72	65.00666666666666	63.21333333333333	60.733333333333334	57.406666666666666	51.333333333333336	0.0
0.0	51.34	57.18	60.86666666666667	62.973333333333336	64.81333333333333	66.71333333333334	67.95333333333333	69.01333333333334	69.4	70.49333333333334	71.29333333333334	71.61333333333333	71.92	72.08666666666667	72.82	72.93333333333334	72.48	72.7	72.73333333333333	72.66666666666667	72.26666666666667	72.0	71.8	71.61333333333333	70.85333333333334	70.47333333333333	70.15333333333334	68.98	67.99333333333334	66.57333333333334	64.86666666666666	63.08	60.79333333333334	57.29333333333334	51.25333333333333	0.0
0.0	51.32666666666667	57.35333333333333	60.76	63.473333333333336	65.27333333333333	66.46666666666667	67.93333333333334	68.97333333333333	69.78	70.43333333333334	70.74666666666667	71.05333333333333	71.40666666666667	71.94	72.36	72.3	72.48	72.48666666666666	72.55333333333333	72.46	72.14	71.99333333333334	71.74	71.54	70.8	69.92	69.24666666666667	68.66	67.66666666666667	66.31333333333333	64.91333333333333	63.31333333333333	60.50666666666667	56.81333333333333	51.26	0.0
