0.0	52.28	58.68	62.45333333333333	64.86	66.79333333333334	68.27333333333333	69.54	70.63333333333334	71.23333333333333	72.12	73.04	73.92666666666666	74.26666666666667	74.74666666666667	74.52666666666667	75.24	75.15333333333334	75.18666666666667	75.0	75.06666666666666	74.75333333333333	75.01333333333334	74.44	74.09333333333333	73.20666666666666	72.52666666666667	71.84	70.71333333333334	69.58666666666667	68.33333333333333	66.8	64.94666666666667	61.95333333333333	58.48	52.22	0.0
0.0	51.99333333333333	58.593333333333334	62.22666666666667	64.94	66.73333333333333	68.68666666666667	69.9	71.1	72.00666666666666	72.90666666666667	73.30666666666667	73.71333333333334	74.21333333333334	74.59333333333333	74.94666666666667	75.18	75.33333333333333	75.12666666666667	75.24	75.21333333333334	74.74666666666667	74.18666666666667	73.82	73.66	72.96666666666667	72.34	71.86666666666666	70.52666666666667	69.58666666666667	67.98666666666666	66.55333333333333	64.31333333333333	61.72666666666667	58.22	52.08	0.0
0.0	52.39333333333333	58.60666666666667	62.093333333333334	65.18	66.8	68.31333333333333	69.98666666666666	70.83333333333333	71.89333333333333	72.67333333333333	73.54	74.04666666666667	74.52666666666667	74.60666666666667	74.71333333333334	74.96	74.91333333333333	74.62	75.28666666666666	74.73333333333333	74.14666666666666	73.72	73.80666666666667	73.14	72.7	72.39333333333333	71.53333333333333	70.68666666666667	69.67333333333333	68.33333333333333	66.53333333333333	64.78	62.42	58.526666666666664	51.973333333333336	0.0
0.0	52.4	58.36666666666667	62.306666666666665	64.80666666666667	66.79333333333334	68.55333333333333	70.01333333333334	71.35333333333334	71.94	72.51333333333334	73.07333333333334	73.53333333333333	73.94666666666667	74.7	74.92666666666666	75.11333333333333	75.12666666666667	75.29333333333334	75.31333333333333	75.12666666666667	74.91333333333333	74.94	74.57333333333334	73.95333333333333	73.28	72.6	71.79333333333334	71.16	69.78666666666666	68.29333333333334	66.93333333333334	65.20666666666666	62.413333333333334	58.74	52.56	0.0
0.0	52.28666666666667	58.27333333333333	62.6	65.38	67.66666666666667	69.28666666666666	70.32	71.58666666666667	72.26	73.35333333333334	73.65333333333334	74.54	75.24	75.44666666666667	75.20666666666666	75.68	75.54	75.67333333333333	75.30666666666667	75.12666666666667	75.10666666666667	75.2	74.80666666666667	74.35333333333334	73.96666666666667	73.12	72.5	71.67333333333333	70.23333333333333	68.96	67.22	65.09333333333333	62.406666666666666	58.8	52.21333333333333	0.0
0.0	51.64666666666667	57.85333333333333	61.52	64.47333333333333	66.66	68.46666666666667	69.13333333333334	70.45333333333333	71.44	72.56666666666666	73.04666666666667	73.48	74.08666666666667	74.10666666666667	74.42	74.24	74.83333333333333	74.81333333333333	74.88666666666667	74.95333333333333	74.32	73.76666666666667	73.74666666666667	73.07333333333334	72.74	72.23333333333333	71.46	70.72	69.52	68.32	66.99333333333334	64.80666666666667	62.31333333333333	58.5	51.973333333333336	0.0
0.0	52.14	58.03333333333333	62.20666666666666	64.61333333333333	66.73333333333333	68.28666666666666	69.86	71.07333333333334	72.06	72.22	73.08	73.69333333333333	74.23333333333333	74.47333333333333	74.72	74.9	74.88666666666667	75.07333333333334	75.04	74.9	75.0	74.66666666666667	74.46666666666667	73.84666666666666	73.48666666666666	72.70666666666666	71.97333333333333	70.78	70.14	68.73333333333333	66.66666666666667	64.58666666666667	62.26	58.446666666666665	52.36666666666667	0.0
0.0	52.32	58.526666666666664	62.626666666666665	64.94666666666667	67.01333333333334	68.74666666666667	70.18	71.15333333333334	72.18	72.83333333333333	73.96	74.17333333333333	74.52666666666667	75.01333333333334	74.93333333333334	75.52666666666667	75.78666666666666	75.86666666666666	75.7	75.69333333333333	75.6	74.81333333333333	74.5	74.62666666666667	73.99333333333334	73.38	72.20666666666666	70.81333333333333	69.78	68.35333333333334	66.77333333333333	64.60666666666667	62.053333333333335	58.02	51.93333333333333	0.0
0.0	51.28666666666667	58.06	62.1	64.84	66.99333333333334	68.57333333333334	69.60666666666667	71.17333333333333	71.95333333333333	72.96	73.4	73.91333333333333	74.55333333333333	75.08	75.03333333333333	75.12666666666667	75.14	75.36	75.58666666666667	75.34666666666666	74.78666666666666	74.53333333333333	74.69333333333333	74.02666666666667	73.45333333333333	72.73333333333333	71.74666666666667	71.12	70.22	68.60666666666667	67.14666666666666	64.88	62.166666666666664	58.38	52.17333333333333	0.0
0.0	52.346666666666664	58.306666666666665	62.153333333333336	64.92666666666666	67.48666666666666	68.82	70.20666666666666	71.24	72.45333333333333	73.19333333333333	74.12666666666667	74.32666666666667	74.61333333333333	74.94	74.84	75.22	74.98	74.88666666666667	75.26666666666667	75.19333333333333	74.52666666666667	74.30666666666667	74.06666666666666	73.64	73.1	72.93333333333334	72.18666666666667	71.16	70.63333333333334	68.77333333333333	66.82666666666667	64.73333333333333	62.24	58.64666666666667	52.25333333333333	0.0
0.0	51.553333333333335	57.906666666666666	61.81333333333333	64.48666666666666	66.64	67.84666666666666	69.27333333333333	70.88666666666667	71.02666666666667	72.36666666666666	72.65333333333334	73.35333333333334	73.46	73.94666666666667	74.3	74.68	74.80666666666667	74.61333333333333	74.82666666666667	74.52666666666667	74.48	73.9	73.45333333333333	73.16666666666667	72.8	72.44	71.91333333333333	70.47333333333333	69.64	68.02	66.72	64.32666666666667	61.806666666666665	58.20666666666666	52.013333333333335	0.0
0.0	51.88	58.42	62.57333333333333	65.42666666666666	67.58	69.06	70.28666666666666	71.32666666666667	72.56666666666666	72.92666666666666	74.42666666666666	74.51333333333334	74.78666666666666	75.10666666666667	75.45333333333333	75.6	75.48	75.44666666666667	75.46666666666667	75.41333333333333	75.15333333333334	74.50666666666666	74.42	74.29333333333334	73.66666666666667	72.8	72.2	71.25333333333333	69.92666666666666	68.58666666666667	66.80666666666667	65.26666666666667	62.39333333333333	58.446666666666665	52.42666666666667	0.0
0.0	51.973333333333336	58.63333333333333	62.12	64.92666666666666	67.28	68.35333333333334	69.44666666666667	70.82	71.73333333333333	72.59333333333333	73.08666666666667	73.87333333333333	74.19333333333333	74.14	74.68	74.71333333333334	74.96666666666667	74.98666666666666	75.09333333333333	74.57333333333334	75.09333333333333	74.46666666666667	73.88	73.4	72.98	72.22	71.84	70.9	69.87333333333333	68.5	67.04	64.72	62.413333333333334	58.346666666666664	52.32	0.0
0.0	51.92666666666667	58.153333333333336	62.00666666666667	64.4	66.68666666666667	68.46	69.85333333333334	70.64	71.4	72.36666666666666	73.0	73.66666666666667	73.86666666666666	74.51333333333334	74.62666666666667	75.09333333333333	75.29333333333334	74.85333333333334	75.00666666666666	75.14666666666666	74.58666666666667	74.38666666666667	73.74	73.68	73.18666666666667	72.67333333333333	71.74	70.85333333333334	69.62	68.72666666666667	66.8	64.64666666666666	61.98	58.36	52.053333333333335	0.0
0.0	52.46666666666667	58.66	62.526666666666664	65.27333333333333	67.18666666666667	68.91333333333333	70.16	71.26666666666667	71.98666666666666	72.82	73.52	74.11333333333333	74.50666666666666	74.9	74.64666666666666	75.22666666666667	75.26	75.08	74.86666666666666	74.77333333333333	74.81333333333333	74.76666666666667	74.6	74.02	73.37333333333333	72.96666666666667	72.10666666666667	71.44666666666667	69.84	68.6	66.66	64.97333333333333	62.52	58.693333333333335	52.306666666666665	0.0
0.0	52.48	58.75333333333333	62.64666666666667	65.19333333333333	67.62	69.01333333333334	70.58666666666667	71.62666666666667	72.67333333333333	73.36	74.26666666666667	74.46	74.95333333333333	75.45333333333333	75.39333333333333	75.81333333333333	75.89333333333333	75.95333333333333	75.98	75.69333333333333	75.67333333333333	75.54	75.15333333333334	74.46666666666667	73.8	73.61333333333333	72.46666666666667	71.74	70.57333333333334	69.11333333333333	67.95333333333333	65.33333333333333	62.57333333333333	58.586666666666666	52.46	0.0
0.0	52.22	58.446666666666665	62.25333333333333	65.0	67.16	68.16666666666667	70.06666666666666	70.82	71.74	72.35333333333334	72.93333333333334	73.34666666666666	73.98666666666666	74.38	74.57333333333334	75.40666666666667	75.14666666666666	75.36	75.2	75.14	74.94	75.02666666666667	74.02	73.93333333333334	73.5	72.52	71.61333333333333	70.48	69.86	68.24666666666667	66.36666666666666	64.58	61.84	58.3	51.78	0.0
0.0	51.94	58.32666666666667	62.0	65.19333333333333	66.94	68.54	70.19333333333333	71.19333333333333	72.12666666666667	72.82	73.59333333333333	74.47333333333333	74.87333333333333	75.03333333333333	75.05333333333333	75.12666666666667	75.05333333333333	75.95333333333333	75.6	75.50666666666666	75.17333333333333	74.41333333333333	74.37333333333333	73.91333333333333	72.98	72.46	71.54	70.58	69.37333333333333	68.57333333333334	66.76666666666667	64.99333333333334	62.4	58.45333333333333	52.086666666666666	0.0
0.0	52.06666666666667	58.68	62.93333333333333	65.43333333333334	67.47333333333333	68.87333333333333	70.41333333333333	71.22	71.98	73.12666666666667	73.81333333333333	74.42666666666666	74.94666666666667	75.16	75.31333333333333	75.21333333333334	75.59333333333333	75.17333333333333	75.06	74.75333333333333	74.99333333333334	74.54666666666667	74.33333333333333	73.83333333333333	73.12	72.62	72.18	71.19333333333333	69.98666666666666	68.77333333333333	67.16	65.33333333333333	62.54666666666667	58.553333333333335	52.166666666666664	0.0
0.0	52.54	58.84	62.68666666666667	64.85333333333334	66.86	69.04666666666667	70.54666666666667	71.38	72.47333333333333	73.48	74.06666666666666	74.28666666666666	74.74666666666667	75.26	74.75333333333333	75.3	75.54666666666667	75.35333333333334	75.60666666666667	75.63333333333334	75.56666666666666	74.98	74.76666666666667	74.24	73.84666666666666	73.50666666666666	72.49333333333334	71.74666666666667	70.66	69.25333333333333	67.72666666666667	65.5	62.81333333333333	59.16	52.54	0.0
0.0	52.053333333333335	58.42	62.04	64.68	66.32	68.20666666666666	69.36666666666666	70.69333333333333	71.46	72.17333333333333	73.08666666666667	73.21333333333334	73.96666666666667	74.13333333333334	74.44666666666667	74.40666666666667	74.50666666666666	74.81333333333333	75.03333333333333	74.32666666666667	74.47333333333333	74.09333333333333	73.64666666666666	73.44	72.78666666666666	71.92666666666666	71.24	70.48666666666666	69.49333333333334	68.11333333333333	66.68	64.69333333333333	62.13333333333333	58.3	52.126666666666665	0.0
0.0	52.38	58.5	62.22666666666667	65.12666666666667	66.78666666666666	68.41333333333333	69.7	70.99333333333334	72.04	72.66666666666667	73.73333333333333	73.81333333333333	74.82	75.05333333333333	75.08	75.40666666666667	75.51333333333334	75.51333333333334	75.64666666666666	75.62	75.16	75.08666666666667	74.39333333333333	73.39333333333333	72.92	72.73333333333333	71.91333333333333	71.20666666666666	70.04666666666667	68.43333333333334	66.73333333333333	64.78666666666666	61.733333333333334	58.48	51.85333333333333	0.0
0.0	52.053333333333335	58.2	62.42	64.96	66.76	68.36	69.49333333333334	70.54666666666667	71.38	72.51333333333334	73.1	73.28666666666666	73.89333333333333	74.54	74.93333333333334	75.32	75.01333333333334	75.08666666666667	74.88666666666667	75.16666666666667	75.00666666666666	74.65333333333334	74.53333333333333	74.16	73.97333333333333	73.16666666666667	72.45333333333333	71.32666666666667	70.32666666666667	68.80666666666667	67.42	65.24666666666667	62.3	58.48	52.17333333333333	0.0
0.0	52.306666666666665	58.66	62.42666666666667	64.77333333333333	67.16	69.16	70.11333333333333	71.45333333333333	72.32	73.11333333333333	73.42	73.89333333333333	74.52666666666667	74.53333333333333	75.14	75.16666666666667	75.38	75.28	75.23333333333333	75.21333333333334	74.84666666666666	74.31333333333333	74.14	73.85333333333334	72.83333333333333	72.46	71.66	71.11333333333333	70.19333333333333	68.67333333333333	66.8	64.84666666666666	62.22	58.61333333333334	52.5	0.0
0.0	52.526666666666664	58.72666666666667	62.67333333333333	65.0	67.40666666666667	68.86	70.17333333333333	71.64666666666666	72.18	72.95333333333333	73.34	73.89333333333333	74.19333333333333	74.52	75.22666666666667	75.24666666666667	75.26666666666667	75.54	75.67333333333333	75.2	74.64666666666666	74.14666666666666	74.00666666666666	73.86	73.32	72.71333333333334	71.92	71.30666666666667	70.2	68.66666666666667	66.82	65.36	62.45333333333333	58.513333333333335	52.24	0.0
0.0	52.24666666666667	58.54666666666667	62.553333333333335	64.68666666666667	67.13333333333334	68.58666666666667	70.23333333333333	70.82	71.76666666666667	72.38	73.23333333333333	74.24	74.49333333333334	74.90666666666667	75.24666666666667	75.58666666666667	75.62666666666667	75.36	75.22666666666667	75.18	75.14	74.60666666666667	75.03333333333333	74.6	73.67333333333333	72.94	71.83333333333333	71.18666666666667	70.04	68.63333333333334	66.93333333333334	64.88	62.153333333333336	58.42	52.07333333333333	0.0
0.0	52.04666666666667	58.24666666666667	62.166666666666664	65.16	67.1	68.38	69.66	70.74	71.87333333333333	72.16666666666667	73.20666666666666	73.85333333333334	74.39333333333333	74.48666666666666	75.19333333333333	75.4	75.13333333333334	75.69333333333333	75.31333333333333	74.77333333333333	74.66	74.28	74.19333333333333	73.74	73.53333333333333	72.88666666666667	72.49333333333334	71.64	70.77333333333333	69.40666666666667	67.66666666666667	65.61333333333333	62.56666666666667	59.22	52.50666666666667	0.0
0.0	52.17333333333333	58.72	62.446666666666665	65.16666666666667	67.17333333333333	68.87333333333333	69.82	71.21333333333334	72.34666666666666	73.1	73.47333333333333	73.71333333333334	74.3	74.77333333333333	75.11333333333333	75.24666666666667	75.32	75.32	75.57333333333334	75.24	74.80666666666667	74.46	74.31333333333333	73.96666666666667	73.55333333333333	72.71333333333334	71.63333333333334	71.18	69.82	68.53333333333333	67.08666666666667	65.18	62.266666666666666	58.24	52.32666666666667	0.0
0.0	52.373333333333335	58.22666666666667	62.13333333333333	64.76666666666667	66.56666666666666	68.56	69.76	70.96	71.49333333333334	72.84666666666666	73.56	73.98666666666666	74.76666666666667	74.78666666666666	74.98	75.0	75.0	74.99333333333334	74.87333333333333	74.84	74.9	74.39333333333333	74.18666666666667	73.96	73.27333333333333	72.78666666666666	71.87333333333333	70.78666666666666	69.68666666666667	68.44666666666667	66.83333333333333	64.78666666666666	62.68	58.64666666666667	52.21333333333333	0.0
0.0	52.42	58.74	62.02	65.11333333333333	66.98666666666666	68.77333333333333	70.29333333333334	71.12	72.11333333333333	72.96666666666667	73.67333333333333	74.09333333333333	74.5	74.9	75.35333333333334	75.7	75.61333333333333	75.62	75.58	75.25333333333333	74.62666666666667	74.64666666666666	74.25333333333333	73.67333333333333	73.52	72.84	71.92	71.5	69.87333333333333	68.66666666666667	66.94666666666667	64.91333333333333	62.02	58.88666666666666	52.48	0.0
0.0	52.38	58.5	62.43333333333333	64.89333333333333	67.09333333333333	67.93333333333334	69.68	71.09333333333333	72.12666666666667	72.49333333333334	73.02	74.14	74.72666666666667	75.21333333333334	75.20666666666666	75.44	75.03333333333333	74.88	75.04666666666667	75.0	74.44	74.31333333333333	74.6	73.84666666666666	73.28666666666666	72.44	71.76666666666667	71.33333333333333	70.07333333333334	68.89333333333333	66.94	64.50666666666666	62.3	58.513333333333335	52.48	0.0
0.0	52.18666666666667	58.666666666666664	62.346666666666664	64.88666666666667	67.02	68.92666666666666	69.98	70.9	72.36666666666666	73.06666666666666	73.44	73.88666666666667	74.46666666666667	75.11333333333333	75.06	75.14	75.66	75.38666666666667	75.00666666666666	75.34	75.08	74.59333333333333	74.28	74.15333333333334	73.62	73.02	72.22666666666667	71.54666666666667	70.39333333333333	68.9	67.12666666666667	65.12	62.4	58.72666666666667	52.20666666666666	0.0
0.0	51.93333333333333	58.77333333333333	62.28	64.88	66.81333333333333	68.87333333333333	70.2	71.52666666666667	72.36	72.98666666666666	73.54	74.3	74.41333333333333	75.26666666666667	75.52666666666667	75.54	75.68	75.76666666666667	75.7	75.78666666666666	75.30666666666667	74.95333333333333	74.70666666666666	74.04666666666667	73.62	73.16666666666667	72.14	71.13333333333334	70.21333333333334	68.8	67.38666666666667	64.70666666666666	61.89333333333333	58.53333333333333	52.28	0.0
0.0	51.88666666666666	57.6	61.70666666666666	64.81333333333333	66.63333333333334	69.16666666666667	69.95333333333333	71.0	71.86666666666666	72.34	73.06	73.73333333333333	73.98666666666666	74.21333333333334	74.50666666666666	74.85333333333334	74.82666666666667	74.92666666666666	75.10666666666667	74.79333333333334	74.89333333333333	74.36	73.8	73.97333333333333	73.30666666666667	73.14666666666666	72.19333333333333	71.50666666666666	69.82	68.58	67.26	64.86666666666666	62.153333333333336	58.3	51.85333333333333	0.0
0.0	52.0	58.4	62.07333333333333	65.12	67.07333333333334	68.43333333333334	69.99333333333334	71.2	72.08	72.81333333333333	73.43333333333334	74.36666666666666	74.75333333333333	74.65333333333334	75.11333333333333	75.02666666666667	75.61333333333333	75.58	75.57333333333334	75.32666666666667	74.86666666666666	74.82	74.52666666666667	73.61333333333333	73.04	72.38666666666667	71.86	71.16666666666667	70.23333333333333	68.72666666666667	67.17333333333333	65.14	62.20666666666666	58.22666666666667	52.2	0.0
0.0	52.03333333333333	58.46	61.973333333333336	64.76666666666667	66.84666666666666	68.85333333333334	70.05333333333333	71.09333333333333	71.67333333333333	72.59333333333333	73.29333333333334	74.18666666666667	74.43333333333334	74.87333333333333	75.17333333333333	75.23333333333333	75.27333333333333	75.64666666666666	75.80666666666667	75.69333333333333	75.54	75.22666666666667	74.66666666666667	74.1	73.86666666666666	73.09333333333333	72.29333333333334	71.25333333333333	70.00666666666666	68.61333333333333	66.88	65.05333333333333	62.14	58.28	52.38666666666666	0.0
0.0	51.666666666666664	58.72	62.32666666666667	64.85333333333334	67.3	68.62666666666667	69.72	70.57333333333334	71.80666666666667	72.3	73.13333333333334	73.54	74.14	74.21333333333334	74.98666666666666	75.04	75.16666666666667	75.26	75.24	74.95333333333333	74.79333333333334	74.55333333333333	74.22666666666667	73.75333333333333	73.44666666666667	72.90666666666667	72.05333333333333	71.01333333333334	69.90666666666667	68.64	67.06	65.1	62.593333333333334	58.7	52.22	0.0
0.0	52.04	58.54666666666667	62.18666666666667	64.94	66.72666666666667	68.58666666666667	69.85333333333334	71.16	71.96666666666667	73.00666666666666	73.64	73.90666666666667	74.38666666666667	75.02	75.01333333333334	75.3	75.22666666666667	75.5	75.60666666666667	75.31333333333333	75.14	74.80666666666667	74.60666666666667	74.32666666666667	73.54666666666667	72.86666666666666	72.41333333333333	70.97333333333333	69.84666666666666	68.58666666666667	67.31333333333333	65.11333333333333	62.406666666666666	58.413333333333334	52.45333333333333	0.0
0.0	52.526666666666664	58.42666666666667	62.406666666666666	65.23333333333333	67.25333333333333	68.94666666666667	70.33333333333333	71.4	72.13333333333334	73.20666666666666	73.35333333333334	74.21333333333334	74.53333333333333	74.99333333333334	74.82666666666667	75.45333333333333	75.75333333333333	75.47333333333333	75.7	75.82666666666667	75.46666666666667	75.2	74.77333333333333	74.22	73.76666666666667	73.07333333333334	72.46	71.58	70.10666666666667	68.98	67.63333333333334	65.30666666666667	62.74	58.88666666666666	52.42	0.0
0.0	52.16	58.48	61.973333333333336	64.70666666666666	67.22	68.36666666666666	69.74666666666667	70.96	71.37333333333333	72.56666666666666	73.28	73.74666666666667	74.43333333333334	74.98666666666666	74.82	75.14	75.52	75.48	75.67333333333333	75.51333333333334	75.43333333333334	75.12	74.54666666666667	74.10666666666667	73.05333333333333	72.86666666666666	71.99333333333334	71.24	69.94	68.49333333333334	67.00666666666666	64.84	61.82666666666667	58.16	52.093333333333334	0.0
0.0	51.666666666666664	57.75333333333333	62.10666666666667	64.50666666666666	66.90666666666667	68.7	69.99333333333334	71.07333333333334	71.72	72.34666666666666	73.06666666666666	73.66666666666667	73.81333333333333	74.32	74.62	74.57333333333334	74.47333333333333	74.46	74.32	74.52666666666667	74.45333333333333	73.92	74.02666666666667	73.25333333333333	72.67333333333333	72.37333333333333	71.72	70.78666666666666	69.74666666666667	68.46666666666667	66.53333333333333	64.7	61.946666666666665	58.03333333333333	51.92	0.0
0.0	52.193333333333335	58.306666666666665	62.38666666666666	64.78666666666666	66.72666666666667	68.58666666666667	70.02	71.06	72.27333333333333	73.84	73.76	74.40666666666667	75.00666666666666	74.92666666666666	74.98	75.22	75.32666666666667	75.37333333333333	75.40666666666667	75.23333333333333	74.96666666666667	74.77333333333333	74.57333333333334	73.75333333333333	73.45333333333333	72.44666666666667	71.46	70.58	69.74	68.36	66.97333333333333	64.9	62.10666666666667	58.42	51.93333333333333	0.0
0.0	51.973333333333336	58.14666666666667	61.85333333333333	64.7	66.49333333333334	68.4	70.00666666666666	71.05333333333333	71.85333333333334	72.36666666666666	73.25333333333333	73.69333333333333	73.64666666666666	74.22	74.59333333333333	74.56666666666666	75.08	74.76	74.6	74.63333333333334	74.75333333333333	74.35333333333334	74.19333333333333	73.71333333333334	73.29333333333334	72.36666666666666	71.54666666666667	70.9	69.61333333333333	68.16	66.48666666666666	64.78	62.086666666666666	58.193333333333335	52.46666666666667	0.0
0.0	52.10666666666667	58.11333333333334	62.24666666666667	64.58	66.92	68.46	69.35333333333334	70.56666666666666	71.66666666666667	72.68666666666667	73.3	73.61333333333333	74.21333333333334	74.67333333333333	74.86666666666666	75.14	75.43333333333334	75.33333333333333	75.32	75.67333333333333	75.22	75.00666666666666	74.27333333333333	73.91333333333333	73.16666666666667	72.76	71.79333333333334	71.34666666666666	69.96	68.94	66.77333333333333	64.93333333333334	62.233333333333334	58.22666666666667	51.81333333333333	0.0
0.0	51.95333333333333	58.70666666666666	62.626666666666665	65.20666666666666	66.96666666666667	68.77333333333333	70.04	71.50666666666666	72.29333333333334	72.92	73.50666666666666	74.12	74.94666666666667	75.05333333333333	75.40666666666667	75.74	75.96666666666667	75.63333333333334	75.52666666666667	75.08666666666667	75.34	75.32	74.88666666666667	73.98	73.74666666666667	73.19333333333333	72.43333333333334	71.74	70.76	68.88666666666667	67.38666666666667	65.13333333333334	62.693333333333335	58.82666666666667	52.17333333333333	0.0
0.0	52.46	58.31333333333333	62.10666666666667	64.92666666666666	66.81333333333333	68.77333333333333	70.20666666666666	71.33333333333333	72.35333333333334	72.92	73.68666666666667	74.25333333333333	74.58	75.02	75.08	75.16	75.56	75.69333333333333	75.36666666666666	75.42666666666666	75.33333333333333	75.06666666666666	74.94666666666667	74.06	73.48	72.98666666666666	71.94666666666667	71.26666666666667	70.07333333333334	68.45333333333333	67.38	64.93333333333334	62.306666666666665	58.49333333333333	52.3	0.0
0.0	52.62	58.806666666666665	62.74	65.27333333333333	67.4	69.16666666666667	70.41333333333333	71.67333333333333	72.36666666666666	73.14	73.74	73.85333333333334	74.38666666666667	75.03333333333333	75.44666666666667	75.05333333333333	75.54666666666667	75.66666666666667	75.43333333333334	75.35333333333334	75.17333333333333	74.86666666666666	74.8	74.18666666666667	73.82	73.28666666666666	72.34	70.93333333333334	70.04	68.86	66.89333333333333	65.16	62.28	58.46666666666667	52.28666666666667	0.0
0.0	52.04666666666667	57.98	61.9	64.46	66.61333333333333	68.28	69.72	70.72	71.98	71.96	73.03333333333333	73.78666666666666	74.14	74.25333333333333	74.76	74.94666666666667	75.1	75.25333333333333	74.63333333333334	74.5	74.39333333333333	74.24666666666667	74.06666666666666	73.53333333333333	72.94666666666667	72.38666666666667	71.52666666666667	70.56666666666666	69.5	68.28666666666666	66.50666666666666	64.36	61.666666666666664	57.78	52.1	0.0
0.0	52.153333333333336	58.66	62.49333333333333	65.05333333333333	66.69333333333333	68.1	69.74666666666667	70.53333333333333	71.89333333333333	72.61333333333333	73.44666666666667	74.24666666666667	74.60666666666667	74.67333333333333	75.13333333333334	75.38	75.18666666666667	74.98	75.04666666666667	75.1	74.9	74.58666666666667	74.18666666666667	73.42666666666666	73.02666666666667	72.3	71.78666666666666	70.96666666666667	70.02666666666667	68.60666666666667	66.64	64.75333333333333	61.693333333333335	58.36	52.28666666666667	0.0
0.0	52.34	58.766666666666666	62.11333333333334	64.67333333333333	66.84	68.86	70.34666666666666	71.44	72.82	73.32	73.88	74.84666666666666	75.08666666666667	75.68	75.82	75.71333333333334	75.62666666666667	75.40666666666667	75.52666666666667	75.40666666666667	75.61333333333333	74.96666666666667	74.98	74.29333333333334	73.46	73.14	72.51333333333334	71.46	70.23333333333333	68.83333333333333	67.36	64.94	62.486666666666665	58.76	52.54	0.0
0.0	52.12	57.88666666666666	62.46	64.6	66.66666666666667	68.08666666666667	69.31333333333333	70.8	71.80666666666667	72.28	72.75333333333333	73.26666666666667	73.83333333333333	73.98	74.64	74.98	74.84	74.52	74.36	74.4	74.42666666666666	73.83333333333333	73.8	73.14	72.65333333333334	72.4	71.72	70.55333333333333	69.54666666666667	67.83333333333333	66.34	64.48666666666666	61.693333333333335	57.86666666666667	51.833333333333336	0.0
0.0	52.406666666666666	58.57333333333333	62.53333333333333	65.37333333333333	67.51333333333334	68.68666666666667	70.23333333333333	70.96	71.9	72.96	73.66666666666667	74.19333333333333	74.99333333333334	74.62666666666667	74.83333333333333	75.53333333333333	75.58	75.45333333333333	75.89333333333333	75.54	75.48666666666666	75.25333333333333	74.80666666666667	74.01333333333334	73.64666666666666	72.9	71.98	71.4	70.16	68.84666666666666	67.34	65.28666666666666	63.14666666666667	58.913333333333334	52.21333333333333	0.0
0.0	52.18666666666667	58.88	62.526666666666664	65.11333333333333	67.00666666666666	68.90666666666667	70.44	71.55333333333333	72.23333333333333	72.55333333333333	73.49333333333334	73.98	74.48666666666666	74.52666666666667	74.78666666666666	75.10666666666667	74.82666666666667	74.98	75.4	74.78	74.96	74.39333333333333	74.2	73.68	73.36	72.4	71.69333333333333	70.73333333333333	69.35333333333334	68.65333333333334	66.42666666666666	64.47333333333333	61.92	58.14666666666667	52.14	0.0
0.0	52.473333333333336	58.75333333333333	62.56666666666667	65.05333333333333	67.27333333333333	68.76	70.08666666666667	71.54	72.22	73.24	73.60666666666667	74.20666666666666	74.19333333333333	74.24666666666667	74.74	74.61333333333333	74.87333333333333	75.07333333333334	75.28	74.99333333333334	74.63333333333334	74.44666666666667	73.84666666666666	73.54	72.98	72.1	71.86666666666666	70.84	69.96	68.27333333333333	66.94	64.76	62.18	58.4	52.04	0.0
0.0	51.92666666666667	58.68666666666667	62.21333333333333	64.94	67.10666666666667	69.08666666666667	70.32	71.22	72.09333333333333	72.98	73.28666666666666	74.0	74.40666666666667	74.89333333333333	75.06666666666666	75.06	75.02	75.61333333333333	75.15333333333334	75.31333333333333	75.38666666666667	74.86666666666666	74.55333333333333	73.97333333333333	73.43333333333334	72.85333333333334	71.64	70.75333333333333	69.68	68.3	66.9	64.83333333333333	62.10666666666667	58.12	52.45333333333333	0.0
0.0	52.013333333333335	58.446666666666665	62.22666666666667	65.03333333333333	67.33333333333333	68.45333333333333	69.61333333333333	70.92666666666666	72.26666666666667	72.73333333333333	73.51333333333334	73.96	74.12666666666667	74.52	75.08	75.20666666666666	74.97333333333333	75.32666666666667	74.94	75.14666666666666	74.98666666666666	74.9	74.70666666666666	74.23333333333333	73.40666666666667	72.22666666666667	71.53333333333333	70.76666666666667	69.96666666666667	68.7	66.78666666666666	64.75333333333333	62.11333333333334	58.88666666666666	52.02	0.0
0.0	52.28	58.346666666666664	61.906666666666666	64.66666666666667	66.54	68.17333333333333	69.32	70.83333333333333	71.32	72.06	72.91333333333333	73.42666666666666	74.18666666666667	74.44666666666667	74.87333333333333	74.64666666666666	75.28	75.29333333333334	75.17333333333333	74.92	74.72666666666667	74.49333333333334	74.28	73.63333333333334	73.5	72.53333333333333	71.81333333333333	70.80666666666667	69.95333333333333	68.36	66.88666666666667	65.03333333333333	62.61333333333334	58.58	52.026666666666664	0.0
0.0	52.44	58.86	62.14	64.96666666666667	67.16666666666667	69.08	70.26666666666667	71.81333333333333	72.54	73.2	73.84666666666666	74.51333333333334	74.96	75.35333333333334	75.48666666666666	75.84666666666666	75.85333333333334	75.91333333333333	75.84666666666666	75.51333333333334	75.24666666666667	74.69333333333333	74.83333333333333	74.38	73.54666666666667	72.63333333333334	71.94666666666667	71.10666666666667	70.12	68.48	67.05333333333333	64.88666666666667	62.64666666666667	58.806666666666665	52.26	0.0
0.0	52.193333333333335	58.52	62.53333333333333	65.24	67.48	69.25333333333333	70.20666666666666	71.78	72.40666666666667	73.37333333333333	73.68666666666667	74.45333333333333	74.44	74.77333333333333	74.57333333333334	74.78	75.42666666666666	74.92	75.21333333333334	75.24	74.78666666666666	74.83333333333333	74.41333333333333	74.0	73.30666666666667	72.37333333333333	71.55333333333333	70.83333333333333	69.5	68.30666666666667	66.94666666666667	64.79333333333334	62.126666666666665	58.14	52.0	0.0
0.0	51.94	58.48	62.126666666666665	64.81333333333333	66.94	68.42666666666666	69.45333333333333	70.61333333333333	71.64666666666666	72.29333333333334	73.25333333333333	73.58	74.30666666666667	74.63333333333334	74.46	74.65333333333334	75.07333333333334	75.38666666666667	75.18	75.26666666666667	74.83333333333333	74.44666666666667	74.16	73.68666666666667	73.12	72.36666666666666	71.56666666666666	70.82666666666667	69.80666666666667	68.64666666666666	66.48666666666666	64.72	62.45333333333333	58.53333333333333	52.07333333333333	0.0
0.0	52.14666666666667	58.54	62.126666666666665	64.95333333333333	67.24	68.65333333333334	70.21333333333334	70.94	71.53333333333333	72.4	73.12	73.78666666666666	74.51333333333334	74.50666666666666	74.67333333333333	75.38666666666667	75.5	75.48	75.28	75.3	75.4	74.98666666666666	75.16666666666667	74.30666666666667	73.38	73.15333333333334	72.61333333333333	71.12	70.10666666666667	68.7	66.96666666666667	64.8	62.5	58.68	52.75333333333333	0.0
0.0	52.34	58.64666666666667	62.473333333333336	65.42	67.16	68.9	70.03333333333333	71.46	72.61333333333333	73.22666666666667	73.56666666666666	74.04666666666667	74.72	74.70666666666666	75.24	75.48	75.35333333333334	75.48666666666666	75.72	75.71333333333334	75.18666666666667	74.78666666666666	74.32	74.02	73.35333333333334	72.52666666666667	71.91333333333333	70.88	70.04	68.57333333333334	66.92	65.1	62.45333333333333	58.553333333333335	52.24666666666667	0.0
0.0	52.11333333333334	58.446666666666665	62.07333333333333	65.2	66.94666666666667	68.40666666666667	69.39333333333333	70.69333333333333	71.42666666666666	72.48666666666666	73.22	73.74	74.45333333333333	74.7	74.8	75.06666666666666	74.73333333333333	75.09333333333333	74.95333333333333	74.64	74.91333333333333	74.66666666666667	74.55333333333333	74.21333333333334	73.68	73.11333333333333	72.2	70.94666666666667	69.73333333333333	68.32	66.90666666666667	65.0	62.00666666666667	57.96	51.98	0.0
0.0	52.1	58.413333333333334	62.653333333333336	65.15333333333334	67.14	69.04666666666667	70.26	71.33333333333333	72.0	72.69333333333333	73.78666666666666	73.99333333333334	74.55333333333333	74.76666666666667	75.08	75.06666666666666	75.21333333333334	75.52666666666667	75.4	75.09333333333333	74.79333333333334	74.43333333333334	74.32	73.90666666666667	73.12666666666667	72.34666666666666	71.42666666666666	70.91333333333333	70.19333333333333	68.54	66.78666666666666	64.9	62.266666666666666	58.70666666666666	52.53333333333333	0.0
0.0	51.99333333333333	58.64666666666667	62.526666666666664	65.15333333333334	67.23333333333333	69.06	70.46	71.24666666666667	72.2	72.93333333333334	73.74666666666667	74.06666666666666	74.87333333333333	75.19333333333333	75.06	75.31333333333333	75.40666666666667	75.74666666666667	75.08666666666667	74.8	74.70666666666666	74.84666666666666	73.77333333333333	73.50666666666666	72.84	72.44	71.56666666666666	70.75333333333333	69.83333333333333	68.01333333333334	66.86	65.12	62.52	58.513333333333335	52.62	0.0
0.0	52.193333333333335	58.653333333333336	62.44	65.07333333333334	67.17333333333333	68.74666666666667	69.84	70.95333333333333	71.87333333333333	72.57333333333334	73.40666666666667	73.98666666666666	74.29333333333334	74.98666666666666	75.25333333333333	75.07333333333334	75.19333333333333	75.44666666666667	75.21333333333334	75.11333333333333	75.12666666666667	74.56666666666666	73.84	73.76	73.52666666666667	72.63333333333334	72.30666666666667	71.25333333333333	70.14	68.98666666666666	66.96	65.11333333333333	62.446666666666665	58.86	52.36	0.0
0.0	51.93333333333333	58.233333333333334	62.06666666666667	65.36	67.06	69.22666666666667	70.14	71.31333333333333	71.93333333333334	72.66666666666667	73.29333333333334	74.08	74.74666666666667	74.56	75.24666666666667	75.26	75.48	75.33333333333333	75.46666666666667	75.11333333333333	74.94666666666667	74.58	74.18	73.77333333333333	73.18666666666667	72.36666666666666	71.44666666666667	70.3	69.41333333333333	68.44666666666667	66.54666666666667	64.42666666666666	62.13333333333333	58.13333333333333	51.873333333333335	0.0
0.0	51.96666666666667	58.64	62.026666666666664	64.78666666666666	67.44	68.58666666666667	70.23333333333333	71.54	71.84	72.55333333333333	73.43333333333334	73.56	74.54666666666667	74.59333333333333	74.81333333333333	74.86	75.37333333333333	74.93333333333334	75.22666666666667	75.14	74.89333333333333	74.25333333333333	74.18666666666667	73.83333333333333	73.4	72.87333333333333	71.93333333333334	70.84666666666666	69.66666666666667	68.21333333333334	67.04	64.83333333333333	62.66	58.72666666666667	52.48	0.0
0.0	51.89333333333333	58.32	62.193333333333335	64.8	66.66	68.18	69.56666666666666	70.56	71.44666666666667	72.52	73.04	73.41333333333333	73.46666666666667	74.45333333333333	74.59333333333333	75.3	74.94	74.93333333333334	74.88	74.95333333333333	73.96	74.1	73.86666666666666	73.50666666666666	73.09333333333333	72.37333333333333	71.84666666666666	70.61333333333333	69.49333333333334	68.2	66.97333333333333	64.60666666666667	62.21333333333333	58.54666666666667	52.406666666666666	0.0
0.0	52.34	58.72	62.333333333333336	65.18	66.98	68.82666666666667	70.16666666666667	71.10666666666667	72.07333333333334	72.92666666666666	73.14	73.75333333333333	74.17333333333333	74.54	74.73333333333333	74.95333333333333	75.09333333333333	75.17333333333333	75.23333333333333	75.12666666666667	74.77333333333333	74.32666666666667	73.91333333333333	73.79333333333334	73.47333333333333	72.46	72.05333333333333	71.16	70.14	68.87333333333333	67.11333333333333	65.27333333333333	62.3	58.593333333333334	52.36	0.0
0.0	51.906666666666666	58.64666666666667	62.193333333333335	64.94666666666667	67.32	68.64	70.01333333333334	71.2	72.18666666666667	72.95333333333333	73.43333333333334	73.75333333333333	74.28	74.50666666666666	74.87333333333333	74.87333333333333	75.11333333333333	74.75333333333333	74.59333333333333	74.81333333333333	74.51333333333334	74.35333333333334	74.11333333333333	73.93333333333334	72.95333333333333	73.09333333333333	71.92	70.86	69.96	69.01333333333334	67.03333333333333	65.10666666666667	62.346666666666664	58.22666666666667	52.04666666666667	0.0
0.0	52.39333333333333	57.973333333333336	62.2	64.62666666666667	67.08666666666667	69.15333333333334	69.72666666666667	71.22	72.02666666666667	72.82	73.24	73.56	74.48	74.72	74.85333333333334	74.96	74.78	74.8	75.14666666666666	74.51333333333334	74.45333333333333	74.41333333333333	73.97333333333333	73.71333333333334	73.24666666666667	72.27333333333333	71.76	70.81333333333333	69.8	68.56666666666666	66.78666666666666	64.88666666666667	62.43333333333333	58.473333333333336	52.38666666666666	0.0
0.0	52.02	58.086666666666666	61.77333333333333	64.64	66.56666666666666	68.14666666666666	69.64	70.40666666666667	71.52666666666667	72.12666666666667	72.52	73.66	73.96	74.48	74.66666666666667	74.90666666666667	75.04	75.06	75.12666666666667	74.9	74.88666666666667	74.8	74.54666666666667	73.98	73.75333333333333	72.77333333333333	71.82	71.65333333333334	70.02666666666667	68.69333333333333	66.66666666666667	64.74	62.32	58.36666666666667	52.14	0.0
0.0	52.2	58.6	62.42	65.33333333333333	67.22666666666667	69.15333333333334	70.22	71.59333333333333	72.05333333333333	73.14666666666666	73.52666666666667	73.72666666666667	74.27333333333333	74.90666666666667	75.35333333333334	75.74	75.5	75.90666666666667	75.58	75.33333333333333	74.85333333333334	74.66	74.54666666666667	74.2	73.44	72.82	72.06	71.18	70.38	69.05333333333333	67.40666666666667	64.76	62.32	58.7	52.24666666666667	0.0
0.0	52.5	58.626666666666665	62.10666666666667	65.18	67.11333333333333	69.34666666666666	70.5	71.37333333333333	72.13333333333334	72.92	73.65333333333334	74.16666666666667	74.41333333333333	74.68	74.72666666666667	74.89333333333333	75.03333333333333	75.14666666666666	75.19333333333333	75.19333333333333	75.06666666666666	74.42666666666666	74.4	74.28666666666666	74.08666666666667	73.04666666666667	72.13333333333334	71.08	69.53333333333333	68.28666666666666	67.25333333333333	65.34	62.78	58.693333333333335	52.04666666666667	0.0
0.0	52.306666666666665	58.653333333333336	62.28666666666667	65.72666666666667	67.46666666666667	69.28	70.40666666666667	71.58	72.46	73.30666666666667	73.61333333333333	74.16666666666667	74.50666666666666	74.82	75.31333333333333	75.27333333333333	75.52666666666667	75.48666666666666	75.12666666666667	74.84	75.12666666666667	74.50666666666666	73.88	73.80666666666667	72.98666666666666	72.53333333333333	71.82	71.30666666666667	70.04666666666667	68.62	67.03333333333333	65.16	62.513333333333335	58.42666666666667	52.166666666666664	0.0
0.0	52.22666666666667	58.46	62.32	64.69333333333333	66.52666666666667	68.08666666666667	69.83333333333333	71.27333333333333	71.64666666666666	72.26666666666667	72.87333333333333	73.46666666666667	74.04	74.35333333333334	74.49333333333334	74.73333333333333	74.83333333333333	75.05333333333333	74.95333333333333	74.99333333333334	75.16666666666667	74.74666666666667	74.42666666666666	74.30666666666667	73.71333333333334	73.12	72.08	71.14	70.02666666666667	68.32	66.99333333333334	64.97333333333333	62.42	58.81333333333333	52.21333333333333	0.0
0.0	51.88	58.31333333333333	62.11333333333334	64.48	66.8	68.39333333333333	69.66	70.6	71.35333333333334	72.44	73.34	73.61333333333333	73.98	74.28	74.36	74.82666666666667	74.73333333333333	75.18	75.0	74.67333333333333	73.97333333333333	74.37333333333333	74.47333333333333	73.78	73.17333333333333	72.63333333333334	71.64666666666666	70.45333333333333	69.41333333333333	68.30666666666667	66.78666666666666	64.49333333333334	61.62	58.62	52.04	0.0
0.0	51.98	58.306666666666665	61.9	64.31333333333333	66.44666666666667	68.49333333333334	69.65333333333334	70.82666666666667	71.64666666666666	72.49333333333334	73.22666666666667	73.34	73.99333333333334	74.5	74.64666666666666	75.24	75.11333333333333	75.23333333333333	75.58	75.46	75.37333333333333	74.58666666666667	74.58	73.8	73.49333333333334	72.42	71.67333333333333	70.92666666666666	69.98	68.58666666666667	67.12	64.86666666666666	61.946666666666665	58.373333333333335	52.0	0.0
0.0	52.35333333333333	58.46	62.11333333333334	64.75333333333333	66.94	68.56	69.93333333333334	71.19333333333333	72.18	72.62	73.32666666666667	73.63333333333334	74.12	74.58	74.71333333333334	74.88	74.73333333333333	75.38	74.94666666666667	75.06666666666666	74.37333333333333	74.68666666666667	74.29333333333334	73.76	73.28666666666666	72.36	71.49333333333334	70.79333333333334	69.86	68.54666666666667	66.88	65.09333333333333	62.446666666666665	58.38	52.21333333333333	0.0
0.0	52.406666666666666	58.446666666666665	62.17333333333333	64.89333333333333	66.74	68.60666666666667	69.91333333333333	70.68	71.97333333333333	72.44666666666667	73.71333333333334	74.01333333333334	74.26	74.51333333333334	74.86	74.57333333333334	75.06	75.08666666666667	75.29333333333334	74.88	74.82666666666667	74.74666666666667	74.44666666666667	73.58	72.92666666666666	72.15333333333334	71.73333333333333	70.42666666666666	69.46	68.44	66.88666666666667	64.43333333333334	61.86666666666667	58.04	52.093333333333334	0.0
0.0	52.04	58.36666666666667	62.26	64.60666666666667	66.82	68.90666666666667	69.79333333333334	70.49333333333334	71.47333333333333	72.4	73.21333333333334	73.63333333333334	73.78666666666666	74.36	74.78666666666666	74.31333333333333	74.64	74.72666666666667	74.87333333333333	74.95333333333333	74.28	74.38	74.20666666666666	73.84666666666666	73.56666666666666	72.71333333333334	71.84	70.65333333333334	69.88666666666667	68.80666666666667	67.02666666666667	64.72666666666667	62.32666666666667	58.56666666666667	52.0	0.0
0.0	52.233333333333334	58.54	62.266666666666666	64.84666666666666	66.7	68.53333333333333	70.20666666666666	71.25333333333333	72.08666666666667	72.94666666666667	73.39333333333333	73.97333333333333	73.94666666666667	74.5	74.6	75.45333333333333	75.50666666666666	75.43333333333334	75.88	75.55333333333333	74.97333333333333	74.97333333333333	74.21333333333334	74.14	73.39333333333333	72.96	71.97333333333333	71.35333333333334	70.45333333333333	68.84666666666666	67.09333333333333	65.22	62.233333333333334	58.486666666666665	52.56666666666667	0.0
0.0	52.22	58.2	62.32	64.86	67.02	68.83333333333333	70.07333333333334	71.32	72.1	72.74666666666667	73.40666666666667	73.89333333333333	74.46	75.04	75.32666666666667	75.82666666666667	75.52666666666667	75.69333333333333	75.64	75.58	75.28	74.96	74.66666666666667	74.26	73.36666666666666	72.7	72.00666666666666	71.10666666666667	69.81333333333333	69.08666666666667	67.53333333333333	65.12666666666667	62.11333333333334	58.24	52.28	0.0
0.0	52.22666666666667	58.53333333333333	62.58	65.08	67.41333333333333	68.82	70.15333333333334	71.01333333333334	71.80666666666667	72.85333333333334	73.44	73.90666666666667	74.24666666666667	74.87333333333333	75.40666666666667	75.27333333333333	75.44	75.48666666666666	75.65333333333334	75.38666666666667	75.12	74.55333333333333	74.74	74.30666666666667	74.02	73.38	72.17333333333333	71.34	70.35333333333334	69.2	67.63333333333334	65.18	62.22666666666667	58.72666666666667	51.88666666666666	0.0
0.0	52.10666666666667	58.35333333333333	61.77333333333333	64.84	66.89333333333333	68.66	69.76666666666667	70.98666666666666	71.95333333333333	72.68666666666667	73.06666666666666	73.42666666666666	74.06	74.19333333333333	74.63333333333334	74.82666666666667	74.97333333333333	74.87333333333333	74.91333333333333	75.06	75.08666666666667	74.76	74.44	73.86666666666666	73.31333333333333	72.7	71.99333333333334	70.74	69.92666666666666	68.28	66.96666666666667	65.12	62.03333333333333	58.233333333333334	51.79333333333334	0.0
0.0	52.333333333333336	58.35333333333333	62.06666666666667	64.79333333333334	66.90666666666667	68.67333333333333	69.92666666666666	70.74666666666667	71.92	72.54	73.42666666666666	74.10666666666667	74.55333333333333	75.12666666666667	75.24	75.57333333333334	75.29333333333334	75.24666666666667	75.46666666666667	75.29333333333334	75.00666666666666	74.34	73.76	73.62666666666667	73.3	72.84	71.84	70.95333333333333	70.20666666666666	69.08	67.09333333333333	64.93333333333334	62.25333333333333	58.4	52.34	0.0
0.0	51.96	58.306666666666665	62.12	64.82	66.80666666666667	68.28666666666666	69.88	71.16	71.73333333333333	72.8	73.36666666666666	74.00666666666666	74.3	74.66	74.88666666666667	74.95333333333333	75.05333333333333	75.19333333333333	75.07333333333334	74.99333333333334	74.82666666666667	74.76666666666667	74.38	73.79333333333334	73.26666666666667	72.50666666666666	71.99333333333334	70.86666666666666	69.86666666666666	68.27333333333333	66.72666666666667	64.79333333333334	62.14	58.54666666666667	51.74666666666667	0.0
0.0	52.16	58.553333333333335	62.42	64.88666666666667	66.87333333333333	68.98	70.41333333333333	71.06666666666666	71.94666666666667	72.98	73.42	74.19333333333333	74.51333333333334	74.96666666666667	75.35333333333334	74.72	75.28666666666666	75.71333333333334	75.93333333333334	75.84	75.43333333333334	75.62666666666667	74.62	74.2	73.7	72.93333333333334	72.64	71.38666666666667	70.44666666666667	68.77333333333333	67.41333333333333	64.81333333333333	62.093333333333334	58.486666666666665	52.14	0.0
0.0	52.66	58.93333333333333	62.513333333333335	65.2	67.36666666666666	68.71333333333334	70.1	71.16	72.08666666666667	73.04	73.61333333333333	73.70666666666666	74.15333333333334	74.73333333333333	75.02	74.79333333333334	75.44666666666667	75.67333333333333	75.83333333333333	75.83333333333333	75.58666666666667	74.70666666666666	74.96	73.79333333333334	73.88	72.53333333333333	72.17333333333333	70.93333333333334	70.05333333333333	68.96	67.00666666666666	65.2	62.306666666666665	58.74666666666667	52.50666666666667	0.0
0.0	52.00666666666667	58.46	62.126666666666665	65.04666666666667	66.94	68.34	69.86	71.12666666666667	72.17333333333333	72.94666666666667	73.34666666666666	73.82	74.36666666666666	74.68	74.90666666666667	75.26666666666667	75.53333333333333	75.12666666666667	75.16666666666667	74.97333333333333	74.96	74.42666666666666	74.1	73.74	73.28666666666666	72.81333333333333	72.12	70.98	70.22666666666667	68.30666666666667	66.94	64.90666666666667	62.08	58.406666666666666	51.93333333333333	0.0
0.0	52.346666666666664	58.72666666666667	61.72666666666667	64.82666666666667	67.18666666666667	68.66666666666667	70.0	70.9	71.22	72.62	73.04666666666667	73.83333333333333	74.07333333333334	74.64666666666666	74.91333333333333	74.92666666666666	75.23333333333333	75.30666666666667	75.18	74.91333333333333	74.34	74.02	73.96666666666667	73.84	73.38	72.44	71.99333333333334	71.29333333333334	70.21333333333334	68.93333333333334	67.18666666666667	64.64	62.086666666666666	58.3	52.00666666666667	0.0
0.0	51.973333333333336	58.31333333333333	62.333333333333336	65.38	67.66666666666667	69.03333333333333	70.59333333333333	71.64	72.24	73.20666666666666	73.7	74.09333333333333	74.15333333333334	74.50666666666666	74.80666666666667	75.01333333333334	75.08666666666667	75.00666666666666	74.92	75.09333333333333	74.7	74.53333333333333	73.97333333333333	73.83333333333333	73.20666666666666	72.34	71.83333333333333	70.93333333333334	69.68	68.74	66.82	65.04666666666667	62.53333333333333	58.50666666666667	52.086666666666666	0.0
0.0	52.06666666666667	58.446666666666665	62.46666666666667	65.14	67.52	68.8	70.18666666666667	71.56666666666666	72.4	73.37333333333333	74.17333333333333	74.48	75.16666666666667	75.28666666666666	75.38	75.32666666666667	75.25333333333333	75.61333333333333	75.58666666666667	75.53333333333333	75.46666666666667	75.32666666666667	75.18666666666667	74.26666666666667	73.87333333333333	73.09333333333333	72.04666666666667	71.0	70.20666666666666	68.39333333333333	67.18	64.9	62.25333333333333	58.43333333333333	52.18666666666667	0.0
0.0	52.36	58.306666666666665	62.11333333333334	65.10666666666667	67.12666666666667	68.31333333333333	69.79333333333334	71.19333333333333	72.28	72.76666666666667	73.56666666666666	74.03333333333333	74.32	74.82666666666667	75.03333333333333	75.48666666666666	75.8	75.62666666666667	75.25333333333333	75.62	75.34666666666666	74.65333333333334	74.36666666666666	73.46666666666667	73.62	72.59333333333333	72.19333333333333	71.07333333333334	70.22666666666667	68.76666666666667	66.57333333333334	64.91333333333333	62.553333333333335	58.64	52.14666666666667	0.0
0.0	52.46666666666667	58.75333333333333	62.57333333333333	65.31333333333333	67.24	68.60666666666667	69.92	71.47333333333333	72.46666666666667	73.23333333333333	73.52666666666667	73.97333333333333	73.91333333333333	74.77333333333333	75.21333333333334	75.26666666666667	75.78	75.53333333333333	75.72	75.45333333333333	74.85333333333334	74.93333333333334	74.67333333333333	74.19333333333333	73.70666666666666	72.81333333333333	71.93333333333334	70.9	69.98666666666666	68.52	66.74	64.42	62.24	58.266666666666666	51.973333333333336	0.0
0.0	51.92	58.50666666666667	62.35333333333333	64.99333333333334	67.21333333333334	68.34666666666666	70.06666666666666	71.45333333333333	72.47333333333333	72.77333333333333	73.17333333333333	74.19333333333333	74.38666666666667	74.98666666666666	75.17333333333333	74.98666666666666	75.36	75.38666666666667	75.41333333333333	75.20666666666666	75.38	75.14666666666666	74.13333333333334	73.95333333333333	73.16	72.36666666666666	71.9	70.88	69.59333333333333	68.73333333333333	66.92666666666666	65.04666666666667	62.29333333333334	58.473333333333336	52.166666666666664	0.0
0.0	52.36	58.60666666666667	62.553333333333335	64.78666666666666	66.79333333333334	68.38666666666667	69.66666666666667	70.84666666666666	71.46666666666667	72.52666666666667	73.14666666666666	73.95333333333333	74.38666666666667	74.51333333333334	74.52666666666667	75.13333333333334	75.10666666666667	75.11333333333333	75.24	75.00666666666666	74.57333333333334	74.45333333333333	73.98666666666666	73.92	73.48	72.62	72.17333333333333	71.22	70.12666666666667	68.68666666666667	67.60666666666667	64.86666666666666	62.27333333333333	58.39333333333333	52.16	0.0
0.0	52.21333333333333	58.52	62.0	64.58666666666667	67.30666666666667	68.58	69.8	71.56	72.22666666666667	73.2	73.76666666666667	74.1	74.35333333333334	74.77333333333333	74.98666666666666	75.12	75.05333333333333	75.17333333333333	74.85333333333334	74.72666666666667	75.1	74.70666666666666	74.3	73.72666666666667	73.35333333333334	72.62	71.8	71.07333333333334	70.11333333333333	68.61333333333333	67.02	64.88	62.5	58.28	51.88	0.0
0.0	52.18666666666667	58.26	62.166666666666664	65.24	67.23333333333333	69.21333333333334	70.00666666666666	71.27333333333333	71.94666666666667	72.94	73.54666666666667	73.96	74.25333333333333	74.87333333333333	75.12666666666667	75.28666666666666	75.44666666666667	75.32	75.36666666666666	75.33333333333333	75.11333333333333	74.78	74.10666666666667	74.26	73.63333333333334	73.18666666666667	72.16666666666667	71.17333333333333	70.34	68.43333333333334	66.77333333333333	65.00666666666666	62.666666666666664	58.526666666666664	52.24	0.0
0.0	52.053333333333335	58.64666666666667	62.06666666666667	64.72	66.92	68.63333333333334	69.68	70.96	71.96666666666667	72.7	73.39333333333333	73.96	74.0	74.80666666666667	75.13333333333334	75.31333333333333	75.7	75.64666666666666	75.65333333333334	75.02666666666667	75.19333333333333	74.53333333333333	74.46666666666667	73.91333333333333	73.12	72.17333333333333	71.82	71.22	70.13333333333334	68.9	66.58666666666667	64.62	62.093333333333334	58.42666666666667	52.24	0.0
0.0	52.04	58.486666666666665	62.29333333333334	65.38666666666667	67.28	68.76666666666667	70.22666666666667	71.47333333333333	72.36666666666666	72.69333333333333	73.50666666666666	73.63333333333334	74.07333333333334	74.5	75.34666666666666	75.16666666666667	75.34666666666666	75.44	75.40666666666667	75.09333333333333	74.85333333333334	74.87333333333333	74.47333333333333	73.79333333333334	73.58666666666667	72.70666666666666	71.89333333333333	71.31333333333333	70.3	68.91333333333333	67.53333333333333	65.16	62.56	58.973333333333336	52.14666666666667	0.0
0.0	52.54666666666667	58.64666666666667	62.513333333333335	65.08	67.15333333333334	68.51333333333334	70.04666666666667	71.02666666666667	71.98666666666666	72.81333333333333	73.51333333333334	73.80666666666667	74.24666666666667	74.90666666666667	74.91333333333333	75.3	75.26666666666667	75.42666666666666	75.19333333333333	75.29333333333334	75.12666666666667	74.78	74.54	73.92	73.49333333333334	72.87333333333333	72.06	71.12666666666667	70.33333333333333	68.90666666666667	67.22666666666667	64.96666666666667	61.81333333333333	58.413333333333334	52.306666666666665	0.0
0.0	52.17333333333333	58.306666666666665	62.38	64.77333333333333	67.14	68.48666666666666	70.19333333333333	71.1	72.08666666666667	72.6	73.11333333333333	73.71333333333334	74.40666666666667	74.76	75.10666666666667	75.21333333333334	75.44666666666667	75.59333333333333	75.3	75.33333333333333	75.04	74.73333333333333	74.31333333333333	73.87333333333333	72.87333333333333	72.69333333333333	71.9	71.06666666666666	70.4	68.76	66.77333333333333	64.93333333333334	62.42666666666667	58.526666666666664	52.26	0.0
0.0	52.08	58.22	62.413333333333334	64.84	66.96666666666667	68.26	69.25333333333333	70.45333333333333	71.08	72.34666666666666	73.12	73.53333333333333	73.8	74.20666666666666	74.77333333333333	75.22	75.26666666666667	75.34666666666666	74.68	74.90666666666667	74.76666666666667	74.25333333333333	73.96666666666667	73.43333333333334	73.4	72.50666666666666	71.96	71.24666666666667	70.10666666666667	68.57333333333334	67.36	65.13333333333334	62.4	58.11333333333334	52.346666666666664	0.0
0.0	52.086666666666666	58.36	62.45333333333333	64.90666666666667	66.76666666666667	68.23333333333333	69.80666666666667	70.62	71.30666666666667	72.26666666666667	72.78666666666666	73.62666666666667	73.32666666666667	73.62666666666667	74.16666666666667	74.67333333333333	74.70666666666666	74.90666666666667	74.72666666666667	74.24	73.80666666666667	74.20666666666666	73.77333333333333	73.04	72.35333333333334	71.98666666666666	71.39333333333333	70.77333333333333	69.64666666666666	67.98	66.7	64.4	62.18	58.18	51.946666666666665	0.0
0.0	52.18666666666667	58.79333333333334	62.11333333333334	65.08666666666667	67.18	68.67333333333333	69.83333333333333	71.26666666666667	72.39333333333333	72.86	73.63333333333334	74.33333333333333	74.9	75.10666666666667	75.34	75.62666666666667	75.66666666666667	75.56666666666666	75.48666666666666	75.35333333333334	75.09333333333333	74.58	74.23333333333333	73.95333333333333	73.18	72.55333333333333	72.28	71.07333333333334	69.77333333333333	68.23333333333333	66.57333333333334	64.78666666666666	62.16	58.166666666666664	52.06	0.0
0.0	52.32666666666667	58.8	62.45333333333333	64.93333333333334	66.88666666666667	68.69333333333333	70.02	71.32666666666667	71.84666666666666	72.96666666666667	73.52666666666667	73.97333333333333	74.5	74.48	74.9	75.23333333333333	75.05333333333333	75.18	74.64666666666666	75.00666666666666	75.14	75.09333333333333	74.58666666666667	73.88666666666667	73.78	72.72	71.84	70.88	70.22666666666667	68.71333333333334	66.94666666666667	65.03333333333333	62.46666666666667	58.526666666666664	52.13333333333333	0.0
0.0	52.75333333333333	59.093333333333334	63.10666666666667	65.78	67.97333333333333	69.51333333333334	70.54666666666667	71.64666666666666	72.49333333333334	73.82666666666667	73.98	74.61333333333333	75.18666666666667	75.42666666666666	75.64	75.85333333333334	76.1	76.23333333333333	76.48	76.44666666666667	75.64666666666666	75.74666666666667	75.03333333333333	74.99333333333334	74.20666666666666	73.46	72.64666666666666	71.54666666666667	70.58	69.03333333333333	67.50666666666666	65.30666666666667	62.74	58.946666666666665	52.553333333333335	0.0
0.0	52.06666666666667	58.36666666666667	62.166666666666664	64.70666666666666	66.75333333333333	68.78	69.94	70.60666666666667	71.49333333333334	72.46666666666667	73.60666666666667	73.77333333333333	73.94666666666667	74.42666666666666	74.35333333333334	74.72	75.01333333333334	75.32666666666667	75.82	75.8	75.45333333333333	74.76	74.17333333333333	74.14666666666666	72.92666666666666	72.19333333333333	71.36	70.88666666666667	69.53333333333333	68.02	66.06	64.68666666666667	61.8	58.36	51.986666666666665	0.0
0.0	51.94	58.34	62.126666666666665	65.29333333333334	67.25333333333333	69.09333333333333	70.17333333333333	71.22666666666667	71.44	72.54	73.46	73.91333333333333	73.84	74.36666666666666	74.5	74.52666666666667	74.67333333333333	74.71333333333334	74.96	74.42666666666666	74.76666666666667	74.16666666666667	73.80666666666667	73.97333333333333	73.35333333333334	72.26666666666667	71.58666666666667	70.57333333333334	69.52666666666667	68.02	66.88	64.79333333333334	61.86	58.06666666666667	52.0	0.0
0.0	52.3	58.50666666666667	62.13333333333333	64.82666666666667	67.14	68.66666666666667	70.10666666666667	71.33333333333333	72.47333333333333	72.9	73.46	74.08	74.34	74.76	75.21333333333334	75.53333333333333	75.63333333333334	76.07333333333334	75.50666666666666	75.34666666666666	74.91333333333333	75.00666666666666	74.48	74.04666666666667	73.24666666666667	72.67333333333333	71.48	70.85333333333334	69.80666666666667	68.28666666666666	67.17333333333333	64.67333333333333	62.553333333333335	58.153333333333336	52.22666666666667	0.0
0.0	51.94	58.306666666666665	62.24	64.52	66.42666666666666	68.28666666666666	69.57333333333334	70.84666666666666	71.8	72.46	73.21333333333334	73.26666666666667	73.89333333333333	74.76666666666667	74.9	75.28	75.14666666666666	75.18666666666667	75.52666666666667	75.63333333333334	75.02	74.85333333333334	74.75333333333333	73.98	73.16666666666667	72.58666666666667	71.85333333333334	70.67333333333333	69.76666666666667	68.54	66.64	64.93333333333334	62.266666666666666	58.513333333333335	52.39333333333333	0.0
0.0	52.18666666666667	58.78666666666667	62.35333333333333	65.19333333333333	66.92666666666666	68.62666666666667	69.88	70.82	72.00666666666666	72.42666666666666	73.16666666666667	73.68	74.12	74.47333333333333	75.2	75.0	75.0	75.4	74.90666666666667	74.59333333333333	74.38666666666667	74.26	73.7	73.75333333333333	73.28666666666666	72.68	71.82666666666667	70.82	69.55333333333333	68.56666666666666	67.04666666666667	64.68666666666667	62.35333333333333	58.04666666666667	52.48	0.0
0.0	51.92666666666667	58.086666666666666	61.60666666666667	64.34	66.24666666666667	68.18	69.54	70.51333333333334	71.35333333333334	72.28666666666666	72.81333333333333	73.57333333333334	74.26	74.34666666666666	74.3	74.49333333333334	75.01333333333334	75.37333333333333	75.02	74.53333333333333	74.82	74.46666666666667	74.10666666666667	73.85333333333334	73.32	72.41333333333333	71.78666666666666	70.72666666666667	69.58666666666667	68.20666666666666	66.28666666666666	64.73333333333333	62.17333333333333	58.31333333333333	52.00666666666667	0.0
0.0	52.086666666666666	58.06666666666667	61.68	64.64	66.87333333333333	68.04	69.72	70.72666666666667	71.78	72.38666666666667	72.74666666666667	73.06666666666666	73.71333333333334	74.07333333333334	74.29333333333334	74.52	74.61333333333333	74.92666666666666	74.71333333333334	75.02	74.84666666666666	74.22	73.82666666666667	72.98666666666666	72.65333333333334	72.16666666666667	71.34666666666666	70.72	69.68666666666667	68.46	67.00666666666666	65.19333333333333	62.89333333333333	58.49333333333333	52.086666666666666	0.0
0.0	52.1	58.22666666666667	62.14666666666667	64.37333333333333	66.2	68.04666666666667	69.87333333333333	70.47333333333333	71.48666666666666	72.23333333333333	72.74	73.33333333333333	73.68	73.76666666666667	74.34	74.77333333333333	74.98	74.93333333333334	74.86666666666666	75.02666666666667	74.72	74.36666666666666	73.98	73.52	72.87333333333333	72.37333333333333	71.43333333333334	70.80666666666667	69.76666666666667	68.42666666666666	67.03333333333333	64.80666666666667	62.22666666666667	58.38	51.873333333333335	0.0
0.0	51.98	58.18666666666667	62.04666666666667	64.76666666666667	66.56666666666666	68.6	69.55333333333333	70.74	71.77333333333333	72.26666666666667	73.16666666666667	73.63333333333334	73.78666666666666	74.16666666666667	74.28666666666666	74.49333333333334	74.6	74.92	74.83333333333333	74.52666666666667	74.48666666666666	74.12	73.39333333333333	73.26	72.83333333333333	72.52	71.27333333333333	70.45333333333333	69.29333333333334	68.06666666666666	66.78	64.63333333333334	61.98	58.27333333333333	51.913333333333334	0.0
0.0	52.153333333333336	58.28666666666667	61.99333333333333	65.03333333333333	66.92666666666666	69.08666666666667	70.05333333333333	70.93333333333334	71.99333333333334	72.82666666666667	73.69333333333333	74.06666666666666	74.55333333333333	74.88666666666667	75.18	75.41333333333333	75.14666666666666	75.62	75.18	75.26666666666667	74.84	74.36666666666666	74.40666666666667	74.26	73.52	72.73333333333333	71.94	70.80666666666667	69.79333333333334	68.39333333333333	67.36	65.01333333333334	62.45333333333333	58.9	52.53333333333333	0.0
0.0	52.2	58.88666666666666	62.346666666666664	65.04666666666667	66.89333333333333	68.71333333333334	70.29333333333334	71.20666666666666	71.87333333333333	72.99333333333334	73.19333333333333	73.83333333333333	74.42	74.71333333333334	75.14	75.54666666666667	75.91333333333333	75.48	75.21333333333334	75.13333333333334	74.84666666666666	74.43333333333334	74.22	73.71333333333334	73.22	72.54666666666667	71.74	70.74	70.31333333333333	68.52666666666667	66.72666666666667	64.62666666666667	62.54666666666667	58.24	51.906666666666666	0.0
0.0	52.333333333333336	58.50666666666667	62.32	65.13333333333334	66.86	68.28666666666666	69.93333333333334	71.05333333333333	72.26	72.42666666666666	73.16666666666667	73.42666666666666	73.80666666666667	74.43333333333334	75.02	75.10666666666667	75.17333333333333	74.93333333333334	75.05333333333333	74.79333333333334	74.62	74.55333333333333	74.24	74.12666666666667	73.43333333333334	72.70666666666666	72.19333333333333	71.18	69.93333333333334	68.67333333333333	67.35333333333334	64.94	62.44	58.68	52.00666666666667	0.0
0.0	52.08	58.48	62.42	65.14	67.22666666666667	68.78666666666666	70.02	71.11333333333333	71.78666666666666	72.97333333333333	73.21333333333334	73.85333333333334	74.24666666666667	74.40666666666667	75.08	75.10666666666667	75.56	74.92	74.99333333333334	75.02666666666667	74.62	74.01333333333334	73.79333333333334	73.89333333333333	73.64666666666666	72.37333333333333	71.52666666666667	70.78666666666666	69.61333333333333	68.0	66.59333333333333	64.46666666666667	62.20666666666666	58.36	51.92	0.0
0.0	51.89333333333333	58.3	62.06666666666667	64.88	67.1	68.56	70.02666666666667	70.94	71.49333333333334	72.24	72.72666666666667	73.98666666666666	73.82666666666667	74.11333333333333	75.02666666666667	75.26666666666667	75.49333333333334	75.22	75.13333333333334	75.21333333333334	74.85333333333334	74.54666666666667	74.08666666666667	73.75333333333333	72.83333333333333	72.16666666666667	71.61333333333333	71.04	69.88	68.36	66.62	64.73333333333333	62.18	58.12	52.04666666666667	0.0
0.0	52.346666666666664	58.84	62.61333333333334	65.21333333333334	66.78666666666666	68.36666666666666	70.04	70.77333333333333	71.90666666666667	72.55333333333333	72.95333333333333	74.00666666666666	74.68666666666667	74.88666666666667	75.34666666666666	75.28	75.44666666666667	75.56	75.84666666666666	75.58	74.74	74.63333333333334	74.32	74.03333333333333	74.03333333333333	73.23333333333333	72.67333333333333	71.48	70.32666666666667	68.77333333333333	66.7	65.20666666666666	62.74	58.473333333333336	52.333333333333336	0.0
0.0	51.913333333333334	58.473333333333336	62.38666666666666	64.84666666666666	67.08	68.68	70.00666666666666	71.1	72.12	72.99333333333334	73.46	74.15333333333334	74.52	74.74	75.16	75.48	75.49333333333334	76.12	75.77333333333333	75.46666666666667	75.31333333333333	74.83333333333333	74.54666666666667	73.91333333333333	74.12	73.15333333333334	72.26	71.52666666666667	70.35333333333334	68.92	67.24666666666667	65.44	62.96	58.67333333333333	52.61333333333334	0.0
0.0	52.21333333333333	58.553333333333335	62.18	65.01333333333334	67.13333333333334	69.06666666666666	70.3	71.36666666666666	71.93333333333334	72.82	73.40666666666667	73.61333333333333	74.38666666666667	74.74666666666667	74.99333333333334	75.30666666666667	75.31333333333333	75.38	75.62666666666667	75.08666666666667	75.19333333333333	74.76666666666667	74.17333333333333	74.28	73.67333333333333	72.67333333333333	71.78	70.74	69.84666666666666	68.18	66.63333333333334	64.96	62.126666666666665	57.973333333333336	51.78	0.0
0.0	51.96	58.54	62.38666666666666	65.08666666666667	67.13333333333334	68.58666666666667	69.96	71.18	72.19333333333333	72.88	73.52	73.84666666666666	74.61333333333333	74.71333333333334	74.69333333333333	74.58666666666667	74.54666666666667	74.24666666666667	74.36666666666666	74.49333333333334	74.33333333333333	74.53333333333333	73.98666666666666	73.34	73.22666666666667	72.53333333333333	72.14	71.15333333333334	69.92	68.71333333333334	67.05333333333333	65.11333333333333	62.28	58.593333333333334	52.38	0.0
0.0	52.28	58.593333333333334	62.3	65.12	67.24	68.40666666666667	70.42666666666666	71.39333333333333	72.10666666666667	72.68666666666667	73.75333333333333	74.06666666666666	74.52	74.73333333333333	75.27333333333333	75.49333333333334	75.48666666666666	75.6	75.69333333333333	75.55333333333333	74.80666666666667	74.72666666666667	74.27333333333333	73.63333333333334	73.02	72.64	71.91333333333333	71.17333333333333	69.97333333333333	68.76	67.54666666666667	65.05333333333333	62.653333333333336	58.79333333333334	52.20666666666666	0.0
0.0	52.48	58.973333333333336	62.35333333333333	65.36	67.32	68.82	70.38666666666667	71.45333333333333	72.11333333333333	73.24	73.56666666666666	74.42	74.58666666666667	74.97333333333333	75.32666666666667	75.21333333333334	75.18666666666667	75.55333333333333	75.59333333333333	75.65333333333334	74.98666666666666	74.85333333333334	74.48	74.08	74.03333333333333	73.25333333333333	72.47333333333333	71.35333333333334	70.4	68.96666666666667	67.21333333333334	65.02666666666667	62.306666666666665	58.413333333333334	51.95333333333333	0.0
0.0	52.306666666666665	58.733333333333334	62.14	64.92	67.28666666666666	69.20666666666666	69.99333333333334	71.52	72.4	73.33333333333333	73.86666666666666	74.16	74.86666666666666	74.68666666666667	75.21333333333334	74.97333333333333	75.23333333333333	75.24666666666667	74.98	74.69333333333333	75.22666666666667	75.34666666666666	74.4	74.2	73.22	72.2	71.76	70.88666666666667	69.60666666666667	68.52666666666667	66.99333333333334	65.20666666666666	62.46666666666667	58.32	51.92666666666667	0.0
0.0	52.5	58.62	62.233333333333334	65.1	67.29333333333334	68.82666666666667	70.0	71.40666666666667	72.15333333333334	72.71333333333334	73.38666666666667	73.71333333333334	74.45333333333333	74.3	74.68	74.70666666666666	75.13333333333334	75.46	75.36666666666666	75.27333333333333	75.22666666666667	74.98	74.64	74.04666666666667	73.61333333333333	72.98	72.08	71.15333333333334	70.51333333333334	69.0	67.28666666666666	65.2	62.026666666666664	58.12	51.92666666666667	0.0
0.0	52.18666666666667	58.32666666666667	62.12	64.76666666666667	66.90666666666667	68.62	69.81333333333333	71.14	72.16666666666667	72.72	73.43333333333334	73.74666666666667	74.43333333333334	74.63333333333334	75.06	75.49333333333334	75.52	75.17333333333333	75.56666666666666	75.42666666666666	74.98666666666666	75.16666666666667	74.32	73.46	73.44	72.64666666666666	71.88	71.26666666666667	69.72	68.52666666666667	66.93333333333334	64.68	62.07333333333333	58.45333333333333	52.306666666666665	0.0
0.0	52.35333333333333	59.04	62.39333333333333	64.64	66.61333333333333	68.47333333333333	69.91333333333333	71.34666666666666	72.18666666666667	73.16	73.61333333333333	74.12	74.98666666666666	75.05333333333333	75.53333333333333	75.62	75.78666666666666	75.70666666666666	76.32666666666667	75.79333333333334	75.75333333333333	75.00666666666666	75.02666666666667	74.50666666666666	73.89333333333333	73.11333333333333	72.21333333333334	71.21333333333334	70.25333333333333	68.38666666666667	67.01333333333334	65.12666666666667	62.32	58.29333333333334	52.32	0.0
0.0	52.44	58.82666666666667	62.54	65.22666666666667	67.54666666666667	68.45333333333333	70.14	70.7	72.04	73.3	73.6	74.29333333333334	74.64666666666666	74.59333333333333	74.73333333333333	75.19333333333333	75.52	75.24666666666667	75.46666666666667	75.11333333333333	75.08	74.88666666666667	74.59333333333333	74.42	73.90666666666667	73.31333333333333	72.74666666666667	71.44	69.96	68.41333333333333	66.88666666666667	64.93333333333334	62.60666666666667	58.75333333333333	52.346666666666664	0.0
0.0	52.413333333333334	59.06	62.9	65.43333333333334	67.08666666666667	68.66	70.44	71.44666666666667	72.38666666666667	73.18666666666667	73.76	74.04	74.46	74.96	75.15333333333334	75.34666666666666	75.4	75.26666666666667	75.38	75.30666666666667	74.85333333333334	74.94	74.93333333333334	74.11333333333333	73.51333333333334	73.04	72.11333333333333	71.71333333333334	70.50666666666666	69.23333333333333	67.62	65.78666666666666	62.89333333333333	59.06	52.513333333333335	0.0
0.0	52.11333333333334	58.12	61.906666666666666	64.74	66.66666666666667	68.55333333333333	70.03333333333333	70.69333333333333	71.96	72.56666666666666	72.8	73.5	73.86	74.15333333333334	74.01333333333334	74.58	75.14666666666666	74.84	75.06666666666666	74.97333333333333	74.7	74.45333333333333	74.33333333333333	73.38	73.08	72.2	71.78666666666666	70.86	69.72	68.22666666666667	66.9	65.31333333333333	62.38666666666666	58.53333333333333	52.2	0.0
0.0	52.22	58.60666666666667	62.54666666666667	65.02	67.34666666666666	68.75333333333333	69.64666666666666	71.19333333333333	72.17333333333333	72.88666666666667	73.7	74.22	74.62666666666667	74.84	75.43333333333334	75.45333333333333	75.22	75.53333333333333	75.8	75.86666666666666	75.36	75.07333333333334	74.83333333333333	74.28	73.98	72.83333333333333	72.1	71.3	70.39333333333333	68.64666666666666	67.75333333333333	65.38666666666667	62.42	58.49333333333333	52.36666666666667	0.0
0.0	52.093333333333334	58.4	62.333333333333336	65.22	67.0	68.66666666666667	69.89333333333333	71.32666666666667	72.32666666666667	72.74666666666667	73.28	73.68666666666667	73.94	74.52	74.88666666666667	74.87333333333333	74.89333333333333	75.03333333333333	75.24	75.09333333333333	75.14666666666666	74.94666666666667	74.08	73.38666666666667	73.17333333333333	72.82666666666667	71.85333333333334	71.04	70.04	68.70666666666666	66.99333333333334	65.06666666666666	62.306666666666665	58.07333333333333	52.04	0.0
0.0	52.526666666666664	58.52	62.553333333333335	65.07333333333334	67.09333333333333	68.56666666666666	69.65333333333334	71.16	71.68	72.90666666666667	73.12666666666667	73.58666666666667	74.50666666666666	75.08666666666667	75.43333333333334	75.5	75.11333333333333	75.53333333333333	75.36666666666666	75.44	75.08	74.63333333333334	74.77333333333333	73.88666666666667	73.48666666666666	72.88666666666667	72.34666666666666	71.09333333333333	69.70666666666666	68.39333333333333	67.10666666666667	64.75333333333333	62.32	58.39333333333333	52.44	0.0
0.0	51.906666666666666	58.06666666666667	62.086666666666666	64.66	66.74666666666667	67.96	69.82666666666667	70.83333333333333	71.46	72.41333333333333	72.98666666666666	73.79333333333334	73.88666666666667	74.52666666666667	74.8	74.96666666666667	75.33333333333333	75.13333333333334	75.18666666666667	74.96	74.84	74.64	74.33333333333333	73.77333333333333	72.97333333333333	71.95333333333333	71.34666666666666	70.24	69.68	68.13333333333334	66.26666666666667	64.76666666666667	61.946666666666665	58.14	52.086666666666666	0.0
0.0	52.25333333333333	58.626666666666665	62.74	65.46666666666667	67.48	68.77333333333333	70.0	71.48666666666666	72.13333333333334	73.22666666666667	73.88	74.55333333333333	74.72	75.38666666666667	75.12666666666667	75.23333333333333	75.70666666666666	75.76	75.66	75.32	75.11333333333333	75.11333333333333	74.29333333333334	74.36	73.48	72.92	72.30666666666667	71.14666666666666	69.59333333333333	68.25333333333333	66.74666666666667	64.35333333333334	62.31333333333333	58.46666666666667	51.86	0.0
0.0	52.14	58.406666666666666	62.49333333333333	65.31333333333333	67.2	68.84666666666666	70.04	71.30666666666667	71.89333333333333	72.74666666666667	73.56	74.06	74.61333333333333	75.14	75.54	75.98	76.27333333333333	76.26	75.82666666666667	75.48	75.02	74.76666666666667	74.59333333333333	74.07333333333334	73.83333333333333	72.84666666666666	71.98	71.4	70.33333333333333	68.59333333333333	67.05333333333333	65.24	62.28666666666667	58.53333333333333	52.56	0.0
0.0	52.22666666666667	58.74666666666667	62.2	64.42666666666666	66.94	68.64666666666666	69.91333333333333	71.08	72.04	72.78	73.42	73.97333333333333	74.58	74.79333333333334	75.05333333333333	75.02666666666667	75.46	75.72666666666667	75.61333333333333	75.44	75.09333333333333	74.56666666666666	74.12666666666667	73.71333333333334	73.42	72.26	71.15333333333334	70.46	69.26666666666667	68.12	66.66666666666667	64.59333333333333	61.9	58.58	52.25333333333333	0.0
0.0	52.12	58.346666666666664	61.733333333333334	64.83333333333333	66.62	68.32	69.70666666666666	70.50666666666666	71.70666666666666	72.30666666666667	72.87333333333333	73.27333333333333	73.84666666666666	74.32	74.8	74.65333333333334	74.81333333333333	74.61333333333333	74.51333333333334	74.94	75.00666666666666	74.75333333333333	74.39333333333333	73.88666666666667	73.42	72.57333333333334	71.74666666666667	70.78	69.65333333333334	68.28666666666666	66.58	64.71333333333334	62.346666666666664	58.413333333333334	52.53333333333333	0.0
0.0	52.1	58.68	62.35333333333333	64.92	67.00666666666666	68.30666666666667	69.72	70.69333333333333	71.86	72.70666666666666	73.57333333333334	74.09333333333333	74.38	74.56666666666666	75.26666666666667	75.75333333333333	75.58	75.09333333333333	74.99333333333334	75.40666666666667	75.2	75.08666666666667	74.65333333333334	73.92666666666666	73.74666666666667	73.12	72.09333333333333	71.15333333333334	69.66666666666667	68.52	67.02	64.93333333333334	62.06666666666667	58.44	51.95333333333333	0.0
0.0	52.2	58.50666666666667	62.513333333333335	64.85333333333334	67.02666666666667	68.76	69.72	70.83333333333333	71.97333333333333	72.26666666666667	72.66	73.38	74.01333333333334	74.38666666666667	74.74666666666667	75.01333333333334	75.54	75.2	74.86666666666666	75.13333333333334	74.86	74.66	74.50666666666666	74.16666666666667	73.42	72.64	71.7	70.82666666666667	69.72	68.17333333333333	66.48666666666666	64.67333333333333	61.98	58.36	52.193333333333335	0.0
0.0	51.96666666666667	58.35333333333333	62.193333333333335	65.21333333333334	66.98	68.82666666666667	70.24	71.29333333333334	71.82	72.34666666666666	73.00666666666666	73.53333333333333	74.13333333333334	74.25333333333333	74.46	74.65333333333334	75.0	74.69333333333333	74.75333333333333	74.70666666666666	74.55333333333333	74.02	74.02	73.27333333333333	73.22666666666667	72.24666666666667	71.45333333333333	70.85333333333334	69.68	68.6	66.44	64.85333333333334	62.04666666666667	58.07333333333333	51.95333333333333	0.0
0.0	52.28666666666667	58.32	62.18666666666667	65.18666666666667	67.03333333333333	68.32666666666667	69.40666666666667	70.62	71.88666666666667	72.44	73.65333333333334	73.71333333333334	74.47333333333333	74.61333333333333	74.5	74.72666666666667	74.70666666666666	75.12666666666667	75.18	75.28	75.08	74.88666666666667	74.41333333333333	74.28666666666666	73.84	72.48	72.16	71.23333333333333	69.78	68.78	66.85333333333334	64.90666666666667	61.96	58.406666666666666	52.11333333333334	0.0
0.0	52.22	58.446666666666665	62.35333333333333	65.22	67.26	68.75333333333333	70.26	71.10666666666667	71.84	72.94666666666667	73.49333333333334	74.07333333333334	74.38666666666667	74.68666666666667	74.66666666666667	74.69333333333333	75.04	75.42666666666666	75.18	74.9	74.65333333333334	74.34	74.26	73.61333333333333	73.17333333333333	72.93333333333334	72.15333333333334	70.68666666666667	69.76666666666667	68.24	66.91333333333333	64.77333333333333	62.28	58.70666666666666	52.18	0.0
0.0	52.06	58.266666666666666	62.04666666666667	65.15333333333334	67.27333333333333	68.53333333333333	69.92666666666666	71.00666666666666	71.92	72.68	73.3	73.96666666666667	74.56	74.59333333333333	74.88	74.91333333333333	74.89333333333333	75.01333333333334	75.16	74.80666666666667	74.68666666666667	74.58666666666667	74.6	73.98666666666666	73.03333333333333	72.55333333333333	72.31333333333333	71.36666666666666	70.0	68.37333333333333	67.11333333333333	64.98666666666666	62.26	58.24666666666667	51.766666666666666	0.0
0.0	52.18	58.25333333333333	61.986666666666665	64.84	66.94	68.29333333333334	69.48666666666666	71.06666666666666	72.10666666666667	72.28	72.6	73.36	74.14666666666666	74.10666666666667	74.79333333333334	74.90666666666667	74.50666666666666	75.16666666666667	74.96666666666667	75.32666666666667	74.72666666666667	74.30666666666667	73.98	73.75333333333333	73.06666666666666	72.62	71.93333333333334	70.84666666666666	69.65333333333334	68.2	66.93333333333334	65.09333333333333	62.553333333333335	58.43333333333333	52.17333333333333	0.0
0.0	52.08	58.086666666666666	62.1	64.44666666666667	66.48	67.82666666666667	69.28	70.48666666666666	71.32	72.4	72.93333333333334	73.52	74.22666666666667	74.55333333333333	74.62666666666667	74.96	75.44	75.18666666666667	75.3	74.77333333333333	74.39333333333333	74.7	73.76666666666667	73.68666666666667	72.92	72.16666666666667	71.13333333333334	70.46666666666667	69.49333333333334	68.10666666666667	66.48666666666666	64.61333333333333	61.7	57.72	51.76	0.0
0.0	52.406666666666666	58.42	62.57333333333333	64.96	66.73333333333333	68.43333333333334	69.78666666666666	71.3	71.89333333333333	72.87333333333333	73.17333333333333	74.08	74.14666666666666	74.76666666666667	75.47333333333333	75.06666666666666	75.26	75.36666666666666	75.16	75.03333333333333	75.29333333333334	74.52666666666667	74.53333333333333	73.5	73.84666666666666	73.06	72.46666666666667	71.29333333333334	69.82666666666667	68.40666666666667	66.62666666666667	65.01333333333334	62.42666666666667	58.21333333333333	52.16	0.0
0.0	52.20666666666666	58.95333333333333	62.42666666666667	65.05333333333333	66.8	68.25333333333333	69.46	70.99333333333334	71.61333333333333	72.63333333333334	73.22666666666667	74.08	74.76	74.86	75.00666666666666	75.01333333333334	75.23333333333333	75.72666666666667	75.32	75.43333333333334	75.08	74.62	74.42	74.34666666666666	73.86	72.95333333333333	72.26666666666667	71.25333333333333	69.85333333333334	68.44666666666667	66.99333333333334	64.93333333333334	62.486666666666665	58.57333333333333	52.526666666666664	0.0
0.0	52.473333333333336	58.49333333333333	62.53333333333333	64.99333333333334	67.11333333333333	68.74666666666667	70.01333333333334	71.07333333333334	72.42	72.85333333333334	73.41333333333333	74.01333333333334	74.27333333333333	74.82	74.75333333333333	75.45333333333333	75.13333333333334	75.04	75.22	75.19333333333333	74.97333333333333	74.73333333333333	74.19333333333333	74.15333333333334	73.39333333333333	72.78666666666666	71.95333333333333	71.17333333333333	69.88666666666667	68.38666666666667	66.72	64.64666666666666	62.48	58.733333333333334	52.18666666666667	0.0
0.0	52.166666666666664	58.306666666666665	61.67333333333333	64.29333333333334	66.93333333333334	68.46	69.73333333333333	70.38666666666667	71.17333333333333	72.4	73.00666666666666	73.53333333333333	74.35333333333334	74.24	74.63333333333334	74.86	74.93333333333334	74.58666666666667	74.40666666666667	74.70666666666666	74.54	74.03333333333333	73.86	73.27333333333333	72.70666666666666	72.02666666666667	71.46666666666667	70.74	69.66666666666667	68.22666666666667	67.07333333333334	64.9	61.84	58.13333333333333	52.28666666666667	0.0
0.0	52.68	58.833333333333336	62.94	65.34666666666666	67.46	68.94666666666667	70.77333333333333	71.24666666666667	72.11333333333333	73.16666666666667	73.54	74.27333333333333	74.84	75.62666666666667	75.25333333333333	75.23333333333333	75.38666666666667	75.73333333333333	75.20666666666666	75.49333333333334	75.26	74.9	74.79333333333334	74.56	74.11333333333333	72.89333333333333	72.19333333333333	71.54666666666667	70.24666666666667	68.89333333333333	66.94	64.83333333333333	62.733333333333334	58.67333333333333	52.32	0.0
0.0	52.153333333333336	58.406666666666666	62.0	65.29333333333334	66.74	68.52666666666667	70.21333333333334	71.59333333333333	72.39333333333333	72.77333333333333	73.65333333333334	74.03333333333333	74.38	74.50666666666666	74.80666666666667	75.02666666666667	74.77333333333333	74.96	74.96666666666667	74.93333333333334	74.45333333333333	74.36666666666666	74.36666666666666	73.90666666666667	73.42	72.62666666666667	72.04666666666667	71.08	70.10666666666667	68.80666666666667	67.08666666666667	64.8	62.166666666666664	58.28666666666667	52.03333333333333	0.0
0.0	51.99333333333333	58.34	62.193333333333335	64.49333333333334	66.77333333333333	68.47333333333333	69.96	71.24666666666667	71.78666666666666	72.96	73.38666666666667	74.13333333333334	74.89333333333333	74.80666666666667	75.11333333333333	75.24666666666667	75.12666666666667	75.4	75.06666666666666	75.2	74.85333333333334	73.93333333333334	73.63333333333334	74.08	73.53333333333333	72.44	71.59333333333333	70.94	70.18666666666667	68.34	67.00666666666666	64.73333333333333	61.913333333333334	58.02	52.053333333333335	0.0
0.0	52.61333333333334	58.446666666666665	62.78666666666667	65.33333333333333	67.27333333333333	68.86666666666666	69.99333333333334	71.25333333333333	72.00666666666666	72.77333333333333	73.54	73.99333333333334	74.42666666666666	74.52	74.98	75.03333333333333	75.24	75.12	75.4	75.22666666666667	75.54	75.19333333333333	74.42666666666666	74.32666666666667	73.80666666666667	73.08	72.38	71.24	70.07333333333334	68.48666666666666	67.11333333333333	65.05333333333333	62.32666666666667	58.32666666666667	52.24	0.0
0.0	52.39333333333333	58.38666666666666	62.11333333333334	64.92666666666666	66.9	68.32	69.62666666666667	70.82666666666667	71.76666666666667	72.52	73.26	73.72666666666667	74.30666666666667	75.22666666666667	75.40666666666667	75.37333333333333	75.45333333333333	75.32666666666667	75.50666666666666	75.66666666666667	75.04	74.96666666666667	74.19333333333333	73.99333333333334	73.60666666666667	72.80666666666667	72.2	70.94	69.58	68.54	67.05333333333333	65.01333333333334	62.43333333333333	58.5	52.21333333333333	0.0
0.0	52.27333333333333	58.62	62.76	65.03333333333333	67.74	69.04666666666667	70.28666666666666	71.54	72.34	72.82	73.42	73.81333333333333	74.48	74.83333333333333	75.28666666666666	75.46	75.69333333333333	75.76	75.58	75.43333333333334	75.68	75.20666666666666	74.68666666666667	74.30666666666667	73.78	73.22	72.54	71.57333333333334	69.95333333333333	69.00666666666666	67.29333333333334	64.82666666666667	62.45333333333333	58.2	52.38666666666666	0.0
0.0	52.02	58.27333333333333	62.406666666666666	64.79333333333334	67.02	68.26	69.35333333333334	70.62666666666667	71.18666666666667	72.09333333333333	72.85333333333334	73.38	73.87333333333333	73.66666666666667	74.46	74.59333333333333	74.79333333333334	75.12666666666667	75.04666666666667	74.80666666666667	74.86666666666666	74.19333333333333	74.27333333333333	74.07333333333334	73.69333333333333	72.48	71.76666666666667	70.51333333333334	69.70666666666666	68.16666666666667	66.56	64.75333333333333	62.36666666666667	58.71333333333333	52.20666666666666	0.0
0.0	51.98	58.28666666666667	61.98	65.21333333333334	67.18	68.44	69.57333333333334	70.90666666666667	71.81333333333333	73.01333333333334	73.26	73.78	74.19333333333333	74.84	75.37333333333333	75.64	75.73333333333333	75.72666666666667	75.67333333333333	75.33333333333333	75.05333333333333	74.68666666666667	74.46	74.08	73.5	72.78	71.67333333333333	71.13333333333334	70.04	68.66666666666667	66.99333333333334	65.23333333333333	61.913333333333334	58.88	52.34	0.0
0.0	52.406666666666666	58.526666666666664	62.45333333333333	65.27333333333333	67.36	68.68	69.74	70.9	71.94666666666667	72.43333333333334	73.37333333333333	73.88	74.48666666666666	74.8	75.0	75.12	75.36666666666666	75.62	75.26	75.04	74.64666666666666	74.40666666666667	74.08	73.66666666666667	73.20666666666666	72.45333333333333	72.05333333333333	71.29333333333334	70.00666666666666	68.87333333333333	67.48	64.94666666666667	62.78	58.88	52.053333333333335	0.0
0.0	52.02	57.913333333333334	61.586666666666666	64.41333333333333	66.71333333333334	68.24666666666667	69.46	70.55333333333333	71.66	72.31333333333333	72.85333333333334	73.54	74.17333333333333	74.52666666666667	74.46666666666667	74.77333333333333	75.14	74.81333333333333	74.64	74.78	74.52666666666667	74.39333333333333	73.88	73.43333333333334	72.92666666666666	72.16666666666667	71.56666666666666	70.90666666666667	69.66	68.31333333333333	66.88666666666667	64.91333333333333	61.666666666666664	58.306666666666665	52.36666666666667	0.0
0.0	52.62	58.92666666666667	62.82	65.36666666666666	66.88	68.9	70.58666666666667	71.75333333333333	72.36	73.29333333333334	74.10666666666667	74.51333333333334	75.22666666666667	75.3	75.86666666666666	75.74666666666667	76.09333333333333	76.21333333333334	75.66	75.53333333333333	75.38666666666667	75.56	75.19333333333333	74.12	73.9	73.15333333333334	72.02	71.26666666666667	70.14	68.95333333333333	67.44	65.18	62.473333333333336	58.56	52.233333333333334	0.0
0.0	52.07333333333333	58.153333333333336	62.18666666666667	65.01333333333334	67.08666666666667	68.21333333333334	69.58	71.22	71.74	73.04666666666667	73.12	73.72	74.02	74.48	74.4	74.52666666666667	74.94	74.62666666666667	74.69333333333333	74.89333333333333	74.74666666666667	74.55333333333333	73.75333333333333	73.64	73.11333333333333	72.32	71.79333333333334	70.54	69.62	68.19333333333333	67.01333333333334	65.00666666666666	62.5	58.72666666666667	52.153333333333336	0.0
0.0	52.46	58.406666666666666	62.07333333333333	64.91333333333333	67.08666666666667	68.3	70.02	70.82	71.74	72.05333333333333	73.33333333333333	73.87333333333333	74.60666666666667	74.78666666666666	75.17333333333333	75.26666666666667	74.98666666666666	74.96666666666667	74.57333333333334	74.52666666666667	74.59333333333333	74.62666666666667	74.56	74.05333333333333	73.48	72.88	72.02	71.08666666666667	70.41333333333333	68.64	67.13333333333334	65.0	61.81333333333333	58.24	51.88666666666666	0.0
0.0	52.25333333333333	58.446666666666665	61.95333333333333	64.67333333333333	66.48	67.83333333333333	69.46	70.61333333333333	71.88666666666667	72.64	73.28666666666666	73.82	73.84666666666666	74.25333333333333	74.62	74.94	74.92	74.74	75.04	75.28666666666666	74.74	74.91333333333333	74.43333333333334	74.12	73.72666666666667	72.68666666666667	71.85333333333334	71.3	69.95333333333333	68.46666666666667	67.35333333333334	65.18	62.18666666666667	58.57333333333333	52.12	0.0
0.0	51.906666666666666	58.586666666666666	62.06666666666667	64.96	66.80666666666667	68.84666666666666	70.14666666666666	71.34	72.37333333333333	72.92	73.44	74.04	74.45333333333333	74.86666666666666	75.12	75.14	75.41333333333333	75.62	75.67333333333333	75.52666666666667	75.52666666666667	74.62666666666667	74.33333333333333	73.84666666666666	73.58	72.92	72.02	70.88666666666667	69.72666666666667	68.36666666666666	66.97333333333333	64.91333333333333	62.086666666666666	58.333333333333336	52.06	0.0
0.0	51.88666666666666	58.18	62.35333333333333	65.15333333333334	67.04666666666667	68.71333333333334	69.71333333333334	71.17333333333333	72.07333333333334	72.66666666666667	73.44666666666667	73.88666666666667	74.93333333333334	75.27333333333333	75.32666666666667	75.67333333333333	75.56666666666666	75.77333333333333	75.92	75.91333333333333	75.66	75.56	75.04	74.46	73.96666666666667	73.46666666666667	72.5	71.15333333333334	70.40666666666667	69.26	67.34666666666666	65.51333333333334	62.96666666666667	58.70666666666666	52.626666666666665	0.0
0.0	51.89333333333333	58.166666666666664	61.93333333333333	64.91333333333333	66.17333333333333	68.02666666666667	69.45333333333333	70.92666666666666	71.70666666666666	72.58666666666667	73.26	73.95333333333333	74.36	74.72	74.22666666666667	74.90666666666667	74.94666666666667	74.96666666666667	74.96666666666667	75.16666666666667	74.84	74.34	73.88	73.85333333333334	73.1	72.7	71.88666666666667	70.65333333333334	69.72	68.58666666666667	66.8	65.1	62.42	58.79333333333334	52.31333333333333	0.0
0.0	52.36	58.67333333333333	62.233333333333334	64.86666666666666	66.37333333333333	68.23333333333333	69.94666666666667	71.26666666666667	72.11333333333333	72.62666666666667	73.30666666666667	73.48	74.0	74.53333333333333	75.08666666666667	75.52666666666667	75.52666666666667	75.6	75.28	75.05333333333333	75.08666666666667	74.44	74.28666666666666	73.48666666666666	73.28666666666666	72.43333333333334	71.86	70.5	69.72666666666667	68.68666666666667	66.9	64.98	62.88666666666666	58.8	52.3	0.0
0.0	52.0	58.9	62.53333333333333	64.76666666666667	66.98666666666666	68.58	69.92666666666666	71.21333333333334	72.04	72.96666666666667	73.85333333333334	73.84	74.35333333333334	74.74	75.22666666666667	75.22666666666667	75.20666666666666	75.18	75.14	74.88	74.92	74.90666666666667	74.31333333333333	74.00666666666666	73.29333333333334	72.58666666666667	71.83333333333333	71.1	69.85333333333334	68.74	66.54	64.48	61.79333333333334	58.4	52.193333333333335	0.0
0.0	52.266666666666666	58.126666666666665	62.1	64.82	67.08666666666667	68.53333333333333	69.62666666666667	70.66666666666667	71.8	72.76666666666667	73.3	73.68	74.37333333333333	74.56666666666666	75.04	74.98666666666666	75.15333333333334	75.24666666666667	75.24666666666667	75.12666666666667	74.60666666666667	74.87333333333333	74.36	73.71333333333334	73.57333333333334	72.49333333333334	71.70666666666666	70.88666666666667	69.48	68.17333333333333	66.65333333333334	64.75333333333333	62.06	58.333333333333336	52.1	0.0
0.0	51.946666666666665	58.333333333333336	62.32	64.77333333333333	66.88666666666667	68.0	69.02666666666667	70.26	71.45333333333333	72.12666666666667	73.00666666666666	73.48666666666666	74.28	74.46	74.81333333333333	75.0	74.73333333333333	74.76	74.42666666666666	74.84666666666666	74.38	74.57333333333334	73.84666666666666	73.46666666666667	73.01333333333334	72.5	71.75333333333333	70.40666666666667	69.64	68.05333333333333	66.46	64.69333333333333	62.14666666666667	58.54	51.946666666666665	0.0
0.0	52.04666666666667	58.013333333333335	62.21333333333333	64.68	66.83333333333333	68.35333333333334	69.57333333333334	70.46	71.56666666666666	72.58666666666667	73.37333333333333	74.06666666666666	74.55333333333333	74.86	75.08	74.32	75.00666666666666	74.93333333333334	75.04	74.78666666666666	74.66666666666667	74.58	74.00666666666666	73.51333333333334	72.90666666666667	72.30666666666667	71.54666666666667	70.59333333333333	69.36	68.18	66.78666666666666	64.80666666666667	61.93333333333333	58.13333333333333	51.68666666666667	0.0
0.0	52.333333333333336	58.38	62.20666666666666	65.12666666666667	66.93333333333334	68.71333333333334	69.89333333333333	70.97333333333333	72.20666666666666	72.82666666666667	73.22666666666667	74.01333333333334	74.35333333333334	75.1	75.24666666666667	75.64666666666666	75.42666666666666	75.30666666666667	75.70666666666666	75.4	75.04666666666667	74.37333333333333	74.42	74.03333333333333	73.36666666666666	72.73333333333333	72.21333333333334	71.17333333333333	69.95333333333333	68.59333333333333	66.76	64.85333333333334	62.086666666666666	58.60666666666667	52.54666666666667	0.0
0.0	52.12	58.70666666666666	62.053333333333335	65.00666666666666	67.28666666666666	68.70666666666666	70.1	71.37333333333333	72.39333333333333	72.79333333333334	73.64666666666666	74.22	74.31333333333333	75.11333333333333	75.34	75.33333333333333	75.30666666666667	75.55333333333333	75.24	75.04	74.78	74.52666666666667	74.28666666666666	73.89333333333333	73.30666666666667	72.64666666666666	71.98666666666666	71.04666666666667	69.62666666666667	68.62666666666667	67.08666666666667	65.02	62.693333333333335	58.68	52.42666666666667	0.0
0.0	52.04666666666667	58.07333333333333	61.9	65.26666666666667	67.16666666666667	68.18666666666667	69.66666666666667	70.8	71.67333333333333	72.42666666666666	73.56666666666666	73.72	74.38666666666667	74.55333333333333	74.76666666666667	75.03333333333333	75.00666666666666	74.95333333333333	74.69333333333333	74.88666666666667	74.95333333333333	74.55333333333333	74.02	73.05333333333333	73.02666666666667	72.0	71.64	71.06	69.43333333333334	68.14	66.84	64.82666666666667	61.873333333333335	58.193333333333335	51.846666666666664	0.0
0.0	52.03333333333333	58.14666666666667	62.25333333333333	64.66666666666667	66.48	68.12666666666667	69.74666666666667	70.98	71.75333333333333	72.41333333333333	73.3	73.69333333333333	74.32	74.73333333333333	74.74666666666667	75.19333333333333	75.10666666666667	75.44666666666667	74.93333333333334	75.11333333333333	75.10666666666667	74.59333333333333	74.21333333333334	73.62666666666667	73.00666666666666	72.76666666666667	71.85333333333334	70.74666666666667	69.75333333333333	68.29333333333334	66.88	65.08	61.93333333333333	58.233333333333334	52.053333333333335	0.0
0.0	52.46666666666667	58.74	62.46	65.6	67.18666666666667	68.66	69.84666666666666	71.12666666666667	71.99333333333334	72.66	73.64666666666666	74.34666666666666	74.72	75.08666666666667	75.08666666666667	75.67333333333333	76.01333333333334	76.02	75.72	75.56666666666666	75.48666666666666	74.93333333333334	74.41333333333333	74.3	73.24666666666667	72.66666666666667	71.92666666666666	71.09333333333333	69.82	68.76666666666667	66.99333333333334	65.10666666666667	62.64666666666667	58.666666666666664	51.85333333333333	0.0
0.0	52.4	59.166666666666664	62.81333333333333	65.51333333333334	67.45333333333333	69.04	70.9	71.46	72.74666666666667	73.88	74.23333333333333	74.67333333333333	74.87333333333333	75.20666666666666	75.15333333333334	75.58666666666667	75.66	75.49333333333334	76.03333333333333	75.79333333333334	75.58666666666667	75.40666666666667	75.03333333333333	74.58666666666667	73.82	73.42	72.0	71.22	69.92	68.44666666666667	67.22	65.41333333333333	62.60666666666667	58.406666666666666	52.26	0.0
0.0	52.16	58.913333333333334	62.553333333333335	64.80666666666667	67.34	68.64666666666666	69.97333333333333	71.59333333333333	72.02666666666667	72.49333333333334	73.19333333333333	73.84666666666666	74.23333333333333	74.8	75.18	75.02666666666667	75.39333333333333	75.23333333333333	75.24	74.95333333333333	74.86666666666666	74.46	74.48666666666666	73.93333333333334	73.23333333333333	72.52	71.78666666666666	70.94	70.0	68.36666666666666	67.20666666666666	65.08	62.56	58.526666666666664	52.17333333333333	0.0
0.0	51.88	58.306666666666665	61.593333333333334	64.26	66.50666666666666	68.44666666666667	69.50666666666666	70.84	71.98	72.86666666666666	73.39333333333333	73.26666666666667	74.02	74.74666666666667	74.6	74.79333333333334	75.18666666666667	75.23333333333333	74.58666666666667	74.72666666666667	74.82666666666667	74.68	73.94	73.4	73.12	72.66	72.00666666666666	70.74666666666667	69.70666666666666	68.38	66.83333333333333	64.72666666666667	62.28666666666667	58.49333333333333	52.22	0.0
0.0	52.38666666666666	58.39333333333333	62.45333333333333	64.78666666666666	67.05333333333333	68.54	69.78	70.90666666666667	72.15333333333334	72.90666666666667	73.3	74.12666666666667	74.48	74.96666666666667	75.22	75.54	75.76	75.2	75.36	75.04666666666667	74.98	74.63333333333334	74.86	74.21333333333334	73.69333333333333	72.92666666666666	72.02	71.15333333333334	70.32666666666667	68.84666666666666	67.15333333333334	65.06666666666666	62.31333333333333	58.64666666666667	52.3	0.0
0.0	52.28	58.36	61.72666666666667	64.53333333333333	66.56	68.51333333333334	69.79333333333334	70.97333333333333	71.76666666666667	72.46666666666667	73.44	73.87333333333333	74.01333333333334	74.44	74.66666666666667	74.82	74.94	75.10666666666667	75.34666666666666	75.48666666666666	74.98	75.00666666666666	74.39333333333333	73.6	73.22	72.44666666666667	71.88666666666667	70.88	69.38666666666667	68.32666666666667	66.73333333333333	64.75333333333333	62.50666666666667	58.373333333333335	52.126666666666665	0.0
0.0	52.28	58.02	61.99333333333333	64.95333333333333	67.14666666666666	68.78	69.94666666666667	71.04666666666667	72.31333333333333	72.8	73.68666666666667	74.18	74.27333333333333	74.61333333333333	74.74666666666667	74.9	74.52	75.08666666666667	74.78	75.36666666666666	75.27333333333333	74.97333333333333	74.47333333333333	74.04	73.17333333333333	72.36	71.88666666666667	71.04666666666667	69.98666666666666	68.4	66.62	65.02666666666667	62.233333333333334	58.56666666666667	52.06	0.0
0.0	52.31333333333333	58.42	62.45333333333333	64.92666666666666	67.03333333333333	68.49333333333334	70.2	71.07333333333334	71.8	72.42	72.98666666666666	73.6	73.69333333333333	74.1	74.1	74.5	74.76	74.72666666666667	74.66666666666667	74.41333333333333	74.6	74.45333333333333	73.91333333333333	73.35333333333334	72.74	71.94666666666667	71.7	70.54	69.44	68.45333333333333	66.6	64.42666666666666	62.093333333333334	58.52	52.14666666666667	0.0
0.0	52.02	58.5	62.5	65.16666666666667	66.59333333333333	68.22666666666667	69.70666666666666	70.7	71.66	72.38	73.02	73.8	73.96	74.44666666666667	74.61333333333333	74.82666666666667	74.74666666666667	74.94666666666667	75.06	74.87333333333333	74.42	74.65333333333334	74.13333333333334	73.45333333333333	72.54666666666667	72.22	71.12666666666667	70.40666666666667	69.81333333333333	68.35333333333334	66.56666666666666	64.68	62.42	58.42666666666667	52.42666666666667	0.0
0.0	52.17333333333333	58.4	62.18666666666667	64.9	66.54	68.2	69.43333333333334	70.45333333333333	71.76666666666667	72.18666666666667	72.61333333333333	72.92666666666666	73.67333333333333	73.96	74.98	74.96666666666667	74.94	75.03333333333333	74.88	75.04666666666667	74.42666666666666	74.21333333333334	74.16	73.41333333333333	72.73333333333333	72.35333333333334	71.89333333333333	71.15333333333334	69.70666666666666	68.42	67.30666666666667	65.21333333333334	62.39333333333333	58.513333333333335	52.233333333333334	0.0
