0.0	54.18666666666667	61.35333333333333	65.92	69.44666666666667	71.84	73.51333333333334	74.88	76.11333333333333	77.51333333333334	78.51333333333334	79.42666666666666	80.18666666666667	80.5	80.8	81.10666666666667	81.42666666666666	81.65333333333334	82.03333333333333	81.8	81.31333333333333	81.31333333333333	80.86	80.66	80.26	79.34666666666666	78.06666666666666	77.02	75.73333333333333	74.88	73.08666666666667	71.61333333333333	69.32666666666667	66.0	61.89333333333333	54.53333333333333	0.0
0.0	54.16	61.48	65.90666666666667	69.21333333333334	71.66666666666667	73.47333333333333	75.24	76.08666666666667	77.43333333333334	78.34	79.0	79.74	80.0	80.86666666666666	81.38	81.18666666666667	81.23333333333333	81.41333333333333	81.59333333333333	81.68666666666667	81.68666666666667	81.26666666666667	80.61333333333333	79.96666666666667	79.12	78.11333333333333	77.51333333333334	76.38666666666667	74.66666666666667	73.31333333333333	71.54	68.76	65.84	61.72	54.553333333333335	0.0
0.0	54.22666666666667	61.77333333333333	65.85333333333334	69.50666666666666	71.86666666666666	73.46666666666667	75.02	76.46	77.3	78.2	79.7	80.29333333333334	80.78	81.08	81.43333333333334	81.55333333333333	81.52666666666667	81.86	81.21333333333334	81.36666666666666	81.16666666666667	80.62	79.96666666666667	79.63333333333334	79.20666666666666	78.27333333333333	77.06666666666666	76.30666666666667	75.18	73.2	71.50666666666666	68.76666666666667	65.79333333333334	61.2	53.99333333333333	0.0
0.0	54.12	61.92	66.3	69.00666666666666	71.54666666666667	73.62	74.88666666666667	76.50666666666666	77.39333333333333	78.54	79.30666666666667	79.88666666666667	80.28	80.93333333333334	81.33333333333333	81.29333333333334	81.64	81.49333333333334	81.6	81.72666666666667	81.00666666666666	80.44	80.17333333333333	79.83333333333333	79.6	78.39333333333333	77.32666666666667	76.28666666666666	74.78	73.4	71.24	69.18666666666667	66.03333333333333	61.266666666666666	54.306666666666665	0.0
0.0	54.093333333333334	61.54666666666667	66.11333333333333	69.16	71.74666666666667	74.12	75.72666666666667	76.86	78.12	78.62666666666667	79.55333333333333	80.64	81.04666666666667	81.56	81.48666666666666	81.97333333333333	81.74666666666667	81.74666666666667	82.22666666666667	81.71333333333334	81.58	81.18	80.90666666666667	80.26666666666667	79.8	78.88	77.85333333333334	76.73333333333333	75.47333333333333	73.66	71.74666666666667	69.36666666666666	66.24	61.553333333333335	54.38666666666666	0.0
0.0	54.36	61.28666666666667	65.36	68.98	71.28	73.52666666666667	75.04666666666667	76.52	78.02666666666667	78.94666666666667	79.27333333333333	79.91333333333333	80.72666666666667	81.03333333333333	81.48666666666666	81.64	81.32	81.73333333333333	81.67333333333333	81.74666666666667	81.72666666666667	81.47333333333333	80.3	80.24	79.55333333333333	79.1	77.75333333333333	76.68666666666667	75.32666666666667	73.68666666666667	71.89333333333333	69.14	65.8	61.50666666666667	54.27333333333333	0.0
0.0	54.553333333333335	61.64	65.96	69.1	71.74	74.04	75.4	76.76666666666667	77.7	78.81333333333333	79.62666666666667	80.32666666666667	80.84666666666666	81.06666666666666	81.66	81.92	82.36666666666666	82.52	82.5	82.46666666666667	81.95333333333333	81.76666666666667	81.18666666666667	80.4	79.64666666666666	79.16	78.06666666666666	77.24	75.30666666666667	74.03333333333333	72.36	69.37333333333333	66.18666666666667	61.77333333333333	54.48	0.0
0.0	54.553333333333335	62.1	66.15333333333334	69.38666666666667	71.92666666666666	73.44666666666667	75.68666666666667	76.75333333333333	77.67333333333333	78.68666666666667	79.28	80.08	80.74	81.12666666666667	81.38	81.58666666666667	81.96	81.62666666666667	81.78666666666666	81.55333333333333	81.64	81.2	80.78	80.39333333333333	79.59333333333333	78.68666666666667	78.01333333333334	76.58666666666667	75.61333333333333	73.52	71.82666666666667	69.31333333333333	66.25333333333333	62.00666666666667	54.45333333333333	0.0
0.0	54.2	61.28	65.36	68.82	71.37333333333333	73.25333333333333	74.76	76.09333333333333	77.39333333333333	78.39333333333333	78.87333333333333	79.06	79.94666666666667	80.33333333333333	80.31333333333333	80.64	81.04666666666667	81.44666666666667	80.82	80.84	80.86	80.34	79.9	79.32666666666667	79.28666666666666	78.5	77.54666666666667	76.16666666666667	74.82	73.14666666666666	71.09333333333333	69.01333333333334	65.64	61.14666666666667	54.04	0.0
0.0	54.27333333333333	61.82666666666667	66.14666666666666	69.72	71.84	73.88	75.42666666666666	76.30666666666667	77.94	78.83333333333333	79.16	79.97333333333333	80.24	80.6	81.23333333333333	81.16	81.12	81.04	81.23333333333333	81.04666666666667	81.19333333333333	80.66666666666667	80.43333333333334	79.68	79.24	78.42	77.02666666666667	75.87333333333333	74.39333333333333	72.92	71.00666666666666	68.74666666666667	66.14	61.42	54.333333333333336	0.0
0.0	54.333333333333336	61.63333333333333	65.75333333333333	69.19333333333333	71.32	73.50666666666666	74.98	76.4	77.43333333333334	78.56	79.19333333333333	79.74	80.22666666666667	80.55333333333333	80.99333333333334	81.33333333333333	81.56666666666666	81.39333333333333	81.34	81.55333333333333	81.08666666666667	80.85333333333334	80.27333333333333	79.94	79.50666666666666	78.54	77.86	76.52666666666667	75.34	74.06	71.84666666666666	69.48666666666666	66.37333333333333	61.60666666666667	54.35333333333333	0.0
0.0	54.413333333333334	61.333333333333336	65.87333333333333	68.97333333333333	71.78666666666666	73.78666666666666	74.95333333333333	76.54666666666667	77.46	78.41333333333333	79.24666666666667	79.84666666666666	80.35333333333334	81.07333333333334	81.31333333333333	81.62	81.65333333333334	81.79333333333334	81.8	81.42	80.91333333333333	80.58	80.43333333333334	79.81333333333333	79.4	78.1	77.29333333333334	76.18	75.56666666666666	73.44	71.26	68.74	65.95333333333333	61.413333333333334	54.20666666666666	0.0
0.0	54.22666666666667	61.32	65.88666666666667	68.98	71.24666666666667	72.96666666666667	74.62	76.28	77.26	78.22666666666667	78.81333333333333	78.90666666666667	79.56	80.13333333333334	80.24	80.65333333333334	80.81333333333333	80.65333333333334	80.92666666666666	80.86	80.21333333333334	80.34666666666666	79.91333333333333	79.55333333333333	78.84	78.13333333333334	77.10666666666667	76.09333333333333	74.82666666666667	73.48666666666666	71.58	68.98	65.76666666666667	61.49333333333333	54.07333333333333	0.0
0.0	54.486666666666665	61.486666666666665	66.48	69.18	71.59333333333333	73.03333333333333	74.95333333333333	76.40666666666667	77.44	78.5	79.25333333333333	79.84666666666666	79.98666666666666	80.69333333333333	80.76666666666667	81.34	81.44666666666667	81.45333333333333	81.32666666666667	81.64	81.66666666666667	81.06	80.64	80.0	79.01333333333334	78.26	77.39333333333333	76.59333333333333	75.20666666666666	73.53333333333333	71.60666666666667	68.99333333333334	66.22	61.71333333333333	54.74666666666667	0.0
0.0	54.50666666666667	61.88666666666666	66.34	69.22666666666667	71.73333333333333	73.74	75.70666666666666	76.78666666666666	77.78	78.92666666666666	79.44	79.94	80.29333333333334	80.44666666666667	80.97333333333333	81.02	81.59333333333333	81.64	81.22	80.90666666666667	80.41333333333333	80.73333333333333	80.27333333333333	79.63333333333334	78.89333333333333	78.34666666666666	77.50666666666666	76.19333333333333	75.01333333333334	73.36	71.34	69.07333333333334	65.88666666666667	61.68666666666667	54.24666666666667	0.0
0.0	54.526666666666664	62.17333333333333	66.63333333333334	69.88	71.88	73.94	75.89333333333333	77.18	78.34	78.99333333333334	80.00666666666666	80.54666666666667	80.85333333333334	81.86666666666666	81.81333333333333	82.08666666666667	81.84666666666666	82.08666666666667	82.21333333333334	82.22	81.7	81.49333333333334	81.16666666666667	80.49333333333334	79.54	79.30666666666667	78.48	77.50666666666666	76.03333333333333	73.81333333333333	71.66666666666667	70.04666666666667	66.72	62.193333333333335	54.17333333333333	0.0
0.0	54.70666666666666	61.92666666666667	66.39333333333333	69.52666666666667	71.57333333333334	73.75333333333333	75.41333333333333	76.8	77.96	78.64666666666666	79.15333333333334	79.66666666666667	80.0	80.24	81.20666666666666	81.31333333333333	81.35333333333334	81.77333333333333	81.62666666666667	81.60666666666667	81.16	80.50666666666666	80.74666666666667	79.92666666666666	79.82	78.87333333333333	77.73333333333333	76.4	75.22666666666667	73.9	71.54666666666667	69.17333333333333	66.03333333333333	61.513333333333335	54.44	0.0
0.0	54.29333333333334	61.38666666666666	65.88666666666667	69.11333333333333	71.59333333333333	73.26	74.69333333333333	75.89333333333333	77.11333333333333	77.84666666666666	78.84	79.42	79.71333333333334	80.54666666666667	81.12666666666667	80.59333333333333	81.36	81.50666666666666	81.94	81.90666666666667	81.20666666666666	80.95333333333333	80.52	79.66666666666667	79.24666666666667	78.60666666666667	78.01333333333334	76.64	75.19333333333333	73.37333333333333	71.52	68.98	66.25333333333333	61.513333333333335	54.21333333333333	0.0
0.0	54.306666666666665	61.39333333333333	65.92	69.00666666666666	71.72666666666667	73.65333333333334	75.58	76.88	78.04	78.85333333333334	79.58666666666667	80.49333333333334	81.11333333333333	81.01333333333334	81.40666666666667	81.38666666666667	81.4	81.80666666666667	81.68666666666667	81.57333333333334	81.44666666666667	80.9	80.98	80.19333333333333	79.24666666666667	78.31333333333333	77.63333333333334	76.55333333333333	75.02666666666667	73.98666666666666	71.37333333333333	69.19333333333333	66.07333333333334	61.74666666666667	54.333333333333336	0.0
0.0	54.666666666666664	61.526666666666664	66.40666666666667	69.38	71.55333333333333	73.55333333333333	74.94666666666667	76.30666666666667	77.35333333333334	77.90666666666667	79.14666666666666	80.22	80.25333333333333	80.72666666666667	81.03333333333333	81.34666666666666	81.5	81.46666666666667	81.47333333333333	81.48666666666666	80.88666666666667	80.30666666666667	79.97333333333333	79.07333333333334	78.89333333333333	77.95333333333333	77.30666666666667	76.4	74.99333333333334	73.48666666666666	71.61333333333333	68.8	66.04	61.373333333333335	54.373333333333335	0.0
0.0	54.153333333333336	61.72666666666667	65.98	69.74	72.04	74.08	75.66666666666667	77.02666666666667	78.28	78.96666666666667	79.86	80.22666666666667	80.95333333333333	81.35333333333334	81.46	81.94666666666667	81.81333333333333	81.84	82.02	82.04	81.64666666666666	81.28	80.85333333333334	80.35333333333334	79.94666666666667	79.06	78.03333333333333	77.18	75.58666666666667	73.83333333333333	72.12666666666667	69.20666666666666	66.44	61.973333333333336	54.266666666666666	0.0
0.0	54.63333333333333	61.46666666666667	66.17333333333333	69.58	71.82666666666667	73.09333333333333	75.28666666666666	76.58	77.9	78.88666666666667	79.34	79.95333333333333	80.38	81.04	81.1	81.40666666666667	81.72666666666667	81.78666666666666	81.41333333333333	81.32	81.36666666666666	81.18666666666667	80.90666666666667	80.42666666666666	79.40666666666667	78.75333333333333	77.92	76.62666666666667	75.38666666666667	74.02666666666667	71.50666666666666	69.02	65.94666666666667	61.54	54.43333333333333	0.0
0.0	54.68666666666667	61.74	66.08	69.16666666666667	71.8	73.6	74.96666666666667	76.68	77.57333333333334	78.25333333333333	79.01333333333334	79.54666666666667	80.32666666666667	80.46666666666667	81.11333333333333	81.26	81.36	81.22	81.20666666666666	81.14	80.86	80.64	80.50666666666666	79.6	79.03333333333333	78.54666666666667	77.44666666666667	76.20666666666666	75.02	73.7	71.39333333333333	68.94666666666667	65.7	61.29333333333334	53.99333333333333	0.0
0.0	54.66	61.913333333333334	66.34666666666666	69.55333333333333	72.28666666666666	73.68666666666667	75.28666666666666	76.62	77.66	78.54666666666667	79.52666666666667	80.38666666666667	80.90666666666667	81.18	81.82666666666667	82.0	82.12666666666667	82.00666666666666	82.03333333333333	81.46	81.22666666666667	81.02666666666667	80.96	80.38666666666667	79.27333333333333	78.66	77.72666666666667	76.40666666666667	75.08666666666667	73.47333333333333	71.96666666666667	69.62666666666667	66.56	61.99333333333333	54.26	0.0
0.0	54.34	61.373333333333335	65.79333333333334	69.09333333333333	71.76	73.65333333333334	74.85333333333334	76.16	77.04	77.66666666666667	78.5	79.44666666666667	80.1	80.26666666666667	80.64	81.26666666666667	81.33333333333333	81.74666666666667	81.13333333333334	81.04	80.76	80.58	80.02666666666667	79.58666666666667	79.18	78.55333333333333	77.83333333333333	76.54666666666667	75.34666666666666	73.62	72.02666666666667	68.48666666666666	65.6	61.266666666666666	54.34	0.0
0.0	54.593333333333334	61.89333333333333	66.21333333333334	69.61333333333333	71.42666666666666	73.40666666666667	75.09333333333333	76.4	77.44666666666667	78.26	79.04666666666667	79.81333333333333	80.22	80.54	80.92	81.31333333333333	81.1	81.76666666666667	81.68666666666667	81.35333333333334	81.31333333333333	81.03333333333333	80.89333333333333	80.0	79.43333333333334	78.55333333333333	77.62	76.64	75.4	73.46	71.82	69.34666666666666	66.22	61.66	54.52	0.0
0.0	54.446666666666665	61.85333333333333	65.75333333333333	69.48	72.04666666666667	73.61333333333333	74.98	76.16	77.12666666666667	78.53333333333333	79.31333333333333	79.78666666666666	80.52	80.76	80.68666666666667	80.98666666666666	81.17333333333333	81.38	81.05333333333333	80.9	80.42666666666666	80.89333333333333	80.34	79.3	78.92666666666666	77.70666666666666	77.0	76.18	74.66666666666667	73.43333333333334	71.13333333333334	68.71333333333334	65.95333333333333	61.733333333333334	54.333333333333336	0.0
0.0	54.02	61.85333333333333	66.16	69.55333333333333	72.02	74.20666666666666	75.28666666666666	76.75333333333333	77.68	78.28666666666666	79.02	79.78666666666666	80.48666666666666	80.68	81.57333333333334	81.79333333333334	81.64	81.59333333333333	81.56	81.78666666666666	81.29333333333334	81.17333333333333	80.84666666666666	79.92	79.46666666666667	78.71333333333334	77.68666666666667	76.34	75.09333333333333	73.75333333333333	71.61333333333333	69.28666666666666	66.18	61.61333333333334	54.12	0.0
0.0	54.3	62.11333333333334	66.08	69.10666666666667	71.53333333333333	73.62	74.91333333333333	76.34666666666666	77.44	78.59333333333333	79.20666666666666	79.71333333333334	80.29333333333334	80.82666666666667	81.44666666666667	81.29333333333334	81.38666666666667	82.06666666666666	81.93333333333334	81.3	81.11333333333333	81.22	80.84666666666666	79.92666666666666	79.14	78.41333333333333	77.48	76.44	75.3	73.76	71.4	69.44666666666667	65.93333333333334	61.75333333333333	54.14	0.0
0.0	54.52	61.666666666666664	65.81333333333333	69.64666666666666	71.72	73.57333333333334	75.26666666666667	76.10666666666667	77.74666666666667	78.83333333333333	79.52666666666667	80.42	80.77333333333333	81.32666666666667	81.52666666666667	81.72666666666667	81.8	82.17333333333333	82.04	82.07333333333334	81.40666666666667	80.96666666666667	80.88666666666667	80.24666666666667	79.97333333333333	78.88666666666667	77.83333333333333	76.58	75.5	73.88666666666667	72.04	69.42666666666666	66.56666666666666	61.8	54.54666666666667	0.0
0.0	54.526666666666664	61.50666666666667	66.16	69.57333333333334	71.8	73.84666666666666	75.54666666666667	76.97333333333333	78.24666666666667	79.06	79.31333333333333	80.47333333333333	80.81333333333333	81.54	82.31333333333333	82.57333333333334	82.10666666666667	81.78666666666666	82.15333333333334	81.61333333333333	81.20666666666666	80.99333333333334	80.45333333333333	79.89333333333333	79.36	78.65333333333334	77.28	76.24666666666667	75.05333333333333	73.09333333333333	71.66	68.98666666666666	66.05333333333333	61.233333333333334	54.13333333333333	0.0
0.0	54.44	61.86	66.51333333333334	69.8	72.28	74.05333333333333	75.75333333333333	76.98	78.17333333333333	79.06666666666666	79.66666666666667	80.26666666666667	80.82666666666667	81.1	81.44	81.78	81.8	81.79333333333334	81.72666666666667	81.76666666666667	81.58666666666667	81.15333333333334	80.81333333333333	80.02666666666667	79.37333333333333	78.5	77.75333333333333	76.50666666666666	75.38	73.52666666666667	71.76666666666667	68.94666666666667	65.98	61.81333333333333	54.5	0.0
0.0	54.24	61.56666666666667	66.04	69.32	71.82	73.75333333333333	75.3	76.42666666666666	77.72666666666667	78.44	79.16	79.94	80.66666666666667	81.0	81.38666666666667	81.13333333333334	81.28	81.45333333333333	81.52666666666667	81.44	81.41333333333333	80.78	80.4	79.86666666666666	79.42	78.49333333333334	77.43333333333334	76.57333333333334	75.00666666666666	73.82	71.33333333333333	68.9	66.04666666666667	61.2	54.78666666666667	0.0
0.0	54.17333333333333	61.24	66.04666666666667	69.39333333333333	71.54666666666667	73.59333333333333	75.38666666666667	76.29333333333334	77.97333333333333	78.68	79.65333333333334	80.29333333333334	80.57333333333334	81.06	81.44	81.56666666666666	81.98666666666666	81.92666666666666	81.91333333333333	81.87333333333333	81.53333333333333	81.16	80.9	80.28	79.53333333333333	78.83333333333333	77.86	76.3	75.12666666666667	73.59333333333333	71.73333333333333	69.11333333333333	66.45333333333333	61.66	54.61333333333334	0.0
0.0	54.63333333333333	61.513333333333335	66.02	69.47333333333333	72.13333333333334	73.35333333333334	75.42666666666666	77.04	77.92666666666666	78.5	79.61333333333333	80.02	80.57333333333334	80.95333333333333	81.47333333333333	81.52	81.7	81.64	81.72666666666667	81.68	81.3	81.1	80.42666666666666	79.72666666666667	78.89333333333333	78.04666666666667	77.78	76.69333333333333	75.36666666666666	73.72	71.69333333333333	69.07333333333334	65.94	61.04666666666667	54.306666666666665	0.0
0.0	54.38666666666666	61.76	65.97333333333333	69.24666666666667	71.73333333333333	73.72666666666667	75.22666666666667	76.60666666666667	77.73333333333333	78.62666666666667	79.28	80.08666666666667	80.62666666666667	81.09333333333333	81.38666666666667	81.64	81.9	81.84666666666666	81.27333333333333	81.25333333333333	81.08	80.80666666666667	80.52	79.48666666666666	79.50666666666666	78.42666666666666	77.57333333333334	76.64	75.06	73.76666666666667	71.9	68.72666666666667	65.61333333333333	61.49333333333333	54.18	0.0
0.0	54.513333333333335	61.96666666666667	66.38	69.30666666666667	71.92666666666666	74.02666666666667	75.73333333333333	76.32666666666667	77.93333333333334	78.82	79.40666666666667	79.76666666666667	80.52666666666667	80.99333333333334	81.22666666666667	81.44	81.38	81.42	81.44666666666667	81.4	81.18666666666667	81.34666666666666	80.52666666666667	80.26	79.77333333333333	78.71333333333334	78.0	76.59333333333333	75.54666666666667	73.68	71.81333333333333	69.31333333333333	66.47333333333333	61.806666666666665	54.46666666666667	0.0
0.0	54.733333333333334	61.56	66.06666666666666	69.41333333333333	71.66666666666667	73.40666666666667	75.31333333333333	76.52	77.77333333333333	78.94666666666667	79.98	80.65333333333334	81.32	81.72	81.98666666666666	82.05333333333333	82.01333333333334	81.74	81.83333333333333	81.52	81.15333333333334	80.94	80.36666666666666	79.75333333333333	79.39333333333333	78.46	77.67333333333333	76.5	75.06	73.74	71.85333333333334	69.41333333333333	66.54666666666667	61.986666666666665	54.233333333333334	0.0
0.0	54.50666666666667	61.86666666666667	66.23333333333333	68.92666666666666	71.54	73.49333333333334	75.16666666666667	76.55333333333333	77.48666666666666	78.52666666666667	79.13333333333334	80.05333333333333	80.82	81.18	81.76	81.60666666666667	81.99333333333334	82.17333333333333	82.03333333333333	81.88	81.82	81.10666666666667	80.79333333333334	80.10666666666667	79.31333333333333	78.74666666666667	77.60666666666667	76.58666666666667	75.32666666666667	73.64	72.16	69.58	66.48	62.21333333333333	54.86	0.0
0.0	54.52	62.06666666666667	66.34	69.66	72.42666666666666	74.07333333333334	76.04	76.98	77.77333333333333	78.94666666666667	79.9	80.58	80.61333333333333	81.11333333333333	81.45333333333333	81.74666666666667	81.99333333333334	81.95333333333333	81.96	82.17333333333333	81.92666666666666	81.46	80.94	80.14	79.49333333333334	78.46666666666667	77.53333333333333	76.56	75.00666666666666	73.68666666666667	71.95333333333333	69.28666666666666	65.87333333333333	61.81333333333333	54.38666666666666	0.0
0.0	54.72666666666667	61.96666666666667	66.16	69.32	71.68666666666667	73.5	75.08666666666667	76.00666666666666	77.47333333333333	78.33333333333333	79.06	79.56666666666666	80.20666666666666	80.96	81.04	80.92	81.54	81.93333333333334	82.0	81.66666666666667	81.10666666666667	81.22	80.26666666666667	80.3	79.97333333333333	78.86666666666666	78.02	77.0	75.38666666666667	73.88666666666667	71.92666666666666	69.82	66.27333333333333	62.12	54.67333333333333	0.0
0.0	54.7	61.7	66.15333333333334	69.13333333333334	71.56	73.8	75.16	76.24666666666667	77.53333333333333	78.51333333333334	79.16	79.89333333333333	80.54	80.83333333333333	81.08666666666667	81.51333333333334	81.8	81.39333333333333	81.63333333333334	81.51333333333334	81.50666666666666	81.08666666666667	80.26666666666667	79.88666666666667	79.42	78.62666666666667	77.64666666666666	76.66	74.75333333333333	73.65333333333334	72.01333333333334	69.19333333333333	65.92666666666666	61.45333333333333	54.153333333333336	0.0
0.0	54.43333333333333	61.72666666666667	66.41333333333333	69.30666666666667	71.46666666666667	73.44	75.35333333333334	76.4	77.55333333333333	78.46666666666667	79.15333333333334	80.10666666666667	80.56666666666666	81.16666666666667	81.15333333333334	81.47333333333333	81.17333333333333	81.6	81.46666666666667	81.15333333333334	80.72	80.44666666666667	80.4	79.76	79.52666666666667	78.74	77.75333333333333	77.03333333333333	75.41333333333333	73.60666666666667	71.29333333333334	69.09333333333333	65.99333333333334	61.5	54.72	0.0
0.0	54.28	61.5	65.64666666666666	68.43333333333334	70.89333333333333	73.05333333333333	74.81333333333333	76.39333333333333	77.37333333333333	78.45333333333333	79.45333333333333	79.84666666666666	80.10666666666667	80.27333333333333	81.24666666666667	81.24	81.4	81.22	81.34	81.4	81.24666666666667	80.96666666666667	80.25333333333333	80.04	79.18666666666667	78.63333333333334	77.63333333333334	76.16	74.79333333333334	73.03333333333333	71.78666666666666	69.01333333333334	66.31333333333333	61.64	54.166666666666664	0.0
0.0	54.42	61.42666666666667	66.06666666666666	69.19333333333333	71.32	73.33333333333333	75.05333333333333	76.36666666666666	77.5	78.59333333333333	79.46	80.26	80.57333333333334	81.12666666666667	81.48666666666666	81.67333333333333	81.58	81.42666666666666	81.26666666666667	81.3	81.14	80.94	80.83333333333333	79.64666666666666	79.24	78.37333333333333	77.52666666666667	76.52666666666667	75.42	73.94	71.63333333333334	69.5	66.23333333333333	61.63333333333333	54.49333333333333	0.0
0.0	54.38666666666666	61.58	65.85333333333334	69.11333333333333	71.73333333333333	73.39333333333333	75.11333333333333	76.42	77.69333333333333	78.3	79.58	79.6	80.29333333333334	80.67333333333333	81.22	81.60666666666667	81.50666666666666	81.51333333333334	81.78666666666666	81.74666666666667	81.32	80.88666666666667	80.34666666666666	80.0	78.97333333333333	78.41333333333333	77.74	76.58666666666667	75.65333333333334	73.84666666666666	71.42	69.1	66.25333333333333	61.66	53.95333333333333	0.0
0.0	54.586666666666666	61.946666666666665	66.13333333333334	69.53333333333333	71.52666666666667	73.84666666666666	75.24666666666667	76.36666666666666	77.53333333333333	78.14	79.0	80.06	80.76	81.06	81.26	81.26666666666667	81.28666666666666	81.51333333333334	81.25333333333333	81.20666666666666	81.21333333333334	80.95333333333333	80.14	79.92	79.72666666666667	78.47333333333333	77.58	76.49333333333334	75.46666666666667	73.74	72.28	69.60666666666667	66.41333333333333	62.26	54.71333333333333	0.0
0.0	54.35333333333333	61.513333333333335	66.18	69.32666666666667	71.90666666666667	73.69333333333333	74.75333333333333	76.47333333333333	77.3	78.53333333333333	79.6	79.94	80.41333333333333	81.03333333333333	81.12	81.38666666666667	81.56666666666666	81.76666666666667	81.6	81.39333333333333	81.10666666666667	80.94	80.47333333333333	79.94	79.45333333333333	78.42	77.54	76.34666666666666	75.09333333333333	73.72666666666667	71.43333333333334	69.36	66.21333333333334	61.8	54.32	0.0
0.0	54.2	61.54	65.9	69.02666666666667	71.48	73.71333333333334	75.00666666666666	76.46	77.77333333333333	78.2	79.04	79.72	80.41333333333333	80.74	80.83333333333333	81.25333333333333	81.24666666666667	81.7	81.38666666666667	81.36	81.49333333333334	81.06	80.56	80.11333333333333	79.29333333333334	78.80666666666667	77.75333333333333	76.78666666666666	75.20666666666666	73.68666666666667	71.96666666666667	69.49333333333334	66.17333333333333	61.8	54.446666666666665	0.0
0.0	54.21333333333333	61.36666666666667	65.66	69.02	71.63333333333334	73.61333333333333	75.12666666666667	76.92	77.83333333333333	78.76666666666667	79.79333333333334	80.5	80.84666666666666	81.42	81.48	82.11333333333333	81.79333333333334	82.12	82.01333333333334	81.86666666666666	81.68666666666667	81.66	81.14	80.6	79.50666666666666	78.52	77.8	76.52666666666667	75.34	73.63333333333334	71.84	69.08666666666667	66.05333333333333	61.77333333333333	54.4	0.0
0.0	54.26	61.45333333333333	66.03333333333333	69.10666666666667	71.18	73.74	75.2	76.18	77.37333333333333	78.43333333333334	79.42	79.97333333333333	80.50666666666666	80.77333333333333	81.22	81.30666666666667	81.47333333333333	81.26666666666667	81.46666666666667	81.06	80.85333333333334	80.7	80.50666666666666	79.9	79.54666666666667	78.05333333333333	77.53333333333333	76.34666666666666	75.16	73.80666666666667	71.89333333333333	69.11333333333333	66.16	61.486666666666665	54.32	0.0
0.0	54.553333333333335	61.7	66.41333333333333	69.41333333333333	71.54	73.31333333333333	74.98	76.22	77.54	78.53333333333333	79.47333333333333	80.08666666666667	80.57333333333334	80.86666666666666	81.28	81.05333333333333	81.26	81.76	81.47333333333333	81.01333333333334	81.02	80.72	80.13333333333334	79.8	79.06666666666666	78.31333333333333	76.98	76.00666666666666	74.96666666666667	73.40666666666667	71.67333333333333	69.45333333333333	66.16	61.52	54.373333333333335	0.0
0.0	54.02	61.26	65.55333333333333	69.02	71.14666666666666	73.31333333333333	75.03333333333333	76.57333333333334	77.67333333333333	78.37333333333333	79.22	80.21333333333334	80.84	80.99333333333334	80.88	81.88	81.7	81.46666666666667	81.72666666666667	81.7	81.59333333333333	81.05333333333333	80.73333333333333	80.73333333333333	79.12	78.98666666666666	78.08	76.86	75.14666666666666	73.64666666666666	71.78	69.24	65.99333333333334	61.67333333333333	54.17333333333333	0.0
0.0	54.413333333333334	61.38666666666666	66.11333333333333	68.99333333333334	71.24666666666667	73.36	74.95333333333333	76.32666666666667	77.83333333333333	78.86	79.47333333333333	80.05333333333333	80.58666666666667	81.08	81.77333333333333	81.93333333333334	81.84	81.94666666666667	82.22	81.87333333333333	81.79333333333334	81.30666666666667	81.01333333333334	80.17333333333333	79.51333333333334	78.34666666666666	77.64666666666666	76.48666666666666	74.96666666666667	73.59333333333333	71.2	69.32	66.35333333333334	61.74666666666667	54.193333333333335	0.0
0.0	54.26	61.62	66.02666666666667	69.42	71.74	73.62	74.96	76.37333333333333	77.6	78.81333333333333	79.30666666666667	79.82666666666667	80.51333333333334	80.88	81.06	80.91333333333333	81.53333333333333	81.62666666666667	81.8	81.59333333333333	81.49333333333334	80.95333333333333	80.86666666666666	80.72666666666667	79.54666666666667	78.58	77.58666666666667	76.32	75.19333333333333	73.63333333333334	72.05333333333333	69.57333333333334	66.36	61.72666666666667	54.32666666666667	0.0
0.0	54.17333333333333	61.20666666666666	65.96	69.60666666666667	71.79333333333334	73.96666666666667	75.28666666666666	76.81333333333333	77.56	78.58666666666667	79.36	80.32666666666667	80.58666666666667	81.18	81.64666666666666	81.80666666666667	82.14666666666666	82.17333333333333	81.81333333333333	81.50666666666666	81.50666666666666	81.14	80.99333333333334	80.30666666666667	79.4	78.66	77.32	76.54666666666667	74.99333333333334	73.50666666666666	71.62	69.26666666666667	65.87333333333333	61.1	53.86666666666667	0.0
0.0	54.08	61.18666666666667	65.59333333333333	69.33333333333333	71.81333333333333	73.78666666666666	75.32	76.17333333333333	77.38	78.45333333333333	79.38	80.01333333333334	80.22	80.43333333333334	81.00666666666666	81.17333333333333	81.40666666666667	81.51333333333334	81.48	81.02	81.34	80.61333333333333	80.04	79.80666666666667	78.93333333333334	77.86	76.99333333333334	76.40666666666667	75.16666666666667	73.5	71.25333333333333	69.1	65.84666666666666	61.42	54.013333333333335	0.0
0.0	54.48	61.48	65.62666666666667	68.82	71.0	73.34	75.01333333333334	76.24666666666667	77.84	78.67333333333333	79.34	79.86	80.38666666666667	80.87333333333333	81.52	81.72	81.74	81.4	81.52666666666667	81.00666666666666	81.13333333333334	80.74	80.08	79.63333333333334	78.91333333333333	78.58	77.08	76.13333333333334	74.88	73.23333333333333	71.50666666666666	69.42	66.16	61.5	54.2	0.0
0.0	54.48	61.56	65.96666666666667	69.13333333333334	71.80666666666667	73.53333333333333	75.38666666666667	76.18666666666667	77.54	78.42	78.96666666666667	79.98666666666666	79.87333333333333	80.46666666666667	80.9	81.05333333333333	81.84	81.82	81.15333333333334	81.13333333333334	81.04666666666667	80.28666666666666	80.28666666666666	79.70666666666666	79.04666666666667	78.36666666666666	77.20666666666666	76.16666666666667	74.8	73.28666666666666	71.38	69.00666666666666	65.74666666666667	61.64666666666667	53.986666666666665	0.0
0.0	54.28666666666667	61.72	65.85333333333334	69.06	71.67333333333333	73.25333333333333	74.96	75.98	77.2	78.24	79.37333333333333	80.01333333333334	80.34	80.62666666666667	80.80666666666667	81.10666666666667	81.26	81.55333333333333	81.27333333333333	81.01333333333334	80.90666666666667	80.48	79.98	79.62	78.93333333333334	77.75333333333333	77.3	76.34	75.03333333333333	73.22	71.22666666666667	68.9	66.02	61.82666666666667	54.71333333333333	0.0
0.0	54.593333333333334	61.78666666666667	65.66666666666667	68.94666666666667	71.38666666666667	73.38666666666667	74.69333333333333	76.09333333333333	77.26	78.44666666666667	79.26	79.63333333333334	80.51333333333334	80.96666666666667	81.24666666666667	81.76	81.64	81.55333333333333	81.95333333333333	81.07333333333334	80.89333333333333	80.42666666666666	80.44666666666667	79.60666666666667	79.02666666666667	78.39333333333333	77.84	76.5	75.06	73.3	71.54	69.50666666666666	66.3	61.46666666666667	54.20666666666666	0.0
0.0	54.25333333333333	61.49333333333333	65.79333333333334	68.56	71.02666666666667	73.24666666666667	74.91333333333333	76.12666666666667	77.36	78.02	79.34666666666666	79.5	80.26	80.86	80.99333333333334	81.24	80.98666666666666	81.65333333333334	81.11333333333333	81.25333333333333	80.82	80.76666666666667	80.09333333333333	79.98	79.21333333333334	77.9	77.07333333333334	76.11333333333333	74.78	72.97333333333333	71.44666666666667	68.75333333333333	65.42666666666666	61.733333333333334	54.13333333333333	0.0
0.0	54.10666666666667	61.413333333333334	65.93333333333334	68.97333333333333	71.32	73.76	75.12	76.48666666666666	77.66666666666667	78.6	79.12666666666667	79.58666666666667	80.12666666666667	80.71333333333334	81.02	80.76	81.04666666666667	81.02	81.68	81.35333333333334	80.99333333333334	80.60666666666667	80.58	79.86	78.88666666666667	78.27333333333333	77.36	76.04	74.68666666666667	72.98	71.66	69.34666666666666	66.06666666666666	61.446666666666665	54.04	0.0
0.0	54.64	61.74	65.99333333333334	69.14	71.92666666666666	73.52	75.30666666666667	76.93333333333334	77.69333333333333	78.61333333333333	79.35333333333334	79.96	80.36666666666666	80.57333333333334	80.88666666666667	80.94666666666667	81.14	81.30666666666667	80.81333333333333	81.04666666666667	81.18666666666667	80.52	80.12666666666667	79.77333333333333	79.02	78.16	77.25333333333333	76.41333333333333	75.17333333333333	73.96666666666667	71.82	69.31333333333333	65.96666666666667	61.76	54.666666666666664	0.0
0.0	54.26	61.346666666666664	65.72666666666667	68.78	71.3	73.22	75.02666666666667	76.17333333333333	77.01333333333334	78.14666666666666	78.72666666666667	79.2	80.06666666666666	80.71333333333334	81.24	81.36	81.38666666666667	81.38666666666667	81.43333333333334	81.44666666666667	81.21333333333334	81.00666666666666	80.28	79.34666666666666	78.97333333333333	78.32	77.38666666666667	76.08666666666667	74.55333333333333	73.08666666666667	71.16666666666667	68.64666666666666	65.88666666666667	61.54	54.10666666666667	0.0
0.0	54.35333333333333	61.68666666666667	66.13333333333334	69.4	71.58666666666667	73.54	75.07333333333334	76.27333333333333	77.57333333333334	78.96	79.44	80.15333333333334	80.75333333333333	81.29333333333334	81.48666666666666	81.8	81.75333333333333	81.80666666666667	81.92666666666666	81.59333333333333	81.34	81.06666666666666	80.8	80.48666666666666	79.64	78.79333333333334	77.91333333333333	76.84666666666666	75.9	74.15333333333334	71.84666666666666	69.28666666666666	66.25333333333333	61.92666666666667	54.346666666666664	0.0
0.0	54.35333333333333	61.8	66.20666666666666	69.43333333333334	71.46	73.48	75.39333333333333	76.98666666666666	77.89333333333333	79.08666666666667	79.85333333333334	80.7	81.06	81.54	81.89333333333333	82.02666666666667	82.38666666666667	82.20666666666666	82.43333333333334	82.56	82.02666666666667	81.86666666666666	80.88	80.34666666666666	80.09333333333333	79.03333333333333	78.04666666666667	77.03333333333333	75.54	73.96666666666667	71.86666666666666	69.69333333333333	66.45333333333333	61.70666666666666	54.22	0.0
0.0	54.22	61.62	65.98666666666666	68.94	71.91333333333333	73.9	74.94666666666667	76.47333333333333	77.46666666666667	78.47333333333333	79.30666666666667	79.9	80.18666666666667	81.00666666666666	81.45333333333333	81.82666666666667	82.02666666666667	82.14	81.73333333333333	81.73333333333333	81.74666666666667	81.26666666666667	80.48	79.80666666666667	79.33333333333333	78.61333333333333	77.23333333333333	76.22	75.02	73.44	71.46	69.00666666666666	65.86666666666666	61.233333333333334	54.52	0.0
0.0	54.28666666666667	61.68666666666667	65.52666666666667	69.34666666666666	71.75333333333333	73.62	74.94666666666667	76.31333333333333	77.70666666666666	79.00666666666666	79.36	79.91333333333333	80.56666666666666	80.57333333333334	80.94	81.06666666666666	81.14666666666666	80.92	81.04666666666667	80.62666666666667	80.52	80.06	80.09333333333333	79.4	79.1	77.84666666666666	77.24	75.82	74.56	72.83333333333333	71.8	69.10666666666667	66.08666666666667	61.46	54.446666666666665	0.0
0.0	54.346666666666664	61.373333333333335	66.28666666666666	69.15333333333334	71.58666666666667	73.50666666666666	75.24	76.81333333333333	78.06666666666666	79.13333333333334	79.61333333333333	79.85333333333334	80.02666666666667	80.97333333333333	80.76	81.28	81.04	81.32666666666667	81.57333333333334	81.32666666666667	81.46	80.5	80.38	79.78666666666666	78.88666666666667	78.67333333333333	77.56666666666666	76.51333333333334	75.48666666666666	73.62	71.70666666666666	69.43333333333334	65.78666666666666	61.586666666666666	54.22666666666667	0.0
0.0	54.406666666666666	61.833333333333336	66.19333333333333	69.13333333333334	71.53333333333333	73.8	75.02	76.38666666666667	77.90666666666667	78.96	80.07333333333334	80.24666666666667	81.09333333333333	81.00666666666666	80.99333333333334	81.43333333333334	81.29333333333334	82.03333333333333	81.78	81.81333333333333	81.25333333333333	80.9	80.70666666666666	80.14	79.81333333333333	78.63333333333334	77.84666666666666	76.8	75.89333333333333	73.88	71.6	69.25333333333333	66.06	61.586666666666666	54.406666666666666	0.0
0.0	54.46666666666667	61.44	65.88	69.2	71.36	73.27333333333333	74.39333333333333	76.28	77.12666666666667	78.0	79.09333333333333	79.47333333333333	80.13333333333334	80.69333333333333	81.18	81.48	81.40666666666667	81.24	81.39333333333333	81.5	81.07333333333334	80.58	80.18	79.72666666666667	79.13333333333334	78.02	77.53333333333333	76.4	74.62666666666667	73.12	70.91333333333333	68.96	65.64	61.38666666666666	54.38666666666666	0.0
0.0	54.373333333333335	61.233333333333334	65.93333333333334	69.17333333333333	71.53333333333333	73.32	74.82666666666667	76.06	77.22666666666667	78.12666666666667	78.96666666666667	79.74	80.10666666666667	80.7	80.91333333333333	81.45333333333333	81.52	81.22666666666667	80.63333333333334	81.12	81.27333333333333	80.44	79.97333333333333	79.38	79.0	78.26666666666667	77.4	76.2	74.84666666666666	73.06	71.22	69.02666666666667	65.70666666666666	61.766666666666666	54.5	0.0
0.0	54.266666666666666	61.306666666666665	65.94	69.26	71.7	73.05333333333333	74.94666666666667	76.24666666666667	77.54666666666667	78.41333333333333	79.3	80.0	80.36666666666666	80.72	80.94666666666667	81.56666666666666	81.10666666666667	81.32666666666667	81.32666666666667	81.58	81.23333333333333	80.94	80.27333333333333	79.54666666666667	79.1	78.79333333333334	77.68666666666667	76.33333333333333	75.08666666666667	73.28666666666666	71.34666666666666	68.58666666666667	65.50666666666666	61.22	53.96666666666667	0.0
0.0	54.64	61.57333333333333	65.66666666666667	68.87333333333333	71.56	73.65333333333334	75.24666666666667	76.56666666666666	77.51333333333334	78.44666666666667	79.13333333333334	80.06666666666666	80.58	81.02666666666667	81.07333333333334	81.28	81.44666666666667	81.49333333333334	81.4	81.46666666666667	81.26	81.13333333333334	80.40666666666667	79.93333333333334	79.50666666666666	78.66666666666667	77.83333333333333	76.26666666666667	75.22666666666667	73.72666666666667	71.99333333333334	69.04	65.86	61.45333333333333	54.56	0.0
0.0	54.46	61.21333333333333	65.86666666666666	69.16666666666667	71.40666666666667	73.30666666666667	74.98	76.46666666666667	77.28666666666666	78.4	79.32666666666667	80.0	80.3	80.77333333333333	80.66666666666667	81.24666666666667	81.15333333333334	81.26666666666667	81.14	81.54666666666667	81.04	80.82666666666667	80.40666666666667	79.81333333333333	78.89333333333333	78.19333333333333	77.34666666666666	76.79333333333334	74.86666666666666	72.92666666666666	71.38	68.96	65.70666666666666	61.29333333333334	54.52	0.0
0.0	54.22	61.62	66.13333333333334	69.47333333333333	71.97333333333333	73.65333333333334	75.38	76.9	77.9	78.78	79.68	80.15333333333334	80.76666666666667	81.49333333333334	81.64666666666666	81.86666666666666	82.18666666666667	82.12666666666667	81.98666666666666	81.52666666666667	81.42	80.97333333333333	80.50666666666666	80.54	79.36666666666666	78.79333333333334	77.8	76.92666666666666	75.37333333333333	73.85333333333334	71.97333333333333	69.46	66.34	61.34	54.346666666666664	0.0
0.0	54.64	62.08	66.39333333333333	69.49333333333334	71.9	73.88666666666667	75.56	76.48666666666666	77.79333333333334	79.03333333333333	79.55333333333333	80.30666666666667	80.75333333333333	81.36	81.39333333333333	81.44666666666667	81.59333333333333	81.61333333333333	81.38	81.25333333333333	81.18	80.88	80.56666666666666	79.66	79.22666666666667	79.02	78.05333333333333	77.06	75.59333333333333	73.98	71.92	69.56666666666666	66.58	61.78666666666667	54.406666666666666	0.0
0.0	54.026666666666664	61.57333333333333	66.2	69.04666666666667	70.97333333333333	72.82666666666667	74.47333333333333	76.38666666666667	76.93333333333334	78.46666666666667	78.8	79.46666666666667	80.36	80.36	81.10666666666667	81.28666666666666	81.36	81.26	81.31333333333333	81.36	80.59333333333333	80.22	80.28666666666666	79.91333333333333	79.04666666666667	78.16666666666667	77.50666666666666	76.4	74.7	72.77333333333333	70.83333333333333	68.56666666666666	66.16666666666667	61.3	54.34	0.0
0.0	54.31333333333333	61.17333333333333	65.81333333333333	69.42	71.65333333333334	73.64666666666666	75.28	76.1	77.42666666666666	78.21333333333334	79.07333333333334	80.24	80.66666666666667	81.24666666666667	81.78	81.76	81.78666666666666	81.64666666666666	82.03333333333333	81.78666666666666	81.82	81.32666666666667	80.65333333333334	80.00666666666666	79.26	78.88	77.77333333333333	76.58	75.22666666666667	73.71333333333334	71.80666666666667	68.95333333333333	65.92666666666666	61.12	54.32	0.0
0.0	54.28	61.88666666666666	66.18	69.00666666666666	71.58666666666667	73.38	75.28	76.33333333333333	77.65333333333334	78.46	79.34666666666666	80.02666666666667	80.19333333333333	80.83333333333333	81.06	81.2	81.52666666666667	81.65333333333334	81.18666666666667	81.02	80.89333333333333	80.63333333333334	80.16	79.95333333333333	78.88666666666667	78.28	77.27333333333333	75.85333333333334	74.92	73.43333333333334	71.37333333333333	68.97333333333333	65.7	61.11333333333334	54.06666666666667	0.0
0.0	54.12	61.29333333333334	65.81333333333333	69.12666666666667	71.32666666666667	72.8	74.26	75.83333333333333	76.76	78.19333333333333	78.86	79.31333333333333	79.68	79.69333333333333	79.98	80.42	80.2	80.41333333333333	80.49333333333334	80.28	80.4	79.88	79.55333333333333	79.14666666666666	78.50666666666666	77.97333333333333	76.85333333333334	75.58	74.95333333333333	73.1	71.31333333333333	69.04	65.79333333333334	61.526666666666664	54.42666666666667	0.0
0.0	54.526666666666664	61.913333333333334	66.24	69.38666666666667	71.78666666666666	73.61333333333333	75.29333333333334	76.65333333333334	77.35333333333334	78.76	79.64	80.13333333333334	80.40666666666667	81.54666666666667	81.49333333333334	81.44	81.72	81.92666666666666	81.58	81.19333333333333	81.04666666666667	80.86	80.59333333333333	79.52666666666667	78.59333333333333	77.98666666666666	77.45333333333333	76.25333333333333	75.16666666666667	73.59333333333333	71.59333333333333	69.34	66.04666666666667	61.94	54.593333333333334	0.0
0.0	54.333333333333336	61.593333333333334	66.14	69.38	71.59333333333333	74.18	75.42	76.48	77.66666666666667	78.36	79.19333333333333	80.13333333333334	80.65333333333334	80.90666666666667	81.20666666666666	81.23333333333333	81.35333333333334	81.24666666666667	80.96666666666667	81.01333333333334	81.26666666666667	81.08666666666667	80.44666666666667	80.04666666666667	79.43333333333334	78.75333333333333	77.54	76.36	75.12	73.71333333333334	71.9	69.3	65.92	61.373333333333335	54.6	0.0
0.0	54.42	61.75333333333333	66.32666666666667	69.55333333333333	71.79333333333334	73.70666666666666	75.22	76.60666666666667	78.15333333333334	79.05333333333333	79.95333333333333	80.53333333333333	81.41333333333333	81.67333333333333	82.07333333333334	82.47333333333333	82.29333333333334	82.38666666666667	82.21333333333334	82.16666666666667	81.73333333333333	81.34666666666666	80.82666666666667	80.13333333333334	79.49333333333334	78.87333333333333	77.54666666666667	76.18	75.15333333333334	73.43333333333334	71.56666666666666	69.29333333333334	65.71333333333334	61.20666666666666	54.03333333333333	0.0
0.0	54.32	61.846666666666664	66.36	69.35333333333334	71.60666666666667	73.45333333333333	75.60666666666667	76.68	78.05333333333333	78.78666666666666	79.31333333333333	80.3	80.53333333333333	81.35333333333334	81.52	81.78	81.42666666666666	81.58	81.53333333333333	81.30666666666667	80.99333333333334	80.75333333333333	80.41333333333333	80.2	79.14666666666666	78.24	77.42	76.56	75.71333333333334	73.78666666666666	71.93333333333334	69.44666666666667	66.34	61.78	54.486666666666665	0.0
0.0	54.49333333333333	61.85333333333333	66.12	69.48666666666666	72.04	74.02666666666667	75.78	77.09333333333333	78.21333333333334	79.46	79.76666666666667	79.93333333333334	80.92	81.58666666666667	81.68666666666667	81.70666666666666	82.05333333333333	81.75333333333333	81.62	81.60666666666667	81.76	81.08666666666667	80.52666666666667	79.86666666666666	79.74666666666667	78.73333333333333	77.41333333333333	76.28666666666666	75.19333333333333	73.46666666666667	71.7	69.18666666666667	66.05333333333333	61.626666666666665	54.2	0.0
0.0	54.34	61.61333333333334	66.21333333333334	69.31333333333333	71.75333333333333	73.49333333333334	75.2	76.31333333333333	77.60666666666667	78.23333333333333	79.30666666666667	79.96	80.58	80.80666666666667	80.94	81.35333333333334	81.48	81.14666666666666	81.38666666666667	81.26	80.88	80.68666666666667	80.72666666666667	80.39333333333333	79.49333333333334	78.86	77.58	76.67333333333333	75.42666666666666	73.81333333333333	71.98	69.20666666666666	65.84	61.70666666666666	54.06666666666667	0.0
0.0	54.266666666666666	61.89333333333333	66.1	69.23333333333333	71.13333333333334	73.36666666666666	75.1	76.46	77.28	78.58	79.00666666666666	80.1	80.31333333333333	80.83333333333333	81.20666666666666	81.49333333333334	81.31333333333333	81.84	81.56666666666666	81.6	81.78666666666666	81.24666666666667	80.54666666666667	79.99333333333334	79.12666666666667	78.20666666666666	77.35333333333334	75.97333333333333	74.78666666666666	73.11333333333333	71.18	68.70666666666666	65.46666666666667	60.946666666666665	54.3	0.0
0.0	54.39333333333333	61.81333333333333	66.29333333333334	69.25333333333333	71.18666666666667	73.28	75.2	76.73333333333333	77.62	78.87333333333333	79.74666666666667	80.21333333333334	80.64666666666666	81.05333333333333	81.46666666666667	81.58666666666667	81.68	81.54	81.36	81.18	80.96	80.75333333333333	80.61333333333333	80.50666666666666	79.54	78.73333333333333	77.98	76.72666666666667	75.33333333333333	73.58666666666667	71.66666666666667	69.06	66.22	61.28666666666667	54.29333333333334	0.0
0.0	54.29333333333334	61.86	66.12	69.54	71.82	73.98	75.81333333333333	76.98	78.14666666666666	78.28666666666666	78.98666666666666	79.78666666666666	80.22	80.65333333333334	81.37333333333333	81.37333333333333	81.72	81.79333333333334	81.61333333333333	81.48666666666666	81.28	80.72666666666667	80.51333333333334	80.26666666666667	79.5	78.51333333333334	77.71333333333334	76.60666666666667	75.37333333333333	74.16666666666667	71.72666666666667	69.2	66.42	61.68	54.68	0.0
0.0	54.38	61.75333333333333	66.28666666666666	69.58666666666667	72.28666666666666	74.37333333333333	75.85333333333334	77.50666666666666	78.20666666666666	79.15333333333334	80.00666666666666	80.54	81.39333333333333	81.98666666666666	81.96	82.08666666666667	82.19333333333333	82.32666666666667	82.09333333333333	81.82	81.78	81.23333333333333	81.12	80.36666666666666	79.72666666666667	79.24	78.40666666666667	77.09333333333333	76.02	74.09333333333333	72.18666666666667	69.53333333333333	66.48	61.95333333333333	54.373333333333335	0.0
0.0	54.486666666666665	61.346666666666664	66.68666666666667	69.52666666666667	71.78666666666666	73.65333333333334	74.92	76.28666666666666	77.24666666666667	78.2	78.95333333333333	79.84	80.71333333333334	81.11333333333333	81.33333333333333	80.96666666666667	81.35333333333334	81.64666666666666	81.48666666666666	81.44666666666667	80.88666666666667	80.42666666666666	80.11333333333333	79.92	79.2	78.26	77.27333333333333	76.2	74.72	73.38666666666667	71.63333333333334	68.94666666666667	65.96666666666667	61.64	54.38	0.0
0.0	54.14666666666667	61.5	65.97333333333333	69.06	71.56666666666666	73.4	74.90666666666667	76.52	77.26	78.32	79.36	80.01333333333334	80.78	81.39333333333333	81.44666666666667	81.39333333333333	81.88666666666667	81.84	81.14	81.08	81.09333333333333	80.98666666666666	80.48	80.08666666666667	79.90666666666667	78.92666666666666	78.12	77.03333333333333	75.76666666666667	74.00666666666666	72.22666666666667	69.34	66.04666666666667	61.60666666666667	54.24666666666667	0.0
0.0	54.346666666666664	61.473333333333336	66.39333333333333	68.9	71.69333333333333	73.53333333333333	75.36666666666666	76.32	77.31333333333333	78.02666666666667	79.37333333333333	80.0	80.54	80.94666666666667	81.08666666666667	81.42666666666666	81.40666666666667	82.08	81.97333333333333	81.32	81.13333333333334	80.70666666666666	80.56666666666666	80.42666666666666	79.78	78.63333333333334	77.5	76.55333333333333	75.32666666666667	73.86	71.73333333333333	69.34	66.15333333333334	61.46	54.56	0.0
0.0	54.25333333333333	61.71333333333333	65.81333333333333	69.58666666666667	72.02666666666667	73.53333333333333	75.05333333333333	76.48666666666666	77.62666666666667	78.27333333333333	78.96666666666667	79.47333333333333	80.11333333333333	80.66	80.92666666666666	81.78	81.68	81.94666666666667	81.84	81.61333333333333	80.94	80.87333333333333	80.62666666666667	80.06	79.32	78.98	78.0	76.68666666666667	75.07333333333334	73.8	72.16666666666667	69.7	66.03333333333333	61.44	54.653333333333336	0.0
0.0	54.1	61.57333333333333	65.9	69.02	71.45333333333333	73.76666666666667	75.06666666666666	76.19333333333333	78.03333333333333	78.92666666666666	79.69333333333333	80.34	80.71333333333334	81.31333333333333	81.58666666666667	81.46666666666667	81.54	81.56666666666666	81.55333333333333	81.32666666666667	81.24666666666667	80.92666666666666	80.9	80.28666666666666	79.64	78.82666666666667	77.59333333333333	76.59333333333333	75.22	73.40666666666667	71.75333333333333	68.93333333333334	65.94666666666667	61.72666666666667	54.32666666666667	0.0
0.0	54.586666666666666	61.60666666666667	66.41333333333333	69.21333333333334	71.69333333333333	73.84666666666666	74.92	76.6	77.8	78.77333333333333	79.21333333333334	79.77333333333333	80.37333333333333	80.74	80.93333333333334	80.97333333333333	80.91333333333333	81.34666666666666	81.26	81.12	81.16666666666667	81.17333333333333	80.64	80.22	79.56	78.94	77.70666666666666	76.52	75.02	73.3	71.64	69.38666666666667	66.19333333333333	61.63333333333333	54.513333333333335	0.0
0.0	54.52	61.88	66.22666666666667	69.48	71.75333333333333	73.83333333333333	75.40666666666667	76.72	78.14	78.79333333333334	79.74	80.68666666666667	81.11333333333333	81.78666666666666	81.72666666666667	81.94	82.35333333333334	82.58	82.06	82.18	81.71333333333334	81.53333333333333	81.19333333333333	80.44666666666667	79.70666666666666	79.16666666666667	78.14	76.55333333333333	75.28	73.78666666666666	71.76	69.64	66.02	61.446666666666665	54.28666666666667	0.0
0.0	54.54666666666667	61.94	66.52666666666667	69.73333333333333	71.85333333333334	73.84	75.14	76.84	77.58666666666667	78.74666666666667	79.66	80.12	80.60666666666667	80.68666666666667	81.33333333333333	81.48	81.39333333333333	81.58666666666667	81.48	81.51333333333334	80.99333333333334	81.08666666666667	80.28	79.94666666666667	79.14	78.66666666666667	77.98666666666666	76.88	75.63333333333334	73.84	71.73333333333333	68.90666666666667	65.99333333333334	61.346666666666664	54.28666666666667	0.0
0.0	54.46666666666667	61.70666666666666	66.42666666666666	69.07333333333334	71.98666666666666	73.63333333333334	75.08	76.53333333333333	77.97333333333333	78.64666666666666	79.71333333333334	80.28666666666666	80.51333333333334	80.80666666666667	81.09333333333333	81.13333333333334	81.08666666666667	81.25333333333333	81.04666666666667	81.34	81.16	80.62666666666667	80.58	79.73333333333333	79.58666666666667	78.82666666666667	77.72666666666667	76.45333333333333	75.47333333333333	73.74	72.3	69.2	66.36666666666666	61.89333333333333	54.24	0.0
0.0	54.31333333333333	61.94	66.26	69.38666666666667	71.56666666666666	73.45333333333333	75.1	76.75333333333333	77.54	78.38666666666667	79.6	80.30666666666667	80.42666666666666	81.30666666666667	81.4	81.88666666666667	81.8	81.75333333333333	81.78666666666666	81.8	81.72666666666667	81.16666666666667	81.25333333333333	80.81333333333333	80.01333333333334	78.72666666666667	77.87333333333333	76.78666666666666	75.1	73.5	71.52	69.13333333333334	66.00666666666666	61.32	54.62	0.0
0.0	54.1	61.306666666666665	66.28666666666666	69.95333333333333	72.27333333333333	74.04666666666667	75.66666666666667	76.87333333333333	78.12666666666667	78.98666666666666	79.52	80.56666666666666	80.62	80.95333333333333	81.46	82.13333333333334	82.19333333333333	81.90666666666667	81.66666666666667	82.02666666666667	81.9	81.23333333333333	80.93333333333334	80.04666666666667	79.39333333333333	78.72666666666667	77.82666666666667	76.48666666666666	75.42	74.00666666666666	71.96666666666667	69.44	66.42666666666666	61.473333333333336	54.553333333333335	0.0
0.0	54.39333333333333	61.70666666666666	66.49333333333334	69.28666666666666	71.92	74.22666666666667	75.44666666666667	77.25333333333333	77.89333333333333	78.68	79.96	80.28	80.98666666666666	81.51333333333334	81.52	81.45333333333333	81.64666666666666	82.10666666666667	81.96	81.48666666666666	81.80666666666667	80.99333333333334	80.69333333333333	80.44	79.67333333333333	78.98	78.09333333333333	76.82	75.61333333333333	73.44	71.4	69.00666666666666	65.74666666666667	61.24	54.24666666666667	0.0
0.0	54.5	61.45333333333333	66.06666666666666	68.91333333333333	71.43333333333334	73.61333333333333	74.89333333333333	76.36666666666666	77.55333333333333	78.26666666666667	78.92666666666666	79.75333333333333	80.02	80.88	81.26	81.10666666666667	81.17333333333333	81.18666666666667	81.16666666666667	81.40666666666667	81.1	80.92666666666666	80.2	79.58666666666667	79.4	78.66	77.58	75.87333333333333	75.00666666666666	73.28666666666666	71.6	69.09333333333333	65.85333333333334	61.32666666666667	53.79333333333334	0.0
0.0	54.58	61.74	66.63333333333334	69.33333333333333	71.95333333333333	73.92666666666666	75.05333333333333	76.44666666666667	77.44	78.67333333333333	79.36	80.23333333333333	80.78666666666666	81.00666666666666	81.12666666666667	81.21333333333334	81.64666666666666	81.68666666666667	81.59333333333333	82.06	81.48	80.95333333333333	80.72	80.05333333333333	79.32666666666667	78.74666666666667	77.80666666666667	77.09333333333333	75.2	73.56666666666666	71.63333333333334	69.33333333333333	66.26	61.50666666666667	54.333333333333336	0.0
0.0	54.57333333333333	61.9	66.54666666666667	69.76666666666667	72.36666666666666	74.16	75.16666666666667	76.57333333333334	77.51333333333334	78.66666666666667	79.68	80.4	80.82	81.43333333333334	81.33333333333333	81.68666666666667	81.94666666666667	82.08666666666667	81.9	81.48666666666666	81.53333333333333	81.2	80.61333333333333	80.15333333333334	79.5	78.66666666666667	77.98666666666666	76.71333333333334	75.32	73.81333333333333	71.58666666666667	69.18666666666667	66.26	61.766666666666666	54.27333333333333	0.0
0.0	54.46	61.60666666666667	66.51333333333334	69.45333333333333	71.78666666666666	73.58666666666667	75.22	76.46	78.02666666666667	78.7	79.54	80.78666666666666	81.12666666666667	81.22666666666667	81.58666666666667	81.46666666666667	81.80666666666667	81.82666666666667	81.9	81.78666666666666	81.84	81.21333333333334	80.72666666666667	80.31333333333333	79.76	79.08666666666667	78.14666666666666	76.73333333333333	75.34666666666666	73.82666666666667	72.0	69.58666666666667	66.32666666666667	61.74666666666667	54.60666666666667	0.0
0.0	54.25333333333333	61.34	65.80666666666667	69.04	71.38666666666667	73.49333333333334	74.76	75.74666666666667	77.34666666666666	78.51333333333334	78.95333333333333	79.87333333333333	80.26666666666667	81.02	81.76666666666667	81.94	82.08666666666667	82.08666666666667	82.13333333333334	81.68	81.40666666666667	80.94	80.86666666666666	80.16	79.45333333333333	78.76	77.97333333333333	76.24	74.88666666666667	73.54	71.36666666666666	68.79333333333334	66.17333333333333	61.46	54.526666666666664	0.0
0.0	54.153333333333336	61.68	66.03333333333333	69.16666666666667	71.86666666666666	73.67333333333333	75.52	76.7	78.02	78.96	79.17333333333333	79.86666666666666	80.62666666666667	81.49333333333334	81.56666666666666	81.67333333333333	82.0	81.71333333333334	81.85333333333334	81.82666666666667	81.22	80.58	80.14	79.96	79.61333333333333	78.09333333333333	77.72666666666667	76.64666666666666	75.04	73.64666666666666	71.74	69.34666666666666	66.0	61.973333333333336	54.193333333333335	0.0
0.0	54.486666666666665	61.70666666666666	65.66666666666667	68.74666666666667	71.84666666666666	73.66	75.16666666666667	76.19333333333333	77.30666666666667	78.49333333333334	79.46666666666667	80.28666666666666	80.52	81.14	81.82666666666667	81.67333333333333	81.82	82.01333333333334	81.74	81.57333333333334	81.16	80.62	80.48666666666666	80.13333333333334	79.27333333333333	78.67333333333333	77.78666666666666	76.70666666666666	74.67333333333333	72.74	71.43333333333334	68.97333333333333	65.94	61.666666666666664	54.14666666666667	0.0
0.0	54.3	61.70666666666666	66.50666666666666	69.64	71.5	73.85333333333334	75.52666666666667	76.8	77.9	78.47333333333333	79.10666666666667	80.08	80.71333333333334	80.94666666666667	81.6	81.72	81.45333333333333	81.76	81.66	81.48666666666666	81.06666666666666	80.9	80.42	79.90666666666667	79.83333333333333	78.66	77.5	76.30666666666667	74.95333333333333	73.87333333333333	71.96666666666667	69.46666666666667	66.13333333333334	61.46	54.486666666666665	0.0
0.0	54.32	61.42	66.48	69.4	71.7	73.28666666666666	75.42666666666666	76.57333333333334	77.54	78.33333333333333	79.05333333333333	80.14	80.47333333333333	81.23333333333333	81.16	81.52	81.68	81.69333333333333	81.54666666666667	81.84666666666666	81.53333333333333	81.29333333333334	80.70666666666666	79.83333333333333	79.51333333333334	78.92	77.77333333333333	76.4	75.11333333333333	73.78	71.52666666666667	69.10666666666667	66.02	62.16	54.473333333333336	0.0
0.0	54.26	61.833333333333336	66.2	69.37333333333333	72.07333333333334	73.64666666666666	75.4	76.60666666666667	77.48	78.52666666666667	79.08666666666667	79.64	80.08666666666667	80.75333333333333	81.05333333333333	81.00666666666666	81.32666666666667	81.73333333333333	81.4	81.42	81.38666666666667	81.0	80.5	80.08666666666667	79.60666666666667	78.50666666666666	77.73333333333333	76.41333333333333	75.22	73.81333333333333	72.24666666666667	69.64	66.18	61.54	54.35333333333333	0.0
0.0	54.21333333333333	61.473333333333336	65.89333333333333	68.74666666666667	71.24	73.4	75.0	76.34666666666666	77.28666666666666	79.16	79.47333333333333	79.94	80.31333333333333	81.14666666666666	81.12	81.39333333333333	81.99333333333334	82.26666666666667	82.06666666666666	82.12666666666667	81.14	80.98666666666666	80.54666666666667	80.2	79.34	78.49333333333334	77.28	76.46666666666667	74.80666666666667	73.55333333333333	71.68	69.20666666666666	65.9	61.82666666666667	54.053333333333335	0.0
0.0	54.34	61.28	66.02666666666667	69.09333333333333	71.40666666666667	73.35333333333334	75.19333333333333	76.92666666666666	77.66	79.00666666666666	79.89333333333333	80.29333333333334	80.9	81.53333333333333	81.77333333333333	81.66666666666667	82.29333333333334	82.1	81.87333333333333	81.92666666666666	81.51333333333334	81.73333333333333	81.15333333333334	80.43333333333334	79.86	78.89333333333333	78.24666666666667	76.99333333333334	75.38	73.82666666666667	72.08	69.2	65.88	61.44	53.96	0.0
0.0	54.29333333333334	61.54	65.93333333333334	68.78666666666666	71.21333333333334	73.18	74.78666666666666	76.04666666666667	77.29333333333334	78.24	78.86666666666666	79.44	80.07333333333334	80.58666666666667	80.96	81.3	81.38	81.99333333333334	81.59333333333333	81.51333333333334	81.12666666666667	81.12666666666667	80.7	80.04	79.45333333333333	78.84	77.96	76.75333333333333	75.54666666666667	73.76666666666667	71.42	68.98	65.91333333333333	61.84	53.99333333333333	0.0
0.0	54.446666666666665	61.64	66.04	69.27333333333333	72.04	73.5	75.52666666666667	77.08666666666667	77.68666666666667	78.66	79.2	80.32	80.69333333333333	81.24666666666667	81.29333333333334	81.56	81.57333333333334	81.8	81.54666666666667	81.35333333333334	81.11333333333333	80.46	80.62	79.94	79.2	78.52666666666667	77.96	76.88	75.22	73.28666666666666	71.23333333333333	69.04666666666667	66.32	61.906666666666666	54.586666666666666	0.0
0.0	54.45333333333333	61.38	65.77333333333333	68.98666666666666	71.60666666666667	72.77333333333333	74.6	76.09333333333333	77.52	78.25333333333333	78.82	79.77333333333333	80.19333333333333	80.78	81.16666666666667	81.49333333333334	81.21333333333334	81.77333333333333	81.95333333333333	81.36666666666666	81.21333333333334	80.93333333333334	80.34666666666666	80.19333333333333	79.28	78.44666666666667	77.64	76.31333333333333	75.17333333333333	73.52	70.94	68.88	65.5	61.64	54.45333333333333	0.0
0.0	54.28666666666667	61.473333333333336	66.13333333333334	69.29333333333334	71.66	73.37333333333333	74.80666666666667	76.53333333333333	77.28666666666666	78.30666666666667	78.68666666666667	80.06	80.34	80.94	81.19333333333333	80.98666666666666	80.95333333333333	81.33333333333333	80.92666666666666	80.72666666666667	80.74666666666667	80.64666666666666	79.72666666666667	79.44666666666667	78.94	78.41333333333333	77.52	76.32	75.24666666666667	73.42666666666666	71.9	69.02	66.35333333333334	61.60666666666667	54.446666666666665	0.0
0.0	54.06666666666667	61.49333333333333	66.14	69.42	71.9	73.59333333333333	75.46666666666667	76.69333333333333	77.86666666666666	78.79333333333334	79.43333333333334	80.26	80.96	81.36	81.92	81.94666666666667	81.87333333333333	82.06666666666666	81.95333333333333	81.9	81.70666666666666	81.16666666666667	80.65333333333334	79.98	79.60666666666667	78.72	77.60666666666667	76.27333333333333	75.30666666666667	73.64	72.05333333333333	69.28666666666666	65.86	61.7	54.45333333333333	0.0
0.0	54.44	61.39333333333333	66.2	69.24	71.84	74.06666666666666	75.47333333333333	76.92	78.36	78.87333333333333	79.94	80.20666666666666	81.11333333333333	81.05333333333333	81.59333333333333	81.68666666666667	81.88	82.03333333333333	81.88	81.73333333333333	81.45333333333333	80.82666666666667	80.69333333333333	80.54	79.56666666666666	78.7	77.69333333333333	76.70666666666666	75.72	73.85333333333334	71.88666666666667	69.32666666666667	66.06	61.52	54.43333333333333	0.0
0.0	54.306666666666665	61.63333333333333	66.09333333333333	69.15333333333334	71.69333333333333	73.75333333333333	75.5	76.66666666666667	77.59333333333333	78.58	79.26	79.94666666666667	80.82666666666667	80.62666666666667	80.94	81.42666666666666	81.01333333333334	81.73333333333333	81.72666666666667	81.44666666666667	81.38	81.22	80.96	80.41333333333333	79.81333333333333	78.59333333333333	77.93333333333334	76.98	75.82666666666667	73.76666666666667	71.30666666666667	68.9	66.09333333333333	61.406666666666666	54.22	0.0
0.0	54.46666666666667	61.986666666666665	66.24	69.20666666666666	71.43333333333334	73.59333333333333	74.98	76.44666666666667	77.58666666666667	78.70666666666666	79.58	80.07333333333334	80.3	80.77333333333333	80.90666666666667	81.06666666666666	81.52	81.46666666666667	81.47333333333333	81.34	80.86666666666666	80.18666666666667	80.26	79.59333333333333	78.66666666666667	78.18	77.34666666666666	75.94666666666667	74.67333333333333	72.96	70.82	68.78	65.44	60.906666666666666	53.92666666666667	0.0
0.0	54.46666666666667	61.8	66.24666666666667	69.24	71.36666666666666	73.38666666666667	75.06666666666666	76.52666666666667	77.36666666666666	78.56	79.33333333333333	80.33333333333333	80.4	81.08	81.34	81.5	81.56666666666666	81.55333333333333	81.67333333333333	81.52	81.36666666666666	80.98	80.62666666666667	80.14666666666666	79.42666666666666	78.37333333333333	77.53333333333333	76.39333333333333	75.24666666666667	73.62666666666667	71.71333333333334	68.92	65.99333333333334	61.22666666666667	54.26	0.0
0.0	54.29333333333334	61.32666666666667	66.21333333333334	69.68	72.38666666666667	73.75333333333333	75.16	76.74666666666667	77.92	79.12	79.88666666666667	80.12666666666667	80.44	80.98666666666666	81.74	81.73333333333333	81.63333333333334	81.63333333333334	81.88	81.36	80.75333333333333	80.60666666666667	80.37333333333333	80.23333333333333	79.38	78.36666666666666	77.82	76.52	75.36666666666666	73.80666666666667	71.56	69.16	65.82666666666667	61.48	54.413333333333334	0.0
0.0	54.18	61.44	66.00666666666666	69.32666666666667	72.06	73.57333333333334	75.08	76.22	77.46	78.18666666666667	79.40666666666667	79.66666666666667	80.64666666666666	80.96666666666667	81.4	81.86666666666666	81.87333333333333	82.0	81.90666666666667	81.89333333333333	81.42	81.25333333333333	80.5	80.12	79.6	78.68666666666667	77.64	76.64666666666666	75.34	73.68666666666667	71.79333333333334	68.87333333333333	65.86666666666666	61.593333333333334	54.193333333333335	0.0
0.0	53.88	61.56666666666667	65.98666666666666	69.32666666666667	71.84	73.52	75.16	76.64	77.23333333333333	78.1	78.83333333333333	79.63333333333334	80.17333333333333	80.81333333333333	81.21333333333334	81.58666666666667	81.38666666666667	81.44	81.38666666666667	81.3	80.96666666666667	81.0	80.22	79.79333333333334	79.29333333333334	78.01333333333334	77.78	76.9	75.30666666666667	73.7	71.67333333333333	69.34666666666666	65.88666666666667	61.74666666666667	54.38666666666666	0.0
0.0	54.26	61.70666666666666	65.9	69.44	71.58666666666667	73.69333333333333	75.50666666666666	76.88	77.65333333333334	78.18	78.94666666666667	79.79333333333334	80.62666666666667	80.82666666666667	81.72	81.4	81.40666666666667	81.27333333333333	81.44666666666667	81.56	80.83333333333333	80.78666666666666	79.72666666666667	79.34666666666666	78.76	77.85333333333334	76.93333333333334	76.13333333333334	75.22	73.5	71.49333333333334	69.06666666666666	65.96666666666667	61.88	54.21333333333333	0.0
0.0	54.13333333333333	61.74	66.22	69.31333333333333	71.76	73.35333333333334	75.08	76.64	77.52	78.65333333333334	79.28666666666666	80.28666666666666	80.59333333333333	81.52666666666667	81.25333333333333	81.68666666666667	81.78666666666666	81.85333333333334	81.76	81.43333333333334	81.27333333333333	80.60666666666667	79.92	79.50666666666666	78.99333333333334	78.05333333333333	77.40666666666667	76.46666666666667	74.90666666666667	73.54	71.53333333333333	69.05333333333333	65.92666666666666	61.36666666666667	54.28666666666667	0.0
0.0	54.586666666666666	61.526666666666664	66.04666666666667	68.88	71.18	73.36	75.31333333333333	76.74	77.84666666666666	78.76666666666667	80.16	80.4	80.62666666666667	81.28666666666666	81.75333333333333	81.83333333333333	82.20666666666666	82.00666666666666	82.21333333333334	82.44666666666667	81.82	81.34666666666666	81.08	80.28	79.01333333333334	79.06	78.08666666666667	76.19333333333333	75.22666666666667	73.38666666666667	71.58	69.02666666666667	65.92	61.46666666666667	54.46	0.0
0.0	54.56666666666667	61.44	66.03333333333333	69.26	71.57333333333334	73.24666666666667	75.40666666666667	76.53333333333333	78.00666666666666	78.55333333333333	79.36	79.52	80.38666666666667	81.13333333333334	81.08666666666667	81.4	81.68666666666667	81.60666666666667	81.2	81.54	81.16	80.36	80.61333333333333	80.42	79.57333333333334	78.87333333333333	77.85333333333334	76.52	75.19333333333333	73.65333333333334	71.76666666666667	69.26666666666667	65.87333333333333	61.666666666666664	54.29333333333334	0.0
0.0	54.68	61.733333333333334	66.41333333333333	69.51333333333334	72.14	74.30666666666667	75.76666666666667	76.8	77.96	78.40666666666667	79.36666666666666	80.44	80.68	80.99333333333334	81.40666666666667	81.64666666666666	81.42666666666666	81.69333333333333	82.12	82.39333333333333	81.57333333333334	81.65333333333334	81.15333333333334	80.66666666666667	79.84666666666666	78.84666666666666	78.27333333333333	76.68666666666667	75.33333333333333	73.88666666666667	71.60666666666667	69.1	66.38	61.49333333333333	54.4	0.0
0.0	54.306666666666665	61.64666666666667	66.16666666666667	69.52	71.75333333333333	73.74666666666667	75.89333333333333	77.14666666666666	78.11333333333333	78.65333333333334	79.40666666666667	80.08	81.10666666666667	81.27333333333333	81.40666666666667	82.04666666666667	82.12	81.9	82.37333333333333	82.02	81.62	81.27333333333333	80.82	80.32666666666667	79.74666666666667	78.57333333333334	77.81333333333333	76.78666666666666	75.91333333333333	73.82666666666667	71.73333333333333	69.68666666666667	66.19333333333333	61.906666666666666	54.46666666666667	0.0
0.0	54.18	61.306666666666665	66.14	69.24666666666667	71.54	73.20666666666666	75.31333333333333	76.09333333333333	77.73333333333333	78.36666666666666	79.36	79.89333333333333	80.41333333333333	80.86	81.02666666666667	81.98	81.80666666666667	82.01333333333334	82.42	82.1	81.12666666666667	80.84	80.26	80.08666666666667	79.41333333333333	78.58	77.64666666666666	76.46666666666667	75.44666666666667	73.28	71.56	69.47333333333333	66.03333333333333	61.766666666666666	54.62	0.0
0.0	54.14	61.39333333333333	65.91333333333333	69.36	71.24666666666667	73.70666666666666	75.14666666666666	76.36	77.54	78.35333333333334	79.28	80.08666666666667	80.86	80.94	81.05333333333333	81.34666666666666	81.78	81.42	81.68666666666667	81.6	81.5	81.05333333333333	80.7	79.83333333333333	79.08666666666667	78.78666666666666	77.52	76.25333333333333	74.99333333333334	73.39333333333333	71.80666666666667	69.07333333333334	66.01333333333334	61.6	54.24	0.0
0.0	54.25333333333333	61.92666666666667	65.90666666666667	69.27333333333333	71.74	74.33333333333333	75.79333333333334	76.84666666666666	77.58666666666667	78.52	79.49333333333334	80.08666666666667	80.28	80.86	81.28666666666666	81.52666666666667	81.79333333333334	81.94666666666667	81.48666666666666	81.92666666666666	81.09333333333333	80.68	80.38	79.81333333333333	79.42666666666666	78.24	77.27333333333333	76.36666666666666	74.74	73.6	71.46666666666667	69.22	66.17333333333333	61.74	54.29333333333334	0.0
0.0	54.406666666666666	61.7	65.81333333333333	69.3	71.64666666666666	73.68666666666667	75.76	77.06	78.38	78.91333333333333	79.92	80.71333333333334	81.14666666666666	81.76666666666667	82.31333333333333	82.52666666666667	82.23333333333333	82.02	81.96	81.64	81.30666666666667	81.39333333333333	80.48666666666666	79.84666666666666	79.12666666666667	78.60666666666667	77.44666666666667	76.38	75.02666666666667	73.73333333333333	72.00666666666666	69.58666666666667	66.53333333333333	61.766666666666666	54.66	0.0
0.0	54.18666666666667	61.57333333333333	66.22666666666667	69.14	71.64666666666666	73.62	75.35333333333334	76.52	77.82666666666667	78.64	79.72666666666667	80.10666666666667	80.98	81.16666666666667	81.67333333333333	81.71333333333334	81.38	81.65333333333334	81.59333333333333	81.58	81.14	80.89333333333333	80.14666666666666	80.32	79.46	78.49333333333334	77.12	76.06666666666666	75.28	73.74666666666667	71.69333333333333	69.14	65.86666666666666	61.50666666666667	54.34	0.0
0.0	54.473333333333336	61.74	65.91333333333333	69.24	71.61333333333333	73.71333333333334	75.34	76.64	78.04	78.88666666666667	79.70666666666666	80.32666666666667	81.14666666666666	81.39333333333333	81.71333333333334	81.86	81.85333333333334	81.82666666666667	81.78	81.74666666666667	81.58666666666667	81.24666666666667	80.97333333333333	80.23333333333333	79.74666666666667	79.01333333333334	78.28666666666666	77.40666666666667	76.03333333333333	74.43333333333334	72.28666666666666	69.56666666666666	66.37333333333333	61.81333333333333	54.61333333333334	0.0
0.0	54.45333333333333	61.60666666666667	66.19333333333333	69.00666666666666	71.02	73.4	74.84	75.86	76.94	77.8	78.80666666666667	79.44	80.14	80.38	80.85333333333334	81.28666666666666	81.21333333333334	80.85333333333334	81.14666666666666	80.72666666666667	80.74666666666667	80.29333333333334	79.92666666666666	79.37333333333333	78.86666666666666	78.01333333333334	77.08	75.74	74.71333333333334	73.51333333333334	71.34666666666666	69.28	66.20666666666666	61.833333333333336	54.36	0.0
0.0	54.2	61.38666666666666	66.47333333333333	69.22666666666667	71.49333333333334	74.02666666666667	75.38666666666667	76.46666666666667	77.4	78.17333333333333	79.06	79.74666666666667	80.24666666666667	81.02	80.94666666666667	80.74666666666667	81.30666666666667	81.10666666666667	81.27333333333333	81.0	81.1	80.56666666666666	80.36	80.16666666666667	79.55333333333333	78.90666666666667	77.60666666666667	76.44666666666667	75.52	74.13333333333334	71.76	69.52	66.48666666666666	62.28666666666667	54.58	0.0
0.0	54.32	61.48	65.72	69.06666666666666	70.97333333333333	73.3	74.8	76.09333333333333	77.1	77.92666666666666	78.78666666666666	79.82	80.07333333333334	80.54666666666667	81.07333333333334	80.92666666666666	80.97333333333333	81.04	81.02666666666667	81.29333333333334	81.12666666666667	80.60666666666667	80.37333333333333	79.66666666666667	79.22	78.81333333333333	77.46666666666667	76.56	74.81333333333333	73.24666666666667	71.38666666666667	68.68	65.93333333333334	61.56	54.14	0.0
0.0	54.78666666666667	61.44	66.0	69.04	71.88666666666667	73.88666666666667	75.78666666666666	77.3	78.36	79.28	79.98666666666666	81.08666666666667	81.01333333333334	81.73333333333333	82.06666666666666	82.16666666666667	82.30666666666667	82.05333333333333	81.99333333333334	81.92	81.70666666666666	81.60666666666667	80.97333333333333	80.5	79.54	78.74	78.06666666666666	76.75333333333333	75.54666666666667	74.02	71.92	69.42666666666666	66.42	61.96	54.64	0.0
0.0	54.10666666666667	61.486666666666665	65.89333333333333	69.26666666666667	71.34	73.72666666666667	74.83333333333333	76.03333333333333	76.84	77.82	79.12666666666667	79.62	80.40666666666667	80.53333333333333	80.93333333333334	81.41333333333333	81.12666666666667	81.56	81.38	81.42	81.18	80.9	80.16	80.16	79.13333333333334	78.58	77.52	76.05333333333333	75.08	73.64	72.16666666666667	69.28	65.94666666666667	61.38666666666666	54.373333333333335	0.0
0.0	54.07333333333333	61.17333333333333	65.68666666666667	68.8	71.00666666666666	73.14	74.86	75.96	77.02666666666667	77.96	78.96	79.69333333333333	80.4	80.44666666666667	80.94	80.83333333333333	81.44	81.74666666666667	81.88	81.43333333333334	81.21333333333334	80.72666666666667	80.18	79.92666666666666	79.12	78.68	77.4	76.34	74.94	73.50666666666666	71.76	68.95333333333333	66.08	61.8	54.28666666666667	0.0
0.0	54.04	61.29333333333334	65.74	69.4	71.72	73.52666666666667	74.95333333333333	76.18666666666667	77.64	78.06	79.09333333333333	79.92666666666666	80.29333333333334	80.28666666666666	80.84	81.10666666666667	81.37333333333333	81.7	81.35333333333334	81.10666666666667	80.75333333333333	80.42	80.16666666666667	79.88666666666667	79.14666666666666	78.52666666666667	77.14666666666666	76.43333333333334	74.91333333333333	73.32666666666667	71.78	69.02666666666667	65.66666666666667	61.5	54.166666666666664	0.0
0.0	54.39333333333333	61.58	65.96	69.29333333333334	72.02	73.91333333333333	75.22	76.55333333333333	77.72666666666667	79.01333333333334	79.32666666666667	79.96	80.46	80.76666666666667	81.18666666666667	81.68666666666667	81.7	81.82666666666667	81.77333333333333	81.54	81.45333333333333	81.09333333333333	80.97333333333333	80.71333333333334	79.46	78.68666666666667	77.78666666666666	76.43333333333334	75.08666666666667	73.40666666666667	71.25333333333333	69.32666666666667	65.99333333333334	61.74	54.586666666666666	0.0
0.0	54.46666666666667	61.18666666666667	65.86	68.78	71.54	73.55333333333333	75.03333333333333	76.3	77.54	77.90666666666667	79.22	80.03333333333333	80.54	80.99333333333334	81.2	81.53333333333333	81.69333333333333	81.36666666666666	81.43333333333334	81.16666666666667	81.13333333333334	80.7	80.30666666666667	79.70666666666666	79.01333333333334	78.44	77.36	76.26666666666667	74.5	73.28	71.4	69.51333333333334	66.08666666666667	61.43333333333333	53.986666666666665	0.0
0.0	54.35333333333333	61.18666666666667	65.58666666666667	68.63333333333334	71.06666666666666	73.32	74.87333333333333	75.82	76.84	77.72666666666667	78.28666666666666	79.34666666666666	80.15333333333334	80.39333333333333	80.62	80.85333333333334	81.24	81.44	81.52	80.92	80.48666666666666	80.61333333333333	80.17333333333333	79.23333333333333	78.95333333333333	78.28	77.34	76.14666666666666	74.62	73.18	71.79333333333334	69.37333333333333	65.70666666666666	61.44	54.053333333333335	0.0
0.0	54.32666666666667	61.733333333333334	66.36	69.52666666666667	71.88666666666667	73.15333333333334	74.74666666666667	76.70666666666666	78.12666666666667	78.93333333333334	80.05333333333333	81.12	81.32666666666667	81.06	81.4	81.80666666666667	81.77333333333333	82.1	81.36666666666666	81.76	81.31333333333333	80.91333333333333	80.45333333333333	80.05333333333333	79.41333333333333	78.41333333333333	77.88666666666667	76.32666666666667	75.31333333333333	73.58	71.71333333333334	69.14	65.99333333333334	61.71333333333333	54.57333333333333	0.0
0.0	53.846666666666664	61.6	65.52666666666667	68.6	71.01333333333334	73.03333333333333	74.90666666666667	76.19333333333333	77.2	78.43333333333334	79.23333333333333	79.66666666666667	80.0	81.06	81.50666666666666	81.56	81.88666666666667	81.85333333333334	82.04666666666667	82.0	81.8	80.88666666666667	80.52	79.79333333333334	79.22666666666667	78.24	77.01333333333334	76.42	74.92666666666666	73.73333333333333	71.46	69.22	66.3	62.093333333333334	54.346666666666664	0.0
0.0	54.24	61.26	66.02666666666667	68.94	71.18666666666667	73.38	75.18	76.54666666666667	77.96666666666667	78.60666666666667	79.43333333333334	79.78666666666666	80.53333333333333	80.81333333333333	81.01333333333334	81.61333333333333	81.64666666666666	81.60666666666667	81.51333333333334	81.68	80.84	81.01333333333334	80.4	79.79333333333334	79.46	78.59333333333333	77.72	76.36	75.47333333333333	73.79333333333334	71.73333333333333	69.6	65.78	61.306666666666665	54.413333333333334	0.0
0.0	53.906666666666666	61.24666666666667	65.57333333333334	69.12	71.64666666666666	73.34666666666666	74.87333333333333	76.42	77.32666666666667	78.14666666666666	78.99333333333334	79.49333333333334	80.43333333333334	80.63333333333334	80.94666666666667	81.22666666666667	81.24	81.11333333333333	81.55333333333333	81.52666666666667	81.07333333333334	80.72	80.14666666666666	79.66	78.65333333333334	78.12	76.87333333333333	75.96	74.82	72.88666666666667	71.04	68.78	65.83333333333333	61.29333333333334	54.07333333333333	0.0
0.0	54.36666666666667	61.36666666666667	66.23333333333333	69.39333333333333	71.44	73.37333333333333	75.09333333333333	76.77333333333333	77.44	78.33333333333333	79.37333333333333	80.18	80.70666666666666	80.68	81.25333333333333	81.26666666666667	81.49333333333334	81.39333333333333	81.56	81.40666666666667	81.02666666666667	80.95333333333333	79.93333333333334	79.68	79.51333333333334	78.46666666666667	77.65333333333334	76.64	75.2	73.44666666666667	71.80666666666667	69.26666666666667	66.07333333333334	61.68	54.25333333333333	0.0
0.0	54.06666666666667	61.446666666666665	65.91333333333333	69.18666666666667	71.76	73.27333333333333	75.00666666666666	76.26	77.25333333333333	77.98	79.18	79.54	80.51333333333334	80.46	80.98	81.33333333333333	81.42666666666666	81.58	81.91333333333333	81.82666666666667	81.36666666666666	80.66666666666667	80.3	80.01333333333334	79.27333333333333	78.22666666666667	77.53333333333333	76.57333333333334	75.04	73.34666666666666	71.60666666666667	69.19333333333333	65.74	61.586666666666666	54.126666666666665	0.0
0.0	54.193333333333335	61.70666666666666	66.0	68.82666666666667	71.68	73.19333333333333	75.08	76.02666666666667	77.34	78.4	79.14	79.87333333333333	80.68	81.01333333333334	81.40666666666667	81.02666666666667	81.32	81.68	80.99333333333334	81.52666666666667	81.22	80.68666666666667	80.72666666666667	79.96666666666667	79.11333333333333	78.45333333333333	77.26	76.51333333333334	74.66	73.84	71.44666666666667	69.41333333333333	66.51333333333334	61.82666666666667	54.56	0.0
0.0	54.20666666666666	61.5	66.34666666666666	69.22	71.92666666666666	73.72666666666667	75.54666666666667	76.46	77.38	78.3	79.1	79.75333333333333	80.5	81.18	81.64	81.66666666666667	82.3	82.12666666666667	82.3	82.20666666666666	82.08	81.5	81.08	80.17333333333333	79.64	79.01333333333334	78.24	77.56	75.99333333333334	74.12666666666667	72.27333333333333	69.40666666666667	66.35333333333334	61.86666666666667	54.57333333333333	0.0
0.0	54.5	61.86	66.43333333333334	69.2	71.85333333333334	73.22	75.26	76.21333333333334	77.38	78.43333333333334	78.74666666666667	79.89333333333333	80.46666666666667	81.07333333333334	81.18	81.52	81.68666666666667	81.09333333333333	81.41333333333333	81.07333333333334	81.07333333333334	80.50666666666666	80.56666666666666	80.09333333333333	78.66	78.33333333333333	77.30666666666667	76.66666666666667	75.52666666666667	73.42	71.54666666666667	69.54	65.36666666666666	61.486666666666665	54.56666666666667	0.0
0.0	54.36	61.5	65.59333333333333	69.00666666666666	71.38666666666667	73.66	75.06666666666666	76.26	77.30666666666667	77.81333333333333	78.64666666666666	80.0	80.30666666666667	80.6	81.01333333333334	81.02	81.1	81.16	81.41333333333333	81.39333333333333	81.32666666666667	81.05333333333333	80.42666666666666	80.05333333333333	79.15333333333334	78.4	77.46666666666667	76.26666666666667	75.04666666666667	73.22	71.54	69.17333333333333	65.97333333333333	60.973333333333336	54.486666666666665	0.0
0.0	54.513333333333335	61.75333333333333	66.11333333333333	69.08	71.48666666666666	74.06666666666666	75.33333333333333	76.84	77.58666666666667	78.56666666666666	79.72666666666667	80.76666666666667	81.02666666666667	81.23333333333333	81.28666666666666	81.44	81.46	81.46666666666667	81.62666666666667	81.68666666666667	81.24666666666667	80.78	80.04666666666667	79.74666666666667	79.30666666666667	78.60666666666667	77.43333333333334	76.51333333333334	75.23333333333333	73.58	71.51333333333334	69.37333333333333	66.21333333333334	61.66	54.64666666666667	0.0
0.0	54.10666666666667	61.26	66.14	69.03333333333333	71.72	73.68	74.9	76.26666666666667	77.29333333333334	78.23333333333333	79.07333333333334	79.66	80.43333333333334	81.16666666666667	81.19333333333333	81.6	81.52	81.78666666666666	81.49333333333334	81.28666666666666	80.70666666666666	80.28666666666666	80.22	79.72666666666667	79.41333333333333	78.4	77.28666666666666	76.25333333333333	75.18	73.51333333333334	71.14	68.76	65.94666666666667	61.74	54.446666666666665	0.0
0.0	53.98	61.34	65.68	68.80666666666667	71.02666666666667	72.98666666666666	74.07333333333334	75.72666666666667	76.56666666666666	77.62666666666667	78.42	79.49333333333334	80.07333333333334	80.53333333333333	81.32666666666667	81.31333333333333	81.08666666666667	81.08666666666667	81.41333333333333	81.21333333333334	80.88666666666667	80.36666666666666	79.91333333333333	79.68	79.26	78.06666666666666	76.98666666666666	76.11333333333333	74.79333333333334	73.37333333333333	71.7	69.16666666666667	66.02	61.46666666666667	53.93333333333333	0.0
0.0	54.806666666666665	61.70666666666666	65.92666666666666	69.36	71.99333333333334	73.51333333333334	75.29333333333334	76.58	77.74	78.41333333333333	79.27333333333333	79.9	80.57333333333334	81.18	81.38	81.48	81.52666666666667	81.5	81.32	81.54666666666667	81.16666666666667	81.17333333333333	80.50666666666666	80.07333333333334	79.43333333333334	78.26	77.35333333333334	76.22	75.03333333333333	73.36	71.25333333333333	69.5	66.04666666666667	61.54	54.28666666666667	0.0
0.0	53.88666666666666	61.1	65.40666666666667	68.80666666666667	71.15333333333334	72.76666666666667	74.10666666666667	75.70666666666666	76.6	77.60666666666667	78.25333333333333	79.40666666666667	80.12	80.38666666666667	80.74666666666667	81.0	81.34666666666666	81.67333333333333	81.42666666666666	81.24	80.84	80.46	80.24	79.51333333333334	78.92	78.68666666666667	77.58	76.36	75.04666666666667	73.42666666666666	71.02	69.09333333333333	66.06	61.71333333333333	54.75333333333333	0.0
0.0	54.46666666666667	61.56	65.81333333333333	68.91333333333333	71.62	73.67333333333333	75.1	76.14666666666666	77.78666666666666	78.72	79.67333333333333	80.63333333333334	80.8	80.99333333333334	81.38	81.42	81.49333333333334	81.34	81.58	81.17333333333333	81.11333333333333	80.78	80.46	79.95333333333333	79.33333333333333	78.41333333333333	78.07333333333334	76.62666666666667	75.03333333333333	73.28	71.61333333333333	69.2	65.72	61.43333333333333	54.266666666666666	0.0
0.0	54.84	61.45333333333333	66.4	69.39333333333333	71.60666666666667	73.57333333333334	75.42	76.51333333333334	77.62666666666667	78.7	79.46	80.14	80.76666666666667	81.25333333333333	81.26666666666667	81.62666666666667	81.80666666666667	82.24666666666667	82.13333333333334	81.98	81.74666666666667	81.28	80.98666666666666	80.2	79.67333333333333	79.19333333333333	78.19333333333333	76.82666666666667	75.50666666666666	73.65333333333334	71.64666666666666	69.27333333333333	65.67333333333333	61.28666666666667	54.28666666666667	0.0
0.0	54.17333333333333	61.66	66.38666666666667	69.70666666666666	71.71333333333334	73.94	75.29333333333334	77.04666666666667	78.1	78.47333333333333	79.82666666666667	80.38666666666667	80.61333333333333	80.88666666666667	81.32	81.69333333333333	81.64666666666666	81.82	81.50666666666666	81.98666666666666	81.44666666666667	81.0	80.36666666666666	79.94	79.41333333333333	78.72	77.26666666666667	76.41333333333333	75.58666666666667	73.64666666666666	72.01333333333334	69.2	66.35333333333334	61.58	54.50666666666667	0.0
0.0	54.42	61.42666666666667	66.16	68.92666666666666	71.48666666666666	73.34	74.83333333333333	76.29333333333334	77.14	77.94666666666667	78.4	79.05333333333333	80.08666666666667	79.98	80.84	81.37333333333333	81.55333333333333	81.32666666666667	81.41333333333333	81.12	81.12	81.12	80.18	80.33333333333333	79.08	78.62	77.96666666666667	76.34666666666666	75.1	73.16666666666667	71.37333333333333	69.0	65.95333333333333	61.78	54.43333333333333	0.0
0.0	54.25333333333333	61.82	66.10666666666667	69.62	72.12666666666667	73.78666666666666	75.22	76.82666666666667	78.02	78.41333333333333	79.45333333333333	79.98	80.48666666666666	81.04666666666667	81.03333333333333	81.58	82.00666666666666	82.08	82.0	81.49333333333334	81.48	81.17333333333333	80.46	80.07333333333334	79.34666666666666	78.14666666666666	77.5	76.08	75.04666666666667	73.78666666666666	71.56666666666666	69.00666666666666	65.84666666666666	61.66	54.406666666666666	0.0
0.0	54.48	61.82666666666667	65.97333333333333	69.40666666666667	71.92	73.97333333333333	75.44	77.14666666666666	77.85333333333334	78.98666666666666	79.51333333333334	80.10666666666667	80.27333333333333	80.77333333333333	81.58666666666667	81.34	81.57333333333334	81.91333333333333	81.42	81.32666666666667	80.88	80.75333333333333	80.73333333333333	80.26666666666667	79.74666666666667	79.10666666666667	78.15333333333334	76.7	75.28666666666666	73.86	72.01333333333334	69.45333333333333	66.31333333333333	61.57333333333333	54.36666666666667	0.0
0.0	54.346666666666664	61.473333333333336	65.77333333333333	68.78666666666666	71.43333333333334	73.48666666666666	75.26666666666667	76.54666666666667	77.89333333333333	78.8	79.7	80.39333333333333	80.5	81.2	81.22666666666667	81.6	81.82666666666667	81.7	81.45333333333333	81.00666666666666	81.12666666666667	80.92666666666666	80.66	80.16	79.66666666666667	78.68	77.32666666666667	76.41333333333333	75.25333333333333	73.95333333333333	71.72666666666667	69.27333333333333	66.18666666666667	61.54	54.43333333333333	0.0
0.0	54.29333333333334	61.85333333333333	66.03333333333333	69.06	71.53333333333333	73.72666666666667	75.13333333333334	76.88	77.76	79.09333333333333	79.92	80.42666666666666	80.71333333333334	81.01333333333334	81.46	81.41333333333333	81.18	81.41333333333333	81.38666666666667	81.48666666666666	81.27333333333333	81.08	80.68666666666667	80.65333333333334	79.82	79.30666666666667	77.94666666666667	76.96	75.79333333333334	73.94666666666667	71.86	69.34666666666666	66.43333333333334	61.58	54.306666666666665	0.0
0.0	54.806666666666665	62.126666666666665	66.45333333333333	69.87333333333333	72.20666666666666	74.08	75.72666666666667	76.54666666666667	77.64	78.48	79.5	80.09333333333333	80.58	81.06	81.54	81.89333333333333	82.02	81.63333333333334	81.94666666666667	81.74666666666667	81.26666666666667	80.9	80.51333333333334	79.94666666666667	79.5	78.48666666666666	77.56666666666666	76.38	74.96666666666667	73.35333333333334	71.48666666666666	69.14	65.88	61.42	54.43333333333333	0.0
0.0	54.266666666666666	61.26	65.70666666666666	69.17333333333333	71.46666666666667	73.76	75.25333333333333	77.00666666666666	78.22666666666667	79.41333333333333	80.22666666666667	80.74	81.21333333333334	81.5	81.91333333333333	82.39333333333333	82.06	82.05333333333333	81.90666666666667	81.88666666666667	81.75333333333333	81.90666666666667	81.0	80.42	79.66	79.34666666666666	78.28666666666666	76.95333333333333	75.67333333333333	73.78666666666666	72.27333333333333	69.36666666666666	66.10666666666667	61.54666666666667	54.66	0.0
0.0	54.27333333333333	61.31333333333333	65.96666666666667	69.21333333333334	71.63333333333334	73.54	75.1	76.42666666666666	77.12	77.86666666666666	78.62666666666667	79.36	79.91333333333333	80.48	81.18666666666667	81.25333333333333	81.65333333333334	81.68	81.31333333333333	81.10666666666667	80.46666666666667	80.49333333333334	79.98	79.17333333333333	78.63333333333334	77.96	77.24	76.16666666666667	74.66	72.93333333333334	71.44666666666667	68.96	65.8	61.22	54.22	0.0
0.0	54.473333333333336	61.626666666666665	66.02	69.24666666666667	71.92666666666666	73.37333333333333	75.1	76.24	77.23333333333333	78.17333333333333	78.45333333333333	79.56666666666666	79.98666666666666	80.72	80.98	81.44	81.25333333333333	81.62666666666667	81.32666666666667	81.06666666666666	80.89333333333333	80.08666666666667	80.09333333333333	79.82666666666667	79.22	78.34666666666666	77.32666666666667	76.08	75.2	73.49333333333334	71.49333333333334	68.94666666666667	66.0	62.17333333333333	54.34	0.0
0.0	54.28666666666667	61.39333333333333	66.34666666666666	69.31333333333333	71.80666666666667	73.62666666666667	75.08	76.71333333333334	78.11333333333333	78.50666666666666	79.18666666666667	80.0	80.7	80.85333333333334	80.9	81.42666666666666	81.3	81.15333333333334	81.16	80.89333333333333	80.41333333333333	80.38666666666667	79.67333333333333	79.24666666666667	78.72666666666667	78.17333333333333	77.36666666666666	76.28666666666666	75.04666666666667	73.92	71.67333333333333	69.24	66.2	61.86666666666667	54.833333333333336	0.0
0.0	54.42666666666667	61.77333333333333	65.68	69.28	71.73333333333333	73.31333333333333	75.62	76.61333333333333	77.59333333333333	78.8	79.36666666666666	79.96666666666667	80.29333333333334	81.00666666666666	81.08666666666667	81.13333333333334	81.63333333333334	81.75333333333333	81.26666666666667	81.25333333333333	80.90666666666667	80.79333333333334	80.39333333333333	80.06	79.2	78.01333333333334	77.24	76.19333333333333	74.82666666666667	73.31333333333333	71.26	68.62	65.34	61.2	54.18	0.0
0.0	54.27333333333333	61.52	65.7	69.28	71.57333333333334	73.48	74.89333333333333	76.21333333333334	77.32	78.63333333333334	79.12	79.64666666666666	80.47333333333333	80.61333333333333	81.22666666666667	81.35333333333334	81.3	81.58666666666667	81.98666666666666	81.42	81.04	80.42666666666666	80.53333333333333	79.8	79.10666666666667	78.52	77.70666666666666	76.29333333333334	74.7	73.04	70.97333333333333	69.04	65.96666666666667	61.653333333333336	54.35333333333333	0.0
0.0	54.62	62.14	66.4	69.42	71.6	73.71333333333334	75.13333333333334	76.64	77.79333333333334	78.68666666666667	79.27333333333333	79.72666666666667	80.46666666666667	81.24666666666667	81.20666666666666	81.7	81.92666666666666	82.13333333333334	81.8	81.55333333333333	81.36666666666666	81.53333333333333	80.64	80.02666666666667	79.49333333333334	78.77333333333333	77.8	76.68666666666667	75.4	73.83333333333333	71.76	69.38666666666667	66.34666666666666	61.62	54.593333333333334	0.0
0.0	54.60666666666667	61.74	65.8	69.00666666666666	71.66	73.60666666666667	75.30666666666667	76.3	77.50666666666666	78.62666666666667	79.36	80.02666666666667	80.70666666666666	81.58666666666667	81.83333333333333	82.18666666666667	81.96666666666667	81.85333333333334	82.08666666666667	81.78666666666666	81.5	81.12	80.59333333333333	80.04	79.66666666666667	78.38	77.42	76.59333333333333	74.66	73.0	71.37333333333333	68.97333333333333	66.00666666666666	61.586666666666666	54.086666666666666	0.0
0.0	54.653333333333336	61.58	65.79333333333334	69.18	71.40666666666667	73.33333333333333	74.86666666666666	76.72666666666667	77.8	78.42666666666666	79.55333333333333	80.07333333333334	80.92666666666666	81.36	81.25333333333333	81.61333333333333	81.58	81.54666666666667	81.44	81.46666666666667	81.25333333333333	80.82666666666667	80.27333333333333	79.8	79.62666666666667	78.94666666666667	77.80666666666667	76.80666666666667	75.20666666666666	73.38	72.2	69.62666666666667	66.22	61.48	54.52	0.0
0.0	54.18	61.28	66.05333333333333	69.31333333333333	72.0	73.84666666666666	75.77333333333333	76.76	77.82	79.20666666666666	79.92	80.34666666666666	80.80666666666667	81.26	82.05333333333333	82.26	82.24	81.86	81.9	81.94	81.68	81.32666666666667	80.36666666666666	79.91333333333333	79.14	78.52	77.79333333333334	76.56666666666666	74.81333333333333	73.62666666666667	71.98666666666666	69.41333333333333	66.26666666666667	61.68666666666667	54.18666666666667	0.0
0.0	54.7	61.89333333333333	65.72	68.90666666666667	71.46666666666667	73.35333333333334	75.42	77.08	77.82666666666667	78.75333333333333	79.84666666666666	80.54666666666667	80.88	81.24666666666667	81.81333333333333	82.06	82.11333333333333	81.92	81.84666666666666	81.62	81.48666666666666	81.17333333333333	80.76	80.03333333333333	79.70666666666666	78.53333333333333	77.70666666666666	76.84	75.48666666666666	73.78	71.98666666666666	69.58	65.96666666666667	61.7	54.56666666666667	0.0
0.0	54.346666666666664	61.96666666666667	66.63333333333334	69.1	71.53333333333333	73.48	74.97333333333333	76.60666666666667	77.80666666666667	78.24666666666667	79.12666666666667	80.3	80.89333333333333	81.18	81.39333333333333	81.42666666666666	81.54666666666667	81.43333333333334	81.58	81.60666666666667	81.44666666666667	81.58666666666667	80.74	80.19333333333333	79.72	78.53333333333333	77.86666666666666	76.67333333333333	74.90666666666667	73.57333333333334	71.68	69.54666666666667	65.85333333333334	61.486666666666665	54.52	0.0
0.0	54.21333333333333	61.42666666666667	65.87333333333333	68.92	71.27333333333333	73.14	74.66666666666667	75.94666666666667	77.14666666666666	77.94	79.08666666666667	79.54	79.83333333333333	79.96	80.76	81.16666666666667	81.26	81.26666666666667	81.49333333333334	81.42	81.45333333333333	80.97333333333333	80.58	79.8	78.92666666666666	78.04666666666667	76.9	75.78666666666666	74.68666666666667	72.98	70.98	68.74	65.93333333333334	61.553333333333335	54.153333333333336	0.0
0.0	54.26	61.54	66.50666666666666	69.52	71.72666666666667	73.38666666666667	75.11333333333333	76.18	77.52	78.03333333333333	79.27333333333333	79.7	80.22666666666667	80.52	81.33333333333333	81.39333333333333	81.40666666666667	81.61333333333333	81.51333333333334	81.6	81.36	81.1	81.04666666666667	79.86	79.64666666666666	78.67333333333333	77.44666666666667	76.31333333333333	75.1	73.37333333333333	71.88666666666667	69.80666666666667	66.11333333333333	61.653333333333336	54.46	0.0
0.0	54.5	61.666666666666664	66.10666666666667	69.36666666666666	71.38	73.80666666666667	75.2	76.49333333333334	78.0	79.05333333333333	79.43333333333334	80.33333333333333	80.81333333333333	81.22666666666667	81.52666666666667	81.25333333333333	81.02666666666667	81.37333333333333	81.63333333333334	81.31333333333333	81.28	81.44	80.89333333333333	80.14	79.34666666666666	78.7	77.65333333333334	76.61333333333333	75.36	73.79333333333334	71.96	69.54	65.92	61.86666666666667	54.58	0.0
0.0	54.45333333333333	61.513333333333335	66.24	69.1	72.02666666666667	73.82	75.19333333333333	77.04	77.8	79.05333333333333	79.36	80.00666666666666	80.64666666666666	81.08666666666667	81.26666666666667	81.52	82.06666666666666	81.98666666666666	81.67333333333333	81.53333333333333	80.98666666666666	81.32	80.42666666666666	80.24666666666667	79.53333333333333	78.7	77.81333333333333	76.55333333333333	75.39333333333333	73.58	71.51333333333334	69.12666666666667	66.21333333333334	61.586666666666666	54.086666666666666	0.0
0.0	54.62	61.36	65.74	69.36666666666666	71.81333333333333	73.64	75.12	76.32666666666667	77.32	78.21333333333334	79.08666666666667	79.3	79.85333333333334	80.78666666666666	80.84666666666666	81.12666666666667	81.45333333333333	81.14666666666666	80.81333333333333	81.03333333333333	80.96666666666667	80.64666666666666	79.98	79.46	78.93333333333334	78.14	77.12	75.86	75.12	73.27333333333333	71.58666666666667	69.22	65.68	61.446666666666665	54.22666666666667	0.0
0.0	54.61333333333334	62.18	66.32666666666667	69.49333333333334	71.66	74.05333333333333	75.96666666666667	76.7	78.25333333333333	79.15333333333334	79.91333333333333	80.60666666666667	80.78	81.68666666666667	82.14	82.38666666666667	82.76	82.27333333333333	81.88	81.46	81.32	81.02	80.80666666666667	80.08666666666667	79.66666666666667	78.71333333333334	78.04666666666667	76.87333333333333	75.18666666666667	73.88666666666667	72.23333333333333	69.79333333333334	66.50666666666666	61.86	54.406666666666666	0.0
