0.0	40.99333333333333	41.52	41.846666666666664	41.833333333333336	41.906666666666666	42.14	41.973333333333336	42.00666666666667	41.7	41.85333333333333	41.82	41.88666666666666	41.72	41.95333333333333	41.82	42.00666666666667	41.49333333333333	41.88666666666666	41.78	42.1	41.67333333333333	41.67333333333333	41.913333333333334	41.7	41.68	41.946666666666665	41.75333333333333	41.68666666666667	41.986666666666665	42.13333333333333	41.77333333333333	41.74	41.72666666666667	41.56666666666667	40.833333333333336	0.0
0.0	41.0	41.79333333333334	41.79333333333334	41.72666666666667	41.76	41.68666666666667	41.68666666666667	41.806666666666665	41.53333333333333	41.78666666666667	41.89333333333333	42.06	41.78	41.98	41.653333333333336	41.86	41.67333333333333	41.56666666666667	41.74	41.58	41.833333333333336	41.693333333333335	41.67333333333333	41.71333333333333	41.7	41.67333333333333	41.6	41.64	41.9	42.126666666666665	41.74	41.92666666666667	41.7	41.64	40.5	0.0
0.0	40.82	41.72	41.63333333333333	41.75333333333333	41.63333333333333	41.92666666666667	41.906666666666666	42.193333333333335	42.04	42.04666666666667	42.00666666666667	42.013333333333335	42.126666666666665	41.85333333333333	41.78666666666667	41.833333333333336	41.96666666666667	41.77333333333333	41.88	41.906666666666666	41.96	41.96	41.92666666666667	41.99333333333333	42.126666666666665	41.913333333333334	41.986666666666665	42.06666666666667	42.053333333333335	41.93333333333333	41.96	42.00666666666667	41.86	41.60666666666667	40.82666666666667	0.0
0.0	41.03333333333333	41.72666666666667	41.84	41.96666666666667	41.8	41.92666666666667	41.88	41.89333333333333	41.733333333333334	41.88666666666666	41.85333333333333	41.66	42.11333333333334	42.02	41.93333333333333	41.85333333333333	42.04666666666667	42.06	42.13333333333333	42.04	41.8	41.873333333333335	41.84	41.96	41.75333333333333	41.8	42.093333333333334	41.973333333333336	41.99333333333333	41.94	42.1	41.9	41.913333333333334	42.026666666666664	40.82666666666667	0.0
0.0	40.50666666666667	41.25333333333333	41.58	41.57333333333333	41.74	41.513333333333335	41.72666666666667	41.84	41.99333333333333	41.94	41.70666666666666	41.4	41.77333333333333	41.88666666666666	41.913333333333334	41.78	41.67333333333333	41.70666666666666	41.96	41.66	41.71333333333333	42.02	41.72666666666667	41.85333333333333	41.53333333333333	41.82	41.58	41.74666666666667	41.666666666666664	41.72	41.81333333333333	41.553333333333335	41.64666666666667	41.42	41.02	0.0
0.0	40.93333333333333	41.81333333333333	41.973333333333336	41.74	41.70666666666666	41.68	42.04	41.84	41.846666666666664	41.48	41.96666666666667	41.81333333333333	41.653333333333336	41.806666666666665	41.62	42.04	42.013333333333335	41.86666666666667	41.833333333333336	42.18666666666667	41.653333333333336	41.653333333333336	41.8	41.833333333333336	41.81333333333333	41.85333333333333	41.67333333333333	41.96	42.18	42.14666666666667	41.78	41.61333333333334	41.513333333333335	41.53333333333333	40.906666666666666	0.0
0.0	41.1	41.67333333333333	42.193333333333335	41.806666666666665	41.8	42.026666666666664	41.906666666666666	41.846666666666664	41.906666666666666	41.873333333333335	41.79333333333334	41.96666666666667	42.026666666666664	41.88	42.053333333333335	42.04666666666667	41.96	41.8	42.0	41.973333333333336	42.16	41.71333333333333	41.806666666666665	41.86	41.8	42.07333333333333	41.92666666666667	41.99333333333333	42.13333333333333	41.71333333333333	41.946666666666665	41.68	42.093333333333334	41.72	40.873333333333335	0.0
0.0	41.026666666666664	41.93333333333333	41.68666666666667	41.54	41.82	41.766666666666666	42.03333333333333	41.74666666666667	41.96666666666667	41.68666666666667	41.766666666666666	41.93333333333333	41.70666666666666	41.60666666666667	41.72	41.94	41.86666666666667	41.81333333333333	41.54666666666667	41.63333333333333	41.89333333333333	42.06	42.00666666666667	41.74666666666667	41.913333333333334	42.0	41.906666666666666	41.92	41.92	41.78666666666667	41.75333333333333	41.906666666666666	41.70666666666666	41.5	40.806666666666665	0.0
0.0	40.89333333333333	41.52	41.62	41.52	41.85333333333333	41.986666666666665	41.86666666666667	41.733333333333334	41.56666666666667	41.7	41.873333333333335	41.53333333333333	41.92	41.61333333333334	41.84	41.64	41.76	41.68666666666667	41.70666666666666	41.81333333333333	41.693333333333335	41.78	41.626666666666665	41.9	41.78	41.946666666666665	41.84	41.64	41.553333333333335	41.85333333333333	41.7	41.906666666666666	41.89333333333333	41.56	40.76	0.0
0.0	40.75333333333333	41.60666666666667	41.78	41.88666666666666	41.973333333333336	41.766666666666666	41.93333333333333	42.07333333333333	42.026666666666664	41.70666666666666	41.626666666666665	41.64	41.81333333333333	41.986666666666665	42.2	42.126666666666665	42.093333333333334	42.026666666666664	41.973333333333336	42.13333333333333	41.79333333333334	42.25333333333333	41.96	41.946666666666665	41.68	41.89333333333333	42.16	41.78	41.6	41.946666666666665	42.06666666666667	41.96	41.92666666666667	41.92666666666667	41.166666666666664	0.0
0.0	40.766666666666666	41.32666666666667	41.38	41.45333333333333	41.46666666666667	41.85333333333333	41.67333333333333	41.52	41.56666666666667	41.7	41.57333333333333	41.62	41.72	41.74666666666667	41.57333333333333	41.56666666666667	41.62	41.58	41.526666666666664	41.413333333333334	41.553333333333335	41.67333333333333	41.63333333333333	41.61333333333334	41.666666666666664	41.66	41.52	41.72	41.86	41.52	41.71333333333333	41.71333333333333	41.61333333333334	41.42666666666667	40.56	0.0
0.0	40.833333333333336	41.64666666666667	41.74	41.7	41.86	41.70666666666666	41.806666666666665	42.03333333333333	42.1	41.653333333333336	41.8	41.99333333333333	42.31333333333333	42.21333333333333	42.08	42.013333333333335	42.16	41.7	41.766666666666666	41.626666666666665	41.82	41.906666666666666	41.833333333333336	41.833333333333336	42.32	41.986666666666665	41.92666666666667	41.973333333333336	42.08	42.06	41.82	42.1	41.693333333333335	41.74666666666667	40.94	0.0
0.0	40.833333333333336	41.63333333333333	41.57333333333333	41.67333333333333	41.82	41.906666666666666	41.66	41.72	41.766666666666666	42.00666666666667	41.60666666666667	41.71333333333333	41.64666666666667	41.86	41.873333333333335	41.75333333333333	41.72666666666667	41.82666666666667	41.766666666666666	41.873333333333335	41.63333333333333	41.89333333333333	41.66	41.68	41.553333333333335	41.79333333333334	41.666666666666664	41.72666666666667	41.82666666666667	41.82666666666667	41.84	41.873333333333335	41.81333333333333	41.54	40.96666666666667	0.0
0.0	40.946666666666665	41.9	42.22	42.11333333333334	41.74666666666667	42.04	42.04	41.89333333333333	41.95333333333333	41.95333333333333	41.79333333333334	42.02	42.13333333333333	42.06666666666667	42.026666666666664	42.053333333333335	41.88	42.13333333333333	42.14	41.906666666666666	42.053333333333335	42.22666666666667	42.00666666666667	42.153333333333336	42.28	42.0	42.16	41.88	41.88	41.89333333333333	42.06	41.89333333333333	41.873333333333335	41.74666666666667	41.06	0.0
0.0	41.0	41.6	41.86	41.92	41.913333333333334	41.86666666666667	41.89333333333333	41.846666666666664	41.64	41.78666666666667	41.78	41.88	41.92	41.626666666666665	42.026666666666664	41.913333333333334	41.93333333333333	41.653333333333336	41.64	41.64	41.833333333333336	41.973333333333336	41.86	41.86	41.806666666666665	41.63333333333333	42.07333333333333	41.98	41.626666666666665	42.1	41.71333333333333	41.906666666666666	41.79333333333334	41.553333333333335	40.88	0.0
0.0	41.053333333333335	41.89333333333333	42.166666666666664	42.03333333333333	42.02	42.053333333333335	41.96666666666667	41.89333333333333	42.08	41.92	42.1	41.98	41.78	41.973333333333336	42.04666666666667	42.00666666666667	41.82	41.86666666666667	41.88666666666666	42.053333333333335	42.06	41.913333333333334	42.22666666666667	42.233333333333334	42.10666666666667	41.913333333333334	42.22	42.21333333333333	41.9	42.153333333333336	41.8	42.093333333333334	42.093333333333334	41.67333333333333	40.82	0.0
0.0	40.61333333333334	41.42666666666667	41.63333333333333	41.50666666666667	41.75333333333333	41.733333333333334	41.806666666666665	41.7	41.733333333333334	41.63333333333333	41.766666666666666	41.82	41.95333333333333	41.78666666666667	41.93333333333333	41.82	41.81333333333333	41.766666666666666	41.72666666666667	41.76	41.653333333333336	41.74666666666667	41.64	41.76	41.78	41.71333333333333	41.913333333333334	41.88666666666666	41.71333333333333	41.74	41.72	41.82	41.846666666666664	41.46666666666667	40.7	0.0
0.0	40.96666666666667	41.36666666666667	41.7	41.94	41.86	41.57333333333333	41.68	41.78666666666667	41.86666666666667	41.72	41.8	41.94	41.82666666666667	41.8	41.74666666666667	41.68666666666667	41.70666666666666	41.846666666666664	41.71333333333333	41.85333333333333	41.75333333333333	41.82666666666667	41.43333333333333	41.78	41.766666666666666	41.833333333333336	41.8	41.333333333333336	41.84	41.526666666666664	41.56	41.52	41.56	41.53333333333333	40.88	0.0
0.0	40.846666666666664	41.553333333333335	41.27333333333333	41.446666666666665	41.56	41.60666666666667	41.58	41.486666666666665	41.64	41.46	41.873333333333335	41.526666666666664	41.64	41.62	41.62	41.56666666666667	41.79333333333334	41.74	41.56	41.98	41.553333333333335	41.653333333333336	41.6	41.44	41.72666666666667	41.58	41.52	41.7	41.39333333333333	41.54666666666667	42.04	41.53333333333333	41.50666666666667	41.446666666666665	40.71333333333333	0.0
0.0	40.93333333333333	41.49333333333333	41.71333333333333	41.82666666666667	41.82666666666667	41.62	41.72	41.79333333333334	41.6	41.5	41.77333333333333	41.58	41.7	41.92666666666667	41.653333333333336	41.46666666666667	41.593333333333334	41.54	41.72666666666667	41.42	41.61333333333334	41.39333333333333	41.76	41.766666666666666	41.7	41.85333333333333	41.74	41.526666666666664	42.00666666666667	42.1	41.92	41.7	41.75333333333333	41.58	40.82666666666667	0.0
0.0	40.88	41.5	41.98	41.89333333333333	41.906666666666666	41.74666666666667	41.593333333333334	41.86666666666667	41.66	41.77333333333333	41.94	42.013333333333335	41.806666666666665	41.906666666666666	42.06	42.25333333333333	41.98	42.013333333333335	42.04	41.733333333333334	41.70666666666666	41.593333333333334	41.76	41.95333333333333	41.78666666666667	41.8	41.68666666666667	41.82	41.95333333333333	41.873333333333335	41.95333333333333	41.78	41.78	41.7	40.74666666666667	0.0
0.0	40.86	41.553333333333335	41.9	41.93333333333333	41.973333333333336	41.95333333333333	41.89333333333333	42.12	42.086666666666666	42.053333333333335	42.193333333333335	42.02	41.806666666666665	41.96666666666667	41.70666666666666	42.0	41.66	41.54	41.88	41.99333333333333	42.126666666666665	41.77333333333333	42.17333333333333	41.986666666666665	41.873333333333335	41.766666666666666	41.833333333333336	41.86	41.82666666666667	42.026666666666664	41.95333333333333	41.873333333333335	42.04666666666667	41.76	41.18	0.0
0.0	41.13333333333333	41.873333333333335	41.68	42.026666666666664	41.78	42.03333333333333	41.99333333333333	41.89333333333333	41.94	41.84	41.973333333333336	42.13333333333333	42.0	42.16	42.0	42.086666666666666	41.96666666666667	42.02	42.153333333333336	42.14666666666667	42.06	42.013333333333335	42.21333333333333	41.74666666666667	42.053333333333335	41.88666666666666	42.10666666666667	42.193333333333335	41.95333333333333	41.84	42.14	42.06666666666667	42.11333333333334	41.406666666666666	41.04	0.0
0.0	40.82	41.64666666666667	41.54666666666667	41.446666666666665	41.64	41.67333333333333	41.66	41.733333333333334	41.72666666666667	41.46	41.77333333333333	41.74666666666667	41.74666666666667	41.68	41.61333333333334	41.81333333333333	41.38666666666666	41.60666666666667	41.86666666666667	41.54666666666667	41.626666666666665	41.586666666666666	41.413333333333334	41.56666666666667	41.54	41.593333333333334	41.666666666666664	41.626666666666665	41.42	41.54	41.653333333333336	41.74666666666667	41.50666666666667	41.35333333333333	40.82	0.0
0.0	41.08	41.666666666666664	41.92	41.93333333333333	41.64	42.04666666666667	41.72666666666667	41.98	41.973333333333336	42.02	41.99333333333333	41.7	41.92	41.89333333333333	41.906666666666666	42.053333333333335	41.873333333333335	41.913333333333334	41.92666666666667	42.06	41.68	41.74	41.586666666666666	41.82666666666667	42.10666666666667	41.96666666666667	41.913333333333334	42.03333333333333	41.986666666666665	42.126666666666665	41.76	41.693333333333335	42.233333333333334	41.78	40.49333333333333	0.0
0.0	40.71333333333333	41.413333333333334	41.82666666666667	41.92	41.766666666666666	41.54	41.75333333333333	41.74	41.46	41.70666666666666	41.666666666666664	41.63333333333333	41.693333333333335	41.53333333333333	41.486666666666665	41.4	41.64	41.86	41.626666666666665	41.62	41.77333333333333	41.833333333333336	41.8	41.72	41.626666666666665	41.68666666666667	41.60666666666667	41.513333333333335	41.693333333333335	41.74	41.81333333333333	41.766666666666666	41.46	41.346666666666664	40.48	0.0
0.0	40.626666666666665	41.806666666666665	41.93333333333333	41.68	41.766666666666666	41.653333333333336	41.9	41.82666666666667	41.72	41.92	41.89333333333333	42.03333333333333	41.906666666666666	41.666666666666664	41.77333333333333	41.60666666666667	41.666666666666664	41.58	41.74666666666667	41.406666666666666	41.64666666666667	41.74	41.84	41.82	41.986666666666665	41.74	41.64	41.78	41.7	42.13333333333333	41.88	41.50666666666667	41.72	41.7	40.9	0.0
0.0	40.81333333333333	41.446666666666665	41.46	41.70666666666666	41.50666666666667	41.60666666666667	41.846666666666664	41.75333333333333	41.72	41.806666666666665	41.46666666666667	41.86666666666667	41.74666666666667	41.586666666666666	41.653333333333336	41.72	41.92	41.56666666666667	41.666666666666664	41.79333333333334	41.72666666666667	41.766666666666666	41.586666666666666	41.61333333333334	41.513333333333335	41.72666666666667	41.76	41.84	41.553333333333335	41.766666666666666	41.8	41.6	41.733333333333334	41.72	40.70666666666666	0.0
0.0	41.26	41.86666666666667	41.99333333333333	42.18	42.08	42.21333333333333	42.053333333333335	41.78	42.08	42.08	42.02	42.0	42.18666666666667	41.806666666666665	42.06	42.06	41.873333333333335	42.13333333333333	41.85333333333333	42.07333333333333	41.94	41.906666666666666	42.28	42.12	42.11333333333334	42.29333333333334	42.053333333333335	41.77333333333333	41.78	41.86	42.153333333333336	41.93333333333333	41.82	41.8	41.193333333333335	0.0
0.0	41.04	41.60666666666667	41.82666666666667	42.04	42.14666666666667	41.99333333333333	42.02	41.96	41.93333333333333	41.81333333333333	41.81333333333333	41.833333333333336	41.873333333333335	41.86666666666667	41.81333333333333	42.126666666666665	42.04666666666667	42.053333333333335	41.88	41.82666666666667	41.74666666666667	41.98	41.95333333333333	41.88	41.873333333333335	42.193333333333335	42.06	42.12	41.72	41.946666666666665	42.233333333333334	42.06666666666667	41.82666666666667	41.626666666666665	41.153333333333336	0.0
0.0	40.88	41.593333333333334	41.77333333333333	41.46666666666667	41.39333333333333	41.693333333333335	41.71333333333333	41.56666666666667	41.78666666666667	41.76	41.62	41.70666666666666	41.54	41.53333333333333	41.833333333333336	41.946666666666665	41.84	41.56666666666667	41.906666666666666	41.49333333333333	41.68666666666667	41.7	41.81333333333333	41.78	41.71333333333333	41.626666666666665	41.63333333333333	41.873333333333335	41.733333333333334	41.58	41.74	41.46	41.60666666666667	41.28	40.77333333333333	0.0
0.0	40.74666666666667	41.446666666666665	41.833333333333336	41.666666666666664	41.63333333333333	41.92666666666667	41.75333333333333	41.77333333333333	41.78666666666667	42.053333333333335	41.56666666666667	41.553333333333335	41.74	41.653333333333336	41.48	41.85333333333333	41.9	41.70666666666666	41.68	41.68666666666667	41.78	41.84	41.68	41.68666666666667	41.86666666666667	41.82666666666667	41.49333333333333	41.61333333333334	41.78	41.68	41.846666666666664	41.78	41.74666666666667	41.5	40.74	0.0
0.0	40.86666666666667	41.64	41.78666666666667	41.56	41.71333333333333	41.50666666666667	41.48	41.593333333333334	41.593333333333334	41.473333333333336	41.67333333333333	41.82666666666667	41.82666666666667	41.553333333333335	41.85333333333333	41.78	41.733333333333334	41.67333333333333	41.82666666666667	41.7	41.84	41.74	41.68	41.64666666666667	41.57333333333333	41.593333333333334	41.56666666666667	41.61333333333334	41.86666666666667	41.74666666666667	41.913333333333334	41.95333333333333	41.72	41.42	40.67333333333333	0.0
0.0	41.1	41.64	41.76	41.98	41.98	41.82	41.88666666666666	41.973333333333336	41.86666666666667	42.0	41.79333333333334	41.76	41.946666666666665	41.74666666666667	41.79333333333334	41.92666666666667	42.13333333333333	41.89333333333333	42.16	41.68	41.92	41.96666666666667	41.82666666666667	41.913333333333334	41.82666666666667	41.68666666666667	41.93333333333333	42.27333333333333	41.82	41.74	41.66	41.79333333333334	41.85333333333333	41.60666666666667	40.71333333333333	0.0
0.0	41.093333333333334	41.52	41.78666666666667	41.5	41.64666666666667	41.733333333333334	41.873333333333335	42.18666666666667	41.82	41.79333333333334	41.873333333333335	41.86	42.0	41.85333333333333	41.99333333333333	41.82	41.72	41.85333333333333	41.56666666666667	41.653333333333336	41.89333333333333	41.973333333333336	41.74666666666667	41.846666666666664	41.75333333333333	42.04666666666667	41.74666666666667	41.873333333333335	42.04	42.12	42.07333333333333	41.5	41.45333333333333	41.64	41.026666666666664	0.0
0.0	40.93333333333333	42.0	42.013333333333335	42.03333333333333	42.1	41.973333333333336	42.026666666666664	42.053333333333335	42.18	42.13333333333333	42.16	42.093333333333334	42.086666666666666	42.013333333333335	42.086666666666666	42.093333333333334	42.04666666666667	41.96666666666667	42.06666666666667	41.92666666666667	41.95333333333333	42.25333333333333	42.08	42.10666666666667	42.28	42.446666666666665	42.16	42.29333333333334	42.25333333333333	42.03333333333333	41.946666666666665	42.14666666666667	42.17333333333333	41.666666666666664	41.013333333333335	0.0
0.0	40.84	41.52	42.013333333333335	42.04666666666667	41.88	41.77333333333333	41.60666666666667	41.95333333333333	41.833333333333336	41.88666666666666	41.72	41.93333333333333	41.66	41.75333333333333	41.86	41.77333333333333	41.88666666666666	41.806666666666665	41.88	41.72666666666667	41.833333333333336	42.00666666666667	41.8	41.85333333333333	41.76	41.56	41.833333333333336	41.79333333333334	41.56	41.766666666666666	41.82666666666667	41.973333333333336	41.79333333333334	41.6	40.96	0.0
0.0	40.89333333333333	41.733333333333334	41.75333333333333	41.74666666666667	41.82666666666667	41.99333333333333	41.63333333333333	41.7	41.77333333333333	41.54	41.973333333333336	41.60666666666667	41.92	41.833333333333336	42.00666666666667	41.89333333333333	41.82	41.99333333333333	41.74	41.92	41.78666666666667	41.82	41.8	41.79333333333334	41.89333333333333	41.61333333333334	41.76	41.526666666666664	41.95333333333333	41.733333333333334	41.86666666666667	41.77333333333333	41.446666666666665	41.46666666666667	40.75333333333333	0.0
0.0	41.04	41.63333333333333	42.053333333333335	41.8	41.77333333333333	41.946666666666665	42.00666666666667	41.74	41.7	41.766666666666666	41.85333333333333	41.946666666666665	41.8	41.68666666666667	41.96666666666667	41.82	41.82666666666667	41.72666666666667	41.946666666666665	42.18666666666667	41.74	41.74666666666667	41.79333333333334	41.693333333333335	41.833333333333336	41.88	41.99333333333333	42.10666666666667	41.96	41.81333333333333	41.67333333333333	41.72	41.873333333333335	41.78666666666667	40.8	0.0
0.0	41.24666666666667	41.693333333333335	41.986666666666665	42.18	42.06666666666667	41.806666666666665	41.57333333333333	41.986666666666665	41.82	41.92666666666667	42.04	42.07333333333333	41.88	41.86666666666667	42.25333333333333	41.946666666666665	42.1	42.17333333333333	41.96666666666667	41.92666666666667	42.06	42.14666666666667	41.75333333333333	41.75333333333333	42.08	42.093333333333334	42.10666666666667	41.77333333333333	41.913333333333334	41.96666666666667	42.32666666666667	42.06	41.88666666666666	41.833333333333336	40.913333333333334	0.0
0.0	40.96	41.733333333333334	41.82	41.86	42.06666666666667	42.373333333333335	41.946666666666665	41.82666666666667	41.95333333333333	41.89333333333333	42.086666666666666	41.84	42.16	41.82	41.973333333333336	42.04666666666667	42.16	41.82666666666667	42.126666666666665	41.88666666666666	42.06	42.086666666666666	42.04666666666667	41.653333333333336	41.92666666666667	41.96	41.96	41.86666666666667	42.11333333333334	42.07333333333333	42.0	42.08	41.89333333333333	41.64666666666667	40.81333333333333	0.0
0.0	41.18666666666667	41.72	41.9	41.9	41.906666666666666	42.04	41.99333333333333	42.1	41.833333333333336	42.22	41.99333333333333	41.94	41.74666666666667	42.03333333333333	41.906666666666666	41.96	41.986666666666665	41.77333333333333	42.093333333333334	42.07333333333333	41.86666666666667	42.14666666666667	42.06666666666667	41.99333333333333	41.913333333333334	42.04666666666667	41.99333333333333	42.1	42.04	41.906666666666666	42.03333333333333	41.88	41.92666666666667	41.75333333333333	41.18666666666667	0.0
0.0	40.913333333333334	41.4	41.513333333333335	41.88	41.74666666666667	41.586666666666666	41.85333333333333	41.77333333333333	41.833333333333336	41.63333333333333	41.78666666666667	41.78666666666667	41.67333333333333	41.593333333333334	41.486666666666665	41.61333333333334	41.79333333333334	41.72	41.7	41.98	41.70666666666666	41.64	41.88666666666666	41.64	41.71333333333333	41.526666666666664	41.82	41.70666666666666	41.71333333333333	41.56666666666667	41.78666666666667	41.81333333333333	41.833333333333336	41.53333333333333	40.61333333333334	0.0
0.0	40.833333333333336	41.72666666666667	41.74	41.74666666666667	41.79333333333334	41.78	41.86666666666667	41.76	41.666666666666664	41.85333333333333	41.74666666666667	41.833333333333336	41.473333333333336	41.67333333333333	41.5	41.57333333333333	41.82	41.56	41.57333333333333	41.5	41.586666666666666	41.57333333333333	41.593333333333334	41.64666666666667	41.75333333333333	41.906666666666666	41.34	41.68666666666667	41.593333333333334	41.79333333333334	41.72	41.74666666666667	41.653333333333336	41.79333333333334	40.75333333333333	0.0
0.0	40.68666666666667	41.3	41.60666666666667	41.64	41.7	41.56	41.8	41.38	41.82666666666667	41.54	41.58	41.526666666666664	41.56	41.733333333333334	41.766666666666666	41.56666666666667	41.39333333333333	41.60666666666667	41.78666666666667	41.58	41.64666666666667	41.733333333333334	41.72666666666667	41.74666666666667	41.8	41.513333333333335	41.60666666666667	41.75333333333333	41.53333333333333	41.64666666666667	41.66	41.70666666666666	41.88	41.28	40.75333333333333	0.0
0.0	41.03333333333333	41.72	41.82666666666667	41.84	41.653333333333336	41.833333333333336	41.75333333333333	41.93333333333333	41.78666666666667	41.74	41.973333333333336	41.973333333333336	41.513333333333335	41.86666666666667	41.973333333333336	41.89333333333333	41.85333333333333	41.833333333333336	41.913333333333334	41.64	41.766666666666666	41.94	41.98	42.013333333333335	41.99333333333333	41.82666666666667	42.053333333333335	42.013333333333335	41.86666666666667	41.78	41.9	41.71333333333333	41.82	41.72	40.973333333333336	0.0
0.0	40.913333333333334	41.766666666666666	41.88	41.88	42.00666666666667	42.08	42.02	42.086666666666666	41.93333333333333	41.88666666666666	42.086666666666666	41.88666666666666	41.833333333333336	41.9	41.95333333333333	41.806666666666665	41.76	41.78	41.78	41.66	42.06	42.13333333333333	42.026666666666664	41.9	41.93333333333333	42.08	42.233333333333334	42.053333333333335	42.14	41.82666666666667	41.78	41.99333333333333	42.013333333333335	41.75333333333333	40.766666666666666	0.0
0.0	40.913333333333334	41.88	41.61333333333334	41.74666666666667	41.71333333333333	41.973333333333336	41.75333333333333	41.666666666666664	41.7	41.48	41.75333333333333	41.833333333333336	41.74	41.82	41.8	41.6	41.96666666666667	42.06666666666667	41.946666666666665	42.053333333333335	42.013333333333335	41.84	41.74666666666667	41.733333333333334	41.89333333333333	41.43333333333333	41.586666666666666	41.78	41.64	41.64666666666667	41.86666666666667	41.77333333333333	41.53333333333333	41.806666666666665	41.093333333333334	0.0
0.0	41.166666666666664	41.873333333333335	41.88	42.20666666666666	42.03333333333333	41.8	41.766666666666666	42.03333333333333	42.153333333333336	42.36666666666667	41.96	42.086666666666666	41.99333333333333	41.96666666666667	41.986666666666665	42.126666666666665	41.986666666666665	41.78	42.126666666666665	42.04	41.79333333333334	42.16	41.96	42.34	42.07333333333333	42.153333333333336	42.21333333333333	42.166666666666664	42.1	42.026666666666664	42.233333333333334	42.08	42.21333333333333	41.71333333333333	41.04666666666667	0.0
0.0	40.72666666666667	41.66	41.86	41.806666666666665	41.68666666666667	41.60666666666667	41.72	41.82666666666667	41.846666666666664	41.64	41.99333333333333	41.42666666666667	41.8	41.67333333333333	41.98	41.85333333333333	41.86	41.733333333333334	41.593333333333334	41.75333333333333	41.74	41.79333333333334	41.653333333333336	41.693333333333335	41.67333333333333	41.86	41.92666666666667	41.806666666666665	41.873333333333335	41.72	41.6	41.733333333333334	41.71333333333333	41.486666666666665	40.666666666666664	0.0
0.0	40.84	41.56	41.873333333333335	41.88666666666666	41.653333333333336	41.76	41.82666666666667	42.26	41.913333333333334	41.62	41.906666666666666	42.093333333333334	41.766666666666666	41.93333333333333	41.8	41.84	42.026666666666664	42.39333333333333	42.18	41.82	41.81333333333333	41.84	41.96666666666667	41.846666666666664	41.89333333333333	41.57333333333333	41.5	41.833333333333336	42.053333333333335	41.78666666666667	41.846666666666664	41.9	42.12	41.67333333333333	41.03333333333333	0.0
0.0	41.02	41.806666666666665	41.74	41.68	42.04666666666667	41.946666666666665	41.766666666666666	41.72	42.1	41.74	41.93333333333333	42.0	41.806666666666665	41.806666666666665	41.77333333333333	41.79333333333334	41.88666666666666	41.88	41.96	41.8	41.84	41.98	41.766666666666666	41.72666666666667	41.92666666666667	41.846666666666664	41.75333333333333	41.93333333333333	41.733333333333334	41.88666666666666	41.85333333333333	41.78	41.86	41.88666666666666	41.18	0.0
0.0	41.16	41.67333333333333	42.0	42.14666666666667	42.026666666666664	42.04666666666667	42.06666666666667	41.906666666666666	42.04666666666667	42.013333333333335	42.06666666666667	42.24	42.06666666666667	41.89333333333333	41.833333333333336	41.72666666666667	42.013333333333335	41.986666666666665	42.31333333333333	42.00666666666667	42.08	41.806666666666665	42.13333333333333	42.32666666666667	41.86	42.0	42.21333333333333	41.99333333333333	42.053333333333335	42.04	42.093333333333334	42.20666666666666	41.873333333333335	41.57333333333333	41.18666666666667	0.0
0.0	40.78666666666667	41.72666666666667	41.70666666666666	41.61333333333334	41.6	41.526666666666664	41.833333333333336	41.56	41.71333333333333	41.973333333333336	41.86	41.81333333333333	41.766666666666666	41.766666666666666	41.74666666666667	41.82666666666667	41.68666666666667	41.7	41.6	41.666666666666664	41.68	41.74	41.766666666666666	41.8	41.67333333333333	41.56666666666667	41.79333333333334	41.86	41.62	41.7	41.946666666666665	41.806666666666665	41.77333333333333	41.42	40.8	0.0
0.0	41.086666666666666	41.88666666666666	41.66	41.53333333333333	41.9	42.04666666666667	41.60666666666667	41.81333333333333	41.906666666666666	42.04	41.86	41.846666666666664	41.8	41.54	41.84	41.88666666666666	41.88666666666666	42.026666666666664	42.06666666666667	41.92666666666667	41.96666666666667	41.92	41.806666666666665	41.82	41.94	41.94	41.84	42.17333333333333	42.06	41.88	41.86	41.72666666666667	42.026666666666664	41.60666666666667	41.193333333333335	0.0
0.0	40.9	41.473333333333336	41.473333333333336	41.78	41.81333333333333	41.733333333333334	41.593333333333334	41.64666666666667	41.64	41.67333333333333	41.54666666666667	41.76	41.653333333333336	41.56666666666667	41.78	41.85333333333333	41.95333333333333	41.92	41.88666666666666	41.92666666666667	41.68	41.74	41.78	41.7	42.053333333333335	41.79333333333334	41.586666666666666	41.63333333333333	41.85333333333333	41.81333333333333	41.68	41.68666666666667	41.88666666666666	41.57333333333333	40.74	0.0
0.0	40.82	41.60666666666667	41.913333333333334	41.973333333333336	41.906666666666666	42.14666666666667	41.98	42.04666666666667	41.96	41.88	42.266666666666666	41.96666666666667	42.14666666666667	41.986666666666665	42.02	41.76	41.913333333333334	42.166666666666664	41.973333333333336	41.88666666666666	42.0	42.093333333333334	42.10666666666667	42.026666666666664	42.2	41.75333333333333	41.78666666666667	41.89333333333333	42.093333333333334	41.6	42.013333333333335	42.04666666666667	41.806666666666665	41.86	40.913333333333334	0.0
0.0	40.846666666666664	41.473333333333336	42.166666666666664	41.846666666666664	41.9	41.846666666666664	42.00666666666667	41.78666666666667	41.986666666666665	41.62	41.93333333333333	41.94	42.08	41.81333333333333	42.06	42.08	41.76	41.96666666666667	41.553333333333335	41.66	41.82	41.82	41.74	42.053333333333335	41.986666666666665	41.77333333333333	41.99333333333333	41.98	41.86	41.77333333333333	41.78666666666667	41.913333333333334	41.733333333333334	41.64	40.86666666666667	0.0
0.0	40.94	41.74666666666667	41.6	41.88666666666666	41.86666666666667	41.81333333333333	41.9	41.68666666666667	41.86	41.593333333333334	41.64	41.49333333333333	41.666666666666664	41.986666666666665	41.52	41.64	41.62	41.68666666666667	41.78	41.72	41.7	41.62	41.67333333333333	41.94	41.94	41.72666666666667	41.72	41.52	41.57333333333333	41.79333333333334	41.85333333333333	41.973333333333336	41.81333333333333	41.58	40.88	0.0
0.0	41.07333333333333	41.76	41.986666666666665	41.79333333333334	41.846666666666664	41.92	41.86	41.693333333333335	41.553333333333335	41.553333333333335	41.86	41.93333333333333	41.833333333333336	41.806666666666665	41.81333333333333	41.76	41.88	41.78	41.93333333333333	41.733333333333334	42.013333333333335	42.20666666666666	41.846666666666664	41.85333333333333	42.04	41.986666666666665	42.04666666666667	41.8	42.0	41.88666666666666	41.96	41.846666666666664	41.75333333333333	41.61333333333334	40.973333333333336	0.0
0.0	41.06666666666667	41.8	41.88	41.626666666666665	41.74666666666667	41.733333333333334	41.66	42.07333333333333	41.76	41.78666666666667	41.82666666666667	41.806666666666665	41.586666666666666	41.88666666666666	41.733333333333334	41.833333333333336	41.92666666666667	41.833333333333336	42.126666666666665	41.766666666666666	41.76	41.61333333333334	41.7	41.973333333333336	41.63333333333333	41.76	41.60666666666667	41.846666666666664	41.733333333333334	41.76	41.666666666666664	41.44	41.66	41.57333333333333	40.99333333333333	0.0
0.0	40.973333333333336	41.766666666666666	41.9	41.94	41.79333333333334	41.72666666666667	42.266666666666666	41.89333333333333	41.946666666666665	41.92	42.04	41.88666666666666	42.06666666666667	41.86	42.093333333333334	41.94	41.733333333333334	42.04666666666667	41.88	41.946666666666665	41.95333333333333	42.10666666666667	41.88	41.986666666666665	42.013333333333335	41.86666666666667	42.10666666666667	42.0	42.11333333333334	42.22	41.93333333333333	41.973333333333336	41.82	41.913333333333334	40.92666666666667	0.0
0.0	41.233333333333334	41.81333333333333	42.053333333333335	42.093333333333334	42.086666666666666	42.053333333333335	42.026666666666664	42.1	42.14	42.18666666666667	42.026666666666664	41.88	41.906666666666666	42.12	42.14666666666667	41.93333333333333	41.88	42.193333333333335	42.02	41.973333333333336	41.95333333333333	42.06	42.02	42.08	42.266666666666666	41.95333333333333	42.11333333333334	42.25333333333333	42.13333333333333	41.93333333333333	42.1	41.86666666666667	42.14	41.77333333333333	41.233333333333334	0.0
0.0	40.94	41.49333333333333	41.82	41.88666666666666	41.84	42.04666666666667	41.70666666666666	41.733333333333334	41.68	41.9	41.82	41.94	41.68	42.08	42.00666666666667	41.986666666666665	41.76	41.92666666666667	41.92	42.00666666666667	41.946666666666665	42.10666666666667	42.04666666666667	41.86666666666667	41.78666666666667	41.86	41.77333333333333	41.82666666666667	41.79333333333334	41.81333333333333	41.76	42.0	42.013333333333335	41.473333333333336	41.00666666666667	0.0
0.0	40.806666666666665	41.57333333333333	41.88	41.82666666666667	42.03333333333333	41.906666666666666	41.733333333333334	42.02	42.03333333333333	42.013333333333335	42.12	41.95333333333333	41.94	42.02	41.8	41.68666666666667	41.9	42.06666666666667	41.88	41.89333333333333	42.08	42.18666666666667	42.093333333333334	41.84	41.74	41.86666666666667	41.8	41.95333333333333	41.76	41.846666666666664	41.846666666666664	41.78	41.806666666666665	41.48	41.04	0.0
0.0	40.8	41.60666666666667	41.553333333333335	41.56	41.5	41.68	41.6	41.766666666666666	41.79333333333334	41.66	41.62	41.75333333333333	41.986666666666665	41.593333333333334	41.75333333333333	41.82666666666667	41.446666666666665	41.733333333333334	41.806666666666665	41.72	41.38	41.7	41.60666666666667	41.78	41.76	42.02	41.846666666666664	41.60666666666667	41.76	41.52	41.74	41.70666666666666	41.733333333333334	41.54	40.973333333333336	0.0
0.0	40.92	41.833333333333336	41.84	41.946666666666665	42.28666666666667	42.25333333333333	42.14	42.02	41.92	42.20666666666666	42.06	42.18666666666667	42.12	42.06666666666667	42.39333333333333	42.1	41.89333333333333	42.21333333333333	42.08	42.34	41.92666666666667	42.013333333333335	42.38666666666666	42.2	41.986666666666665	42.346666666666664	42.13333333333333	42.04666666666667	41.9	41.95333333333333	42.126666666666665	42.16	41.93333333333333	41.88	41.00666666666667	0.0
0.0	40.873333333333335	41.86	41.76	41.906666666666666	41.9	41.81333333333333	41.72666666666667	42.02	41.82666666666667	42.026666666666664	42.32	41.72	41.8	41.88666666666666	42.18666666666667	41.96666666666667	42.1	42.12	41.88	42.2	41.946666666666665	41.81333333333333	41.873333333333335	41.82	42.17333333333333	41.74666666666667	42.1	41.986666666666665	41.95333333333333	41.92666666666667	41.93333333333333	41.96	41.666666666666664	41.653333333333336	41.013333333333335	0.0
0.0	40.71333333333333	41.24	41.68666666666667	41.70666666666666	41.56666666666667	41.57333333333333	41.806666666666665	41.67333333333333	41.75333333333333	41.81333333333333	41.54666666666667	41.72666666666667	41.593333333333334	41.68	41.593333333333334	41.766666666666666	41.233333333333334	41.66	41.63333333333333	41.53333333333333	41.67333333333333	41.88666666666666	41.526666666666664	41.61333333333334	41.62	41.66	41.71333333333333	41.68	41.72666666666667	41.833333333333336	41.46	41.53333333333333	41.72666666666667	41.42	40.74666666666667	0.0
0.0	41.00666666666667	41.81333333333333	41.79333333333334	41.946666666666665	41.846666666666664	42.04	41.96666666666667	42.02	42.14666666666667	41.873333333333335	41.873333333333335	41.79333333333334	42.08	42.233333333333334	42.153333333333336	41.96	41.873333333333335	42.0	41.85333333333333	42.02	41.92666666666667	42.03333333333333	41.95333333333333	41.86666666666667	41.92	41.76	41.99333333333333	42.06	42.20666666666666	42.053333333333335	41.86666666666667	41.846666666666664	41.94	41.60666666666667	40.873333333333335	0.0
0.0	40.7	41.593333333333334	41.76	41.733333333333334	41.64	42.04666666666667	41.973333333333336	41.9	41.74	41.78	41.70666666666666	41.79333333333334	41.72	41.57333333333333	41.76	41.72666666666667	41.846666666666664	41.82	41.666666666666664	41.88	41.733333333333334	41.68666666666667	41.63333333333333	41.653333333333336	41.473333333333336	42.093333333333334	41.67333333333333	41.766666666666666	41.74666666666667	41.68	42.00666666666667	41.72	41.57333333333333	41.553333333333335	40.75333333333333	0.0
0.0	40.86666666666667	41.34	41.553333333333335	41.653333333333336	41.586666666666666	41.82	41.52	41.53333333333333	41.68666666666667	41.86	41.693333333333335	41.6	41.693333333333335	41.333333333333336	41.50666666666667	41.4	41.766666666666666	41.693333333333335	41.846666666666664	41.8	41.873333333333335	41.64	41.553333333333335	41.906666666666666	41.906666666666666	41.833333333333336	41.38666666666666	41.473333333333336	41.88666666666666	41.86	41.75333333333333	41.62	41.67333333333333	41.54666666666667	40.74	0.0
0.0	41.02	41.473333333333336	41.79333333333334	41.96666666666667	42.026666666666664	41.78666666666667	41.806666666666665	41.85333333333333	41.95333333333333	41.913333333333334	42.086666666666666	41.67333333333333	41.75333333333333	41.60666666666667	41.946666666666665	42.013333333333335	42.03333333333333	42.026666666666664	41.82666666666667	41.84	41.906666666666666	41.89333333333333	41.86	41.8	41.82	41.693333333333335	41.86666666666667	41.81333333333333	41.86666666666667	41.846666666666664	41.906666666666666	41.86666666666667	41.846666666666664	41.71333333333333	40.846666666666664	0.0
0.0	41.13333333333333	41.78	41.873333333333335	41.82666666666667	41.94	41.986666666666665	42.06	41.85333333333333	42.18666666666667	41.873333333333335	42.086666666666666	42.11333333333334	42.13333333333333	42.166666666666664	41.86	42.13333333333333	42.21333333333333	42.22666666666667	41.973333333333336	41.99333333333333	41.96	42.013333333333335	41.99333333333333	41.70666666666666	42.02	41.833333333333336	41.96666666666667	41.96666666666667	42.18666666666667	42.093333333333334	41.873333333333335	41.92666666666667	42.00666666666667	41.98	41.086666666666666	0.0
0.0	40.86666666666667	41.7	41.873333333333335	41.62	41.67333333333333	41.75333333333333	41.72	41.93333333333333	41.6	41.54666666666667	41.846666666666664	41.8	41.913333333333334	41.96	41.96	42.27333333333333	41.85333333333333	41.74	41.72666666666667	42.00666666666667	41.76	41.86	41.86666666666667	42.03333333333333	41.973333333333336	41.96	41.8	41.78	41.68	41.81333333333333	41.95333333333333	42.126666666666665	42.06	41.62	40.85333333333333	0.0
0.0	40.86666666666667	41.68666666666667	41.82	42.026666666666664	42.02	41.913333333333334	41.666666666666664	41.586666666666666	41.626666666666665	41.54666666666667	41.63333333333333	41.766666666666666	41.81333333333333	41.7	41.8	41.766666666666666	41.7	41.986666666666665	41.81333333333333	41.66	41.64	41.906666666666666	41.78666666666667	41.92666666666667	41.66	41.9	41.98	41.88	41.63333333333333	41.7	41.81333333333333	41.71333333333333	41.586666666666666	41.54	41.00666666666667	0.0
0.0	40.593333333333334	41.486666666666665	41.54666666666667	41.54666666666667	41.64	41.62	41.60666666666667	41.9	41.66	41.6	41.766666666666666	41.88	41.46	41.66	41.95333333333333	41.46	41.56	41.36	41.56	41.586666666666666	41.3	41.486666666666665	41.32	41.72	41.54666666666667	41.50666666666667	41.63333333333333	41.57333333333333	41.46666666666667	41.8	41.58	41.56666666666667	41.586666666666666	41.54666666666667	40.6	0.0
0.0	41.00666666666667	41.64	41.906666666666666	41.693333333333335	41.766666666666666	41.96	41.94	41.873333333333335	41.95333333333333	41.84	42.0	42.00666666666667	41.846666666666664	41.9	41.72	41.766666666666666	41.913333333333334	41.95333333333333	41.873333333333335	41.86	41.94	42.1	41.72666666666667	41.906666666666666	41.82666666666667	41.70666666666666	41.833333333333336	41.806666666666665	41.70666666666666	41.9	41.93333333333333	42.013333333333335	41.77333333333333	41.626666666666665	40.89333333333333	0.0
0.0	40.86666666666667	41.666666666666664	42.16	41.75333333333333	41.96	41.62	42.02	41.96666666666667	41.95333333333333	41.58	41.693333333333335	41.74	41.82	41.63333333333333	41.733333333333334	41.76	41.96666666666667	41.89333333333333	41.766666666666666	41.513333333333335	41.526666666666664	41.6	41.8	41.92666666666667	41.626666666666665	41.72666666666667	41.92	41.56	41.88	41.846666666666664	41.68666666666667	41.82	41.906666666666666	41.6	40.96666666666667	0.0
0.0	41.07333333333333	41.82	41.89333333333333	41.89333333333333	41.74	41.806666666666665	42.04	41.68666666666667	41.74666666666667	41.9	41.89333333333333	41.806666666666665	41.99333333333333	41.86	41.84	41.81333333333333	41.833333333333336	42.2	41.94	41.88	41.86	41.873333333333335	41.78666666666667	41.74666666666667	41.86	42.03333333333333	41.64	42.026666666666664	41.75333333333333	41.77333333333333	41.98	41.72666666666667	41.71333333333333	41.7	41.233333333333334	0.0
0.0	40.946666666666665	41.693333333333335	41.68666666666667	41.86	41.72	41.81333333333333	41.666666666666664	41.973333333333336	41.75333333333333	41.66	41.586666666666666	41.64	42.07333333333333	41.99333333333333	41.79333333333334	41.8	41.72	41.806666666666665	41.8	41.76	41.81333333333333	41.98	41.72	41.733333333333334	41.78666666666667	41.906666666666666	41.806666666666665	41.64666666666667	41.84	41.486666666666665	41.79333333333334	41.57333333333333	41.553333333333335	41.346666666666664	40.78666666666667	0.0
0.0	40.95333333333333	41.7	41.78666666666667	42.093333333333334	41.88	41.96	41.95333333333333	41.98	42.233333333333334	42.0	41.98	41.81333333333333	41.81333333333333	42.20666666666666	41.82	42.17333333333333	42.013333333333335	42.04666666666667	42.17333333333333	41.89333333333333	41.8	41.75333333333333	41.93333333333333	41.64	41.53333333333333	41.86	41.92666666666667	41.8	41.873333333333335	41.72666666666667	41.78666666666667	42.2	41.873333333333335	41.846666666666664	40.9	0.0
0.0	40.82	41.486666666666665	41.946666666666665	41.593333333333334	41.68666666666667	41.78	41.61333333333334	41.82	41.766666666666666	41.84	41.72	41.81333333333333	41.693333333333335	41.666666666666664	41.666666666666664	41.586666666666666	41.56666666666667	41.81333333333333	41.8	41.95333333333333	41.72	41.71333333333333	41.96666666666667	41.873333333333335	41.946666666666665	41.8	41.72	41.81333333333333	41.99333333333333	41.64666666666667	41.64	41.946666666666665	41.63333333333333	41.57333333333333	40.77333333333333	0.0
0.0	40.88666666666666	41.66	41.74	41.78666666666667	41.593333333333334	41.67333333333333	41.62	41.9	41.70666666666666	41.666666666666664	41.75333333333333	41.99333333333333	41.74	41.93333333333333	42.013333333333335	41.64	41.553333333333335	41.92	41.50666666666667	41.86	41.62	41.906666666666666	41.526666666666664	41.92	41.446666666666665	41.68666666666667	41.166666666666664	41.766666666666666	41.733333333333334	41.74	41.6	41.84	41.846666666666664	41.74	41.166666666666664	0.0
0.0	41.166666666666664	41.78	41.75333333333333	42.026666666666664	41.98	41.946666666666665	41.946666666666665	42.093333333333334	41.85333333333333	41.986666666666665	41.88666666666666	41.81333333333333	41.95333333333333	42.16	42.24666666666667	42.22	41.946666666666665	42.22666666666667	42.03333333333333	41.78666666666667	41.96	42.07333333333333	41.64666666666667	42.13333333333333	41.626666666666665	41.94	41.913333333333334	41.96666666666667	41.9	42.16	41.89333333333333	42.14	42.02	41.72	41.18666666666667	0.0
0.0	40.68666666666667	41.406666666666666	41.56666666666667	41.57333333333333	41.16	41.593333333333334	41.32	41.7	41.586666666666666	41.44	41.946666666666665	41.666666666666664	41.60666666666667	41.5	41.45333333333333	41.52	41.666666666666664	41.553333333333335	41.733333333333334	41.553333333333335	41.63333333333333	41.6	41.7	41.56666666666667	41.49333333333333	41.50666666666667	41.53333333333333	41.88666666666666	41.34	41.473333333333336	41.50666666666667	41.873333333333335	41.53333333333333	41.58	40.873333333333335	0.0
0.0	40.986666666666665	41.72	42.166666666666664	42.00666666666667	41.99333333333333	41.913333333333334	42.24666666666667	41.92666666666667	41.68666666666667	42.08	42.13333333333333	42.32	42.373333333333335	42.14	42.04666666666667	42.04666666666667	42.086666666666666	42.0	41.96	42.1	42.26	42.126666666666665	42.193333333333335	42.1	42.14666666666667	41.78666666666667	41.92666666666667	42.14666666666667	42.06	41.986666666666665	41.88666666666666	41.88666666666666	41.906666666666666	41.95333333333333	41.306666666666665	0.0
0.0	40.846666666666664	41.49333333333333	41.89333333333333	41.77333333333333	41.74	41.62	41.94	41.68666666666667	42.00666666666667	41.833333333333336	41.84	41.88666666666666	41.79333333333334	41.526666666666664	41.79333333333334	41.666666666666664	41.75333333333333	41.75333333333333	41.76	41.82	42.026666666666664	41.833333333333336	41.92666666666667	41.70666666666666	41.61333333333334	41.56666666666667	41.74	42.06	41.99333333333333	42.06666666666667	41.99333333333333	41.76	41.906666666666666	41.806666666666665	40.84	0.0
0.0	40.52	41.21333333333333	41.373333333333335	41.70666666666666	41.66	41.50666666666667	41.56666666666667	41.48	41.413333333333334	41.42	41.46666666666667	41.693333333333335	41.5	41.553333333333335	41.653333333333336	41.56	41.86666666666667	41.52	41.986666666666665	41.6	41.46666666666667	41.54666666666667	41.54666666666667	41.486666666666665	41.6	41.50666666666667	41.57333333333333	41.58	41.38	41.54666666666667	41.49333333333333	41.486666666666665	41.63333333333333	41.25333333333333	40.8	0.0
0.0	41.093333333333334	41.38	41.72666666666667	41.95333333333333	41.766666666666666	42.08	41.84	41.86	41.913333333333334	41.74666666666667	41.85333333333333	41.68666666666667	41.95333333333333	42.166666666666664	41.89333333333333	41.846666666666664	41.68666666666667	41.71333333333333	42.07333333333333	41.98	41.94	41.81333333333333	41.78	41.913333333333334	41.833333333333336	41.72666666666667	41.586666666666666	41.766666666666666	41.79333333333334	42.02	41.9	41.86	41.78666666666667	41.653333333333336	40.68	0.0
0.0	40.833333333333336	41.57333333333333	41.92666666666667	41.78	41.85333333333333	41.913333333333334	41.98	41.85333333333333	41.973333333333336	41.833333333333336	41.8	41.913333333333334	41.986666666666665	41.82	41.833333333333336	41.56	42.04666666666667	41.766666666666666	41.86666666666667	41.946666666666665	41.93333333333333	42.00666666666667	41.95333333333333	41.78	41.79333333333334	41.85333333333333	41.94	41.946666666666665	42.153333333333336	41.93333333333333	41.94	41.7	41.833333333333336	41.666666666666664	40.946666666666665	0.0
0.0	40.946666666666665	41.81333333333333	41.873333333333335	42.14666666666667	41.71333333333333	41.806666666666665	41.74	41.82	41.84	41.88666666666666	42.233333333333334	42.053333333333335	42.093333333333334	42.10666666666667	42.14	41.74	42.20666666666666	42.06666666666667	41.986666666666665	42.086666666666666	41.99333333333333	42.03333333333333	42.03333333333333	42.03333333333333	41.846666666666664	41.96666666666667	41.85333333333333	42.0	42.00666666666667	41.93333333333333	41.86	41.72	41.72666666666667	41.766666666666666	41.026666666666664	0.0
0.0	40.78	41.7	41.81333333333333	41.82666666666667	41.833333333333336	41.586666666666666	41.78666666666667	41.653333333333336	41.64	41.733333333333334	41.82	41.806666666666665	41.74666666666667	41.666666666666664	41.7	41.74666666666667	41.67333333333333	41.526666666666664	41.76	41.873333333333335	41.733333333333334	41.66	41.553333333333335	41.6	41.72666666666667	41.74	41.84	41.53333333333333	41.586666666666666	41.846666666666664	41.413333333333334	41.72666666666667	41.77333333333333	41.54	40.86	0.0
0.0	40.95333333333333	41.75333333333333	41.70666666666666	41.873333333333335	41.973333333333336	42.0	42.04	41.806666666666665	42.06	42.00666666666667	42.31333333333333	41.89333333333333	41.8	42.07333333333333	41.973333333333336	42.14	42.13333333333333	41.913333333333334	42.07333333333333	41.92	42.04666666666667	42.04	41.98	41.906666666666666	41.973333333333336	42.093333333333334	41.93333333333333	42.22666666666667	42.06666666666667	41.74666666666667	42.04	42.06666666666667	41.946666666666665	41.96666666666667	40.89333333333333	0.0
0.0	40.846666666666664	41.373333333333335	41.72666666666667	41.9	41.873333333333335	41.82	41.74	41.92	41.766666666666666	41.96666666666667	42.126666666666665	41.70666666666666	41.833333333333336	41.75333333333333	41.806666666666665	41.94	41.86	42.17333333333333	41.84	41.806666666666665	41.74	41.72666666666667	41.82	41.62	41.626666666666665	41.7	42.14666666666667	41.946666666666665	41.77333333333333	41.74	41.846666666666664	41.46	41.89333333333333	41.7	40.67333333333333	0.0
0.0	41.35333333333333	41.666666666666664	41.96	42.153333333333336	42.03333333333333	41.986666666666665	42.026666666666664	42.12	42.27333333333333	42.126666666666665	42.233333333333334	42.12	41.99333333333333	41.89333333333333	42.36	42.16	41.94	41.82666666666667	41.77333333333333	41.7	42.11333333333334	42.08	42.126666666666665	42.22	41.93333333333333	41.81333333333333	41.946666666666665	41.94	42.07333333333333	42.08	41.806666666666665	42.03333333333333	42.24	41.46	40.88666666666666	0.0
0.0	40.88	41.42666666666667	41.60666666666667	41.71333333333333	41.913333333333334	41.486666666666665	41.60666666666667	41.82666666666667	41.833333333333336	41.7	41.86	41.92666666666667	41.86666666666667	41.64	41.64666666666667	41.95333333333333	41.806666666666665	41.63333333333333	41.66	41.6	41.39333333333333	41.77333333333333	41.92666666666667	41.5	41.68666666666667	41.873333333333335	41.766666666666666	41.846666666666664	42.026666666666664	41.92666666666667	41.82	41.8	41.63333333333333	41.306666666666665	40.973333333333336	0.0
0.0	40.68666666666667	41.593333333333334	41.473333333333336	41.64	41.77333333333333	41.806666666666665	41.666666666666664	41.95333333333333	41.513333333333335	41.8	41.75333333333333	41.72666666666667	41.74	41.82666666666667	41.93333333333333	41.82	41.88	41.63333333333333	41.86	41.693333333333335	41.56666666666667	41.86	41.74666666666667	41.61333333333334	41.806666666666665	41.86666666666667	41.70666666666666	41.78	41.86666666666667	41.76	41.75333333333333	41.71333333333333	41.7	41.72	41.00666666666667	0.0
0.0	40.98	41.766666666666666	41.873333333333335	42.06	42.11333333333334	42.2	41.84	41.88	41.8	41.986666666666665	42.22	42.36666666666667	41.74	41.78	42.00666666666667	42.22666666666667	41.913333333333334	42.03333333333333	42.086666666666666	42.04666666666667	41.85333333333333	41.806666666666665	42.026666666666664	41.98	41.86	42.03333333333333	42.14	42.38	41.8	41.973333333333336	41.68	42.13333333333333	42.10666666666667	41.70666666666666	41.126666666666665	0.0
0.0	40.89333333333333	41.446666666666665	41.593333333333334	41.513333333333335	41.56	41.66	41.54	41.64	41.68666666666667	41.70666666666666	41.63333333333333	41.61333333333334	41.66	41.61333333333334	41.49333333333333	41.64	41.74	41.766666666666666	41.77333333333333	41.75333333333333	41.61333333333334	41.84	41.76	41.52	41.63333333333333	41.61333333333334	41.49333333333333	41.75333333333333	41.68	41.626666666666665	41.6	41.53333333333333	41.49333333333333	41.233333333333334	40.64	0.0
0.0	40.946666666666665	41.74666666666667	41.99333333333333	41.92	41.72	42.093333333333334	41.76	41.99333333333333	41.95333333333333	42.08	41.85333333333333	41.93333333333333	41.973333333333336	42.16	42.093333333333334	41.846666666666664	41.873333333333335	41.98	41.76	41.85333333333333	42.0	42.12	42.026666666666664	41.71333333333333	42.28	41.96666666666667	41.86	41.63333333333333	41.833333333333336	41.86	41.86666666666667	41.98	41.81333333333333	41.68666666666667	40.84	0.0
0.0	40.86666666666667	41.63333333333333	41.653333333333336	41.92	42.04666666666667	41.98	41.84	41.946666666666665	41.846666666666664	42.026666666666664	41.64	41.76	41.67333333333333	42.04666666666667	41.92	41.84	41.74666666666667	41.88666666666666	42.10666666666667	42.03333333333333	41.84	41.62	42.10666666666667	41.98	41.74	41.89333333333333	41.946666666666665	41.96666666666667	42.0	41.92666666666667	41.74	41.86	41.74	41.413333333333334	40.68666666666667	0.0
0.0	41.04	41.62	41.92	41.76	41.86	41.76	41.66	41.63333333333333	41.89333333333333	41.94	42.1	42.13333333333333	41.7	42.093333333333334	41.946666666666665	41.78666666666667	41.95333333333333	41.86666666666667	42.013333333333335	41.913333333333334	41.74	41.67333333333333	41.653333333333336	41.88	41.72666666666667	41.93333333333333	42.126666666666665	41.846666666666664	42.02	41.593333333333334	41.89333333333333	41.77333333333333	41.92666666666667	41.593333333333334	41.02	0.0
0.0	40.76	41.7	41.653333333333336	41.846666666666664	42.02	41.82	42.04666666666667	42.053333333333335	42.36	42.1	42.013333333333335	41.78666666666667	41.82	41.833333333333336	41.85333333333333	41.693333333333335	42.026666666666664	41.806666666666665	41.946666666666665	41.92666666666667	41.88666666666666	41.56	41.89333333333333	41.96666666666667	42.10666666666667	41.973333333333336	41.906666666666666	42.093333333333334	42.0	42.02	41.74	41.96666666666667	41.9	41.78	40.666666666666664	0.0
0.0	40.75333333333333	41.38666666666666	41.68	41.626666666666665	41.36	41.626666666666665	41.733333333333334	41.82	41.526666666666664	41.693333333333335	41.8	41.82666666666667	41.52	41.72666666666667	41.31333333333333	41.77333333333333	41.54	41.52	41.413333333333334	41.54	41.56	41.61333333333334	41.46666666666667	41.42	41.626666666666665	41.63333333333333	41.666666666666664	41.60666666666667	41.50666666666667	41.593333333333334	41.60666666666667	41.733333333333334	41.86	41.56666666666667	40.6	0.0
0.0	41.013333333333335	41.42666666666667	41.72666666666667	41.833333333333336	41.64666666666667	41.486666666666665	41.46	41.82	41.94	41.526666666666664	41.473333333333336	41.846666666666664	41.7	41.72666666666667	41.72666666666667	41.86	41.56	41.513333333333335	41.806666666666665	41.96	41.74666666666667	41.76	41.75333333333333	41.54	41.56	41.5	41.3	41.526666666666664	41.653333333333336	41.553333333333335	41.61333333333334	41.66	41.77333333333333	41.486666666666665	40.74	0.0
0.0	40.553333333333335	41.5	41.72	41.85333333333333	41.70666666666666	41.66	41.72	41.79333333333334	41.57333333333333	41.57333333333333	41.63333333333333	41.78	41.833333333333336	41.54666666666667	41.72666666666667	41.74666666666667	41.82666666666667	41.77333333333333	41.77333333333333	41.846666666666664	41.86666666666667	41.626666666666665	41.85333333333333	42.2	41.766666666666666	41.9	41.85333333333333	41.986666666666665	41.74	41.74	41.84	41.53333333333333	41.64	41.586666666666666	40.85333333333333	0.0
0.0	40.906666666666666	41.85333333333333	41.8	41.89333333333333	41.95333333333333	41.72	42.1	42.06	41.82666666666667	41.906666666666666	41.846666666666664	41.77333333333333	41.9	41.81333333333333	41.78666666666667	41.973333333333336	41.92666666666667	42.04	41.77333333333333	42.013333333333335	42.14666666666667	41.973333333333336	41.833333333333336	41.88	41.666666666666664	41.586666666666666	41.84	41.79333333333334	42.013333333333335	41.93333333333333	41.77333333333333	41.946666666666665	41.77333333333333	41.86666666666667	41.0	0.0
0.0	40.76	41.58	41.78666666666667	41.846666666666664	41.873333333333335	41.95333333333333	41.74	41.68	41.86	42.093333333333334	41.60666666666667	41.86666666666667	41.66	41.61333333333334	41.78666666666667	41.62	41.79333333333334	41.89333333333333	42.22666666666667	42.14	42.10666666666667	41.57333333333333	41.86666666666667	41.92	41.79333333333334	41.72666666666667	42.026666666666664	41.95333333333333	41.71333333333333	41.66	41.8	41.86	41.833333333333336	41.446666666666665	40.78666666666667	0.0
0.0	41.093333333333334	41.806666666666665	41.54666666666667	41.526666666666664	41.653333333333336	41.95333333333333	41.986666666666665	41.873333333333335	41.973333333333336	41.88666666666666	42.08	41.84	41.70666666666666	41.79333333333334	41.82	41.86666666666667	41.81333333333333	41.586666666666666	41.7	41.68	41.94	41.92	41.7	41.82666666666667	41.94	41.74	41.973333333333336	41.74	41.913333333333334	42.06666666666667	41.806666666666665	41.973333333333336	41.92	41.766666666666666	40.906666666666666	0.0
0.0	40.86666666666667	41.52	41.986666666666665	41.85333333333333	41.66	41.78666666666667	41.653333333333336	41.64666666666667	41.61333333333334	41.66	41.34	41.68666666666667	41.68	41.733333333333334	41.78	41.586666666666666	41.52	41.62	41.693333333333335	41.76	41.413333333333334	41.6	41.666666666666664	41.766666666666666	41.74666666666667	41.913333333333334	41.75333333333333	41.666666666666664	41.7	41.75333333333333	41.666666666666664	41.64	41.79333333333334	41.38	40.88666666666666	0.0
0.0	41.08	41.98	42.2	41.96	42.193333333333335	42.1	42.166666666666664	42.086666666666666	41.96666666666667	42.13333333333333	42.126666666666665	42.093333333333334	42.10666666666667	42.26	42.22666666666667	41.98	41.88	41.92	42.03333333333333	42.08	42.00666666666667	42.126666666666665	42.22	42.18666666666667	41.88666666666666	41.86666666666667	42.026666666666664	42.16	42.053333333333335	42.35333333333333	42.026666666666664	42.266666666666666	42.25333333333333	42.34	40.86666666666667	0.0
0.0	40.733333333333334	41.3	41.48	41.54	41.63333333333333	41.733333333333334	41.66	41.72	41.8	41.486666666666665	41.71333333333333	41.86	41.62	41.76	41.58	41.833333333333336	41.64666666666667	41.52	41.373333333333335	41.806666666666665	41.373333333333335	41.71333333333333	41.72666666666667	41.57333333333333	41.64	41.593333333333334	41.56666666666667	41.61333333333334	41.64666666666667	41.60666666666667	41.64666666666667	41.68	41.46666666666667	41.42666666666667	40.81333333333333	0.0
0.0	40.88	41.67333333333333	41.64	41.92	41.52	41.76	41.64666666666667	41.68666666666667	41.88666666666666	41.86666666666667	41.82	41.75333333333333	42.07333333333333	41.76	41.973333333333336	41.946666666666665	41.81333333333333	41.79333333333334	41.84	41.85333333333333	41.82666666666667	41.88666666666666	41.72666666666667	41.946666666666665	41.82666666666667	41.94	41.86666666666667	41.82	41.74	41.766666666666666	41.99333333333333	41.78666666666667	41.74666666666667	41.553333333333335	40.95333333333333	0.0
0.0	40.64	41.52	41.57333333333333	41.63333333333333	41.946666666666665	41.94	41.56666666666667	41.666666666666664	41.693333333333335	41.57333333333333	41.64666666666667	41.82666666666667	41.96	41.57333333333333	41.46666666666667	41.9	41.806666666666665	41.846666666666664	41.8	41.653333333333336	41.6	41.653333333333336	42.00666666666667	41.74666666666667	41.92	41.693333333333335	41.57333333333333	41.71333333333333	41.68666666666667	41.95333333333333	41.7	41.63333333333333	41.593333333333334	41.70666666666666	41.03333333333333	0.0
0.0	40.95333333333333	41.49333333333333	42.06	41.82	42.08	41.82666666666667	42.24	41.79333333333334	41.72	42.10666666666667	41.873333333333335	41.79333333333334	41.78	41.94	42.04666666666667	41.9	41.84	41.8	41.94	42.06666666666667	42.12	41.88666666666666	41.806666666666665	41.8	42.04666666666667	41.88	41.54666666666667	41.88	41.76	41.906666666666666	41.96666666666667	41.77333333333333	41.72	41.733333333333334	40.86	0.0
0.0	41.06666666666667	41.56666666666667	42.17333333333333	41.76	41.846666666666664	41.766666666666666	41.906666666666666	41.846666666666664	41.93333333333333	42.07333333333333	41.92666666666667	41.70666666666666	41.973333333333336	42.266666666666666	41.99333333333333	41.846666666666664	41.93333333333333	42.06666666666667	41.913333333333334	42.026666666666664	41.88666666666666	41.95333333333333	42.13333333333333	42.03333333333333	41.92666666666667	41.873333333333335	41.81333333333333	42.14666666666667	42.18	41.84	41.973333333333336	41.766666666666666	41.82	41.8	41.06666666666667	0.0
0.0	40.946666666666665	41.71333333333333	42.04666666666667	41.86666666666667	41.693333333333335	41.766666666666666	42.04666666666667	41.8	41.70666666666666	42.093333333333334	41.70666666666666	41.693333333333335	41.68666666666667	41.86	41.74	42.10666666666667	41.74	41.63333333333333	41.913333333333334	41.733333333333334	41.72666666666667	41.88	41.75333333333333	41.913333333333334	41.89333333333333	41.693333333333335	42.04666666666667	42.093333333333334	41.77333333333333	41.77333333333333	41.86	42.14	41.60666666666667	41.733333333333334	40.89333333333333	0.0
0.0	40.68666666666667	41.60666666666667	41.88	41.833333333333336	41.72	41.906666666666666	41.81333333333333	41.60666666666667	41.88	41.766666666666666	41.81333333333333	41.92666666666667	42.04	41.94	41.833333333333336	41.93333333333333	41.76	41.733333333333334	41.64	41.54	41.806666666666665	41.94	41.96666666666667	41.77333333333333	41.70666666666666	41.81333333333333	41.77333333333333	41.79333333333334	41.67333333333333	41.78	41.72	41.7	41.946666666666665	41.626666666666665	41.0	0.0
0.0	41.153333333333336	41.473333333333336	41.693333333333335	42.02	41.92	41.56666666666667	41.873333333333335	41.78	41.76	41.81333333333333	41.93333333333333	41.52	41.88666666666666	41.85333333333333	42.10666666666667	42.06	42.13333333333333	41.72	42.013333333333335	41.666666666666664	41.733333333333334	41.78666666666667	42.10666666666667	41.84	42.053333333333335	41.946666666666665	41.906666666666666	41.9	41.833333333333336	42.10666666666667	41.82666666666667	41.72666666666667	42.053333333333335	41.6	40.946666666666665	0.0
0.0	40.93333333333333	41.526666666666664	41.81333333333333	41.77333333333333	41.946666666666665	42.0	41.72666666666667	41.626666666666665	41.833333333333336	41.78	41.75333333333333	41.666666666666664	41.873333333333335	41.64	41.873333333333335	41.75333333333333	41.6	41.76	41.72666666666667	41.61333333333334	41.58	41.72	41.60666666666667	41.54	41.72666666666667	42.12	41.60666666666667	41.7	41.79333333333334	41.986666666666665	41.82666666666667	41.806666666666665	41.733333333333334	41.593333333333334	40.74666666666667	0.0
0.0	40.79333333333334	41.62	41.666666666666664	41.82	41.66	41.48	41.64666666666667	41.71333333333333	42.04	41.71333333333333	42.14666666666667	41.846666666666664	41.7	41.67333333333333	41.833333333333336	42.02	42.04666666666667	42.03333333333333	42.14666666666667	41.973333333333336	42.06	41.986666666666665	41.72	41.586666666666666	41.693333333333335	41.82666666666667	41.8	41.85333333333333	41.88	42.07333333333333	41.74666666666667	41.833333333333336	41.906666666666666	41.46666666666667	40.71333333333333	0.0
0.0	40.733333333333334	41.3	41.306666666666665	41.586666666666666	41.58	41.52	41.64666666666667	41.586666666666666	41.413333333333334	41.68	41.6	41.57333333333333	41.60666666666667	41.6	41.333333333333336	41.60666666666667	41.5	41.72666666666667	41.626666666666665	41.62	41.52	41.46	41.68666666666667	41.873333333333335	41.81333333333333	41.70666666666666	41.6	41.413333333333334	41.78666666666667	41.473333333333336	41.52	41.586666666666666	41.34	41.346666666666664	40.74666666666667	0.0
0.0	41.00666666666667	41.85333333333333	41.99333333333333	42.013333333333335	41.99333333333333	42.126666666666665	41.93333333333333	42.04	41.84	42.11333333333334	42.07333333333333	42.266666666666666	42.02	42.04666666666667	42.07333333333333	41.86	42.06	42.126666666666665	42.013333333333335	42.233333333333334	42.20666666666666	41.973333333333336	42.10666666666667	42.45333333333333	42.026666666666664	41.973333333333336	41.806666666666665	42.06666666666667	41.92	41.92666666666667	41.873333333333335	42.06666666666667	42.04666666666667	41.82666666666667	40.92666666666667	0.0
0.0	41.0	41.62	41.76	41.74666666666667	41.86	42.34	42.06666666666667	42.0	41.82	41.82	41.72666666666667	41.79333333333334	42.02	41.60666666666667	42.126666666666665	41.79333333333334	41.78666666666667	41.84	41.946666666666665	42.18666666666667	42.16	42.12	41.833333333333336	42.126666666666665	42.04666666666667	41.86666666666667	41.94	41.84	41.81333333333333	42.11333333333334	41.76	41.873333333333335	41.84	41.50666666666667	40.806666666666665	0.0
0.0	40.84	41.54	41.54	41.8	41.9	41.76	41.58	41.61333333333334	41.76	41.9	41.733333333333334	41.54	41.76	41.806666666666665	41.626666666666665	41.63333333333333	41.62	41.78	41.553333333333335	42.03333333333333	41.7	41.92666666666667	41.973333333333336	41.54666666666667	41.78	41.60666666666667	41.86666666666667	41.75333333333333	41.986666666666665	41.82	41.666666666666664	41.846666666666664	41.76	42.0	40.78666666666667	0.0
0.0	41.06	41.72666666666667	41.92666666666667	42.06	41.89333333333333	41.78	41.86	42.29333333333334	41.92	41.806666666666665	41.88	42.053333333333335	42.22666666666667	42.02	41.92	42.013333333333335	42.06	41.84	41.95333333333333	42.10666666666667	42.24666666666667	42.026666666666664	42.053333333333335	42.093333333333334	42.12	41.806666666666665	41.9	42.02	42.22	42.17333333333333	41.74666666666667	41.95333333333333	41.96666666666667	42.20666666666666	41.3	0.0
0.0	40.76	41.64666666666667	41.58	41.71333333333333	41.6	41.88	41.71333333333333	41.68	41.64666666666667	41.85333333333333	41.67333333333333	41.593333333333334	41.62	41.806666666666665	41.84	41.64666666666667	41.68666666666667	41.54666666666667	41.70666666666666	41.733333333333334	41.71333333333333	41.82	41.86	41.79333333333334	41.66	41.76	41.88	41.54	41.63333333333333	41.766666666666666	41.78666666666667	41.74666666666667	41.513333333333335	41.626666666666665	40.76	0.0
0.0	41.31333333333333	41.653333333333336	42.13333333333333	42.013333333333335	41.96666666666667	42.11333333333334	42.06	42.166666666666664	42.07333333333333	42.12	42.266666666666666	41.92	42.14666666666667	42.0	41.946666666666665	41.986666666666665	42.32	42.04	42.04666666666667	42.00666666666667	42.04	41.96666666666667	41.973333333333336	42.18666666666667	42.32666666666667	41.946666666666665	41.9	42.2	42.333333333333336	41.806666666666665	41.94	42.1	41.873333333333335	41.77333333333333	40.89333333333333	0.0
0.0	40.92	41.56	41.74	41.86	41.60666666666667	41.68666666666667	41.9	41.906666666666666	42.126666666666665	41.99333333333333	41.86	41.806666666666665	41.833333333333336	41.86	41.873333333333335	41.74666666666667	41.833333333333336	42.12	42.02	42.093333333333334	41.82666666666667	41.95333333333333	41.906666666666666	42.25333333333333	42.03333333333333	41.82666666666667	41.72666666666667	42.126666666666665	41.78666666666667	41.88666666666666	42.026666666666664	41.8	41.873333333333335	41.53333333333333	41.1	0.0
0.0	41.20666666666666	41.95333333333333	41.89333333333333	41.95333333333333	41.94	42.053333333333335	42.04666666666667	42.11333333333334	41.96	42.266666666666666	42.03333333333333	42.20666666666666	42.266666666666666	42.10666666666667	42.086666666666666	41.986666666666665	41.78666666666667	41.99333333333333	41.96666666666667	42.07333333333333	42.153333333333336	42.166666666666664	42.38	42.166666666666664	41.88666666666666	41.64666666666667	42.2	42.14666666666667	42.08	42.053333333333335	42.013333333333335	42.04	42.026666666666664	42.14666666666667	41.306666666666665	0.0
0.0	41.1	41.653333333333336	41.57333333333333	41.873333333333335	41.74	42.0	41.81333333333333	41.72666666666667	41.86	41.78666666666667	41.873333333333335	42.0	41.94	41.98	41.96666666666667	41.666666666666664	41.7	42.013333333333335	41.733333333333334	41.92	41.89333333333333	42.053333333333335	42.373333333333335	41.95333333333333	42.16	41.96666666666667	41.93333333333333	42.06	41.973333333333336	41.86666666666667	41.766666666666666	42.22666666666667	41.9	41.71333333333333	41.053333333333335	0.0
0.0	40.88666666666666	41.46666666666667	41.71333333333333	41.846666666666664	41.98	42.07333333333333	42.02	41.71333333333333	41.88666666666666	41.86	41.733333333333334	41.64666666666667	41.72666666666667	41.8	41.873333333333335	41.93333333333333	41.71333333333333	41.766666666666666	41.82	41.833333333333336	42.013333333333335	41.77333333333333	41.9	41.86	41.873333333333335	41.92	41.72	41.9	42.07333333333333	41.77333333333333	41.78666666666667	41.913333333333334	41.88666666666666	41.46666666666667	40.75333333333333	0.0
0.0	40.72	41.43333333333333	41.68	41.64666666666667	41.50666666666667	41.70666666666666	41.513333333333335	41.586666666666666	41.46666666666667	41.346666666666664	41.626666666666665	41.54666666666667	41.766666666666666	41.74	41.593333333333334	41.67333333333333	41.71333333333333	41.46666666666667	41.57333333333333	41.43333333333333	41.626666666666665	41.7	41.52	41.72	41.82666666666667	41.586666666666666	41.61333333333334	41.846666666666664	41.74	41.71333333333333	42.00666666666667	41.42	41.666666666666664	41.333333333333336	41.013333333333335	0.0
0.0	41.3	41.71333333333333	42.16	41.84	41.93333333333333	41.88666666666666	41.846666666666664	42.26	41.946666666666665	42.053333333333335	41.873333333333335	42.166666666666664	42.18666666666667	41.99333333333333	42.06	42.013333333333335	41.94	41.92666666666667	41.92666666666667	41.88	42.04	42.0	42.053333333333335	41.93333333333333	41.946666666666665	41.96666666666667	41.986666666666665	41.913333333333334	41.95333333333333	41.92	41.973333333333336	42.04	41.98	41.79333333333334	41.10666666666667	0.0
0.0	40.94	41.74	41.86666666666667	41.85333333333333	42.04666666666667	41.94	41.70666666666666	41.8	41.946666666666665	41.846666666666664	42.11333333333334	41.94	41.99333333333333	42.04666666666667	41.906666666666666	41.94	42.026666666666664	41.88666666666666	42.086666666666666	42.06	41.88	42.11333333333334	41.766666666666666	41.833333333333336	42.086666666666666	42.12	42.026666666666664	42.12	41.98	42.04	42.04	41.94	41.74	41.82666666666667	40.913333333333334	0.0
0.0	40.92666666666667	41.49333333333333	41.846666666666664	41.873333333333335	41.78	41.77333333333333	41.806666666666665	41.7	42.14666666666667	41.94	41.82666666666667	42.053333333333335	41.85333333333333	41.9	41.92666666666667	41.72	41.68	41.82666666666667	41.653333333333336	41.8	41.89333333333333	41.846666666666664	41.88666666666666	41.61333333333334	42.06	41.593333333333334	42.00666666666667	42.06	42.16	42.00666666666667	41.77333333333333	41.593333333333334	42.0	41.44	40.75333333333333	0.0
0.0	40.78666666666667	41.78	42.00666666666667	41.99333333333333	41.71333333333333	41.98	41.93333333333333	42.306666666666665	41.88666666666666	41.98	41.98	41.7	41.693333333333335	41.82666666666667	41.973333333333336	41.93333333333333	42.013333333333335	41.68666666666667	41.806666666666665	41.74666666666667	41.873333333333335	41.82666666666667	41.833333333333336	41.9	41.63333333333333	41.99333333333333	42.11333333333334	41.85333333333333	41.88666666666666	42.093333333333334	41.873333333333335	41.94	41.973333333333336	41.68666666666667	40.96666666666667	0.0
0.0	40.61333333333334	41.54	41.68	41.79333333333334	41.833333333333336	41.68	41.586666666666666	41.53333333333333	41.586666666666666	41.78	41.913333333333334	42.06666666666667	41.62	41.666666666666664	41.846666666666664	41.64666666666667	41.82666666666667	41.62	41.4	41.39333333333333	41.72	41.54666666666667	41.46666666666667	41.54666666666667	41.78666666666667	42.04	41.78	41.49333333333333	41.54666666666667	41.7	41.82666666666667	41.72666666666667	41.653333333333336	41.653333333333336	40.92	0.0
0.0	40.93333333333333	41.88	41.81333333333333	41.82	42.0	41.75333333333333	41.9	41.74666666666667	42.053333333333335	41.693333333333335	42.28666666666667	41.92666666666667	41.913333333333334	42.126666666666665	42.10666666666667	41.68666666666667	41.68	41.78666666666667	41.82	42.06666666666667	41.78666666666667	42.12	41.846666666666664	41.86	41.973333333333336	41.766666666666666	41.81333333333333	42.08	42.00666666666667	41.75333333333333	41.84	41.86	41.95333333333333	41.78666666666667	40.806666666666665	0.0
0.0	40.906666666666666	41.96666666666667	42.00666666666667	42.086666666666666	42.3	42.406666666666666	42.21333333333333	42.04666666666667	42.24666666666667	41.986666666666665	42.13333333333333	42.10666666666667	42.06	42.27333333333333	42.053333333333335	42.026666666666664	42.153333333333336	42.06666666666667	42.14666666666667	41.86	42.18	42.16	41.9	42.026666666666664	42.126666666666665	42.11333333333334	42.193333333333335	42.10666666666667	41.986666666666665	42.086666666666666	42.2	42.06	42.18666666666667	41.99333333333333	41.17333333333333	0.0
0.0	40.733333333333334	41.32	41.68666666666667	41.75333333333333	42.0	41.49333333333333	41.38	41.61333333333334	41.766666666666666	41.68	41.75333333333333	41.63333333333333	41.56666666666667	41.806666666666665	41.5	41.63333333333333	41.72666666666667	41.57333333333333	41.46666666666667	41.473333333333336	41.77333333333333	41.58	41.42	41.53333333333333	41.526666666666664	41.28666666666667	41.46	41.586666666666666	41.62	41.62	41.306666666666665	41.39333333333333	41.64666666666667	41.43333333333333	40.88666666666666	0.0
0.0	40.666666666666664	41.24666666666667	41.406666666666666	41.72	41.35333333333333	41.32	41.44	41.71333333333333	41.71333333333333	41.54	41.473333333333336	41.49333333333333	41.64666666666667	41.22	41.406666666666666	41.32	41.43333333333333	41.68	41.56666666666667	41.586666666666666	41.63333333333333	41.72666666666667	41.75333333333333	41.49333333333333	41.61333333333334	41.72	41.58	41.58	41.64666666666667	41.36	41.88	41.61333333333334	41.68666666666667	41.42	40.99333333333333	0.0
0.0	40.64666666666667	41.44	41.56	41.98	41.56	41.693333333333335	41.78666666666667	41.78	41.833333333333336	41.766666666666666	41.98	41.71333333333333	41.66	41.89333333333333	41.70666666666666	41.82	41.85333333333333	41.63333333333333	41.72666666666667	41.86666666666667	41.67333333333333	41.94	41.74666666666667	41.81333333333333	41.78	41.913333333333334	42.093333333333334	41.9	41.75333333333333	41.71333333333333	41.88666666666666	41.76	41.8	41.48	40.88666666666666	0.0
0.0	40.973333333333336	41.593333333333334	41.92666666666667	42.02	42.07333333333333	42.21333333333333	42.04666666666667	42.06	41.986666666666665	41.81333333333333	42.193333333333335	42.12	41.86	42.17333333333333	42.02	42.0	41.89333333333333	41.653333333333336	42.21333333333333	42.14	42.04666666666667	42.06	42.12	41.946666666666665	41.78666666666667	41.88	41.92666666666667	41.93333333333333	42.03333333333333	41.86666666666667	41.71333333333333	41.70666666666666	41.96	41.666666666666664	41.06	0.0
0.0	40.74666666666667	41.8	41.86	41.95333333333333	41.806666666666665	41.693333333333335	41.92	41.733333333333334	41.63333333333333	41.693333333333335	42.14	42.053333333333335	41.70666666666666	41.986666666666665	41.7	41.68	41.806666666666665	41.88666666666666	41.84	41.72	42.00666666666667	41.93333333333333	41.733333333333334	41.74666666666667	41.56666666666667	41.67333333333333	41.68666666666667	41.70666666666666	41.806666666666665	41.84	41.593333333333334	41.593333333333334	41.72666666666667	41.88	40.846666666666664	0.0
0.0	40.653333333333336	41.846666666666664	41.666666666666664	41.7	42.013333333333335	41.833333333333336	41.86666666666667	41.85333333333333	41.74666666666667	41.96666666666667	41.76	41.67333333333333	41.9	42.0	41.53333333333333	41.63333333333333	41.66	41.86666666666667	41.906666666666666	41.8	41.81333333333333	41.86	41.64666666666667	41.74666666666667	41.81333333333333	41.81333333333333	41.75333333333333	41.85333333333333	41.79333333333334	41.52	41.873333333333335	41.67333333333333	42.026666666666664	41.84	40.96	0.0
0.0	40.906666666666666	41.38666666666666	41.54	41.50666666666667	41.64	41.8	41.58	41.58	41.913333333333334	41.766666666666666	41.593333333333334	41.72666666666667	41.74666666666667	41.74	41.79333333333334	42.0	41.67333333333333	41.64666666666667	41.906666666666666	41.666666666666664	41.873333333333335	41.78666666666667	41.82666666666667	41.74	41.82666666666667	41.593333333333334	41.593333333333334	41.67333333333333	41.62	41.64666666666667	41.526666666666664	41.82666666666667	41.7	41.626666666666665	40.666666666666664	0.0
0.0	41.21333333333333	41.86666666666667	42.13333333333333	42.28	42.233333333333334	42.306666666666665	42.166666666666664	42.086666666666666	42.16	42.11333333333334	42.16	42.306666666666665	42.18	42.17333333333333	42.06666666666667	41.88	42.08	41.986666666666665	42.093333333333334	42.22666666666667	42.28666666666667	41.88666666666666	42.1	42.013333333333335	42.16	42.18	42.02	42.08	42.48	42.193333333333335	42.1	41.82	41.913333333333334	41.92666666666667	41.17333333333333	0.0
0.0	41.17333333333333	41.62	41.806666666666665	41.666666666666664	41.846666666666664	41.92666666666667	42.03333333333333	41.86	41.82666666666667	41.733333333333334	41.95333333333333	42.07333333333333	41.92666666666667	41.94	42.17333333333333	41.89333333333333	42.22666666666667	41.70666666666666	41.68666666666667	41.76	41.85333333333333	41.846666666666664	41.74666666666667	41.806666666666665	41.78666666666667	41.82	41.58	41.666666666666664	42.026666666666664	42.06666666666667	41.84	41.68666666666667	41.85333333333333	41.56	40.62	0.0
0.0	40.84	41.44	41.82666666666667	41.67333333333333	41.71333333333333	41.86666666666667	41.6	41.85333333333333	41.973333333333336	41.81333333333333	41.693333333333335	41.61333333333334	41.84	41.71333333333333	41.92	41.85333333333333	41.56	41.64	41.693333333333335	41.8	41.72666666666667	41.60666666666667	41.48	41.553333333333335	41.553333333333335	41.833333333333336	41.56666666666667	41.79333333333334	41.8	41.77333333333333	41.526666666666664	41.77333333333333	41.66	41.306666666666665	40.96666666666667	0.0
0.0	40.833333333333336	41.473333333333336	41.45333333333333	41.82	41.89333333333333	41.88666666666666	41.50666666666667	41.766666666666666	41.84	41.593333333333334	41.63333333333333	41.72	41.74666666666667	41.693333333333335	41.82666666666667	41.63333333333333	41.79333333333334	41.72666666666667	41.693333333333335	41.733333333333334	41.75333333333333	41.84	41.56666666666667	41.67333333333333	41.67333333333333	41.486666666666665	41.92666666666667	41.833333333333336	41.593333333333334	41.733333333333334	41.82666666666667	41.92	41.486666666666665	41.45333333333333	40.653333333333336	0.0
0.0	40.64666666666667	41.46666666666667	41.79333333333334	41.84	41.74	42.04	41.99333333333333	41.973333333333336	41.70666666666666	41.92	41.79333333333334	41.93333333333333	41.78	41.74	41.58	41.94	42.153333333333336	41.766666666666666	41.78	42.11333333333334	41.95333333333333	41.946666666666665	41.986666666666665	41.806666666666665	41.89333333333333	41.973333333333336	41.92666666666667	41.766666666666666	41.693333333333335	41.74666666666667	41.82666666666667	41.913333333333334	42.06666666666667	41.77333333333333	40.96	0.0
0.0	40.92	41.70666666666666	41.57333333333333	41.82	41.84	41.666666666666664	41.986666666666665	41.76	41.82	42.06	42.07333333333333	41.92	41.986666666666665	41.86	41.86	41.92	41.846666666666664	41.86	41.733333333333334	42.04666666666667	41.906666666666666	41.82666666666667	42.026666666666664	41.9	41.98	42.093333333333334	41.766666666666666	41.68	41.93333333333333	42.126666666666665	42.053333333333335	41.82666666666667	42.06666666666667	41.76	40.986666666666665	0.0
0.0	41.22	41.68666666666667	41.9	41.9	41.8	41.72666666666667	41.92	41.42	42.04	42.13333333333333	41.68666666666667	41.79333333333334	41.84	41.88	41.906666666666666	41.833333333333336	41.68	41.88666666666666	42.00666666666667	41.63333333333333	41.88	42.06	42.00666666666667	41.72	42.04	41.75333333333333	41.913333333333334	42.18	41.85333333333333	41.93333333333333	41.733333333333334	41.77333333333333	41.653333333333336	41.46666666666667	41.026666666666664	0.0
0.0	40.86	41.63333333333333	41.62	41.626666666666665	41.64666666666667	41.52	41.88666666666666	41.666666666666664	41.846666666666664	42.0	41.79333333333334	41.766666666666666	41.78666666666667	41.81333333333333	41.70666666666666	41.6	41.64666666666667	41.57333333333333	41.82	41.76	41.74	41.84	41.61333333333334	41.806666666666665	41.653333333333336	41.68666666666667	41.75333333333333	42.013333333333335	41.806666666666665	41.666666666666664	41.63333333333333	41.70666666666666	41.57333333333333	41.39333333333333	40.77333333333333	0.0
0.0	40.96666666666667	41.63333333333333	41.806666666666665	41.973333333333336	41.7	41.86	41.61333333333334	41.82	41.873333333333335	41.72	41.72	41.77333333333333	41.733333333333334	41.806666666666665	41.50666666666667	41.82666666666667	41.846666666666664	41.806666666666665	41.6	41.76	41.75333333333333	41.77333333333333	41.62	41.63333333333333	41.67333333333333	41.9	41.70666666666666	41.593333333333334	41.666666666666664	41.973333333333336	41.846666666666664	41.72666666666667	41.56666666666667	41.53333333333333	40.85333333333333	0.0
0.0	40.973333333333336	41.473333333333336	41.74	42.18666666666667	42.03333333333333	41.92	42.11333333333334	41.95333333333333	41.946666666666665	41.85333333333333	42.02	41.946666666666665	41.77333333333333	41.873333333333335	42.00666666666667	41.93333333333333	41.9	41.92666666666667	42.13333333333333	41.846666666666664	41.873333333333335	41.986666666666665	41.85333333333333	42.17333333333333	42.04666666666667	41.973333333333336	42.22666666666667	42.053333333333335	41.873333333333335	42.126666666666665	41.94	41.846666666666664	41.906666666666666	41.82666666666667	40.72666666666667	0.0
0.0	41.026666666666664	41.846666666666664	41.64	41.81333333333333	41.77333333333333	41.88666666666666	41.74	41.88666666666666	42.04666666666667	41.72	41.82	42.026666666666664	42.126666666666665	41.8	42.36666666666667	41.93333333333333	41.626666666666665	41.84	41.82	41.986666666666665	42.06	42.18666666666667	41.78	41.92	42.10666666666667	41.806666666666665	41.96666666666667	42.02	41.89333333333333	41.64	41.78	41.68	41.78	41.68666666666667	40.82666666666667	0.0
0.0	40.92666666666667	41.54	41.6	41.626666666666665	41.88	41.56666666666667	41.946666666666665	41.766666666666666	41.666666666666664	41.75333333333333	41.62	41.95333333333333	41.78666666666667	42.04	42.08	41.74666666666667	41.44	41.72666666666667	41.77333333333333	41.76	41.63333333333333	41.413333333333334	41.766666666666666	41.78666666666667	41.79333333333334	42.013333333333335	41.81333333333333	41.67333333333333	41.48	41.64666666666667	41.74666666666667	41.78	41.8	41.34	40.62	0.0
0.0	40.77333333333333	41.626666666666665	41.98	41.96	41.78	41.946666666666665	41.946666666666665	41.79333333333334	41.86	41.946666666666665	42.03333333333333	41.70666666666666	41.78666666666667	41.50666666666667	41.89333333333333	41.766666666666666	42.04	42.10666666666667	41.79333333333334	41.82666666666667	41.806666666666665	41.68666666666667	41.653333333333336	41.78666666666667	41.72666666666667	41.95333333333333	41.82666666666667	41.42666666666667	41.973333333333336	41.58	41.76	41.71333333333333	41.626666666666665	41.56	40.79333333333334	0.0
0.0	40.85333333333333	41.58	41.71333333333333	41.98	41.85333333333333	41.57333333333333	41.806666666666665	41.86666666666667	41.88666666666666	41.58	41.64666666666667	41.99333333333333	41.68666666666667	41.77333333333333	41.82666666666667	41.56	41.8	41.95333333333333	41.66	41.57333333333333	41.733333333333334	41.81333333333333	42.00666666666667	41.68666666666667	41.6	41.74666666666667	41.63333333333333	41.58	41.44	41.71333333333333	41.64	41.81333333333333	41.57333333333333	41.62	40.9	0.0
0.0	40.593333333333334	41.66	41.67333333333333	41.693333333333335	41.873333333333335	41.72666666666667	41.75333333333333	41.86	41.72666666666667	42.0	41.70666666666666	42.04	41.82666666666667	41.973333333333336	41.78666666666667	41.68666666666667	41.64666666666667	41.56666666666667	42.00666666666667	41.88	41.68666666666667	41.8	41.473333333333336	41.86666666666667	41.666666666666664	41.946666666666665	41.653333333333336	41.86	41.79333333333334	41.5	41.63333333333333	41.74666666666667	42.02	41.70666666666666	40.74	0.0
0.0	41.08	41.63333333333333	41.79333333333334	41.76	42.08	41.806666666666665	41.88666666666666	41.873333333333335	41.846666666666664	41.85333333333333	41.99333333333333	41.86666666666667	42.06666666666667	42.06666666666667	42.4	41.873333333333335	42.0	41.846666666666664	41.833333333333336	42.04666666666667	41.973333333333336	41.71333333333333	42.06666666666667	41.986666666666665	41.666666666666664	42.193333333333335	41.913333333333334	41.88666666666666	41.92666666666667	41.9	42.06666666666667	41.96666666666667	42.06666666666667	41.71333333333333	40.906666666666666	0.0
0.0	41.07333333333333	41.54666666666667	41.593333333333334	41.58	41.72	41.5	41.66	41.54666666666667	41.76	41.76	41.62	41.62	41.68	41.86666666666667	41.66	41.45333333333333	41.9	41.68	41.68666666666667	41.78	41.54	41.6	41.666666666666664	41.6	41.653333333333336	41.52	41.70666666666666	41.60666666666667	41.74666666666667	41.56666666666667	41.49333333333333	41.446666666666665	41.733333333333334	41.586666666666666	40.99333333333333	0.0
0.0	40.74666666666667	41.53333333333333	41.553333333333335	41.526666666666664	41.35333333333333	41.77333333333333	41.693333333333335	41.693333333333335	41.74	41.54666666666667	41.39333333333333	41.306666666666665	41.413333333333334	41.85333333333333	41.626666666666665	41.42	41.473333333333336	41.76	41.44	41.63333333333333	41.71333333333333	41.60666666666667	41.61333333333334	41.64	42.026666666666664	41.78	41.86	41.71333333333333	41.84	41.57333333333333	41.46	41.63333333333333	41.34	41.22666666666667	40.913333333333334	0.0
0.0	40.79333333333334	41.17333333333333	41.346666666666664	41.56666666666667	41.54	41.8	41.53333333333333	41.77333333333333	41.56666666666667	41.56666666666667	41.846666666666664	41.58	41.78	41.68	41.54	41.406666666666666	41.43333333333333	41.7	41.74	41.56666666666667	41.38	41.58	41.67333333333333	41.88666666666666	41.5	41.64666666666667	41.693333333333335	41.473333333333336	41.74	41.28	41.6	41.38666666666666	41.593333333333334	41.406666666666666	40.74666666666667	0.0
0.0	40.733333333333334	41.39333333333333	41.7	41.67333333333333	41.666666666666664	41.626666666666665	41.8	41.61333333333334	41.38	41.82	41.67333333333333	41.693333333333335	41.81333333333333	41.95333333333333	41.57333333333333	41.74666666666667	41.68666666666667	41.50666666666667	41.32	41.593333333333334	41.66	41.68	41.68	41.806666666666665	41.46	41.766666666666666	41.50666666666667	41.85333333333333	41.68666666666667	41.54666666666667	41.66	41.346666666666664	41.913333333333334	41.526666666666664	40.57333333333333	0.0
0.0	40.986666666666665	41.586666666666666	41.74666666666667	41.913333333333334	41.82	41.88666666666666	41.31333333333333	41.873333333333335	41.666666666666664	41.973333333333336	41.86	41.96	42.013333333333335	41.68666666666667	41.72666666666667	41.67333333333333	41.84	41.68666666666667	41.906666666666666	41.64	41.78	41.77333333333333	41.806666666666665	41.833333333333336	41.60666666666667	41.93333333333333	41.57333333333333	41.846666666666664	41.733333333333334	42.04666666666667	41.93333333333333	41.88	41.913333333333334	41.6	40.86666666666667	0.0
0.0	40.74666666666667	41.29333333333334	41.46	41.553333333333335	41.63333333333333	41.52	41.693333333333335	41.7	41.86	41.52	41.86	41.446666666666665	41.57333333333333	41.64666666666667	41.49333333333333	41.693333333333335	41.61333333333334	41.553333333333335	41.86666666666667	41.57333333333333	41.666666666666664	41.833333333333336	41.66	41.6	41.46	41.38666666666666	41.666666666666664	41.553333333333335	41.52	41.72666666666667	41.64666666666667	41.42666666666667	41.54666666666667	41.3	41.02	0.0
0.0	40.62	41.39333333333333	41.38	41.7	41.70666666666666	41.26	41.62	41.54	41.74666666666667	41.72	41.50666666666667	41.82	41.44	41.66	41.88666666666666	41.74	41.56	41.72666666666667	42.02	41.693333333333335	41.92	41.74	41.7	41.486666666666665	41.58	41.62	42.1	41.44	41.626666666666665	41.766666666666666	41.81333333333333	41.84	41.49333333333333	41.54666666666667	40.98	0.0
0.0	40.78	41.64666666666667	41.86666666666667	42.013333333333335	41.693333333333335	41.973333333333336	41.68	41.71333333333333	41.79333333333334	41.99333333333333	41.86	41.54666666666667	41.62	41.76	41.98	41.74	41.7	41.68	41.693333333333335	41.64	41.72	41.77333333333333	42.026666666666664	41.96	41.906666666666666	41.74	41.63333333333333	41.95333333333333	41.86666666666667	41.85333333333333	41.71333333333333	41.78666666666667	41.77333333333333	41.84	40.82	0.0
0.0	40.82666666666667	41.58	42.18	42.10666666666667	41.846666666666664	42.04666666666667	41.82	42.34	41.84	42.03333333333333	42.1	41.94	42.21333333333333	41.973333333333336	42.06666666666667	41.75333333333333	42.1	41.88666666666666	41.9	41.66	41.906666666666666	42.22	41.88	41.93333333333333	41.986666666666665	41.93333333333333	42.093333333333334	42.053333333333335	42.17333333333333	41.96666666666667	42.053333333333335	42.08	41.88666666666666	42.06	41.333333333333336	0.0
0.0	40.86666666666667	41.373333333333335	41.64666666666667	41.92666666666667	41.94	41.98	41.906666666666666	41.82666666666667	41.973333333333336	42.07333333333333	41.79333333333334	41.98	41.86	41.92666666666667	41.8	42.08	41.78666666666667	41.68	41.873333333333335	41.94	41.96	41.766666666666666	42.1	41.78666666666667	41.84	41.88666666666666	41.75333333333333	42.00666666666667	42.17333333333333	42.093333333333334	41.8	41.99333333333333	41.82	41.88	40.82	0.0
0.0	40.96	41.21333333333333	41.76	41.66	41.806666666666665	41.84	41.513333333333335	41.846666666666664	41.6	41.693333333333335	41.57333333333333	41.75333333333333	41.88666666666666	41.82	41.9	41.93333333333333	41.62	41.95333333333333	41.846666666666664	41.82	42.1	41.86666666666667	41.81333333333333	41.71333333333333	41.67333333333333	41.64666666666667	41.666666666666664	41.70666666666666	41.93333333333333	41.74666666666667	41.68666666666667	41.8	41.84	41.45333333333333	40.84	0.0
0.0	40.85333333333333	41.593333333333334	41.92	41.833333333333336	41.68666666666667	41.75333333333333	41.78	41.86	41.9	41.84	41.6	41.626666666666665	41.57333333333333	42.06666666666667	41.50666666666667	41.733333333333334	41.6	41.56666666666667	41.71333333333333	41.833333333333336	41.54666666666667	41.58	41.81333333333333	41.72	41.82666666666667	42.0	42.026666666666664	41.72666666666667	41.78	41.70666666666666	41.56666666666667	41.553333333333335	41.7	41.43333333333333	40.766666666666666	0.0
0.0	40.89333333333333	41.666666666666664	41.733333333333334	41.5	41.84	41.84	41.7	41.873333333333335	41.68666666666667	41.71333333333333	41.74666666666667	41.82	41.85333333333333	41.96	41.78	41.85333333333333	41.86	41.75333333333333	41.95333333333333	41.78666666666667	41.71333333333333	41.72666666666667	41.96	41.62	41.89333333333333	41.9	41.766666666666666	41.846666666666664	41.806666666666665	41.72666666666667	41.906666666666666	41.82666666666667	41.75333333333333	41.94	40.79333333333334	0.0
0.0	40.973333333333336	41.553333333333335	41.93333333333333	41.913333333333334	42.093333333333334	42.093333333333334	42.0	42.04666666666667	41.79333333333334	41.94	41.986666666666665	41.95333333333333	42.126666666666665	41.96666666666667	42.193333333333335	42.38666666666666	41.75333333333333	42.27333333333333	42.24	42.026666666666664	42.02	42.08	42.10666666666667	42.39333333333333	42.346666666666664	42.29333333333334	41.89333333333333	42.013333333333335	42.07333333333333	41.99333333333333	41.9	42.03333333333333	41.62	41.973333333333336	40.96666666666667	0.0
0.0	40.84	41.446666666666665	41.766666666666666	41.81333333333333	41.61333333333334	41.82	41.79333333333334	42.12	41.913333333333334	41.75333333333333	41.62	41.64	41.626666666666665	41.67333333333333	41.57333333333333	41.7	41.71333333333333	41.86666666666667	41.70666666666666	41.733333333333334	41.553333333333335	41.913333333333334	41.733333333333334	41.63333333333333	41.653333333333336	41.75333333333333	41.96666666666667	41.873333333333335	41.79333333333334	41.77333333333333	41.84	41.72	41.85333333333333	41.60666666666667	40.846666666666664	0.0
0.0	41.013333333333335	41.986666666666665	41.79333333333334	42.093333333333334	42.04	41.9	42.28	42.17333333333333	42.14	42.0	41.946666666666665	41.88	41.96	42.04	41.95333333333333	41.82666666666667	41.913333333333334	42.07333333333333	42.02	42.126666666666665	41.75333333333333	41.78666666666667	41.92666666666667	42.04666666666667	41.9	42.07333333333333	41.88	41.946666666666665	42.053333333333335	42.32	41.913333333333334	42.06	42.02	41.693333333333335	41.13333333333333	0.0
0.0	40.74666666666667	41.653333333333336	41.62	41.593333333333334	41.6	41.60666666666667	41.766666666666666	41.986666666666665	41.7	41.82666666666667	41.77333333333333	41.82	41.82	41.76	41.92	41.53333333333333	41.666666666666664	41.56666666666667	41.72666666666667	41.84	41.846666666666664	41.79333333333334	41.806666666666665	42.013333333333335	41.88666666666666	42.013333333333335	41.78666666666667	41.61333333333334	41.67333333333333	41.98	41.806666666666665	41.85333333333333	41.8	41.693333333333335	40.986666666666665	0.0
0.0	40.833333333333336	41.74666666666667	41.96	41.96666666666667	42.13333333333333	41.81333333333333	42.126666666666665	42.18666666666667	42.086666666666666	42.24	42.093333333333334	42.12	41.9	42.24666666666667	41.86	42.06666666666667	41.89333333333333	41.96	42.11333333333334	41.986666666666665	42.3	42.24666666666667	41.84	42.446666666666665	42.24666666666667	42.093333333333334	41.986666666666665	41.96	41.78666666666667	42.11333333333334	42.10666666666667	42.2	41.95333333333333	41.946666666666665	41.12	0.0
0.0	41.04	41.873333333333335	41.84	42.093333333333334	41.913333333333334	41.9	41.64	42.06666666666667	41.66	41.72	41.71333333333333	41.95333333333333	41.71333333333333	41.99333333333333	41.77333333333333	41.78666666666667	41.873333333333335	42.153333333333336	41.93333333333333	42.00666666666667	41.63333333333333	41.88666666666666	42.1	41.9	41.7	41.913333333333334	41.7	41.89333333333333	41.53333333333333	41.68	41.8	41.79333333333334	42.026666666666664	41.88666666666666	40.98	0.0
0.0	40.74	41.60666666666667	41.93333333333333	41.72	41.81333333333333	41.7	41.77333333333333	41.74666666666667	41.77333333333333	41.9	41.946666666666665	41.913333333333334	41.84	41.60666666666667	41.906666666666666	41.626666666666665	41.806666666666665	41.94	42.026666666666664	41.593333333333334	41.63333333333333	41.54	41.67333333333333	41.88666666666666	41.85333333333333	41.486666666666665	41.88666666666666	41.593333333333334	41.553333333333335	41.92	41.74	41.88666666666666	41.79333333333334	41.52	40.693333333333335	0.0
0.0	40.72666666666667	41.586666666666666	41.67333333333333	41.473333333333336	41.86	41.78	41.50666666666667	41.64	41.86	41.46666666666667	41.693333333333335	41.486666666666665	41.693333333333335	41.846666666666664	41.81333333333333	41.766666666666666	41.82666666666667	41.56	41.653333333333336	41.88	41.56	41.54	41.70666666666666	41.54	41.68666666666667	41.71333333333333	41.76	41.513333333333335	41.72	41.38	41.88	41.74666666666667	41.86666666666667	41.44	40.67333333333333	0.0
0.0	40.94	41.79333333333334	41.7	41.79333333333334	41.74	41.71333333333333	41.8	41.766666666666666	41.72666666666667	41.58	41.81333333333333	41.8	41.68	41.88666666666666	41.64666666666667	41.64666666666667	41.79333333333334	41.44	42.06666666666667	41.71333333333333	41.84	41.74666666666667	41.34	41.586666666666666	41.63333333333333	41.81333333333333	41.85333333333333	42.04666666666667	41.873333333333335	41.553333333333335	41.46	41.98	41.626666666666665	41.586666666666666	41.03333333333333	0.0
0.0	40.913333333333334	41.653333333333336	41.71333333333333	41.906666666666666	41.86	41.833333333333336	41.906666666666666	41.973333333333336	42.03333333333333	42.02	42.06	41.86666666666667	42.126666666666665	41.846666666666664	41.553333333333335	41.94	42.04	42.12	41.8	41.78	42.03333333333333	41.946666666666665	42.02	41.946666666666665	42.1	41.75333333333333	41.82	41.93333333333333	41.79333333333334	41.79333333333334	42.086666666666666	41.95333333333333	41.74666666666667	41.7	40.873333333333335	0.0
0.0	40.92	41.6	41.52	41.84	41.82666666666667	41.60666666666667	41.666666666666664	41.71333333333333	41.666666666666664	41.68	41.62	41.846666666666664	41.68	41.60666666666667	41.85333333333333	41.733333333333334	41.78	42.14	41.86666666666667	41.70666666666666	41.92	41.82	41.77333333333333	41.693333333333335	41.9	41.74666666666667	41.60666666666667	41.75333333333333	41.85333333333333	41.62	41.71333333333333	41.833333333333336	41.526666666666664	41.27333333333333	40.78666666666667	0.0
0.0	40.84	41.60666666666667	41.61333333333334	41.766666666666666	41.75333333333333	41.75333333333333	41.58	41.666666666666664	41.74	41.74	41.8	41.666666666666664	41.64666666666667	41.666666666666664	41.74	41.84	41.68	41.54666666666667	41.56	41.57333333333333	41.6	41.31333333333333	41.64	41.53333333333333	41.693333333333335	41.88	41.72666666666667	41.64666666666667	41.50666666666667	41.666666666666664	41.78	41.766666666666666	41.58	41.3	40.873333333333335	0.0
0.0	40.806666666666665	41.6	41.58	41.913333333333334	41.76	41.92666666666667	41.84	41.81333333333333	41.86666666666667	41.57333333333333	41.76	41.88666666666666	41.64	41.7	41.79333333333334	42.08	41.96	42.02	41.82666666666667	41.85333333333333	41.72	41.99333333333333	41.873333333333335	41.81333333333333	41.72666666666667	41.50666666666667	41.58	41.82666666666667	41.74	41.973333333333336	41.76	41.7	41.52	41.57333333333333	40.986666666666665	0.0
0.0	40.74	41.42666666666667	41.833333333333336	41.76	41.626666666666665	41.64666666666667	41.873333333333335	41.45333333333333	41.873333333333335	41.92	41.626666666666665	41.593333333333334	41.53333333333333	41.8	41.72666666666667	41.7	41.61333333333334	41.75333333333333	41.71333333333333	41.86	41.653333333333336	41.553333333333335	41.766666666666666	41.58	41.61333333333334	41.846666666666664	41.86	41.86	41.666666666666664	41.806666666666665	41.85333333333333	41.63333333333333	41.68666666666667	41.446666666666665	40.92	0.0
0.0	40.70666666666666	41.593333333333334	41.82666666666667	41.64666666666667	41.76	41.71333333333333	41.89333333333333	41.946666666666665	41.68666666666667	42.22666666666667	42.04	41.84	42.0	41.94	41.78	41.79333333333334	41.84	41.68666666666667	41.666666666666664	41.93333333333333	42.093333333333334	41.806666666666665	41.93333333333333	41.666666666666664	41.806666666666665	41.8	41.89333333333333	41.92666666666667	41.75333333333333	41.626666666666665	41.53333333333333	41.74	41.64666666666667	41.45333333333333	40.82666666666667	0.0
