0.9399999999999998
0.9588888888888882
0.9688888888888886
0.9599999999999997
0.9666666666666665
0.9599999999999999
0.963333333333333
0.9533333333333328
0.9677777777777773
0.9655555555555552
0.9633333333333333
0.962222222222222
0.9422222222222219
0.943333333333333
0.9422222222222219
0.9488888888888884
0.9666666666666666
0.962222222222222
0.9655555555555554
0.9588888888888889
0.962222222222222
0.9511111111111109
0.9433333333333329
0.954444444444444
0.9566666666666664
0.9688888888888887
0.9644444444444443
0.9466666666666663
0.9477777777777777
0.9466666666666664
0.972222222222222
0.9577777777777774
0.9611111111111108
0.9644444444444443
0.9411111111111109
0.9622222222222218
0.9577777777777773
0.9466666666666664
0.9333333333333332
0.9477777777777776
0.9655555555555552
0.9388888888888884
0.941111111111111
0.924444444444444
0.953333333333333
0.9699999999999998
0.9444444444444442
0.9611111111111108
0.9411111111111107
0.9711111111111108
0.9744444444444443
0.9644444444444443
0.9466666666666663
0.9577777777777776
0.9588888888888887
0.9788888888888887
0.9488888888888884
0.9666666666666663
0.9733333333333332
0.9811111111111108
0.9566666666666664
0.9766666666666662
0.9555555555555548
0.9577777777777777
0.962222222222222
0.9655555555555553
0.9822222222222221
0.9477777777777776
0.951111111111111
0.9577777777777774
0.9677777777777776
0.9555555555555552
0.9588888888888886
0.9466666666666661
0.9799999999999999
0.9399999999999994
0.9522222222222219
0.9422222222222217
0.9566666666666664
0.9722222222222219
0.9577777777777776
0.9411111111111107
0.9622222222222221
0.9611111111111108
0.9299999999999994
0.9455555555555553
0.9455555555555555
0.952222222222222
0.9499999999999996
0.9388888888888884
0.9655555555555553
0.971111111111111
0.9644444444444441
0.963333333333333
0.9344444444444442
0.9544444444444441
