-0.7755555555555553
-0.773333333333333
-0.766666666666666
-0.7755555555555546
-0.7811111111111104
-0.7522222222222217
-0.7688888888888883
-0.8033333333333327
-0.7555555555555549
-0.7399999999999998
-0.8044444444444436
-0.7899999999999995
-0.7711111111111105
-0.7999999999999996
-0.7866666666666664
-0.7722222222222216
-0.7833333333333328
-0.7666666666666663
-0.7788888888888887
-0.7655555555555551
-0.7733333333333329
-0.7888888888888882
-0.8222222222222214
-0.7633333333333329
-0.7888888888888883
-0.7944444444444437
-0.807777777777777
-0.774444444444444
-0.7766666666666663
-0.763333333333333
-0.8066666666666663
-0.7588888888888888
-0.7566666666666663
-0.7788888888888883
-0.7955555555555555
-0.7533333333333329
-0.7977777777777773
-0.7877777777777771
-0.7999999999999996
-0.7744444444444438
-0.7766666666666663
-0.79111111111111
-0.7777777777777772
-0.773333333333333
-0.7622222222222216
-0.7655555555555548
-0.765555555555555
-0.8255555555555547
-0.7711111111111105
-0.8011111111111107
-0.7477777777777775
-0.7866666666666662
-0.8011111111111107
-0.7444444444444442
-0.7822222222222215
-0.7799999999999997
-0.7799999999999995
-0.8122222222222212
-0.7799999999999998
-0.776666666666666
-0.7822222222222213
-0.7633333333333328
-0.7777777777777772
-0.7777777777777772
-0.7733333333333329
-0.754444444444444
-0.8033333333333329
-0.7999999999999993
-0.7788888888888885
-0.7911111111111108
-0.7888888888888883
-0.803333333333333
-0.7877777777777772
-0.7999999999999996
-0.7855555555555547
-0.7799999999999991
-0.8099999999999993
-0.7622222222222217
-0.7633333333333328
-0.7733333333333328
-0.7511111111111107
-0.818888888888888
-0.7722222222222217
-0.7699999999999996
-0.7733333333333325
-0.7733333333333325
-0.7711111111111105
-0.7933333333333326
-0.7933333333333329
-0.7755555555555553
-0.7966666666666662
-0.7955555555555551
-0.7622222222222217
-0.7966666666666664
-0.8044444444444439
-0.7888888888888883
