-0.7588888888888884
-0.7522222222222217
-0.7155555555555553
-0.7622222222222219
-0.7599999999999995
-0.776666666666666
-0.7533333333333325
-0.7377777777777774
-0.7633333333333325
-0.7311111111111106
-0.7711111111111107
-0.7444444444444436
-0.7688888888888882
-0.7199999999999998
-0.7344444444444442
-0.7544444444444437
-0.744444444444444
-0.742222222222222
-0.7488888888888878
-0.7399999999999998
-0.756666666666666
-0.7577777777777777
-0.7233333333333328
-0.7600000000000001
-0.7522222222222217
-0.744444444444444
-0.7155555555555554
-0.7622222222222219
-0.7822222222222218
-0.7711111111111107
-0.7644444444444441
-0.7522222222222219
-0.7655555555555549
-0.7599999999999996
-0.7811111111111104
-0.7566666666666663
-0.7466666666666663
-0.7466666666666665
-0.7411111111111113
-0.7488888888888887
-0.7522222222222221
-0.7644444444444443
-0.7355555555555553
-0.7388888888888883
-0.7511111111111107
-0.7644444444444436
-0.7522222222222216
-0.7411111111111108
-0.7499999999999999
-0.7688888888888886
-0.7577777777777773
-0.7722222222222218
-0.7699999999999999
-0.7577777777777774
-0.7344444444444439
-0.7277777777777773
-0.7588888888888883
-0.7633333333333329
-0.7577777777777776
-0.7355555555555553
-0.7655555555555548
-0.734444444444444
-0.7322222222222217
-0.7722222222222216
-0.7777777777777772
-0.7444444444444439
-0.7377777777777773
-0.7833333333333329
-0.7599999999999997
-0.7544444444444437
-0.7399999999999995
-0.756666666666666
-0.7366666666666662
-0.7577777777777773
-0.7599999999999996
-0.7599999999999996
-0.7544444444444436
-0.7511111111111107
-0.7511111111111108
-0.7444444444444439
-0.7499999999999996
-0.7566666666666663
-0.7622222222222216
-0.7322222222222219
-0.7666666666666662
-0.7455555555555549
-0.7522222222222219
-0.7277777777777775
-0.7344444444444441
-0.7411111111111107
-0.7533333333333329
-0.786666666666666
-0.755555555555555
-0.7588888888888884
-0.753333333333333
-0.7311111111111107
