-0.7522222222222225
-0.7611111111111102
-0.775555555555555
-0.7666666666666663
-0.7844444444444444
-0.796666666666666
-0.8033333333333329
-0.7688888888888887
-0.7899999999999995
-0.7499999999999991
-0.793333333333333
-0.8022222222222216
-0.7911111111111109
-0.7766666666666663
-0.7922222222222213
-0.7488888888888884
-0.7866666666666662
-0.7677777777777771
-0.7999999999999992
-0.7155555555555551
-0.7688888888888883
-0.7888888888888882
-0.7744444444444442
-0.7899999999999996
-0.7522222222222215
-0.7577777777777774
-0.7899999999999991
-0.756666666666666
-0.7511111111111108
-0.8122222222222216
-0.7533333333333327
-0.7955555555555552
-0.7933333333333329
-0.7255555555555554
-0.775555555555555
-0.7622222222222216
-0.7788888888888887
-0.777777777777777
-0.753333333333333
-0.763333333333333
-0.7866666666666663
-0.7955555555555547
-0.8033333333333327
-0.7655555555555554
-0.757777777777777
-0.7766666666666663
-0.754444444444444
-0.7933333333333327
-0.7444444444444436
-0.7822222222222216
-0.7522222222222217
-0.7588888888888883
-0.7755555555555551
-0.7533333333333334
-0.7844444444444437
-0.7611111111111104
-0.796666666666666
-0.7844444444444442
-0.7555555555555553
-0.7544444444444437
-0.7699999999999996
-0.7544444444444438
-0.7966666666666664
-0.7844444444444437
-0.7699999999999997
-0.7744444444444443
-0.7922222222222218
-0.7822222222222222
-0.7844444444444442
-0.798888888888888
-0.7888888888888883
-0.7499999999999993
-0.7799999999999995
-0.7822222222222216
-0.7377777777777775
-0.7699999999999995
-0.7455555555555553
-0.763333333333333
-0.7866666666666663
-0.7799999999999992
-0.7799999999999996
-0.7588888888888882
-0.7599999999999996
-0.8011111111111104
-0.7611111111111107
-0.7844444444444438
-0.7722222222222216
-0.7588888888888883
-0.7411111111111108
-0.7799999999999998
-0.7533333333333327
-0.7755555555555549
-0.7677777777777771
-0.7733333333333331
-0.7544444444444445
-0.7577777777777774
