-0.662222222222222
-0.6588888888888889
-0.6388888888888888
-0.6722222222222218
-0.6266666666666666
-0.6255555555555552
-0.6200000000000001
-0.633333333333333
-0.6322222222222219
-0.6244444444444444
-0.6511111111111109
-0.631111111111111
-0.6066666666666666
-0.6277777777777778
-0.6822222222222218
-0.6222222222222221
-0.6388888888888887
-0.6099999999999998
-0.6111111111111109
-0.6844444444444442
-0.6555555555555554
-0.65
-0.6477777777777775
-0.6466666666666664
-0.6433333333333331
-0.6411111111111109
-0.6233333333333332
-0.6199999999999998
-0.6322222222222219
-0.6177777777777774
-0.6177777777777775
-0.65
-0.6633333333333329
-0.6611111111111108
-0.6766666666666665
-0.6444444444444443
-0.63
-0.6699999999999997
-0.6455555555555554
-0.6477777777777777
-0.6444444444444442
-0.6666666666666664
-0.6422222222222221
-0.6333333333333331
-0.6544444444444444
-0.6588888888888884
-0.6377777777777777
-0.6377777777777777
-0.6088888888888889
-0.6622222222222222
-0.6488888888888886
-0.672222222222222
-0.6344444444444443
-0.5833333333333334
-0.6288888888888885
-0.6199999999999999
-0.6177777777777775
-0.6266666666666665
-0.674444444444444
-0.6288888888888886
-0.632222222222222
-0.6799999999999998
-0.6588888888888885
-0.6611111111111111
-0.6511111111111109
-0.6622222222222218
-0.6611111111111108
-0.6177777777777775
-0.6577777777777777
-0.6533333333333333
-0.672222222222222
-0.6544444444444442
-0.6366666666666667
-0.6066666666666668
-0.6688888888888885
-0.6166666666666667
-0.6677777777777776
-0.6744444444444442
-0.6288888888888884
-0.6066666666666667
-0.6499999999999997
-0.6533333333333333
-0.6577777777777775
-0.602222222222222
-0.6255555555555553
-0.6311111111111112
-0.6477777777777773
-0.6366666666666664
-0.6288888888888886
-0.6333333333333331
-0.6622222222222222
-0.6377777777777777
-0.6644444444444443
-0.621111111111111
-0.6455555555555555
-0.6099999999999998
