-0.7433333333333332
-0.8277777777777772
-0.796666666666666
-0.8244444444444435
-0.7999999999999994
-0.7911111111111103
-0.7911111111111108
-0.765555555555555
-0.7799999999999992
-0.7722222222222216
-0.7644444444444437
-0.7988888888888879
-0.7899999999999993
-0.7733333333333328
-0.7588888888888882
-0.7888888888888884
-0.7677777777777777
-0.7611111111111107
-0.7966666666666664
-0.7788888888888882
-0.7966666666666663
-0.7844444444444438
-0.7822222222222213
-0.7622222222222212
-0.8055555555555547
-0.7788888888888884
-0.7799999999999992
-0.7699999999999995
-0.7544444444444438
-0.7722222222222218
-0.7899999999999996
-0.7622222222222217
-0.7888888888888882
-0.7855555555555549
-0.7877777777777776
-0.7922222222222217
-0.7844444444444437
-0.8033333333333326
-0.8166666666666661
-0.7622222222222216
-0.7288888888888886
-0.747777777777777
-0.7866666666666664
-0.7722222222222217
-0.7955555555555551
-0.765555555555555
-0.7522222222222221
-0.7811111111111103
-0.8011111111111106
-0.7844444444444438
-0.7499999999999997
-0.7688888888888884
-0.7944444444444438
-0.7888888888888882
-0.7777777777777776
-0.7822222222222216
-0.8166666666666659
-0.794444444444444
-0.777777777777777
-0.7822222222222213
-0.7844444444444441
-0.7811111111111109
-0.762222222222222
-0.7644444444444443
-0.7699999999999995
-0.783333333333333
-0.7833333333333329
-0.7522222222222217
-0.8222222222222215
-0.7688888888888886
-0.794444444444444
-0.8022222222222216
-0.783333333333333
-0.7933333333333329
-0.7699999999999997
-0.8244444444444435
-0.7822222222222216
-0.7944444444444436
-0.7688888888888887
-0.7922222222222218
-0.7955555555555552
-0.7999999999999993
-0.7855555555555551
-0.785555555555555
-0.774444444444444
-0.7633333333333329
-0.7788888888888879
-0.7966666666666664
-0.7899999999999993
-0.7433333333333332
-0.7777777777777772
-0.7711111111111104
-0.776666666666666
-0.7977777777777777
-0.8133333333333329
-0.7666666666666663
