-0.7455555555555552
-0.7833333333333328
-0.7444444444444445
-0.8011111111111103
-0.7488888888888886
-0.7677777777777773
-0.7688888888888882
-0.742222222222222
-0.7433333333333327
-0.7688888888888884
-0.7433333333333332
-0.7999999999999993
-0.7477777777777775
-0.7522222222222215
-0.7588888888888882
-0.7522222222222216
-0.7511111111111108
-0.7533333333333329
-0.7611111111111106
-0.7911111111111103
-0.7744444444444442
-0.7955555555555549
-0.792222222222222
-0.7544444444444438
-0.7544444444444443
-0.8099999999999993
-0.7433333333333328
-0.7633333333333328
-0.7477777777777774
-0.7488888888888887
-0.7733333333333329
-0.7611111111111104
-0.7633333333333328
-0.7644444444444443
-0.7699999999999995
-0.7711111111111103
-0.795555555555555
-0.7722222222222217
-0.8011111111111104
-0.7844444444444437
-0.744444444444444
-0.7499999999999996
-0.753333333333333
-0.764444444444444
-0.7488888888888888
-0.7777777777777775
-0.786666666666666
-0.7644444444444438
-0.7544444444444441
-0.754444444444444
-0.763333333333333
-0.734444444444444
-0.8033333333333327
-0.7733333333333328
-0.7688888888888884
-0.776666666666666
-0.7677777777777773
-0.7711111111111103
-0.7811111111111105
-0.7377777777777778
-0.786666666666666
-0.7699999999999996
-0.7755555555555549
-0.7388888888888882
-0.7566666666666666
-0.7711111111111104
-0.7499999999999999
-0.7711111111111105
-0.7699999999999996
-0.7722222222222217
-0.7777777777777771
-0.7388888888888886
-0.7722222222222216
-0.7966666666666659
-0.7988888888888881
-0.7055555555555554
-0.7733333333333329
-0.765555555555555
-0.7766666666666664
-0.7499999999999997
-0.7477777777777775
-0.7377777777777774
-0.7511111111111107
-0.7699999999999997
-0.7699999999999995
-0.774444444444444
-0.7622222222222221
-0.7544444444444438
-0.7588888888888886
-0.7922222222222222
-0.724444444444444
-0.8044444444444437
-0.7844444444444436
-0.7799999999999998
-0.7877777777777776
-0.7922222222222214
