-0.7444444444444441
-0.7844444444444441
-0.745555555555555
-0.7799999999999992
-0.7777777777777771
-0.7877777777777771
-0.7522222222222219
-0.7644444444444437
-0.7988888888888883
-0.772222222222222
-0.7511111111111106
-0.7477777777777774
-0.788888888888888
-0.7466666666666665
-0.7611111111111106
-0.7788888888888882
-0.7377777777777779
-0.7422222222222219
-0.8122222222222216
-0.7911111111111104
-0.733333333333333
-0.7711111111111105
-0.7744444444444437
-0.7488888888888886
-0.7644444444444438
-0.7955555555555551
-0.7777777777777775
-0.7677777777777769
-0.7811111111111108
-0.767777777777777
-0.7455555555555552
-0.7399999999999998
-0.7655555555555553
-0.777777777777777
-0.764444444444444
-0.771111111111111
-0.7566666666666662
-0.743333333333333
-0.7477777777777773
-0.7866666666666662
-0.7744444444444438
-0.753333333333333
-0.7688888888888886
-0.7688888888888883
-0.7933333333333327
-0.7488888888888882
-0.7577777777777774
-0.754444444444444
-0.7933333333333324
-0.7811111111111102
-0.7499999999999993
-0.7499999999999996
-0.7522222222222217
-0.7588888888888883
-0.7477777777777773
-0.7677777777777774
-0.7644444444444443
-0.7644444444444441
-0.7655555555555553
-0.7711111111111109
-0.7577777777777771
-0.7277777777777775
-0.7311111111111107
-0.7788888888888883
-0.7655555555555549
-0.7733333333333331
-0.7822222222222215
-0.7533333333333329
-0.7688888888888886
-0.766666666666666
-0.7333333333333333
-0.7799999999999997
-0.7633333333333328
-0.7699999999999997
-0.7311111111111107
-0.7711111111111112
-0.7533333333333329
-0.7588888888888884
-0.7622222222222219
-0.7788888888888882
-0.7911111111111108
-0.7633333333333328
-0.7933333333333324
-0.753333333333333
-0.7577777777777771
-0.7688888888888882
-0.722222222222222
-0.775555555555555
-0.7511111111111104
-0.7911111111111103
-0.7711111111111107
-0.7766666666666658
-0.7388888888888885
-0.7644444444444438
-0.7999999999999996
-0.7911111111111105
