0.9766666666666665
0.973333333333333
0.9522222222222222
0.9699999999999998
0.9688888888888886
0.9688888888888889
0.9766666666666665
0.9788888888888887
0.962222222222222
0.9588888888888885
0.9744444444444443
0.9677777777777776
0.9588888888888886
0.9555555555555552
0.9777777777777775
0.9811111111111108
0.9844444444444442
0.981111111111111
0.972222222222222
0.9744444444444441
0.9733333333333332
0.9588888888888889
0.9855555555555553
0.9755555555555553
0.9722222222222221
0.9644444444444441
0.982222222222222
0.962222222222222
0.9677777777777778
0.9633333333333332
0.9677777777777776
0.972222222222222
0.9777777777777775
0.9722222222222218
0.9799999999999999
0.9677777777777774
0.9611111111111108
0.9566666666666663
0.9599999999999999
0.9711111111111107
0.9577777777777776
0.9755555555555553
0.964444444444444
0.9855555555555554
0.9688888888888887
0.9699999999999998
0.9588888888888887
0.9755555555555554
0.9677777777777774
0.9688888888888886
0.951111111111111
0.9733333333333332
0.9844444444444442
0.9688888888888887
0.9844444444444441
0.9755555555555553
0.9466666666666665
0.9755555555555554
0.982222222222222
0.9611111111111108
0.9677777777777777
0.9699999999999998
0.9655555555555553
0.98
0.9755555555555554
0.9733333333333332
0.9566666666666666
0.9577777777777776
0.9866666666666666
0.9588888888888886
0.9855555555555554
0.9688888888888887
0.9799999999999999
0.9644444444444441
0.982222222222222
0.9777777777777775
0.9644444444444443
0.9666666666666666
0.9755555555555554
0.9788888888888887
0.981111111111111
0.9688888888888887
0.9799999999999999
0.9599999999999995
0.9699999999999999
0.9822222222222221
0.9577777777777776
0.9755555555555553
0.9677777777777774
0.973333333333333
0.9655555555555554
0.9599999999999997
0.9799999999999998
0.9677777777777777
0.9788888888888887
0.9722222222222218
