-0.7577777777777771
-0.7766666666666662
-0.7711111111111104
-0.7444444444444439
-0.7522222222222216
-0.7877777777777769
-0.7488888888888884
-0.7855555555555551
-0.7911111111111103
-0.7477777777777775
-0.7488888888888886
-0.7977777777777771
-0.7699999999999992
-0.7733333333333329
-0.764444444444444
-0.8033333333333327
-0.7677777777777774
-0.7844444444444438
-0.7711111111111107
-0.7866666666666658
-0.7977777777777771
-0.7722222222222215
-0.7844444444444441
-0.7855555555555546
-0.7622222222222222
-0.7388888888888888
-0.7777777777777771
-0.7699999999999996
-0.7933333333333327
-0.7511111111111108
-0.7699999999999991
-0.7999999999999994
-0.7488888888888884
-0.7722222222222218
-0.7699999999999992
-0.7766666666666663
-0.7844444444444438
-0.7522222222222219
-0.7566666666666662
-0.7599999999999995
-0.7666666666666662
-0.7588888888888887
-0.755555555555555
-0.7922222222222214
-0.7755555555555554
-0.7844444444444442
-0.785555555555555
-0.7455555555555553
-0.804444444444444
-0.7999999999999992
-0.7588888888888882
-0.7888888888888883
-0.7755555555555549
-0.7711111111111107
-0.7466666666666665
-0.7688888888888884
-0.7566666666666664
-0.7711111111111103
-0.7622222222222219
-0.7944444444444438
-0.8022222222222214
-0.7611111111111104
-0.7766666666666663
-0.7633333333333328
-0.7788888888888885
-0.7888888888888885
-0.764444444444444
-0.7844444444444438
-0.7977777777777775
-0.7777777777777771
-0.7844444444444442
-0.7311111111111108
-0.7488888888888883
-0.7677777777777771
-0.754444444444444
-0.7788888888888882
-0.7755555555555547
-0.7766666666666663
-0.7577777777777771
-0.77
-0.7422222222222216
-0.7744444444444442
-0.7311111111111108
-0.7522222222222219
-0.7777777777777772
-0.7933333333333327
-0.7655555555555551
-0.7444444444444442
-0.7988888888888881
-0.7788888888888883
-0.7966666666666654
-0.7666666666666663
-0.7844444444444436
-0.7733333333333329
-0.7833333333333325
-0.7377777777777774
