-0.6799999999999998
-0.682222222222222
-0.7077777777777774
-0.6888888888888887
-0.7099999999999995
-0.6822222222222216
-0.721111111111111
-0.6944444444444443
-0.6777777777777777
-0.7077777777777776
-0.6577777777777777
-0.722222222222222
-0.6755555555555552
-0.6944444444444443
-0.6955555555555553
-0.7166666666666666
-0.7311111111111107
-0.7277777777777775
-0.7066666666666667
-0.7166666666666665
-0.712222222222222
-0.7522222222222217
-0.7266666666666662
-0.7
-0.7077777777777774
-0.6866666666666664
-0.7111111111111107
-0.6966666666666663
-0.7044444444444441
-0.6977777777777776
-0.6999999999999997
-0.7055555555555553
-0.7144444444444443
-0.6655555555555552
-0.7399999999999995
-0.7155555555555553
-0.6688888888888889
-0.6922222222222217
-0.7088888888888887
-0.7077777777777776
-0.6955555555555551
-0.7022222222222222
-0.6811111111111107
-0.7166666666666665
-0.7299999999999995
-0.6944444444444444
-0.717777777777777
-0.7133333333333333
-0.692222222222222
-0.6477777777777777
-0.713333333333333
-0.6866666666666664
-0.7355555555555553
-0.7166666666666663
-0.7055555555555552
-0.7222222222222218
-0.6911111111111109
-0.6799999999999997
-0.7077777777777777
-0.7000000000000002
-0.6855555555555553
-0.7177777777777776
-0.723333333333333
-0.7088888888888887
-0.7366666666666665
-0.7099999999999995
-0.7188888888888886
-0.6966666666666664
-0.7355555555555546
-0.7044444444444444
-0.7066666666666663
-0.6988888888888884
-0.6844444444444442
-0.6677777777777775
-0.6755555555555556
-0.713333333333333
-0.6833333333333332
-0.7088888888888885
-0.6955555555555553
-0.6888888888888884
-0.6988888888888886
-0.7122222222222219
-0.7277777777777773
-0.6755555555555555
-0.7055555555555552
-0.7188888888888887
-0.6866666666666663
-0.6877777777777774
-0.6533333333333331
-0.6977777777777777
-0.7111111111111108
-0.6733333333333331
-0.7099999999999997
-0.6899999999999998
-0.6899999999999996
-0.7133333333333333
