-0.16333333333333327
-0.1922222222222222
-0.22999999999999995
-0.06888888888888886
-0.08
-0.11888888888888888
-0.21
-0.1355555555555556
-0.14666666666666667
-0.16222222222222216
-0.19333333333333325
-0.10999999999999996
-0.07333333333333333
-0.20444444444444435
-0.18999999999999992
-0.16555555555555554
-0.12111111111111111
-0.10666666666666666
-0.1499999999999999
-0.14777777777777779
-0.2566666666666666
-0.1533333333333333
-0.17111111111111107
-0.16666666666666669
-0.10222222222222223
-0.1733333333333334
-0.1522222222222222
-0.11555555555555558
-0.12333333333333332
-0.11777777777777777
-0.12999999999999998
-0.12555555555555556
-0.14444444444444435
-0.13777777777777772
-0.16222222222222218
-0.21222222222222212
-0.19666666666666668
-0.12444444444444444
-0.18555555555555547
-0.09999999999999996
-0.08333333333333331
-0.16111111111111118
-0.22666666666666657
-0.15777777777777768
-0.05222222222222224
-0.15444444444444447
-0.18
-0.1611111111111111
-0.15111111111111103
-0.1666666666666666
-0.15666666666666662
-0.1544444444444445
-0.23888888888888885
-0.17888888888888882
-0.16444444444444442
-0.14444444444444446
-0.13777777777777778
-0.1688888888888888
-0.13666666666666666
-0.16333333333333336
-0.2155555555555554
-0.22444444444444442
-0.15888888888888886
-0.12333333333333332
-0.11777777777777773
-0.1466666666666666
-0.10888888888888887
-0.19555555555555557
-0.13333333333333333
-0.12666666666666665
-0.16444444444444442
-0.23777777777777775
-0.2522222222222222
-0.2
-0.11111111111111109
-0.16888888888888878
-0.1522222222222222
-0.2633333333333333
-0.12666666666666665
-0.17999999999999988
-0.17333333333333326
-0.19666666666666657
-0.1644444444444444
-0.17777777777777767
-0.0811111111111111
-0.11777777777777775
-0.18999999999999997
-0.09888888888888886
-0.18444444444444438
-0.028888888888888898
-0.15777777777777785
-0.1922222222222221
-0.1688888888888888
-0.1488888888888889
-0.11666666666666671
-0.20111111111111113
