-0.6944444444444443
-0.7199999999999998
-0.7088888888888887
-0.7299999999999999
-0.7255555555555552
-0.6811111111111107
-0.7188888888888882
-0.7199999999999995
-0.6977777777777774
-0.7222222222222219
-0.6800000000000002
-0.724444444444444
-0.7311111111111108
-0.7122222222222221
-0.7188888888888885
-0.6755555555555552
-0.7055555555555553
-0.7288888888888883
-0.7133333333333328
-0.6966666666666665
-0.7433333333333327
-0.7333333333333327
-0.7411111111111104
-0.7188888888888887
-0.7011111111111106
-0.7377777777777775
-0.6811111111111107
-0.6899999999999998
-0.6922222222222217
-0.7
-0.694444444444444
-0.7099999999999999
-0.711111111111111
-0.6799999999999994
-0.7266666666666661
-0.7233333333333326
-0.6922222222222217
-0.712222222222222
-0.7377777777777774
-0.7166666666666663
-0.6899999999999994
-0.6977777777777777
-0.71
-0.7033333333333331
-0.7322222222222214
-0.6844444444444443
-0.7333333333333332
-0.711111111111111
-0.763333333333333
-0.7111111111111107
-0.6799999999999996
-0.731111111111111
-0.723333333333333
-0.7022222222222217
-0.7166666666666663
-0.692222222222222
-0.7266666666666661
-0.7166666666666666
-0.6922222222222219
-0.7166666666666663
-0.6722222222222222
-0.7411111111111106
-0.7222222222222219
-0.7133333333333332
-0.702222222222222
-0.7366666666666661
-0.7077777777777774
-0.7199999999999993
-0.6999999999999997
-0.6966666666666664
-0.725555555555555
-0.7388888888888887
-0.7011111111111109
-0.7155555555555548
-0.7222222222222219
-0.702222222222222
-0.733333333333333
-0.7055555555555553
-0.6766666666666663
-0.6744444444444444
-0.7188888888888887
-0.6988888888888886
-0.7044444444444439
-0.6955555555555556
-0.7222222222222218
-0.6966666666666665
-0.7266666666666661
-0.7433333333333327
-0.7277777777777773
-0.7044444444444443
-0.724444444444444
-0.6999999999999997
-0.7033333333333328
-0.7399999999999995
-0.722222222222222
-0.735555555555555
