-0.7411111111111106
-0.7588888888888884
-0.7422222222222216
-0.7522222222222219
-0.762222222222222
-0.7677777777777771
-0.7688888888888884
-0.7977777777777771
-0.7511111111111106
-0.7688888888888883
-0.7611111111111107
-0.7755555555555549
-0.763333333333333
-0.7488888888888884
-0.7322222222222219
-0.7733333333333329
-0.7377777777777775
-0.7811111111111105
-0.7699999999999995
-0.765555555555555
-0.765555555555555
-0.7466666666666661
-0.7211111111111106
-0.7588888888888884
-0.7722222222222218
-0.7777777777777771
-0.7777777777777776
-0.7677777777777773
-0.7822222222222217
-0.7622222222222216
-0.7555555555555549
-0.7711111111111109
-0.7677777777777776
-0.7455555555555552
-0.7522222222222217
-0.7211111111111108
-0.7577777777777773
-0.7466666666666661
-0.7666666666666663
-0.7788888888888883
-0.7988888888888888
-0.7944444444444443
-0.7799999999999995
-0.7399999999999998
-0.7699999999999991
-0.778888888888888
-0.7555555555555554
-0.8088888888888881
-0.7444444444444441
-0.7811111111111105
-0.7522222222222219
-0.732222222222222
-0.7433333333333328
-0.7788888888888883
-0.7677777777777774
-0.7633333333333329
-0.7799999999999995
-0.7388888888888886
-0.7999999999999992
-0.762222222222222
-0.7866666666666664
-0.7311111111111107
-0.7555555555555551
-0.753333333333333
-0.7477777777777773
-0.7399999999999998
-0.7488888888888886
-0.7966666666666662
-0.7411111111111107
-0.7788888888888884
-0.7599999999999996
-0.7488888888888884
-0.73
-0.7322222222222217
-0.7399999999999998
-0.7455555555555552
-0.744444444444444
-0.7766666666666664
-0.7411111111111108
-0.7211111111111108
-0.7588888888888881
-0.7533333333333329
-0.805555555555555
-0.7288888888888883
-0.7444444444444441
-0.7633333333333328
-0.73
-0.7666666666666664
-0.7377777777777773
-0.7522222222222215
-0.7522222222222221
-0.7377777777777772
-0.7699999999999991
-0.7344444444444436
-0.7322222222222221
-0.7788888888888884
