0.7955555555555555
0.8277777777777774
0.7944444444444446
0.794444444444444
0.7633333333333333
0.8088888888888888
0.7844444444444443
0.7766666666666664
0.8322222222222219
0.8011111111111109
0.8133333333333331
0.804444444444444
0.7855555555555553
0.8366666666666661
0.8355555555555548
0.835555555555555
0.7811111111111109
0.8199999999999996
0.825555555555555
0.8233333333333331
0.8077777777777776
0.7788888888888887
0.8266666666666664
0.8088888888888885
0.8288888888888885
0.8155555555555553
0.7422222222222219
0.7511111111111112
0.7933333333333324
0.8055555555555555
0.7911111111111111
0.7911111111111105
0.8233333333333328
0.783333333333333
0.8177777777777776
0.8077777777777775
0.8577777777777772
0.8155555555555551
0.7711111111111105
0.7711111111111109
0.8011111111111113
0.8111111111111106
0.7855555555555556
0.772222222222222
0.8044444444444444
0.7944444444444442
0.7488888888888884
0.8544444444444439
0.8355555555555552
0.8277777777777773
0.8111111111111109
0.77
0.7933333333333329
0.8122222222222216
0.8566666666666662
0.7777777777777779
0.7744444444444443
0.7666666666666664
0.8222222222222217
0.8066666666666664
0.8433333333333328
0.8188888888888884
0.7944444444444442
0.7944444444444447
0.8233333333333328
0.8077777777777775
0.805555555555555
0.7999999999999996
0.846666666666666
0.8222222222222215
0.7666666666666662
0.7644444444444443
0.8255555555555548
0.8066666666666663
0.7799999999999995
0.7699999999999995
0.8299999999999994
0.8211111111111102
0.8055555555555552
0.8277777777777774
0.795555555555555
0.8188888888888886
0.7788888888888883
0.7766666666666663
0.8166666666666661
0.7933333333333331
0.7944444444444438
0.7999999999999996
0.8066666666666662
0.8388888888888886
0.7611111111111112
0.7744444444444444
0.8099999999999996
0.7799999999999997
0.7877777777777772
0.8055555555555547
