-0.26444444444444437
-0.25888888888888884
-0.23777777777777773
-0.24888888888888897
-0.30333333333333334
-0.28888888888888886
-0.24222222222222203
-0.19555555555555557
-0.28666666666666657
-0.17777777777777776
-0.261111111111111
-0.23777777777777767
-0.3
-0.2611111111111111
-0.2011111111111111
-0.27333333333333326
-0.25
-0.18666666666666668
-0.33666666666666667
-0.2822222222222221
-0.2499999999999999
-0.23
-0.32888888888888884
-0.3222222222222221
-0.30444444444444424
-0.2877777777777778
-0.3044444444444444
-0.30333333333333334
-0.2644444444444445
-0.2633333333333332
-0.2722222222222222
-0.29999999999999993
-0.2455555555555556
-0.26777777777777756
-0.26777777777777767
-0.3588888888888889
-0.27555555555555544
-0.26888888888888873
-0.28222222222222215
-0.30222222222222206
-0.3144444444444443
-0.31333333333333324
-0.29555555555555557
-0.2788888888888889
-0.3311111111111109
-0.2466666666666665
-0.2633333333333332
-0.25999999999999995
-0.2566666666666666
-0.23333333333333323
-0.26555555555555554
-0.3177777777777778
-0.3
-0.34777777777777774
-0.24333333333333332
-0.2088888888888889
-0.2699999999999999
-0.29999999999999977
-0.22555555555555554
-0.35111111111111093
-0.3077777777777778
-0.2744444444444445
-0.1444444444444444
-0.2766666666666666
-0.24555555555555547
-0.24444444444444438
-0.24666666666666662
-0.2966666666666667
-0.3177777777777778
-0.23999999999999982
-0.2822222222222221
-0.3066666666666665
-0.27222222222222214
-0.2933333333333332
-0.29444444444444445
-0.2622222222222223
-0.19777777777777777
-0.24222222222222214
-0.23777777777777764
-0.24333333333333335
-0.3199999999999999
-0.28555555555555545
-0.2533333333333333
-0.25000000000000006
-0.2588888888888888
-0.36777777777777787
-0.3144444444444443
-0.2477777777777778
-0.27777777777777773
-0.26444444444444437
-0.26111111111111096
-0.31444444444444436
-0.25666666666666677
-0.27333333333333326
-0.2377777777777778
-0.2899999999999999
