0.9977777777777778
1.0
1.0
1.0
1.0
0.9966666666666666
1.0
0.9988888888888888
0.9988888888888888
0.9955555555555554
1.0
1.0
0.9988888888888888
0.9966666666666666
0.9977777777777778
0.9977777777777778
0.9988888888888888
1.0
0.9988888888888888
0.9977777777777778
0.9977777777777778
1.0
0.9966666666666666
0.9966666666666667
0.9955555555555554
0.9988888888888888
0.9988888888888888
1.0
0.9988888888888888
0.9988888888888888
1.0
0.9988888888888888
1.0
0.9988888888888888
0.9966666666666666
0.9977777777777778
1.0
0.9988888888888888
0.9988888888888888
1.0
0.9977777777777778
1.0
0.9988888888888888
0.9977777777777778
0.9988888888888888
0.9966666666666667
1.0
1.0
0.9988888888888888
0.9966666666666666
1.0
0.9977777777777778
1.0
1.0
0.9977777777777778
0.9988888888888888
0.9944444444444442
0.9988888888888888
0.9988888888888888
0.9988888888888888
0.9977777777777778
0.9977777777777778
1.0
1.0
0.9977777777777778
0.9977777777777778
0.9955555555555555
0.9988888888888888
0.9977777777777778
0.9988888888888888
0.9977777777777778
0.9966666666666666
0.9977777777777778
1.0
1.0
0.9977777777777778
0.9955555555555554
0.9944444444444445
0.9988888888888888
1.0
1.0
1.0
1.0
0.9988888888888888
0.9977777777777778
1.0
0.9988888888888888
1.0
1.0
0.9966666666666666
0.9988888888888888
1.0
1.0
1.0
0.9988888888888888
1.0
