-0.7199999999999999
-0.7155555555555551
-0.7299999999999995
-0.7066666666666664
-0.6766666666666662
-0.7255555555555554
-0.7211111111111108
-0.7177777777777777
-0.7433333333333332
-0.7511111111111104
-0.7433333333333327
-0.7311111111111107
-0.7411111111111108
-0.708888888888889
-0.7188888888888885
-0.735555555555555
-0.7211111111111108
-0.6755555555555552
-0.72
-0.7322222222222216
-0.683333333333333
-0.7155555555555556
-0.7144444444444441
-0.6977777777777776
-0.7077777777777773
-0.7099999999999997
-0.7488888888888884
-0.7211111111111107
-0.714444444444444
-0.6822222222222222
-0.733333333333333
-0.7399999999999999
-0.7333333333333328
-0.7322222222222219
-0.724444444444444
-0.7011111111111107
-0.71
-0.7999999999999997
-0.7499999999999997
-0.7388888888888886
-0.7299999999999998
-0.6966666666666664
-0.7399999999999998
-0.7077777777777774
-0.7333333333333328
-0.7088888888888887
-0.7066666666666666
-0.7655555555555545
-0.6977777777777778
-0.7111111111111107
-0.7055555555555556
-0.7088888888888885
-0.7011111111111106
-0.7588888888888886
-0.7366666666666666
-0.7266666666666662
-0.7188888888888886
-0.7199999999999998
-0.7255555555555553
-0.743333333333333
-0.7022222222222217
-0.7333333333333328
-0.7577777777777776
-0.7011111111111107
-0.7288888888888887
-0.7322222222222217
-0.6922222222222219
-0.7033333333333331
-0.701111111111111
-0.7366666666666665
-0.7488888888888886
-0.6999999999999996
-0.7233333333333333
-0.6999999999999996
-0.7244444444444441
-0.7599999999999996
-0.7199999999999999
-0.7466666666666663
-0.7177777777777774
-0.6877777777777776
-0.7499999999999997
-0.7322222222222216
-0.718888888888889
-0.7233333333333326
-0.7177777777777774
-0.7377777777777775
-0.7199999999999999
-0.6811111111111107
-0.7044444444444443
-0.7277777777777775
-0.751111111111111
-0.7188888888888886
-0.7111111111111108
-0.7011111111111109
-0.691111111111111
-0.7044444444444443
