0.9066666666666663
0.9444444444444442
0.9499999999999997
0.9411111111111106
0.9511111111111109
0.9333333333333326
0.9422222222222217
0.9477777777777776
0.9155555555555552
0.9411111111111109
0.9044444444444438
0.9411111111111109
0.9111111111111109
0.8966666666666662
0.9311111111111107
0.8922222222222221
0.9566666666666664
0.9566666666666666
0.9199999999999996
0.9333333333333329
0.9399999999999994
0.9344444444444442
0.8966666666666666
0.933333333333333
0.9399999999999996
0.895555555555555
0.934444444444444
0.9599999999999995
0.925555555555555
0.934444444444444
0.9266666666666663
0.8922222222222217
0.9233333333333329
0.9244444444444443
0.933333333333333
0.9266666666666664
0.9433333333333331
0.9444444444444439
0.9377777777777776
0.9577777777777774
0.9588888888888889
0.9444444444444442
0.9222222222222216
0.9333333333333332
0.9599999999999995
0.9455555555555555
0.9211111111111105
0.9055555555555551
0.9088888888888885
0.942222222222222
0.9199999999999995
0.9322222222222217
0.9399999999999997
0.8933333333333329
0.943333333333333
0.9288888888888884
0.9333333333333327
0.9055555555555553
0.9466666666666664
0.9299999999999998
0.9288888888888884
0.9422222222222217
0.9311111111111107
0.9188888888888885
0.9088888888888887
0.912222222222222
0.9144444444444443
0.9366666666666664
0.9122222222222218
0.914444444444444
0.9511111111111109
0.9277777777777775
0.9455555555555551
0.9177777777777771
0.941111111111111
0.9344444444444442
0.9333333333333327
0.9288888888888883
0.9288888888888884
0.9211111111111108
0.9355555555555553
0.934444444444444
0.9322222222222216
0.9355555555555553
0.9199999999999996
0.9022222222222217
0.9255555555555551
0.9333333333333329
0.9399999999999997
0.9377777777777774
0.9144444444444442
0.9111111111111105
0.942222222222222
0.9366666666666665
0.9111111111111109
0.9311111111111106
