0.9399999999999996
0.9255555555555555
0.9399999999999996
0.962222222222222
0.9199999999999996
0.9555555555555552
0.9199999999999998
0.9077777777777772
0.9611111111111108
0.9288888888888889
0.944444444444444
0.9166666666666662
0.9244444444444442
0.9477777777777772
0.9411111111111106
0.9399999999999998
0.933333333333333
0.9277777777777775
0.941111111111111
0.9711111111111108
0.9355555555555551
0.9511111111111109
0.942222222222222
0.912222222222222
0.9355555555555551
0.9555555555555552
0.9211111111111105
0.9444444444444442
0.9644444444444441
0.9266666666666663
0.9377777777777776
0.9277777777777773
0.9466666666666663
0.9355555555555553
0.9066666666666663
0.9544444444444441
0.9188888888888885
0.9311111111111109
0.942222222222222
0.933333333333333
0.9011111111111109
0.9388888888888884
0.9344444444444442
0.942222222222222
0.9288888888888885
0.923333333333333
0.9344444444444442
0.9144444444444438
0.9311111111111106
0.9266666666666664
0.9255555555555552
0.9155555555555551
0.9199999999999993
0.9322222222222218
0.9555555555555554
0.9355555555555553
0.9344444444444442
0.9388888888888884
0.9355555555555551
0.9366666666666663
0.9222222222222218
0.9444444444444442
0.9377777777777773
0.9311111111111109
0.931111111111111
0.942222222222222
0.9288888888888885
0.9433333333333331
0.9411111111111107
0.9333333333333331
0.9422222222222219
0.9311111111111109
0.9488888888888886
0.9222222222222217
0.9177777777777776
0.9366666666666663
0.931111111111111
0.9088888888888885
0.9177777777777776
0.9188888888888884
0.9299999999999996
0.9511111111111109
0.9399999999999997
0.9299999999999994
0.9288888888888885
0.9322222222222217
0.9455555555555551
0.9377777777777773
0.9255555555555555
0.9322222222222218
0.9666666666666663
0.9433333333333329
0.9066666666666666
0.9444444444444442
0.942222222222222
0.9322222222222217
