-0.8033333333333326
-0.7744444444444438
-0.7933333333333329
-0.7811111111111104
-0.7666666666666662
-0.8066666666666662
-0.7633333333333328
-0.745555555555555
-0.7911111111111105
-0.7211111111111106
-0.7544444444444441
-0.7544444444444438
-0.7711111111111103
-0.7466666666666665
-0.7711111111111107
-0.7944444444444436
-0.797777777777777
-0.7633333333333329
-0.7511111111111103
-0.7611111111111104
-0.7588888888888886
-0.7933333333333329
-0.7899999999999995
-0.794444444444444
-0.7811111111111105
-0.798888888888888
-0.7888888888888883
-0.7911111111111104
-0.7488888888888886
-0.7733333333333328
-0.7511111111111107
-0.7766666666666658
-0.7855555555555551
-0.7677777777777774
-0.7755555555555551
-0.7588888888888882
-0.7744444444444443
-0.7899999999999995
-0.7633333333333328
-0.7799999999999992
-0.7633333333333329
-0.8033333333333326
-0.773333333333333
-0.7822222222222215
-0.7777777777777771
-0.7866666666666663
-0.754444444444444
-0.7799999999999995
-0.7688888888888884
-0.8033333333333329
-0.7755555555555547
-0.7877777777777772
-0.7744444444444442
-0.7644444444444438
-0.7844444444444434
-0.7555555555555551
-0.7766666666666663
-0.795555555555555
-0.7833333333333325
-0.7555555555555554
-0.7922222222222214
-0.7855555555555549
-0.7711111111111105
-0.7644444444444437
-0.8133333333333325
-0.7799999999999996
-0.7877777777777775
-0.7788888888888882
-0.7477777777777775
-0.7966666666666663
-0.7811111111111105
-0.7733333333333323
-0.7666666666666663
-0.7722222222222218
-0.7888888888888883
-0.8166666666666655
-0.8022222222222216
-0.7744444444444442
-0.7888888888888888
-0.754444444444444
-0.7899999999999993
-0.7522222222222216
-0.7999999999999998
-0.7644444444444437
-0.7677777777777774
-0.817777777777777
-0.7677777777777773
-0.808888888888888
-0.7688888888888883
-0.7988888888888885
-0.7933333333333324
-0.7555555555555551
-0.7911111111111108
-0.8099999999999996
-0.795555555555555
-0.7511111111111106
