-0.7322222222222216
-0.7599999999999996
-0.806666666666666
-0.7844444444444443
-0.7399999999999994
-0.75
-0.7722222222222218
-0.7555555555555549
-0.7611111111111108
-0.754444444444444
-0.7344444444444439
-0.7555555555555549
-0.7477777777777771
-0.7666666666666662
-0.7533333333333325
-0.7511111111111106
-0.7422222222222216
-0.7655555555555554
-0.7699999999999992
-0.7644444444444438
-0.7244444444444441
-0.8144444444444435
-0.7644444444444438
-0.7711111111111107
-0.7511111111111108
-0.7799999999999997
-0.7999999999999994
-0.7722222222222221
-0.7888888888888883
-0.7233333333333332
-0.764444444444444
-0.744444444444444
-0.7511111111111108
-0.7344444444444437
-0.7511111111111104
-0.7244444444444443
-0.7566666666666666
-0.7622222222222216
-0.7788888888888884
-0.7388888888888886
-0.7666666666666662
-0.7611111111111108
-0.7666666666666663
-0.766666666666666
-0.7466666666666663
-0.7755555555555547
-0.7588888888888884
-0.7644444444444438
-0.7622222222222219
-0.7255555555555552
-0.7777777777777772
-0.788888888888888
-0.7733333333333328
-0.7611111111111106
-0.7822222222222217
-0.7822222222222215
-0.7688888888888886
-0.7988888888888881
-0.756666666666666
-0.764444444444444
-0.762222222222222
-0.7577777777777773
-0.764444444444444
-0.7233333333333332
-0.7722222222222217
-0.7566666666666662
-0.7622222222222215
-0.7811111111111105
-0.7744444444444437
-0.7822222222222218
-0.7566666666666663
-0.7611111111111106
-0.7644444444444441
-0.7911111111111101
-0.7733333333333325
-0.7499999999999994
-0.7855555555555549
-0.7744444444444443
-0.7455555555555547
-0.7499999999999994
-0.7766666666666662
-0.7899999999999995
-0.735555555555555
-0.7544444444444437
-0.7288888888888887
-0.7633333333333332
-0.7699999999999999
-0.7822222222222215
-0.755555555555555
-0.7722222222222215
-0.7599999999999997
-0.7455555555555552
-0.7466666666666663
-0.7599999999999995
-0.7588888888888884
-0.7588888888888887
