-0.9165656565656551
-0.9105050505050493
-0.8969696969696958
-0.89131313131313
-0.8832323232323221
-0.8965656565656556
-0.8713131313131303
-0.8735353535353524
-0.8828282828282817
-0.9076767676767667
-0.8802020202020191
-0.8953535353535342
-0.8830303030303018
-0.873939393939393
-0.9034343434343423
-0.8967676767676755
-0.8806060606060597
-0.9058585858585849
-0.9082828282828271
-0.8715151515151505
-0.9034343434343426
-0.902828282828282
-0.8886868686868682
-0.9058585858585849
-0.8909090909090903
-0.9098989898989887
-0.9147474747474734
-0.8701010101010088
-0.8981818181818172
-0.9090909090909078
-0.8961616161616153
-0.8997979797979787
-0.8905050505050491
-0.9050505050505039
-0.8894949494949488
-0.88141414141414
-0.9008080808080797
-0.873939393939393
-0.9080808080808072
-0.8907070707070693
-0.8913131313131303
-0.907272727272726
-0.89131313131313
-0.8965656565656553
-0.8991919191919182
-0.8878787878787869
-0.873333333333332
-0.8983838383838372
-0.9036363636363625
-0.9022222222222214
-0.9066666666666657
-0.8898989898989886
-0.888080808080807
-0.8919191919191908
-0.9052525252525241
-0.908888888888888
-0.8975757575757564
-0.8729292929292918
-0.8793939393939386
-0.9020202020202007
-0.896969696969696
-0.9113131313131301
-0.9036363636363626
-0.9036363636363626
-0.8844444444444433
-0.8870707070707063
-0.9048484848484837
-0.9101010101010094
-0.8995959595959584
-0.8880808080808071
-0.9088888888888879
-0.8884848484848474
-0.904040404040403
-0.8979797979797965
-0.8876767676767672
-0.8888888888888878
-0.8636363636363628
-0.9086868686868674
-0.8820202020202011
-0.8995959595959583
-0.8844444444444435
-0.8898989898989889
-0.8864646464646457
-0.9044444444444434
-0.9052525252525243
-0.8965656565656556
-0.9125252525252515
-0.8933333333333322
-0.8816161616161607
-0.894343434343433
-0.8939393939393928
-0.8983838383838376
-0.8919191919191909
-0.8812121212121199
-0.8898989898989886
-0.9064646464646458
-0.8959595959595951
-0.898181818181817
-0.9175757575757566
-0.8939393939393928
-0.8965656565656561
-0.8993939393939384
-0.9270707070707059
-0.8909090909090899
-0.9042424242424236
-0.8684848484848472
-0.8943434343434334
-0.8951515151515145
-0.8816161616161609
-0.894949494949494
-0.9092929292929283
-0.9026262626262616
-0.8779797979797972
-0.8707070707070699
-0.8991919191919177
-0.9084848484848475
-0.9004040404040393
-0.8878787878787868
-0.8991919191919182
-0.9048484848484837
-0.8985858585858576
-0.9026262626262612
-0.8965656565656557
-0.8917171717171704
-0.8929292929292918
-0.9151515151515143
-0.8856565656565647
-0.8884848484848475
-0.8806060606060598
-0.9018181818181811
-0.9167676767676757
-0.8995959595959586
-0.9153535353535343
-0.9030303030303022
-0.883838383838383
-0.9046464646464636
-0.8949494949494937
-0.902020202020201
-0.8919191919191906
-0.9189898989898978
-0.888282828282827
-0.8961616161616152
-0.9135353535353524
-0.8927272727272714
-0.8779797979797967
-0.8808080808080793
-0.904040404040403
-0.8812121212121201
-0.8977777777777766
-0.8977777777777768
-0.9056565656565642
-0.8931313131313122
-0.9028282828282815
-0.9165656565656555
-0.9062626262626253
-0.8911111111111101
-0.888080808080807
-0.9060606060606049
-0.8888888888888878
-0.893939393939393
-0.9056565656565647
-0.8959595959595945
-0.8848484848484837
-0.8856565656565647
-0.8975757575757561
-0.8951515151515139
-0.899999999999999
-0.9008080808080797
-0.8983838383838371
-0.9094949494949482
-0.8971717171717162
-0.898989898989898
-0.8963636363636355
-0.9129292929292918
-0.9008080808080798
-0.8991919191919184
-0.8917171717171707
-0.9088888888888876
-0.8931313131313118
-0.8884848484848472
-0.8911111111111103
-0.8870707070707056
-0.9060606060606051
-0.9040404040404029
-0.9090909090909078
-0.897777777777777
-0.8793939393939381
-0.889494949494948
-0.9082828282828274
-0.8846464646464632
-0.8931313131313118
-0.9080808080808068
