-0.7303030303030298
-0.7658585858585851
-0.7585858585858579
-0.7062626262626257
-0.6947474747474744
-0.7404040404040396
-0.7303030303030299
-0.7141414141414137
-0.7660606060606054
-0.7755555555555548
-0.7593939393939388
-0.749494949494949
-0.7161616161616154
-0.7242424242424239
-0.7258585858585856
-0.7430303030303028
-0.7561616161616158
-0.7230303030303024
-0.7775757575757569
-0.7202020202020192
-0.731313131313131
-0.773737373737373
-0.7381818181818178
-0.6759595959595964
-0.6892929292929293
-0.7004040404040407
-0.7220202020202015
-0.7296969696969691
-0.721414141414141
-0.7416161616161614
-0.6933333333333327
-0.7296969696969697
-0.7696969696969687
-0.7028282828282824
-0.730909090909091
-0.7309090909090903
-0.7216161616161614
-0.7610101010101006
-0.7573737373737367
-0.7682828282828277
-0.7218181818181819
-0.7098989898989895
-0.7262626262626258
-0.7238383838383832
-0.796565656565656
-0.7345454545454542
-0.6923232323232317
-0.7173737373737374
-0.7317171717171708
-0.7404040404040396
-0.699191919191919
-0.777777777777777
-0.7575757575757569
-0.7105050505050504
-0.7298989898989894
-0.7321212121212121
-0.7640404040404036
-0.7561616161616163
-0.7414141414141406
-0.7668686868686863
-0.7731313131313127
-0.7739393939393936
-0.7044444444444441
-0.7523232323232321
-0.7557575757575752
-0.7519191919191915
-0.7327272727272723
-0.7218181818181815
-0.6955555555555554
-0.7369696969696966
-0.7292929292929285
-0.7608080808080805
-0.7498989898989894
-0.7238383838383836
-0.6929292929292927
-0.7466666666666663
-0.753131313131313
-0.7244444444444441
-0.736767676767676
-0.7058585858585856
-0.7458585858585852
-0.7305050505050501
-0.696161616161616
-0.767878787878787
-0.7347474747474743
-0.744646464646464
-0.7587878787878788
-0.7068686868686865
-0.714545454545454
-0.746666666666666
-0.7527272727272727
-0.7204040404040404
-0.6957575757575754
-0.7501010101010095
-0.7662626262626254
-0.7236363636363632
-0.7492929292929288
-0.708484848484848
-0.74040404040404
-0.7620202020202013
-0.7286868686868686
-0.7204040404040399
-0.7513131313131312
-0.7602020202020194
-0.7183838383838386
-0.7155555555555553
-0.7199999999999995
-0.7410101010101005
-0.7622222222222212
-0.7357575757575746
-0.755151515151515
-0.7212121212121209
-0.7177777777777773
-0.7294949494949494
-0.7694949494949487
-0.7452525252525247
-0.7501010101010096
-0.7246464646464641
-0.7208080808080807
-0.7286868686868686
-0.725252525252525
-0.7258585858585853
-0.7311111111111103
-0.6933333333333335
-0.7224242424242417
-0.711111111111111
-0.7791919191919183
-0.7115151515151509
-0.6995959595959597
-0.7195959595959592
-0.7577777777777773
-0.7462626262626257
-0.6935353535353531
-0.7664646464646456
-0.7555555555555549
-0.6935353535353532
-0.764646464646464
-0.7214141414141416
-0.7525252525252523
-0.7365656565656563
-0.7424242424242419
-0.7103030303030299
-0.7412121212121211
-0.7456565656565654
-0.737575757575757
-0.7486868686868683
-0.7353535353535349
-0.6925252525252522
-0.7397979797979797
-0.7393939393939389
-0.7191919191919186
-0.7250505050505045
-0.7864646464646456
-0.7208080808080802
-0.7171717171717169
-0.7286868686868686
-0.7189898989898986
-0.7589898989898984
-0.7117171717171716
-0.7729292929292925
-0.7387878787878784
-0.756363636363636
-0.736565656565656
-0.7290909090909089
-0.749090909090909
-0.7145454545454542
-0.7507070707070698
-0.7795959595959591
-0.7751515151515144
-0.7844444444444436
-0.7307070707070701
-0.713535353535353
-0.7379797979797978
-0.7503030303030298
-0.7424242424242423
-0.7131313131313124
-0.7238383838383831
-0.7612121212121202
-0.7535353535353533
-0.7236363636363631
-0.7450505050505047
-0.7505050505050501
-0.7226262626262622
-0.7181818181818175
-0.6723232323232318
-0.7456565656565651
-0.775959595959595
-0.7519191919191915
-0.7195959595959593
-0.7652525252525247
-0.729494949494949
-0.713535353535353
