-0.43575757575757584
-0.4305050505050502
-0.37454545454545446
-0.3113131313131313
-0.4042424242424241
-0.269090909090909
-0.24202020202020202
-0.3210101010101011
-0.3070707070707071
-0.3676767676767675
-0.33232323232323235
-0.3470707070707071
-0.34444444444444416
-0.3680808080808082
-0.3264646464646463
-0.21595959595959593
-0.40929292929292926
-0.38525252525252524
-0.4365656565656565
-0.4054545454545456
-0.2705050505050504
-0.36020202020202
-0.3103030303030302
-0.37656565656565666
-0.338989898989899
-0.30727272727272725
-0.4305050505050505
-0.2787878787878789
-0.32101010101010125
-0.36686868686868696
-0.27171717171717186
-0.4068686868686868
-0.37575757575757596
-0.3597979797979797
-0.36484848484848476
-0.3149494949494951
-0.38989898989898975
-0.3587878787878788
-0.32949494949494945
-0.2391919191919192
-0.4094949494949496
-0.42383838383838385
-0.29878787878787905
-0.3335353535353533
-0.36888888888888877
-0.33010101010101006
-0.3945454545454547
-0.369090909090909
-0.3167676767676767
-0.3816161616161617
-0.30525252525252533
-0.3373737373737373
-0.32666666666666677
-0.40767676767676764
-0.3054545454545455
-0.36101010101010095
-0.39414141414141424
-0.39272727272727287
-0.36808080808080806
-0.35818181818181816
-0.2923232323232323
-0.3345454545454547
-0.2971717171717171
-0.3113131313131313
-0.4587878787878786
-0.2426262626262627
-0.36363636363636376
-0.3412121212121212
-0.2923232323232323
-0.3953535353535352
-0.27171717171717175
-0.35636363636363627
-0.27999999999999997
-0.27292929292929297
-0.3636363636363637
-0.3961616161616162
-0.34141414141414145
-0.28101010101010104
-0.343030303030303
-0.44767676767676734
-0.17676767676767688
-0.36202020202020213
-0.2761616161616162
-0.3474747474747478
-0.3444444444444445
-0.31151515151515163
-0.3810101010101009
-0.4147474747474749
-0.3474747474747477
-0.25717171717171716
-0.4494949494949494
-0.4018181818181819
-0.3195959595959597
-0.3224242424242425
-0.27717171717171724
-0.40383838383838394
-0.3513131313131312
-0.24060606060606063
-0.3713131313131314
-0.3234343434343435
-0.34
-0.4111111111111114
-0.21494949494949508
-0.2834343434343433
-0.33696969696969714
-0.33111111111111113
-0.2517171717171719
-0.3238383838383838
-0.37696969696969695
-0.34888888888888897
-0.3890909090909092
-0.2583838383838383
-0.33939393939393925
-0.30282828282828284
-0.4147474747474745
-0.3086868686868687
-0.25797979797979803
-0.30565656565656557
-0.2874747474747474
-0.33131313131313134
-0.4117171717171718
-0.3444444444444444
-0.34
-0.32181818181818184
-0.2921212121212121
-0.2953535353535355
-0.310707070707071
-0.2597979797979798
-0.3505050505050506
-0.2654545454545454
-0.3711111111111114
-0.30424242424242426
-0.36080808080808086
-0.3604040404040406
-0.4301010101010103
-0.3385858585858584
-0.3167676767676767
-0.385858585858586
-0.2844444444444445
-0.31737373737373753
-0.3727272727272728
-0.2141414141414143
-0.24303030303030312
-0.32404040404040396
-0.37959595959595954
-0.2646464646464647
-0.3872727272727273
-0.34484848484848457
-0.4147474747474746
-0.2848484848484849
-0.29696969696969705
-0.2735353535353534
-0.37171717171717183
-0.2682828282828283
-0.3238383838383839
-0.278787878787879
-0.294949494949495
-0.3115151515151513
-0.2806060606060607
-0.32060606060606056
-0.3626262626262627
-0.30585858585858583
-0.3284848484848486
-0.4056565656565659
-0.3305050505050506
-0.25212121212121197
-0.3814141414141414
-0.2646464646464646
-0.3468686868686869
-0.3939393939393938
-0.3228282828282828
-0.3795959595959597
-0.3216161616161617
-0.29313131313131313
-0.3301010101010099
-0.3747474747474747
-0.39616161616161616
-0.30020202020202014
-0.37393939393939407
-0.2874747474747475
-0.3709090909090908
-0.3804040404040403
-0.3343434343434344
-0.2715151515151516
-0.3391919191919193
-0.2824242424242424
-0.3202020202020203
-0.35292929292929287
-0.27010101010100984
-0.37010101010101004
-0.36262626262626263
-0.3185858585858588
