-0.1117171717171716
-0.17616161616161616
-0.05656565656565656
-0.19898989898989902
-0.06262626262626264
-0.03858585858585857
-0.10424242424242429
-0.09252525252525252
-0.1668686868686868
-0.1464646464646465
-0.10606060606060605
-0.13797979797979804
-0.10383838383838384
-0.10262626262626272
-0.18525252525252522
-0.05050505050505049
-0.09333333333333334
-0.1767676767676767
-0.20585858585858577
-0.22606060606060605
-0.18686868686868688
-0.03737373737373735
-0.09858585858585857
-0.17393939393939398
-0.10888888888888891
-0.045858585858585835
0.012323232323232326
-0.06424242424242425
-0.1004040404040404
-0.18262626262626258
-0.07838383838383839
-0.14020202020202024
-0.14080808080808088
-0.15656565656565657
-0.1260606060606061
-0.12181818181818184
-0.09151515151515155
-0.09838383838383838
-0.12181818181818184
-0.12929292929292915
-0.15595959595959588
-0.19656565656565664
-0.060808080808080804
0.0068686868686868505
-0.10343434343434339
-0.19616161616161612
-0.17656565656565662
-0.18787878787878776
-0.11111111111111109
-0.17656565656565648
-0.10242424242424238
-0.19414141414141417
-0.13232323232323237
-0.14888888888888888
-0.10181818181818186
-0.19676767676767676
-0.12808080808080805
-0.15939393939393937
-0.20565656565656573
-0.17292929292929296
-0.1531313131313131
-0.13111111111111112
-0.038989898989899
-0.1672727272727274
-0.09959595959595957
-0.19878787878787885
-0.14767676767676766
-0.15676767676767675
-0.10424242424242423
-0.18929292929292924
-0.12969696969696973
-0.1688888888888889
-0.14080808080808083
-0.1945454545454547
-0.13494949494949496
-0.17494949494949502
-0.13777777777777783
-0.005656565656565651
-0.08484848484848487
-0.061212121212121225
-0.15737373737373742
-0.10303030303030303
-0.08949494949494952
-0.032323232323232316
-0.16888888888888887
-0.14080808080808077
-0.1365656565656565
-0.11878787878787875
-0.09131313131313125
-0.2034343434343435
-0.06484848484848485
-0.13717171717171722
-0.1511111111111111
-0.1894949494949495
-0.08808080808080809
-0.030909090909090917
-0.20323232323232326
-0.12606060606060598
-0.18060606060606063
-0.18747474747474743
-0.1272727272727272
-0.15616161616161625
-0.14080808080808094
-0.22606060606060613
-0.1563636363636363
-0.09939393939393942
-0.0721212121212121
-0.08282828282828283
-0.08787878787878789
-0.04363636363636361
-0.17151515151515154
-0.20181818181818187
-0.13595959595959597
-0.1422222222222223
-0.22181818181818178
-0.058383838383838364
-0.24282828282828275
-0.137979797979798
-0.17010101010101017
-0.13535353535353528
-0.16282828282828282
-0.09757575757575755
-0.13959595959595958
-0.044040404040404046
-0.0901010101010101
-0.14202020202020213
-0.13010101010101005
-0.038383838383838395
-0.07252525252525252
-0.15616161616161617
-0.1828282828282829
-0.1547474747474747
-0.04383838383838382
-0.17454545454545461
-0.17030303030303037
-0.14282828282828283
-0.02303030303030302
-0.07292929292929294
-0.1917171717171716
-0.0018181818181818121
-0.0377777777777778
-0.16080808080808082
-0.15313131313131315
-0.1606060606060605
-0.1557575757575758
-0.06767676767676768
-0.1682828282828283
-0.12727272727272723
-0.16040404040404052
-0.19919191919191934
-0.003232323232323219
-0.03090909090909091
-0.20888888888888898
-0.2676767676767677
-0.1597979797979798
-0.16707070707070712
-0.127070707070707
-0.04888888888888887
-0.17717171717171726
-0.10242424242424245
-0.06444444444444444
-0.06525252525252524
-0.08484848484848485
-0.11232323232323232
-0.1692929292929293
-0.14888888888888893
-0.1541414141414142
-0.09656565656565655
-0.043838383838383815
-0.10848484848484845
-0.1638383838383838
-0.11030303030303033
-0.198989898989899
-0.08545454545454544
-0.05595959595959594
-0.10363636363636368
-0.10383838383838381
-0.16626262626262614
-0.2341414141414142
-0.07919191919191919
-0.1331313131313132
-0.09515151515151513
-0.12808080808080796
-0.11797979797979805
-0.19898989898989905
-0.1561616161616162
-0.1305050505050505
-0.12888888888888891
-0.13272727272727272
-0.19717171717171728
-0.058383838383838406
-0.14868686868686876
