-0.1616161616161616
-0.24484848484848493
-0.1806060606060606
-0.1466666666666667
-0.16383838383838387
-0.19818181818181824
-0.18161616161616168
-0.17373737373737375
-0.21959595959595962
-0.2753535353535354
-0.1751515151515151
-0.2535353535353536
-0.30848484848484864
-0.2454545454545453
-0.20242424242424245
-0.09636363636363637
-0.18969696969696986
-0.08040404040404044
-0.18686868686868693
-0.21838383838383843
-0.20727272727272714
-0.2501010101010102
-0.1317171717171717
-0.14303030303030304
-0.24424242424242418
-0.18040404040404043
-0.30080808080808097
-0.2034343434343434
-0.27171717171717175
-0.2602020202020203
-0.2072727272727273
-0.22767676767676767
-0.21353535353535363
-0.17474747474747485
-0.21434343434343442
-0.2616161616161616
-0.18121212121212119
-0.21575757575757573
-0.09292929292929292
-0.13030303030303034
-0.24848484848484859
-0.12262626262626258
-0.1915151515151515
-0.1321212121212122
-0.2208080808080808
-0.10080808080808085
-0.26020202020202016
-0.18505050505050508
-0.1666666666666667
-0.22909090909090912
-0.24949494949494952
-0.29878787878787877
-0.22484848484848485
-0.19555555555555568
-0.2082828282828284
-0.19919191919191911
-0.22404040404040415
-0.22888888888888895
-0.2416161616161618
-0.13050505050505048
-0.24727272727272726
-0.19838383838383847
-0.24424242424242432
-0.2341414141414142
-0.13010101010101008
-0.2363636363636363
-0.2468686868686868
-0.11898989898989894
-0.23595959595959598
-0.19474747474747472
-0.1842424242424242
-0.2616161616161615
-0.2761616161616162
-0.2351515151515152
-0.17979797979797973
-0.21555555555555547
-0.17050505050505052
-0.16525252525252532
-0.23353535353535362
-0.264040404040404
-0.27333333333333326
-0.12989898989898976
-0.29454545454545467
-0.22282828282828285
-0.1577777777777778
-0.17434343434343438
-0.23292929292929287
-0.13373737373737374
-0.18262626262626264
-0.18909090909090914
-0.1715151515151516
-0.2686868686868687
-0.20505050505050504
-0.23353535353535346
-0.24262626262626266
-0.1127272727272728
-0.22525252525252532
-0.1733333333333333
-0.22565656565656578
-0.21818181818181814
-0.21474747474747474
-0.1981818181818182
-0.24747474747474765
-0.16363636363636364
-0.1818181818181817
-0.20989898989899
-0.22202020202020212
-0.263030303030303
-0.22141414141414145
-0.1927272727272728
-0.15252525252525256
-0.2711111111111112
-0.16484848484848474
-0.19313131313131315
-0.21090909090909085
-0.17636363636363644
-0.24929292929292923
-0.12323232323232323
-0.21454545454545457
-0.19232323232323237
-0.24707070707070714
-0.22323232323232323
-0.15535353535353522
-0.24666666666666662
-0.2008080808080809
-0.25232323232323245
-0.11797979797979805
-0.18222222222222229
-0.11010101010101016
-0.24626262626262635
-0.16020202020202032
-0.22505050505050495
-0.22161616161616177
-0.247878787878788
-0.20464646464646466
-0.11616161616161612
-0.16909090909090901
-0.10666666666666667
-0.175959595959596
-0.18787878787878792
-0.26080808080808093
-0.22909090909090907
-0.17656565656565662
-0.254949494949495
-0.22848484848484843
-0.2101010101010101
-0.341818181818182
-0.2179797979797979
-0.25878787878787873
-0.15919191919191925
-0.1816161616161616
-0.11979797979797975
-0.21737373737373744
-0.16121212121212128
-0.25111111111111123
-0.2478787878787878
-0.12949494949494952
-0.2856565656565656
-0.24121212121212124
-0.14484848484848484
-0.26222222222222236
-0.08363636363636362
-0.18909090909090903
-0.22666666666666666
-0.1155555555555555
-0.20646464646464643
-0.1997979797979799
-0.18141414141414147
-0.27797979797979805
-0.26262626262626254
-0.14929292929292928
-0.19030303030303036
-0.10969696969696968
-0.24424242424242407
-0.23636363636363641
-0.14989898989898995
-0.22525252525252526
-0.14808080808080806
-0.14686868686868693
-0.21515151515151526
-0.0642424242424243
-0.1840404040404041
-0.1909090909090909
-0.18828282828282836
-0.2707070707070706
-0.234141414141414
-0.22969696969696984
-0.14767676767676777
-0.21535353535353546
-0.2602020202020203
-0.25474747474747467
-0.2523232323232324
