0.4719191919191919
0.4905050505050507
0.37999999999999995
0.4816161616161613
0.43818181818181806
0.4525252525252524
0.38121212121212117
0.43555555555555553
0.35434343434343435
0.5234343434343429
0.36909090909090925
0.43353535353535344
0.4511111111111111
0.45737373737373693
0.3775757575757577
0.4357575757575756
0.481818181818182
0.4084848484848484
0.44888888888888895
0.4503030303030299
0.421212121212121
0.4664646464646465
0.46161616161616176
0.37555555555555564
0.46323232323232316
0.44101010101010085
0.4347474747474746
0.373939393939394
0.4870707070707067
0.4709090909090907
0.48020202020202
0.3856565656565659
0.4901010101010098
0.4266666666666664
0.37191919191919176
0.5078787878787876
0.5094949494949493
0.4121212121212122
0.41939393939393954
0.4967676767676767
0.39676767676767655
0.46505050505050494
0.47656565656565664
0.4109090909090908
0.4208080808080808
0.5214141414141416
0.4313131313131314
0.45373737373737366
0.43717171717171727
0.4496969696969695
0.41090909090909095
0.5333333333333331
0.48282828282828283
0.4830303030303029
0.4896969696969697
0.5034343434343432
0.44909090909090915
0.48545454545454525
0.40383838383838366
0.4278787878787879
0.48848484848484813
0.47898989898989913
0.45696969696969686
0.47232323232323237
0.5094949494949493
0.42909090909090886
0.5276767676767674
0.4428282828282826
0.4305050505050505
0.37939393939393945
0.4747474747474747
0.4674747474747471
0.5242424242424242
0.4658585858585855
0.4626262626262627
0.5147474747474748
0.5341414141414136
0.47232323232323237
0.39818181818181814
0.37575757575757585
0.46646464646464636
0.42181818181818165
0.4773737373737374
0.4723232323232319
0.3406060606060606
0.41777777777777786
0.430909090909091
0.45777777777777773
0.41515151515151494
0.40888888888888897
0.4991919191919191
0.41353535353535364
0.42363636363636364
0.44484848484848477
0.48565656565656573
0.4583838383838387
0.36020202020202013
0.4646464646464647
0.4678787878787879
0.5014141414141412
0.4286868686868687
0.49676767676767686
0.4937373737373736
0.4458585858585856
0.5240404040404036
0.47050505050505054
0.4416161616161617
0.4751515151515151
0.43737373737373747
0.4626262626262626
0.5139393939393941
0.554949494949495
0.4983838383838383
0.447070707070707
0.5153535353535352
0.45878787878787847
0.41636363636363627
0.4210101010101011
0.48121212121212115
0.42787878787878775
0.4866666666666663
0.4862626262626262
0.43919191919191936
0.5359595959595957
0.4753535353535353
0.5769696969696964
0.5280808080808082
0.4854545454545454
0.36828282828282827
0.49171717171717166
0.5048484848484847
0.4688888888888887
0.44343434343434324
0.42363636363636353
0.5210101010101014
0.46909090909090917
0.4599999999999999
0.3656565656565656
0.5551515151515147
0.49999999999999983
0.4349494949494951
0.5113131313131314
0.4739393939393939
0.5123232323232322
0.4763636363636364
0.4824242424242422
0.42929292929292906
0.5224242424242423
0.3367676767676766
0.5187878787878788
0.44343434343434335
0.5032323232323234
0.4933333333333331
0.5024242424242424
0.428080808080808
0.4593939393939396
0.4143434343434343
0.4783838383838384
0.5012121212121211
0.518181818181818
0.4595959595959595
0.47050505050505054
0.462222222222222
0.4973737373737374
0.497575757575758
0.3824242424242423
0.4397979797979799
0.5333333333333331
0.47898989898989897
0.3866666666666665
0.46909090909090917
0.4222222222222223
0.37797979797979797
0.4644444444444445
0.39838383838383845
0.5060606060606057
0.49434343434343425
0.512121212121212
0.3979797979797981
0.47555555555555534
0.4191919191919191
0.48343434343434355
0.4751515151515152
0.44585858585858584
0.4795959595959596
0.4252525252525252
0.40727272727272723
0.4771717171717176
0.42404040404040394
0.4634343434343434
0.5036363636363635
0.42262626262626257
