0.3474747474747474
0.32505050505050526
0.32484848484848483
0.39353535353535346
0.3432323232323232
0.2672727272727273
0.32666666666666655
0.36666666666666653
0.3195959595959595
0.23151515151515162
0.20444444444444446
0.25656565656565655
0.32484848484848483
0.3959595959595959
0.3232323232323232
0.2937373737373737
0.304040404040404
0.28727272727272724
0.19090909090909092
0.27979797979797977
0.38202020202020215
0.3234343434343434
0.3367676767676767
0.39434343434343433
0.2913131313131313
0.28404040404040404
0.19454545454545452
0.3448484848484849
0.2850505050505051
0.2745454545454545
0.348888888888889
0.3070707070707071
0.28848484848484846
0.2880808080808081
0.23454545454545453
0.26222222222222236
0.21353535353535358
0.34989898989899
0.22484848484848488
0.3262626262626262
0.3159595959595959
0.29919191919191923
0.22080808080808068
0.2460606060606061
0.26686868686868676
0.3137373737373736
0.2795959595959598
0.13575757575757577
0.26929292929292925
0.33515151515151526
0.3535353535353534
0.3686868686868686
0.22767676767676756
0.3349494949494951
0.2296969696969696
0.26141414141414143
0.19151515151515164
0.24464646464646464
0.3266666666666667
0.35171717171717165
0.29292929292929293
0.3260606060606063
0.2098989898989899
0.25515151515151513
0.2832323232323232
0.30202020202020224
0.2642424242424241
0.2907070707070705
0.20525252525252533
0.30767676767676755
0.24080808080808083
0.26868686868686853
0.3135353535353536
0.38202020202020215
0.35878787878787877
0.18363636363636365
0.2953535353535353
0.22707070707070698
0.25939393939393945
0.2490909090909091
0.2698989898989901
0.43111111111111133
0.37454545454545457
0.40848484848484845
0.3163636363636364
0.31090909090909086
0.2668686868686869
0.2775757575757575
0.28565656565656583
0.36989898989899006
0.21272727272727285
0.38626262626262614
0.2501010101010101
0.29212121212121217
0.24767676767676775
0.262020202020202
0.27838383838383823
0.32585858585858585
0.21717171717171713
0.22282828282828285
0.4250505050505052
0.2882828282828284
0.30282828282828284
0.3620202020202021
0.3507070707070708
0.3834343434343437
0.28707070707070703
0.2557575757575759
0.3092929292929295
0.29171717171717165
0.3094949494949495
0.28545454545454546
0.2448484848484847
0.37555555555555553
0.2876767676767676
0.24222222222222228
0.37313131313131315
0.32969696969697
0.3301010101010102
0.15454545454545454
0.28242424242424236
0.2652525252525255
0.3397979797979797
0.3414141414141414
0.2666666666666667
0.2575757575757575
0.23454545454545447
0.3676767676767677
0.2634343434343433
0.3301010101010102
0.24424242424242418
0.23070707070707072
0.3458585858585858
0.2852525252525254
0.34303030303030313
0.28646464646464637
0.32060606060606045
0.2715151515151515
0.3066666666666665
0.2965656565656565
0.21090909090909074
0.25898989898989905
0.22080808080808093
0.286060606060606
0.27191919191919195
0.1597979797979798
0.3226262626262627
0.33454545454545453
0.3632323232323236
0.2513131313131312
0.30040404040404045
0.25898989898989894
0.3559595959595959
0.3078787878787879
0.36505050505050507
0.3096969696969698
0.2741414141414142
0.3096969696969696
0.3208080808080809
0.2903030303030302
0.3014141414141415
0.34747474747474766
0.31212121212121197
0.33313131313131294
0.2583838383838383
0.33818181818181803
0.18303030303030307
0.22545454545454557
0.32343434343434346
0.2216161616161617
0.27010101010100984
0.3139393939393941
0.31030303030303047
0.23858585858585868
0.14888888888888885
0.3004040404040404
0.32888888888888906
0.22909090909090912
0.3177777777777779
0.23171717171717168
0.2771717171717175
0.19777777777777777
0.3517171717171716
0.276161616161616
0.29272727272727267
0.262020202020202
0.2733333333333336
0.23757575757575747
0.23656565656565665
0.25373737373737354
0.2638383838383838
0.23070707070707058
