0.6765656565656561
0.7216161616161608
0.6808080808080803
0.6678787878787875
0.6888888888888884
0.7303030303030296
0.7218181818181812
0.686262626262626
0.6925252525252523
0.6858585858585855
0.7074747474747473
0.7088888888888888
0.6080808080808079
0.663030303030303
0.7121212121212114
0.676161616161616
0.7187878787878779
0.6747474747474741
0.7280808080808079
0.7294949494949492
0.6955555555555553
0.6698989898989897
0.7537373737373727
0.7032323232323228
0.6620202020202016
0.7068686868686863
0.736767676767676
0.6464646464646462
0.7351515151515142
0.6943434343434338
0.7189898989898986
0.6779797979797972
0.7260606060606053
0.7094949494949491
0.6670707070707073
0.7109090909090906
0.6834343434343433
0.7193939393939387
0.67030303030303
0.6717171717171714
0.6561616161616163
0.6983838383838381
0.6721212121212119
0.7854545454545449
0.7066666666666664
0.6282828282828281
0.7303030303030302
0.6816161616161612
0.6777777777777773
0.7266666666666662
0.7389898989898984
0.7167676767676767
0.6842424242424238
0.7216161616161612
0.6537373737373734
0.7222222222222217
0.7212121212121206
0.716767676767676
0.6583838383838383
0.7298989898989893
0.7480808080808077
0.6991919191919185
0.7393939393939394
0.6668686868686864
0.6628282828282822
0.6723232323232324
0.677373737373737
0.6509090909090901
0.6539393939393939
0.7305050505050507
0.6850505050505052
0.6810101010101006
0.675555555555555
0.7167676767676766
0.6870707070707067
0.6890909090909089
0.721616161616161
0.69030303030303
0.6757575757575757
0.6501010101010096
0.6822222222222221
0.7547474747474746
0.697171717171717
0.7064646464646456
0.697373737373737
0.6719191919191915
0.7208080808080805
0.718585858585858
0.7054545454545451
0.6864646464646463
0.7591919191919186
0.6971717171717167
0.644848484848484
0.7121212121212116
0.7430303030303026
0.6771717171717169
0.6254545454545452
0.7206060606060605
0.6795959595959592
0.6707070707070701
0.6743434343434337
0.6496969696969692
0.7016161616161608
0.6987878787878785
0.7555555555555551
0.7076767676767673
0.7155555555555547
0.7018181818181813
0.6785858585858584
0.7288888888888888
0.7076767676767673
0.6711111111111107
0.7022222222222217
0.6305050505050499
0.6488888888888887
0.6810101010101003
0.7036363636363636
0.7151515151515146
0.6886868686868682
0.6735353535353532
0.6531313131313129
0.7309090909090904
0.6967676767676765
0.687070707070707
0.7177777777777773
0.6802020202020196
0.6664646464646463
0.7288888888888888
0.721818181818181
0.6628282828282828
0.6820202020202017
0.7331313131313126
0.669292929292929
0.7002020202020196
0.7195959595959592
0.6981818181818172
0.6579797979797971
0.7169696969696964
0.6989898989898987
0.6917171717171717
0.6945454545454544
0.7240404040404038
0.6579797979797972
0.7030303030303028
0.6856565656565653
0.6969696969696965
0.672525252525252
0.6987878787878782
0.7248484848484845
0.6977777777777773
0.7303030303030302
0.6802020202020195
0.7412121212121204
0.7349494949494945
0.741414141414141
0.7145454545454542
0.6698989898989891
0.6985858585858584
0.7375757575757569
0.6824242424242422
0.6979797979797976
0.7208080808080806
0.6923232323232319
0.7159595959595954
0.6961616161616156
0.683030303030303
0.758787878787878
0.6573737373737369
0.6937373737373734
0.6610101010101009
0.6793939393939387
0.679393939393939
0.7466666666666657
0.664040404040404
0.6696969696969696
0.721616161616161
0.6957575757575756
0.7026262626262619
0.6482828282828282
0.7072727272727273
0.6943434343434338
0.6892929292929286
0.703838383838384
0.7090909090909087
0.6680808080808075
0.7202020202020196
0.6745454545454546
0.6983838383838381
0.7349494949494947
0.6852525252525248
0.684242424242424
0.7204040404040403
