0.8058585858585853
0.8422222222222217
0.7840404040404035
0.8094949494949485
0.8195959595959588
0.838585858585858
0.8153535353535346
0.8246464646464636
0.799797979797979
0.8135353535353524
0.827474747474747
0.8319191919191912
0.7840404040404035
0.8240404040404029
0.7977777777777773
0.8074747474747468
0.8171717171717162
0.8222222222222219
0.8010101010101003
0.8230303030303024
0.8496969696969692
0.8280808080808074
0.8222222222222213
0.822020202020201
0.7866666666666663
0.8038383838383832
0.8341414141414135
0.8375757575757571
0.8080808080808075
0.8125252525252519
0.8133333333333326
0.817373737373737
0.8268686868686864
0.8183838383838374
0.7799999999999995
0.8280808080808074
0.7913131313131306
0.8169696969696961
0.8004040404040399
0.8232323232323222
0.8147474747474746
0.7713131313131307
0.7868686868686864
0.8448484848484841
0.8012121212121204
0.8280808080808072
0.8309090909090898
0.808686868686868
0.8301010101010097
0.7907070707070705
0.7656565656565651
0.8030303030303023
0.8224242424242416
0.8329292929292922
0.8244444444444436
0.8090909090909085
0.7696969696969693
0.8525252525252518
0.8133333333333326
0.8189898989898982
0.8147474747474743
0.8333333333333328
0.8222222222222219
0.7674747474747469
0.8129292929292924
0.8216161616161611
0.8048484848484844
0.8177777777777774
0.8424242424242415
0.792727272727272
0.8016161616161611
0.8395959595959585
0.8224242424242417
0.8290909090909087
0.8347474747474738
0.8260606060606055
0.8292929292929287
0.8339393939393933
0.8173737373737368
0.8191919191919185
0.8436363636363627
0.8561616161616151
0.8402020202020195
0.8125252525252522
0.7741414141414134
0.7963636363636358
0.8347474747474745
0.7973737373737367
0.8456565656565651
0.814747474747474
0.831717171717171
0.8329292929292924
0.8202020202020198
0.7763636363636355
0.8298989898989889
0.8006060606060603
0.8234343434343426
0.8111111111111104
0.8402020202020194
0.8064646464646459
0.791313131313131
0.7941414141414135
0.8375757575757571
0.8238383838383833
0.828686868686868
0.8101010101010094
0.7907070707070696
0.8276767676767669
0.8242424242424236
0.834747474747474
0.8044444444444436
0.8476767676767668
0.8139393939393931
0.8064646464646457
0.8107070707070699
0.7999999999999994
0.8242424242424238
0.8315151515151511
0.7852525252525248
0.8349494949494941
0.8359595959595953
0.8258585858585851
0.8165656565656558
0.8395959595959591
0.8478787878787871
0.8173737373737369
0.8248484848484843
0.8220202020202012
0.8298989898989895
0.7929292929292919
0.8185858585858584
0.7905050505050498
0.8127272727272722
0.8325252525252517
0.8355555555555549
0.8341414141414137
0.8341414141414133
0.8042424242424236
0.8363636363636354
0.813939393939393
0.7955555555555549
0.8020202020202016
0.7919191919191914
0.7759595959595954
0.8216161616161606
0.8109090909090907
0.858585858585858
0.7898989898989892
0.809090909090909
0.8262626262626256
0.8420202020202016
0.8193939393939383
0.8147474747474743
0.7985858585858583
0.8383838383838379
0.8276767676767672
0.8082828282828277
0.8454545454545448
0.8248484848484842
0.7979797979797971
0.8092929292929283
0.8307070707070704
0.834747474747474
0.8395959595959588
0.8282828282828278
0.8024242424242418
0.848686868686868
0.8325252525252522
0.8167676767676763
0.8258585858585853
0.8494949494949483
0.8296969696969693
0.8111111111111106
0.8272727272727264
0.807676767676767
0.8377777777777771
0.8171717171717165
0.8408080808080797
0.8177777777777772
0.8246464646464641
0.796161616161616
0.8420202020202014
0.8244444444444436
0.8034343434343428
0.7997979797979793
0.8113131313131311
0.8484848484848477
0.8082828282828277
0.8260606060606058
0.8066666666666663
0.8620202020202014
0.8115151515151507
