0.9648484848484844
0.9666666666666661
0.9682828282828277
0.9549494949494947
0.9438383838383831
0.9739393939393935
0.9676767676767671
0.9575757575757567
0.9725252525252519
0.9569696969696967
0.9587878787878784
0.9505050505050496
0.9632323232323228
0.9541414141414136
0.9599999999999996
0.9561616161616159
0.9660606060606055
0.959797979797979
0.9626262626262622
0.965252525252525
0.9583838383838378
0.9628282828282824
0.9662626262626257
0.9648484848484842
0.9618181818181814
0.9632323232323228
0.9711111111111105
0.9565656565656561
0.9626262626262623
0.96060606060606
0.9583838383838378
0.9674747474747469
0.964444444444444
0.9565656565656561
0.9519191919191913
0.968484848484848
0.9460606060606055
0.9688888888888886
0.9620202020202016
0.9628282828282824
0.9658585858585854
0.965454545454545
0.9662626262626258
0.9715151515151509
0.9602020202020196
0.9622222222222218
0.9666666666666661
0.9723232323232319
0.9470707070707063
0.9656565656565652
0.9539393939393932
0.9573737373737368
0.9587878787878782
0.9531313131313124
0.9458585858585856
0.965454545454545
0.9553535353535351
0.9602020202020196
0.958585858585858
0.9543434343434336
0.9662626262626258
0.954545454545454
0.9692929292929288
0.9549494949494944
0.9666666666666661
0.9705050505050501
0.961414141414141
0.9571717171717167
0.9684848484848477
0.9474747474747467
0.9519191919191915
0.9494949494949488
0.9488888888888883
0.9503030303030296
0.9551515151515146
0.9565656565656561
0.9501010101010097
0.9610101010101006
0.9597979797979794
0.9743434343434342
0.9618181818181815
0.9589898989898986
0.9656565656565652
0.9501010101010097
0.9620202020202016
0.9567676767676763
0.961414141414141
0.9585858585858582
0.944444444444444
0.9585858585858582
0.9676767676767675
0.9626262626262622
0.9676767676767671
0.9523232323232316
0.9715151515151512
0.9573737373737368
0.9642424242424238
0.9537373737373732
0.9654545454545449
0.9555555555555548
0.9533333333333328
0.9632323232323228
0.9416161616161607
0.9599999999999996
0.9745454545454542
0.9517171717171713
0.9610101010101004
0.9519191919191913
0.9656565656565652
0.9630303030303023
0.9571717171717166
0.9642424242424236
0.9515151515151511
0.9577777777777772
0.963434343434343
0.9616161616161611
0.9563636363636359
0.9478787878787872
0.9698989898989893
0.9618181818181814
0.9670707070707067
0.9523232323232319
0.9547474747474742
0.9573737373737368
0.959595959595959
0.9626262626262623
0.9632323232323223
0.9739393939393935
0.9640404040404036
0.9527272727272723
0.9452525252525248
0.954747474747474
0.9519191919191915
0.9579797979797974
0.9442424242424238
0.9383838383838381
0.9694949494949492
0.9656565656565649
0.9589898989898987
0.9666666666666663
0.9527272727272721
0.9642424242424238
0.9612121212121209
0.9597979797979792
0.9472727272727265
0.9636363636363634
0.9624242424242421
0.9509090909090905
0.9585858585858582
0.9602020202020198
0.9741414141414138
0.9466666666666663
0.9595959595959592
0.9543434343434338
0.955757575757575
0.9694949494949492
0.9422222222222217
0.9391919191919188
0.9587878787878784
0.9711111111111108
0.9589898989898984
0.9608080808080802
0.9458585858585855
0.9620202020202016
0.9456565656565652
0.9616161616161611
0.9713131313131307
0.9462626262626257
0.9670707070707065
0.9559595959595955
0.9531313131313126
0.9678787878787871
0.9454545454545449
0.96060606060606
0.9591919191919188
0.9591919191919188
0.9622222222222218
0.96040404040404
0.9579797979797974
0.9573737373737369
0.9585858585858582
0.968282828282828
0.955555555555555
0.968484848484848
0.9692929292929288
0.9575757575757571
0.9553535353535346
0.962424242424242
0.9680808080808078
0.9602020202020196
0.9676767676767675
0.969494949494949
