0.9985858585858586
0.9983838383838384
0.9973737373737372
0.997171717171717
0.9973737373737372
0.9969696969696968
0.9977777777777778
0.9977777777777778
0.9969696969696968
0.9975757575757576
0.9983838383838384
0.9985858585858586
0.997979797979798
0.9973737373737372
0.9985858585858586
0.997979797979798
0.9993939393939394
0.9993939393939394
0.9991919191919192
0.9973737373737372
0.9983838383838384
0.9975757575757576
0.9957575757575756
0.9933333333333333
0.9967676767676766
0.9995959595959596
0.9975757575757576
0.9983838383838384
0.9973737373737372
0.9963636363636362
0.997979797979798
0.9977777777777778
0.9993939393939394
0.9987878787878788
0.9981818181818182
0.9965656565656564
0.996161616161616
0.9981818181818182
0.9977777777777778
0.997979797979798
0.9973737373737372
0.997171717171717
0.9985858585858586
0.9967676767676766
0.998989898989899
0.9987878787878788
0.9945454545454544
0.997979797979798
0.998989898989899
0.9981818181818182
0.9977777777777778
0.9991919191919192
0.9955555555555554
0.998989898989899
0.9985858585858586
0.9981818181818182
0.9997979797979798
0.9987878787878788
0.9957575757575756
0.9957575757575756
0.9985858585858586
0.9963636363636362
0.9981818181818182
0.9973737373737372
0.9975757575757576
0.9947474747474746
0.9995959595959596
0.9973737373737372
0.9991919191919192
0.9983838383838384
0.9975757575757576
0.9991919191919192
0.9985858585858586
0.9995959595959596
0.9985858585858586
0.994141414141414
0.997979797979798
0.9977777777777778
0.9969696969696968
0.9991919191919192
0.9991919191919192
1.0
0.9985858585858586
0.9991919191919192
0.9983838383838384
0.997979797979798
0.9973737373737372
0.9985858585858586
0.998989898989899
0.9975757575757576
0.997979797979798
0.997171717171717
0.9953535353535354
0.9981818181818182
0.997979797979798
0.9995959595959596
0.9981818181818182
0.997979797979798
0.997979797979798
0.997979797979798
0.9987878787878788
0.997979797979798
0.9955555555555554
0.9987878787878788
0.997979797979798
0.9987878787878788
0.9987878787878788
0.9983838383838384
0.9987878787878788
0.9965656565656564
0.9977777777777778
0.9967676767676766
0.997171717171717
0.997979797979798
0.9985858585858586
0.9985858585858586
0.9987878787878788
0.9987878787878788
0.9987878787878788
0.998989898989899
0.9985858585858586
0.9985858585858586
0.9991919191919192
0.9995959595959596
0.9933333333333333
0.9955555555555554
0.9987878787878788
0.9983838383838384
0.9985858585858586
0.9981818181818182
1.0
0.9973737373737372
0.998989898989899
0.9987878787878788
0.9981818181818182
0.9975757575757576
0.997979797979798
0.9965656565656564
0.9981818181818182
0.997979797979798
0.9987878787878788
0.9995959595959596
0.9987878787878788
0.9977777777777778
0.9983838383838384
0.998989898989899
0.9991919191919192
0.9981818181818182
0.9985858585858586
0.9967676767676766
0.9973737373737372
0.9977777777777778
0.9963636363636362
0.9957575757575756
0.998989898989899
0.9993939393939394
0.9967676767676766
0.9981818181818182
0.9987878787878788
0.996161616161616
0.9981818181818182
0.9975757575757576
0.9965656565656564
0.995151515151515
0.9967676767676766
0.998989898989899
0.9985858585858586
0.9993939393939394
0.996161616161616
0.9973737373737372
0.9983838383838384
0.997979797979798
0.998989898989899
0.9977777777777778
0.9985858585858586
0.9959595959595958
0.9985858585858586
0.9977777777777778
0.9995959595959596
0.994949494949495
0.998989898989899
0.9995959595959596
0.998989898989899
0.9977777777777778
0.997979797979798
0.9977777777777778
0.998989898989899
0.9977777777777778
0.9983838383838384
0.9977777777777778
0.997171717171717
0.9973737373737372
