0.9997979797979798
0.9983838383838384
1.0
0.9991919191919192
1.0
0.9987878787878788
0.9993939393939394
0.9995959595959596
1.0
0.9993939393939394
1.0
0.9997979797979798
1.0
0.9997979797979798
0.9995959595959596
0.9991919191919192
1.0
0.9993939393939394
1.0
1.0
0.9995959595959596
0.9997979797979798
0.9991919191919192
0.9995959595959596
0.9997979797979798
1.0
0.9991919191919192
0.9981818181818182
0.9993939393939394
0.9993939393939394
0.9997979797979798
0.9997979797979798
0.9997979797979798
1.0
0.9987878787878788
0.9997979797979798
0.9997979797979798
0.9991919191919192
0.998989898989899
1.0
0.9993939393939394
0.9985858585858586
0.9997979797979798
0.9997979797979798
0.9997979797979798
1.0
0.9997979797979798
1.0
0.9991919191919192
0.9993939393939394
1.0
1.0
0.9987878787878788
0.9997979797979798
0.9997979797979798
1.0
0.9995959595959596
0.9993939393939394
0.9995959595959596
0.9997979797979798
0.9993939393939394
1.0
1.0
1.0
1.0
1.0
1.0
0.9985858585858586
0.9995959595959596
1.0
0.9997979797979798
0.9993939393939394
0.9995959595959596
1.0
0.9995959595959596
0.9995959595959596
0.998989898989899
1.0
0.9993939393939394
0.9991919191919192
0.9983838383838384
0.9997979797979798
0.9995959595959596
0.9997979797979798
0.9997979797979798
0.9995959595959596
0.998989898989899
0.9995959595959596
0.9993939393939394
0.9997979797979798
0.9991919191919192
0.9991919191919192
0.9995959595959596
0.9987878787878788
0.9993939393939394
0.9985858585858586
0.9973737373737372
1.0
1.0
0.9997979797979798
0.9993939393939394
0.9995959595959596
0.9997979797979798
0.9995959595959596
1.0
0.9997979797979798
1.0
0.9997979797979798
0.9997979797979798
0.9997979797979798
0.9993939393939394
1.0
0.9995959595959596
0.9991919191919192
1.0
0.9993939393939394
0.9995959595959596
1.0
0.997979797979798
0.9975757575757576
0.9995959595959596
0.9997979797979798
0.9997979797979798
1.0
0.9995959595959596
0.9993939393939394
1.0
0.9995959595959596
0.9993939393939394
0.9973737373737372
1.0
0.9991919191919192
1.0
0.9995959595959596
1.0
0.9995959595959596
0.9993939393939394
0.9995959595959596
0.9991919191919192
0.9997979797979798
0.9993939393939394
1.0
1.0
0.9993939393939394
0.998989898989899
0.9983838383838384
0.997979797979798
1.0
0.9987878787878788
0.9997979797979798
1.0
0.9997979797979798
0.9993939393939394
0.9985858585858586
0.9983838383838384
0.9991919191919192
1.0
0.9997979797979798
0.998989898989899
0.9997979797979798
1.0
0.9997979797979798
1.0
0.9997979797979798
0.9997979797979798
0.9993939393939394
0.9993939393939394
0.9995959595959596
0.9995959595959596
0.997171717171717
0.9993939393939394
1.0
0.9985858585858586
0.9995959595959596
0.9991919191919192
1.0
0.9993939393939394
1.0
0.9983838383838384
0.9987878787878788
0.998989898989899
0.9993939393939394
1.0
1.0
0.9995959595959596
0.9997979797979798
1.0
0.9985858585858586
0.9995959595959596
0.9983838383838384
0.9995959595959596
0.9997979797979798
