-0.8911111111111103
-0.8905555555555553
-0.8783333333333329
-0.8944444444444436
-0.8922222222222213
-0.8788888888888884
-0.8899999999999991
-0.8972222222222215
-0.8822222222222212
-0.8999999999999995
-0.8927777777777767
-0.899999999999999
-0.8788888888888884
-0.8811111111111104
-0.8627777777777772
-0.8916666666666657
-0.8733333333333326
-0.8833333333333327
-0.8827777777777771
-0.8872222222222212
-0.884444444444444
-0.8566666666666657
-0.885555555555555
-0.8816666666666662
-0.8799999999999997
-0.8761111111111102
-0.8805555555555551
-0.8661111111111103
-0.8916666666666662
-0.8927777777777774
-0.8972222222222211
-0.856666666666666
-0.9088888888888882
-0.8777777777777771
-0.8983333333333329
-0.8716666666666658
-0.8761111111111104
-0.8994444444444434
-0.9049999999999992
-0.9011111111111102
-0.9022222222222211
-0.8977777777777773
-0.8727777777777774
-0.924999999999999
-0.8566666666666661
-0.8888888888888883
-0.8866666666666662
-0.8894444444444438
-0.8966666666666657
-0.9072222222222215
-0.8927777777777769
-0.890555555555555
-0.887777777777777
-0.8922222222222217
-0.8861111111111103
-0.9094444444444436
-0.8888888888888877
-0.9111111111111101
-0.875555555555555
-0.8811111111111107
-0.8872222222222217
-0.8905555555555543
-0.8666666666666661
-0.8861111111111102
-0.8699999999999994
-0.9055555555555547
-0.8883333333333325
-0.892777777777777
-0.8816666666666666
-0.8733333333333327
-0.9022222222222215
-0.8933333333333325
-0.8772222222222215
-0.8888888888888882
-0.8933333333333328
-0.8733333333333332
-0.8716666666666657
-0.878888888888888
-0.8922222222222216
-0.8855555555555549
-0.8716666666666661
-0.8822222222222215
-0.906666666666666
-0.8861111111111107
-0.8883333333333325
-0.8899999999999991
-0.8872222222222216
-0.8816666666666657
-0.8783333333333323
-0.8677777777777774
-0.8849999999999993
-0.8866666666666658
-0.8849999999999993
-0.872777777777777
-0.8999999999999991
-0.8827777777777771
