0.9494444444444441
0.9611111111111108
0.9555555555555553
0.9644444444444441
0.9722222222222221
0.9711111111111107
0.9699999999999998
0.9699999999999995
0.9711111111111107
0.9438888888888887
0.9566666666666664
0.973333333333333
0.9833333333333332
0.9744444444444443
0.961111111111111
0.977222222222222
0.967222222222222
0.9749999999999998
0.9616666666666667
0.9577777777777774
0.9716666666666665
0.9733333333333333
0.9677777777777776
0.9599999999999997
0.9627777777777776
0.9733333333333333
0.9611111111111108
0.9644444444444443
0.9655555555555553
0.9522222222222219
0.952222222222222
0.9566666666666666
0.9588888888888887
0.9827777777777775
0.9594444444444441
0.9483333333333331
0.9711111111111108
0.9461111111111109
0.9611111111111106
0.9661111111111108
0.9794444444444443
0.9666666666666663
0.9649999999999997
0.9611111111111108
0.9616666666666664
0.9688888888888889
0.9638888888888886
0.9711111111111111
0.9738888888888888
0.9622222222222223
0.9472222222222219
0.9588888888888889
0.9677777777777776
0.9716666666666662
0.9611111111111108
0.9555555555555553
0.974444444444444
0.9833333333333332
0.9666666666666663
0.9705555555555553
0.9549999999999996
0.9649999999999999
0.9738888888888887
0.9777777777777775
0.9699999999999998
0.9711111111111108
0.9566666666666663
0.9777777777777777
0.971111111111111
0.9827777777777775
0.9505555555555553
0.9549999999999997
0.9594444444444441
0.9777777777777775
0.9749999999999998
0.9466666666666664
0.9644444444444441
0.978333333333333
0.9605555555555553
0.9577777777777774
0.9744444444444443
0.9766666666666665
0.9694444444444443
0.9516666666666665
0.9483333333333327
0.9616666666666664
0.9727777777777774
0.976111111111111
0.9505555555555554
0.9711111111111107
0.9611111111111108
0.9633333333333332
0.9727777777777774
0.9694444444444443
0.9683333333333334
0.9699999999999999
