-0.06444444444444443
-0.02055555555555555
0.046666666666666676
-0.016111111111111128
0.011111111111111122
0.031111111111111117
-0.04555555555555557
-0.02500000000000002
-0.028888888888888888
-0.016666666666666666
-0.021666666666666678
-0.07833333333333331
-0.1172222222222223
-0.07
-0.12444444444444444
-0.01833333333333331
-0.056111111111111105
-0.10777777777777776
0.01166666666666665
0.013333333333333338
-0.0677777777777778
-0.065
-0.16333333333333339
-0.0038888888888888875
-0.010000000000000002
-0.07222222222222224
-0.10388888888888888
-0.08555555555555557
-0.059999999999999984
-0.04888888888888889
-0.1272222222222223
-0.09055555555555556
-0.10222222222222226
-0.10833333333333325
-0.07999999999999999
-0.013333333333333329
-0.0722222222222222
-0.07999999999999996
-0.09388888888888886
-0.12944444444444447
-0.1166666666666667
0.03888888888888887
-0.09111111111111107
-0.08277777777777776
-0.03277777777777778
0.01833333333333334
-0.08277777777777785
0.022222222222222223
-0.02166666666666668
-0.0877777777777778
0.1161111111111111
0.03166666666666665
-0.010555555555555554
0.04555555555555554
-0.038333333333333344
-0.12666666666666662
-0.06166666666666666
0.028333333333333335
-0.05944444444444444
-0.0027777777777777814
-0.11500000000000005
-0.08000000000000002
-0.14888888888888885
-0.09388888888888886
-0.07944444444444447
0.037222222222222205
-0.06499999999999999
-0.06722222222222224
0.014444444444444435
0.02333333333333335
-0.10722222222222218
-0.11277777777777781
-0.056111111111111084
-0.09500000000000003
-0.18166666666666656
-0.01944444444444441
-0.08666666666666664
-0.0016666666666666746
-0.0633333333333333
0.0011111111111111033
-0.07777777777777778
-0.03722222222222221
-0.022222222222222233
0.06444444444444455
-0.06333333333333332
-0.11166666666666668
-0.10555555555555554
-0.0355555555555556
-0.04888888888888889
-0.14222222222222228
-0.06611111111111112
-0.055555555555555546
-0.018888888888888872
-0.025
-0.12722222222222224
-0.08055555555555559
