-0.592222222222222
-0.5677777777777776
-0.5738888888888888
-0.587777777777778
-0.5799999999999997
-0.5511111111111111
-0.47999999999999987
-0.4816666666666664
-0.4838888888888889
-0.4944444444444446
-0.6233333333333334
-0.5538888888888888
-0.5283333333333333
-0.485
-0.5922222222222221
-0.5427777777777778
-0.5705555555555555
-0.5561111111111113
-0.5033333333333333
-0.5333333333333335
-0.621111111111111
-0.5400000000000001
-0.5683333333333332
-0.5877777777777776
-0.5422222222222222
-0.5111111111111112
-0.5344444444444444
-0.5227777777777777
-0.5038888888888888
-0.5505555555555554
-0.5761111111111111
-0.5344444444444444
-0.601111111111111
-0.5333333333333333
-0.49333333333333323
-0.5105555555555557
-0.5022222222222221
-0.5005555555555555
-0.5305555555555552
-0.5427777777777777
-0.5522222222222222
-0.5694444444444445
-0.5405555555555556
-0.571111111111111
-0.5238888888888887
-0.49555555555555564
-0.5038888888888888
-0.5216666666666668
-0.5233333333333331
-0.566111111111111
-0.5633333333333331
-0.5583333333333332
-0.4933333333333331
-0.5455555555555552
-0.5011111111111111
-0.5688888888888889
-0.5272222222222225
-0.5411111111111111
-0.6249999999999999
-0.4711111111111111
-0.49388888888888904
-0.5238888888888892
-0.5105555555555555
-0.5377777777777779
-0.5027777777777779
-0.533888888888889
-0.5344444444444443
-0.5049999999999999
-0.6072222222222222
-0.5783333333333333
-0.5577777777777778
-0.5011111111111112
-0.5366666666666666
-0.5188888888888887
-0.4672222222222224
-0.5833333333333335
-0.5794444444444443
-0.53
-0.49888888888888877
-0.575
-0.49388888888888904
-0.4755555555555555
-0.5900000000000002
-0.585
-0.5227777777777777
-0.5255555555555557
-0.576111111111111
-0.46277777777777773
-0.5433333333333332
-0.5944444444444446
-0.52
-0.5188888888888886
-0.5394444444444442
-0.521111111111111
-0.5100000000000001
-0.4894444444444443
