-0.9544444444444438
-0.9338888888888879
-0.9611111111111106
-0.9533333333333327
-0.9416666666666661
-0.9477777777777772
-0.940555555555555
-0.9438888888888884
-0.9472222222222217
-0.9555555555555548
-0.9488888888888886
-0.9572222222222214
-0.9422222222222217
-0.9549999999999993
-0.9427777777777772
-0.951666666666666
-0.9455555555555551
-0.9411111111111106
-0.9633333333333328
-0.9588888888888882
-0.9511111111111105
-0.9399999999999993
-0.9466666666666661
-0.9422222222222217
-0.947777777777777
-0.9444444444444438
-0.9461111111111102
-0.9361111111111104
-0.9499999999999994
-0.9588888888888882
-0.936666666666666
-0.9399999999999991
-0.9238888888888881
-0.9311111111111104
-0.941666666666666
-0.9583333333333327
-0.9427777777777772
-0.9444444444444438
-0.9483333333333327
-0.9427777777777774
-0.9427777777777773
-0.9611111111111106
-0.9422222222222216
-0.9555555555555547
-0.9588888888888882
-0.9627777777777774
-0.9449999999999993
-0.9361111111111101
-0.9411111111111103
-0.9627777777777773
-0.9494444444444439
-0.9372222222222217
-0.9488888888888884
-0.9466666666666661
-0.941666666666666
-0.9505555555555548
-0.9527777777777773
-0.9483333333333326
-0.9461111111111102
-0.9566666666666659
-0.9377777777777768
-0.9494444444444438
-0.9455555555555547
-0.931666666666666
-0.9333333333333326
-0.9516666666666661
-0.9483333333333328
-0.9461111111111106
-0.9411111111111103
-0.932777777777777
-0.9438888888888881
-0.9411111111111107
-0.9438888888888881
-0.9438888888888883
-0.9516666666666661
-0.9511111111111105
-0.9488888888888883
-0.950555555555555
-0.9455555555555548
-0.9622222222222218
-0.9577777777777773
-0.9461111111111101
-0.9294444444444436
-0.9327777777777768
-0.9449999999999993
-0.9533333333333328
-0.9566666666666661
-0.9427777777777768
-0.9372222222222216
-0.9399999999999994
-0.951666666666666
-0.9477777777777772
-0.9249999999999993
-0.9588888888888881
-0.937777777777777
-0.9422222222222217
