0.7777777777777772
0.8177777777777774
0.7733333333333333
0.7383333333333333
0.7733333333333331
0.7494444444444445
0.7477777777777775
0.7249999999999998
0.7416666666666663
0.6855555555555556
0.7188888888888889
0.7705555555555554
0.8011111111111106
0.7105555555555553
0.7294444444444441
0.7738888888888884
0.6344444444444446
0.7305555555555553
0.7227777777777774
0.7583333333333327
0.8116666666666661
0.838333333333333
0.733333333333333
0.7216666666666661
0.7799999999999996
0.7494444444444442
0.7305555555555553
0.7388888888888888
0.7299999999999998
0.7727777777777775
0.737222222222222
0.7355555555555552
0.7499999999999996
0.7238888888888887
0.746111111111111
0.7138888888888886
0.7299999999999995
0.765
0.7999999999999998
0.7722222222222218
0.8755555555555554
0.7566666666666664
0.7811111111111111
0.756111111111111
0.7805555555555551
0.7705555555555554
0.767777777777778
0.777222222222222
0.7727777777777773
0.8077777777777776
0.7899999999999998
0.7977777777777773
0.7349999999999995
0.7499999999999999
0.72
0.7972222222222218
0.7749999999999996
0.7366666666666666
0.7338888888888888
0.759444444444444
0.746111111111111
0.7705555555555554
0.7716666666666662
0.7261111111111107
0.7455555555555552
0.7244444444444443
0.7338888888888885
0.7461111111111107
0.7222222222222221
0.7283333333333334
0.7349999999999998
0.7738888888888884
0.8255555555555553
0.7599999999999997
0.7438888888888886
0.7649999999999999
0.8027777777777775
0.7561111111111108
0.7438888888888887
0.7433333333333332
0.8188888888888886
0.7844444444444446
0.8111111111111111
0.7344444444444442
0.703333333333333
0.7011111111111111
0.7727777777777776
0.772777777777777
0.773333333333333
0.7694444444444442
0.8133333333333327
0.8233333333333327
0.797222222222222
0.7488888888888887
0.7555555555555554
0.802222222222222
