-0.9311111111111106
-0.9311111111111107
-0.9438888888888883
-0.9233333333333326
-0.9427777777777768
-0.9311111111111106
-0.9433333333333327
-0.9366666666666661
-0.9133333333333326
-0.943888888888888
-0.9405555555555546
-0.9472222222222215
-0.9338888888888885
-0.942777777777777
-0.9344444444444439
-0.9366666666666661
-0.922777777777777
-0.9544444444444438
-0.9299999999999996
-0.9233333333333327
-0.9399999999999996
-0.9472222222222217
-0.9372222222222218
-0.9427777777777772
-0.9383333333333327
-0.9205555555555547
-0.937777777777777
-0.9388888888888883
-0.9294444444444439
-0.941666666666666
-0.9355555555555548
-0.9349999999999993
-0.9433333333333327
-0.9333333333333329
-0.9355555555555548
-0.9238888888888885
-0.9172222222222214
-0.9311111111111103
-0.9449999999999993
-0.9261111111111106
-0.9461111111111105
-0.9333333333333329
-0.9338888888888878
-0.9383333333333326
-0.9366666666666658
-0.9483333333333328
-0.9433333333333329
-0.9427777777777772
-0.937777777777777
-0.945555555555555
-0.9283333333333327
-0.9338888888888881
-0.9277777777777775
-0.9355555555555548
-0.9255555555555549
-0.9399999999999996
-0.9199999999999995
-0.9311111111111104
-0.9283333333333325
-0.915555555555555
-0.9522222222222217
-0.9294444444444436
-0.9205555555555551
-0.9349999999999994
-0.9377777777777772
-0.9449999999999994
-0.9472222222222215
-0.9355555555555548
-0.9299999999999997
-0.9316666666666658
-0.927777777777777
-0.9366666666666659
-0.9361111111111103
-0.9311111111111104
-0.9316666666666659
-0.956666666666666
-0.9327777777777773
-0.9427777777777768
-0.9449999999999993
-0.9272222222222214
-0.9383333333333326
-0.9511111111111106
-0.9411111111111106
-0.9377777777777772
-0.9349999999999994
-0.9266666666666659
-0.9483333333333326
-0.9361111111111104
-0.9383333333333326
-0.9094444444444441
-0.9538888888888885
-0.9422222222222216
-0.9366666666666659
-0.9299999999999993
-0.9327777777777768
-0.9288888888888884
