-0.7738888888888886
-0.8233333333333326
-0.8016666666666663
-0.7916666666666663
-0.8099999999999996
-0.818888888888888
-0.7711111111111113
-0.8033333333333332
-0.7822222222222218
-0.8249999999999993
-0.8161111111111103
-0.7916666666666665
-0.7711111111111107
-0.8199999999999994
-0.7766666666666664
-0.783333333333333
-0.8227777777777774
-0.7927777777777778
-0.804444444444444
-0.7866666666666663
-0.7922222222222217
-0.8066666666666663
-0.8149999999999994
-0.8183333333333327
-0.800555555555556
-0.7877777777777772
-0.783333333333333
-0.7894444444444443
-0.7766666666666664
-0.800555555555555
-0.7922222222222223
-0.7749999999999999
-0.7911111111111109
-0.8149999999999992
-0.7627777777777777
-0.813333333333333
-0.8127777777777774
-0.7844444444444438
-0.8038888888888883
-0.8266666666666661
-0.8183333333333329
-0.806111111111111
-0.800555555555555
-0.8177777777777773
-0.7927777777777775
-0.8072222222222218
-0.799444444444444
-0.8005555555555552
-0.8077777777777772
-0.8038888888888885
-0.832222222222222
-0.8016666666666663
-0.7861111111111108
-0.7999999999999996
-0.7938888888888882
-0.8172222222222222
-0.7683333333333333
-0.7577777777777774
-0.8261111111111107
-0.8027777777777777
-0.7694444444444443
-0.8027777777777776
-0.8155555555555551
-0.807222222222222
-0.792222222222222
-0.8088888888888884
-0.811666666666666
-0.8016666666666665
-0.8172222222222216
-0.7966666666666665
-0.8372222222222219
-0.7894444444444442
-0.7849999999999996
-0.8188888888888881
-0.7894444444444438
-0.7916666666666662
-0.789444444444444
-0.7822222222222217
-0.8322222222222219
-0.7772222222222217
-0.8216666666666661
-0.8016666666666664
-0.8144444444444435
-0.8005555555555549
-0.7888888888888884
-0.7766666666666666
-0.7605555555555551
-0.8049999999999996
-0.7722222222222223
-0.8088888888888884
-0.7949999999999998
-0.7644444444444437
-0.8133333333333329
-0.7994444444444442
-0.7894444444444443
-0.8211111111111107
