0.6766666666666664
0.6833333333333329
0.5727777777777777
0.6727777777777775
0.626111111111111
0.6244444444444442
0.6088888888888887
0.6988888888888887
0.533888888888889
0.647222222222222
0.6549999999999997
0.6366666666666665
0.6533333333333333
0.7211111111111106
0.5483333333333331
0.6372222222222219
0.6727777777777776
0.6705555555555557
0.6377777777777774
0.6255555555555555
0.6711111111111111
0.6738888888888885
0.671111111111111
0.6300000000000001
0.6233333333333332
0.5777777777777778
0.7266666666666665
0.592222222222222
0.6372222222222222
0.702222222222222
0.713333333333333
0.747222222222222
0.6205555555555553
0.6566666666666664
0.6466666666666666
0.6394444444444441
0.6272222222222221
0.715
0.6672222222222223
0.6655555555555556
0.5994444444444443
0.6461111111111112
0.6444444444444443
0.667222222222222
0.6716666666666664
0.657222222222222
0.6488888888888887
0.628333333333333
0.6344444444444445
0.6066666666666666
0.6738888888888888
0.7233333333333333
0.7155555555555553
0.6477777777777779
0.7005555555555556
0.6599999999999998
0.6016666666666665
0.6444444444444446
0.6533333333333333
0.6983333333333333
0.633888888888889
0.6649999999999998
0.6772222222222222
0.6905555555555553
0.6605555555555555
0.5994444444444442
0.6722222222222218
0.7355555555555553
0.6333333333333331
0.6005555555555554
0.6483333333333334
0.7255555555555552
0.7477777777777771
0.6555555555555556
0.6416666666666666
0.6755555555555556
0.6761111111111107
0.6388888888888885
0.6322222222222219
0.6472222222222223
0.6599999999999998
0.6883333333333335
0.6011111111111112
0.6149999999999998
0.682222222222222
0.6722222222222224
0.5744444444444443
0.683333333333333
0.5894444444444443
0.6311111111111108
0.6166666666666666
0.6988888888888887
0.6249999999999999
0.6605555555555551
0.6616666666666664
0.6566666666666663
