0.9744444444444441
0.954444444444444
0.9716666666666661
0.9699999999999998
0.9727777777777777
0.962222222222222
0.9305555555555552
0.9649999999999995
0.9694444444444443
0.9772222222222219
0.962222222222222
0.9683333333333333
0.9655555555555554
0.9716666666666666
0.9438888888888887
0.9833333333333332
0.971111111111111
0.9383333333333329
0.9733333333333332
0.9566666666666664
0.969444444444444
0.9716666666666666
0.9588888888888887
0.9744444444444443
0.967222222222222
0.9638888888888887
0.9727777777777777
0.956111111111111
0.962222222222222
0.9794444444444441
0.972222222222222
0.9644444444444443
0.9566666666666664
0.9577777777777776
0.9688888888888887
0.9594444444444443
0.9688888888888887
0.969444444444444
0.9538888888888886
0.9727777777777775
0.9649999999999997
0.971111111111111
0.958333333333333
0.9566666666666666
0.9355555555555555
0.9688888888888887
0.9738888888888886
0.9627777777777776
0.9683333333333334
0.9588888888888885
0.9638888888888886
0.9561111111111109
0.9383333333333331
0.957222222222222
0.9555555555555553
0.9699999999999998
0.977222222222222
0.9544444444444441
0.9555555555555553
0.9694444444444444
0.947222222222222
0.9766666666666665
0.957222222222222
0.9583333333333331
0.9744444444444443
0.9677777777777774
0.9627777777777777
0.967222222222222
0.972222222222222
0.9611111111111108
0.9755555555555554
0.950555555555555
0.957222222222222
0.9661111111111108
0.9561111111111106
0.9727777777777777
0.983333333333333
0.9811111111111108
0.9649999999999997
0.983333333333333
0.9744444444444441
0.9627777777777774
0.9716666666666665
0.9299999999999998
0.9755555555555554
0.9399999999999998
0.9483333333333328
0.9605555555555553
0.9677777777777776
0.9516666666666665
0.9722222222222219
0.9627777777777773
0.943333333333333
0.9627777777777774
0.9683333333333333
0.968333333333333
