-0.6477777777777779
-0.6494444444444444
-0.6516666666666667
-0.661111111111111
-0.6622222222222222
-0.633888888888889
-0.6077777777777778
-0.585
-0.6444444444444444
-0.641111111111111
-0.6149999999999999
-0.6344444444444445
-0.6327777777777777
-0.6444444444444446
-0.6377777777777778
-0.6255555555555558
-0.6211111111111114
-0.6516666666666667
-0.598333333333333
-0.6827777777777776
-0.6850000000000002
-0.6072222222222221
-0.645
-0.6433333333333334
-0.6105555555555555
-0.5894444444444443
-0.6194444444444444
-0.6705555555555557
-0.6749999999999998
-0.6383333333333333
-0.623888888888889
-0.6727777777777777
-0.6722222222222223
-0.681111111111111
-0.6355555555555555
-0.6305555555555555
-0.6255555555555553
-0.5994444444444444
-0.6416666666666664
-0.631666666666667
-0.6461111111111109
-0.6405555555555555
-0.6488888888888887
-0.607777777777778
-0.626111111111111
-0.5866666666666668
-0.5988888888888889
-0.5833333333333334
-0.5861111111111111
-0.6594444444444446
-0.6761111111111109
-0.683333333333333
-0.6799999999999998
-0.6344444444444445
-0.6088888888888888
-0.6188888888888889
-0.6138888888888889
-0.63
-0.6016666666666666
-0.5788888888888889
-0.6316666666666665
-0.647777777777778
-0.6388888888888888
-0.6577777777777776
-0.6372222222222221
-0.6238888888888889
-0.625
-0.5988888888888891
-0.6194444444444445
-0.6494444444444444
-0.6255555555555556
-0.63
-0.64
-0.6127777777777776
-0.6272222222222221
-0.6094444444444442
-0.6594444444444442
-0.5905555555555555
-0.6266666666666663
-0.6305555555555554
-0.6172222222222223
-0.6661111111111113
-0.5877777777777778
-0.6394444444444445
-0.595
-0.6211111111111112
-0.6505555555555553
-0.6277777777777777
-0.5361111111111111
-0.6299999999999999
-0.5938888888888887
-0.6288888888888889
-0.6866666666666668
-0.6994444444444443
-0.6266666666666666
-0.6177777777777778
