-0.7872222222222217
-0.7872222222222223
-0.8038888888888883
-0.7538888888888884
-0.7411111111111108
-0.768888888888889
-0.783333333333333
-0.7772222222222221
-0.7777777777777771
-0.7916666666666659
-0.7738888888888883
-0.7549999999999997
-0.8061111111111109
-0.759444444444444
-0.7361111111111107
-0.7322222222222219
-0.7499999999999997
-0.7666666666666666
-0.7522222222222226
-0.7727777777777777
-0.8016666666666663
-0.7783333333333333
-0.7949999999999998
-0.7711111111111109
-0.8211111111111106
-0.7738888888888886
-0.7699999999999996
-0.8127777777777776
-0.7777777777777776
-0.7527777777777774
-0.7644444444444443
-0.7666666666666663
-0.8011111111111107
-0.789444444444444
-0.8222222222222217
-0.7572222222222221
-0.7872222222222217
-0.7444444444444441
-0.8027777777777776
-0.785555555555555
-0.7755555555555554
-0.8261111111111106
-0.7949999999999995
-0.787777777777777
-0.722222222222222
-0.7888888888888889
-0.8149999999999994
-0.7805555555555553
-0.7827777777777772
-0.797222222222222
-0.7894444444444438
-0.7672222222222217
-0.7638888888888887
-0.7844444444444446
-0.7761111111111109
-0.8005555555555551
-0.7438888888888883
-0.746111111111111
-0.7777777777777772
-0.7849999999999995
-0.7905555555555556
-0.7888888888888889
-0.7972222222222222
-0.7666666666666666
-0.7699999999999996
-0.7711111111111109
-0.7788888888888885
-0.7699999999999999
-0.7688888888888886
-0.7666666666666662
-0.7872222222222218
-0.7733333333333329
-0.7883333333333331
-0.789444444444444
-0.7999999999999997
-0.775
-0.758888888888889
-0.7800000000000001
-0.7566666666666663
-0.7661111111111109
-0.7611111111111108
-0.7511111111111104
-0.7694444444444444
-0.7916666666666662
-0.7933333333333329
-0.7538888888888886
-0.7599999999999996
-0.762222222222222
-0.7650000000000001
-0.7822222222222222
-0.778333333333333
-0.8144444444444442
-0.7911111111111105
-0.768333333333333
-0.785555555555555
-0.7738888888888886
