-0.8277777777777773
-0.8255555555555552
-0.830555555555555
-0.8494444444444437
-0.8399999999999993
-0.8522222222222213
-0.8472222222222218
-0.8333333333333326
-0.8394444444444435
-0.8211111111111102
-0.7949999999999998
-0.8322222222222218
-0.8355555555555552
-0.816111111111111
-0.8583333333333326
-0.8188888888888889
-0.8199999999999996
-0.8305555555555548
-0.8138888888888881
-0.8016666666666664
-0.825555555555555
-0.8161111111111107
-0.8483333333333323
-0.8061111111111106
-0.8266666666666664
-0.8455555555555547
-0.8288888888888885
-0.8499999999999999
-0.8066666666666659
-0.8233333333333326
-0.8605555555555549
-0.807222222222222
-0.8599999999999991
-0.8155555555555548
-0.830555555555555
-0.8199999999999998
-0.8416666666666659
-0.8138888888888887
-0.8216666666666659
-0.8361111111111105
-0.8449999999999995
-0.8211111111111109
-0.8411111111111111
-0.8477777777777775
-0.8355555555555553
-0.8372222222222214
-0.8261111111111102
-0.8333333333333326
-0.842222222222222
-0.8244444444444439
-0.8238888888888886
-0.8299999999999998
-0.8016666666666663
-0.825555555555555
-0.8133333333333326
-0.8399999999999995
-0.8383333333333325
-0.8644444444444437
-0.8694444444444442
-0.8461111111111108
-0.8466666666666666
-0.8222222222222219
-0.8216666666666663
-0.8411111111111107
-0.8244444444444444
-0.8083333333333329
-0.8327777777777776
-0.8116666666666663
-0.8461111111111106
-0.8144444444444439
-0.7972222222222217
-0.8422222222222215
-0.8311111111111106
-0.8383333333333327
-0.808333333333333
-0.8711111111111103
-0.8416666666666663
-0.845555555555555
-0.8299999999999994
-0.8311111111111106
-0.8522222222222215
-0.8055555555555552
-0.794444444444444
-0.8227777777777774
-0.8311111111111109
-0.8549999999999995
-0.8599999999999994
-0.8133333333333327
-0.855555555555555
-0.8127777777777776
-0.8416666666666661
-0.8588888888888883
-0.8183333333333329
-0.808333333333333
-0.8155555555555553
-0.8194444444444435
