-0.9594444444444439
-0.9588888888888882
-0.9677777777777773
-0.9622222222222215
-0.9599999999999995
-0.9655555555555551
-0.9661111111111107
-0.9583333333333327
-0.9594444444444439
-0.9766666666666662
-0.9611111111111105
-0.9494444444444439
-0.9655555555555551
-0.9594444444444439
-0.9544444444444441
-0.9611111111111103
-0.9599999999999995
-0.9566666666666661
-0.9511111111111107
-0.9655555555555552
-0.9488888888888883
-0.9666666666666661
-0.9649999999999994
-0.9655555555555551
-0.9605555555555548
-0.9683333333333327
-0.9572222222222215
-0.9711111111111107
-0.9649999999999994
-0.9661111111111105
-0.9605555555555552
-0.9655555555555552
-0.9583333333333326
-0.9533333333333327
-0.9544444444444439
-0.969444444444444
-0.9572222222222214
-0.9572222222222219
-0.9749999999999995
-0.9527777777777772
-0.9561111111111105
-0.9588888888888881
-0.9638888888888885
-0.9627777777777772
-0.953888888888888
-0.9672222222222219
-0.9549999999999993
-0.9588888888888882
-0.9649999999999995
-0.9622222222222218
-0.9638888888888885
-0.9588888888888882
-0.959444444444444
-0.9527777777777772
-0.9538888888888883
-0.9627777777777773
-0.9566666666666661
-0.9699999999999995
-0.969444444444444
-0.9622222222222215
-0.9561111111111105
-0.9672222222222215
-0.9633333333333328
-0.9672222222222218
-0.9594444444444438
-0.9544444444444439
-0.9633333333333328
-0.969444444444444
-0.9655555555555551
-0.9544444444444439
-0.9661111111111106
-0.9488888888888881
-0.9722222222222218
-0.9722222222222218
-0.9705555555555548
-0.9622222222222215
-0.9588888888888885
-0.9622222222222215
-0.9688888888888885
-0.9661111111111107
-0.9611111111111106
-0.945555555555555
-0.9683333333333327
-0.964444444444444
-0.9583333333333327
-0.9594444444444439
-0.9644444444444439
-0.9566666666666661
-0.9716666666666662
-0.955555555555555
-0.9672222222222219
-0.9527777777777771
-0.9627777777777772
-0.9599999999999995
-0.9622222222222218
-0.9649999999999995
