0.6866666666666664
0.62
0.671666666666667
0.5788888888888889
0.5744444444444441
0.616111111111111
0.5316666666666663
0.6238888888888886
0.6194444444444444
0.6183333333333332
0.6716666666666664
0.6855555555555553
0.633333333333333
0.6149999999999999
0.6477777777777775
0.6938888888888887
0.6894444444444442
0.636111111111111
0.6972222222222223
0.6166666666666666
0.6466666666666668
0.7227777777777774
0.5005555555555554
0.6066666666666665
0.6305555555555558
0.679444444444444
0.672222222222222
0.6866666666666665
0.5794444444444443
0.5938888888888889
0.6688888888888885
0.633888888888889
0.6755555555555552
0.6083333333333332
0.631111111111111
0.606111111111111
0.6066666666666667
0.6216666666666667
0.6583333333333334
0.5366666666666664
0.6422222222222221
0.6116666666666664
0.6888888888888886
0.5816666666666669
0.5438888888888885
0.6655555555555552
0.576111111111111
0.6216666666666666
0.6172222222222221
0.7005555555555553
0.626111111111111
0.6283333333333331
0.6727777777777777
0.6533333333333333
0.7299999999999994
0.5844444444444443
0.7005555555555554
0.7361111111111106
0.676111111111111
0.6027777777777777
0.66
0.6994444444444441
0.6372222222222219
0.555
0.6261111111111108
0.697222222222222
0.7077777777777772
0.5822222222222221
0.5916666666666667
0.7233333333333334
0.5822222222222223
0.6994444444444441
0.6961111111111109
0.5861111111111108
0.6661111111111111
0.672222222222222
0.5711111111111109
0.6783333333333331
0.6855555555555551
0.725555555555556
0.6205555555555553
0.5133333333333331
0.6833333333333331
0.6799999999999997
0.6638888888888892
0.6466666666666666
0.5483333333333332
0.5905555555555554
0.7011111111111111
0.7355555555555554
0.7099999999999999
0.5944444444444443
0.5538888888888889
0.6966666666666664
0.6033333333333332
0.6927777777777777
