0.9799999999999998
0.9888888888888887
0.9827777777777775
0.9822222222222221
0.9694444444444443
0.9927777777777778
0.9788888888888888
0.9811111111111112
0.9794444444444441
0.9827777777777775
0.9777777777777775
0.9883333333333333
0.9827777777777778
0.9805555555555554
0.9844444444444442
0.9755555555555554
0.9816666666666665
0.9827777777777775
0.981111111111111
0.9711111111111108
0.9844444444444441
0.957222222222222
0.9705555555555554
0.9927777777777778
0.982222222222222
0.9611111111111107
0.9816666666666665
0.9755555555555554
0.9722222222222219
0.9816666666666665
0.982222222222222
0.9838888888888886
0.982222222222222
0.98
0.9761111111111108
0.9788888888888887
0.9866666666666666
0.9811111111111108
0.978333333333333
0.9716666666666666
0.981111111111111
0.9838888888888887
0.977222222222222
0.9838888888888886
0.975
0.9827777777777778
0.9777777777777779
0.9699999999999999
0.9733333333333332
0.9855555555555553
0.971111111111111
0.9594444444444443
0.9822222222222221
0.9794444444444441
0.9738888888888886
0.9944444444444445
0.9672222222222221
0.9794444444444441
0.982222222222222
0.9827777777777775
0.9677777777777776
0.9649999999999999
0.9933333333333334
0.9827777777777778
0.9849999999999998
0.9777777777777777
0.987222222222222
0.9855555555555553
0.9816666666666665
0.9833333333333333
0.9733333333333333
0.9666666666666667
0.9838888888888887
0.9827777777777778
0.9744444444444443
0.9772222222222218
0.98
0.9766666666666665
0.9811111111111108
0.9766666666666665
0.9722222222222221
0.9883333333333332
0.9799999999999998
0.9766666666666666
0.9827777777777778
0.9788888888888888
0.9683333333333332
0.9777777777777775
0.9866666666666662
0.9749999999999998
0.976111111111111
0.9849999999999999
0.9738888888888886
0.9638888888888889
0.962222222222222
0.9694444444444441
