-0.9149999999999993
-0.9255555555555547
-0.927777777777777
-0.926666666666666
-0.9388888888888883
-0.922777777777777
-0.9144444444444436
-0.9205555555555552
-0.9244444444444437
-0.9344444444444435
-0.9316666666666658
-0.924999999999999
-0.9211111111111108
-0.9399999999999992
-0.9188888888888879
-0.9316666666666663
-0.904999999999999
-0.9361111111111106
-0.9422222222222214
-0.9255555555555549
-0.9394444444444437
-0.9422222222222214
-0.9327777777777768
-0.931666666666666
-0.932777777777777
-0.9288888888888881
-0.936666666666666
-0.9299999999999994
-0.9294444444444439
-0.9322222222222217
-0.923888888888888
-0.9277777777777771
-0.9344444444444437
-0.9333333333333326
-0.9111111111111103
-0.9216666666666659
-0.9316666666666662
-0.9299999999999997
-0.9305555555555546
-0.9394444444444435
-0.9233333333333327
-0.9355555555555547
-0.9272222222222217
-0.9372222222222214
-0.9233333333333327
-0.935555555555555
-0.9233333333333325
-0.9344444444444439
-0.9255555555555551
-0.935555555555555
-0.9183333333333326
-0.9127777777777771
-0.9277777777777768
-0.9238888888888885
-0.9327777777777772
-0.9261111111111101
-0.9166666666666662
-0.9194444444444434
-0.931666666666666
-0.9233333333333327
-0.9277777777777767
-0.9405555555555548
-0.9316666666666663
-0.9433333333333326
-0.9461111111111105
-0.9177777777777769
-0.9433333333333325
-0.9238888888888884
-0.9399999999999993
-0.9299999999999992
-0.9222222222222216
-0.9333333333333329
-0.9444444444444439
-0.9266666666666659
-0.9222222222222214
-0.9194444444444437
-0.9283333333333325
-0.9372222222222214
-0.9438888888888886
-0.9472222222222215
-0.9361111111111103
-0.9238888888888883
-0.9377777777777772
-0.9249999999999994
-0.9361111111111103
-0.923888888888888
-0.9433333333333325
-0.9361111111111104
-0.940555555555555
-0.9388888888888881
-0.936666666666666
-0.9249999999999993
-0.922777777777777
-0.9394444444444437
-0.939444444444444
-0.9333333333333327
