0.6783333333333332
0.6144444444444447
0.6827777777777777
0.6672222222222218
0.6699999999999998
0.6061111111111109
0.6705555555555557
0.6733333333333335
0.6216666666666665
0.6388888888888888
0.58
0.6305555555555553
0.658333333333333
0.653888888888889
0.6716666666666664
0.5499999999999998
0.6238888888888886
0.6477777777777776
0.666111111111111
0.6233333333333333
0.723333333333333
0.5899999999999999
0.656111111111111
0.6166666666666665
0.58
0.6044444444444443
0.5444444444444444
0.6411111111111112
0.5988888888888888
0.6083333333333332
0.5150000000000001
0.5605555555555555
0.572222222222222
0.5816666666666666
0.5761111111111111
0.6844444444444443
0.6322222222222222
0.651111111111111
0.6099999999999999
0.6349999999999999
0.6033333333333332
0.6444444444444443
0.6227777777777777
0.6705555555555555
0.6733333333333331
0.6511111111111109
0.6827777777777777
0.6755555555555557
0.5983333333333333
0.6266666666666667
0.6388888888888885
0.5866666666666667
0.675
0.5744444444444441
0.5677777777777776
0.5949999999999998
0.6616666666666666
0.5944444444444443
0.7261111111111113
0.6288888888888884
0.6183333333333334
0.6733333333333335
0.6616666666666664
0.6083333333333332
0.6344444444444443
0.5322222222222223
0.7155555555555554
0.6083333333333333
0.6005555555555556
0.5299999999999998
0.672222222222222
0.6433333333333333
0.6861111111111107
0.5322222222222223
0.6666666666666664
0.6416666666666666
0.6644444444444444
0.5783333333333333
0.6716666666666669
0.6455555555555554
0.5516666666666665
0.5933333333333333
0.737222222222222
0.6144444444444442
0.6227777777777775
0.6472222222222218
0.6349999999999998
0.6183333333333333
0.6494444444444444
0.6088888888888889
0.6827777777777777
0.6688888888888885
0.6822222222222222
0.6866666666666665
0.6022222222222222
0.6516666666666668
