-0.9472222222222215
-0.9377777777777772
-0.9183333333333326
-0.9472222222222217
-0.916666666666666
-0.9299999999999993
-0.9422222222222214
-0.9411111111111106
-0.9233333333333325
-0.9066666666666657
-0.9466666666666661
-0.9177777777777771
-0.9277777777777773
-0.9327777777777772
-0.9222222222222214
-0.910555555555555
-0.9261111111111104
-0.9199999999999995
-0.9288888888888881
-0.9177777777777767
-0.9361111111111106
-0.9249999999999996
-0.9216666666666662
-0.9083333333333325
-0.9105555555555549
-0.9199999999999992
-0.9272222222222214
-0.914444444444444
-0.9194444444444438
-0.9438888888888883
-0.9277777777777773
-0.9349999999999992
-0.9366666666666658
-0.9283333333333325
-0.9316666666666658
-0.9199999999999992
-0.9472222222222213
-0.934999999999999
-0.9411111111111105
-0.9372222222222216
-0.9222222222222213
-0.938333333333333
-0.9472222222222215
-0.9211111111111105
-0.9461111111111105
-0.9266666666666662
-0.9311111111111107
-0.9238888888888881
-0.9111111111111105
-0.9427777777777773
-0.946666666666666
-0.9133333333333326
-0.9244444444444437
-0.9255555555555546
-0.9288888888888881
-0.9349999999999993
-0.9244444444444433
-0.9233333333333327
-0.9249999999999994
-0.9427777777777773
-0.9133333333333329
-0.9261111111111106
-0.9299999999999992
-0.9399999999999992
-0.9316666666666659
-0.9327777777777772
-0.9349999999999994
-0.9338888888888884
-0.9322222222222216
-0.9333333333333327
-0.9383333333333327
-0.9327777777777773
-0.9344444444444437
-0.9344444444444437
-0.9283333333333326
-0.9172222222222216
-0.9244444444444437
-0.9316666666666662
-0.9238888888888881
-0.916666666666666
-0.9344444444444437
-0.925555555555555
-0.9249999999999997
-0.9399999999999994
-0.9188888888888882
-0.9161111111111103
-0.9294444444444439
-0.910555555555555
-0.9233333333333329
-0.9155555555555549
-0.9299999999999993
-0.9322222222222216
-0.9161111111111103
-0.9261111111111103
-0.9344444444444437
-0.9172222222222213
