-0.8872222222222219
-0.8899999999999992
-0.9061111111111103
-0.893888888888888
-0.886666666666666
-0.8905555555555549
-0.8983333333333325
-0.8955555555555553
-0.8855555555555548
-0.8949999999999992
-0.8866666666666662
-0.8822222222222216
-0.8861111111111103
-0.8572222222222221
-0.9099999999999993
-0.88611111111111
-0.8933333333333329
-0.8716666666666658
-0.8938888888888886
-0.8922222222222215
-0.8961111111111103
-0.9094444444444437
-0.8849999999999995
-0.8905555555555545
-0.880555555555555
-0.8661111111111103
-0.8883333333333325
-0.8833333333333329
-0.9149999999999991
-0.8816666666666658
-0.9044444444444433
-0.8805555555555549
-0.8938888888888884
-0.897777777777777
-0.9044444444444438
-0.8811111111111106
-0.9094444444444438
-0.9049999999999995
-0.8627777777777772
-0.903888888888888
-0.8922222222222216
-0.8938888888888884
-0.8916666666666662
-0.8838888888888877
-0.8961111111111109
-0.9083333333333324
-0.8938888888888882
-0.8927777777777766
-0.9094444444444438
-0.9038888888888883
-0.8905555555555549
-0.8844444444444438
-0.8877777777777773
-0.8799999999999991
-0.8872222222222216
-0.8816666666666658
-0.8988888888888883
-0.8705555555555549
-0.8649999999999991
-0.8983333333333328
-0.8849999999999991
-0.8877777777777769
-0.894999999999999
-0.8933333333333325
-0.9083333333333325
-0.891666666666666
-0.9099999999999993
-0.885555555555555
-0.9122222222222213
-0.8949999999999991
-0.8855555555555551
-0.8816666666666662
-0.8972222222222215
-0.8966666666666661
-0.888888888888888
-0.8783333333333325
-0.875555555555555
-0.8994444444444437
-0.8566666666666662
-0.8944444444444437
-0.889444444444444
-0.9083333333333324
-0.8883333333333328
-0.855555555555555
-0.862777777777777
-0.8899999999999992
-0.9022222222222216
-0.8694444444444439
-0.9055555555555549
-0.875555555555555
-0.8855555555555544
-0.8888888888888884
-0.9005555555555549
-0.8894444444444436
-0.8927777777777771
-0.897777777777777
