0.9983333333333333
1.0
0.9988888888888888
1.0
0.9977777777777778
1.0
0.9983333333333333
1.0
1.0
0.995
0.9994444444444445
0.9994444444444445
0.9977777777777778
0.9988888888888888
0.9972222222222221
1.0
0.9983333333333333
1.0
1.0
0.9977777777777779
0.9994444444444445
1.0
0.9994444444444445
1.0
0.9988888888888888
0.9994444444444445
0.9983333333333333
0.9983333333333333
0.9944444444444445
0.9944444444444442
1.0
1.0
0.9994444444444445
0.9988888888888888
0.9972222222222221
0.9994444444444445
0.9994444444444445
0.9988888888888888
0.9994444444444445
0.9988888888888888
0.9994444444444445
0.9988888888888888
0.9983333333333333
0.9977777777777778
1.0
0.9994444444444445
1.0
0.9966666666666666
1.0
0.9955555555555555
1.0
0.9972222222222221
0.9988888888888888
0.9972222222222222
0.9983333333333333
0.9988888888888888
0.9961111111111112
0.9988888888888888
0.9938888888888888
0.9977777777777778
0.9983333333333333
0.9983333333333334
0.9988888888888888
0.9977777777777778
0.9977777777777779
0.9966666666666666
0.9961111111111112
0.9966666666666666
1.0
0.9994444444444445
0.9977777777777778
0.9988888888888888
0.9994444444444445
0.9966666666666666
1.0
0.9994444444444445
0.9938888888888888
0.9966666666666666
0.9994444444444445
1.0
0.9961111111111112
0.9994444444444445
0.9955555555555554
1.0
0.9977777777777779
0.9994444444444445
0.9966666666666666
0.9994444444444445
0.9988888888888888
0.9983333333333333
1.0
0.9988888888888888
0.9988888888888888
0.9961111111111112
0.9988888888888888
0.9994444444444445
