0.9627777777777776
0.9483333333333328
0.9549999999999998
0.9505555555555553
0.9583333333333331
0.9638888888888885
0.9427777777777776
0.9488888888888886
0.9294444444444442
0.9433333333333329
0.9461111111111107
0.934444444444444
0.9244444444444444
0.9488888888888886
0.9577777777777776
0.9205555555555555
0.9427777777777777
0.9311111111111109
0.9449999999999997
0.9383333333333329
0.9294444444444443
0.9511111111111109
0.9272222222222218
0.9449999999999996
0.9111111111111108
0.9311111111111109
0.9449999999999997
0.9599999999999997
0.9255555555555551
0.9261111111111106
0.9099999999999998
0.9238888888888885
0.9405555555555555
0.9638888888888886
0.9355555555555553
0.953333333333333
0.9538888888888886
0.9422222222222219
0.9255555555555551
0.9349999999999996
0.9211111111111109
0.928333333333333
0.9666666666666665
0.9383333333333331
0.9166666666666665
0.9283333333333329
0.9494444444444441
0.9444444444444443
0.9416666666666665
0.9549999999999996
0.932222222222222
0.9355555555555555
0.9583333333333328
0.9466666666666665
0.9288888888888888
0.9383333333333332
0.9438888888888886
0.9427777777777774
0.9583333333333331
0.9394444444444442
0.9499999999999998
0.9222222222222223
0.9499999999999998
0.9338888888888889
0.9355555555555553
0.9677777777777773
0.9494444444444441
0.9233333333333329
0.9299999999999996
0.9394444444444439
0.9422222222222219
0.9277777777777775
0.9499999999999994
0.9466666666666665
0.9244444444444442
0.9527777777777776
0.9394444444444442
0.953333333333333
0.9299999999999996
0.9416666666666663
0.9311111111111107
0.9461111111111107
0.9349999999999996
0.9444444444444443
0.9499999999999996
0.9144444444444442
0.9466666666666664
0.9533333333333328
0.9372222222222217
0.940555555555555
0.9322222222222222
0.929444444444444
0.9549999999999996
0.9377777777777774
0.9349999999999997
0.9599999999999995
