-0.9277777777777768
-0.9283333333333327
-0.917777777777777
-0.9266666666666659
-0.944444444444444
-0.9211111111111103
-0.9311111111111106
-0.9255555555555549
-0.932777777777777
-0.941666666666666
-0.9394444444444439
-0.9355555555555548
-0.9361111111111103
-0.9411111111111103
-0.9499999999999994
-0.9377777777777772
-0.9483333333333327
-0.9555555555555548
-0.9449999999999996
-0.9305555555555547
-0.9394444444444439
-0.9388888888888884
-0.9483333333333326
-0.939444444444444
-0.9488888888888883
-0.9511111111111102
-0.9349999999999993
-0.9383333333333327
-0.9177777777777771
-0.9333333333333326
-0.9383333333333325
-0.9394444444444437
-0.9311111111111103
-0.9344444444444437
-0.9322222222222216
-0.9349999999999992
-0.9355555555555548
-0.9399999999999996
-0.9383333333333327
-0.9349999999999996
-0.9394444444444437
-0.9327777777777768
-0.934999999999999
-0.9333333333333326
-0.9355555555555546
-0.9405555555555551
-0.9133333333333326
-0.9422222222222214
-0.9383333333333327
-0.932777777777777
-0.9333333333333327
-0.931666666666666
-0.9277777777777771
-0.9411111111111106
-0.9449999999999993
-0.9449999999999993
-0.9361111111111106
-0.9288888888888883
-0.9427777777777772
-0.9449999999999993
-0.9388888888888884
-0.936666666666666
-0.9383333333333326
-0.9361111111111106
-0.9338888888888883
-0.940555555555555
-0.9311111111111104
-0.936666666666666
-0.9511111111111106
-0.9455555555555551
-0.9366666666666658
-0.9477777777777773
-0.9266666666666658
-0.9483333333333326
-0.9338888888888883
-0.9288888888888883
-0.9433333333333326
-0.9399999999999992
-0.9394444444444439
-0.9461111111111106
-0.9377777777777774
-0.934444444444444
-0.9288888888888883
-0.9316666666666659
-0.9399999999999993
-0.9377777777777772
-0.942777777777777
-0.9444444444444435
-0.9488888888888883
-0.9316666666666662
-0.9261111111111104
-0.9422222222222213
-0.949444444444444
-0.9322222222222218
-0.9261111111111103
-0.9499999999999993
