0.8961111111111107
0.8699999999999997
0.892222222222222
0.9122222222222222
0.9
0.9033333333333328
0.8844444444444438
0.8899999999999997
0.8894444444444441
0.8955555555555553
0.8711111111111108
0.907777777777777
0.8438888888888887
0.8938888888888884
0.8838888888888886
0.834444444444444
0.860555555555555
0.9311111111111107
0.8849999999999997
0.8894444444444443
0.8683333333333332
0.872777777777777
0.8883333333333329
0.8483333333333333
0.9016666666666663
0.9011111111111109
0.8627777777777774
0.881111111111111
0.865555555555555
0.9083333333333329
0.882777777777777
0.8955555555555553
0.8555555555555552
0.8927777777777776
0.9011111111111105
0.8266666666666665
0.9227777777777775
0.8772222222222221
0.8722222222222221
0.9011111111111109
0.9077777777777777
0.9111111111111108
0.873333333333333
0.845
0.8705555555555552
0.8938888888888882
0.8699999999999999
0.9105555555555551
0.9027777777777775
0.8733333333333329
0.8311111111111109
0.9061111111111105
0.8705555555555553
0.8916666666666662
0.8938888888888886
0.8666666666666667
0.9055555555555549
0.9061111111111105
0.9022222222222218
0.8761111111111106
0.8611111111111106
0.8949999999999999
0.8883333333333332
0.9049999999999998
0.8716666666666661
0.9166666666666664
0.8938888888888886
0.8899999999999996
0.881111111111111
0.8566666666666665
0.9011111111111108
0.8849999999999996
0.9288888888888884
0.912222222222222
0.9338888888888888
0.9049999999999992
0.9216666666666662
0.8838888888888884
0.9349999999999997
0.889444444444444
0.8922222222222218
0.8994444444444438
0.8999999999999999
0.8805555555555554
0.8749999999999996
0.8627777777777778
0.9061111111111108
0.868333333333333
0.853333333333333
0.8683333333333328
0.8655555555555553
0.8572222222222221
0.8933333333333333
0.8961111111111107
0.8816666666666663
0.8705555555555552
