0.46777777777777785
0.472222222222222
0.37499999999999983
0.4138888888888888
0.5955555555555554
0.4005555555555555
0.4544444444444444
0.4338888888888889
0.4588888888888889
0.44611111111111107
0.4549999999999999
0.3777777777777777
0.45277777777777767
0.5233333333333331
0.3544444444444443
0.4833333333333333
0.5
0.49388888888888904
0.441111111111111
0.46777777777777785
0.391111111111111
0.4716666666666668
0.5855555555555552
0.5061111111111112
0.5088888888888886
0.44222222222222224
0.4972222222222223
0.496111111111111
0.45388888888888873
0.6316666666666663
0.48999999999999994
0.5283333333333333
0.4494444444444443
0.47555555555555556
0.5133333333333332
0.41111111111111115
0.5622222222222221
0.513333333333333
0.5133333333333333
0.45722222222222214
0.4266666666666666
0.4638888888888888
0.5499999999999999
0.5605555555555555
0.48277777777777786
0.5111111111111108
0.4538888888888888
0.4899999999999999
0.42555555555555563
0.4561111111111107
0.46666666666666656
0.5094444444444445
0.4666666666666666
0.5499999999999999
0.4488888888888888
0.4922222222222222
0.4566666666666665
0.41944444444444456
0.5188888888888887
0.4661111111111109
0.5194444444444443
0.5099999999999998
0.5283333333333331
0.5244444444444444
0.52
0.4899999999999997
0.4005555555555555
0.41777777777777764
0.417222222222222
0.4983333333333334
0.48
0.511111111111111
0.5127777777777776
0.4283333333333333
0.3977777777777776
0.3555555555555554
0.477222222222222
0.47055555555555534
0.5227777777777775
0.44611111111111135
0.4983333333333336
0.4805555555555554
0.47555555555555545
0.5199999999999999
0.5166666666666662
0.45388888888888906
0.4877777777777778
0.5672222222222222
0.431111111111111
0.5049999999999997
0.4916666666666664
0.4161111111111111
0.5738888888888889
0.4483333333333332
0.4322222222222223
0.4705555555555552
