-0.9799382716049382
-0.9950617283950617
-0.9953703703703702
-0.9888888888888888
-0.9953703703703702
-0.9941358024691357
-0.9793209876543207
-0.9861111111111109
-0.9805555555555555
-0.9975308641975308
-0.9932098765432098
-0.9703703703703702
-0.9962962962962962
-0.9891975308641975
-0.9907407407407407
-0.9854938271604935
-0.9827160493827161
-0.9867283950617283
-0.9854938271604937
-0.9932098765432097
-0.9854938271604936
-0.9830246913580247
-0.9891975308641975
-0.9910493827160493
-0.9910493827160493
-0.9725308641975308
-0.9805555555555553
-0.9956790123456789
-0.9950617283950616
-0.9901234567901233
-0.9907407407407406
-0.9891975308641975
-0.9814814814814814
-0.9959876543209876
-0.9932098765432099
-0.9959876543209876
-0.9876543209876539
-0.9675925925925923
-0.9734567901234565
-0.985185185185185
-0.9959876543209876
-0.9925925925925925
-0.990432098765432
-0.9879629629629627
-0.9765432098765431
-0.9830246913580247
-0.9787037037037035
-0.9922839506172839
-0.9959876543209876
-0.9839506172839505
-0.9925925925925925
-0.9972222222222221
-0.9925925925925924
-0.9833333333333332
-0.9935185185185184
-0.9854938271604936
-0.9814814814814812
-0.9916666666666665
-0.9907407407407405
-0.9648148148148148
-0.9922839506172838
-0.9817901234567901
-0.9854938271604935
-0.9876543209876542
-0.9907407407407407
-0.9904320987654319
-0.966975308641975
-0.9975308641975308
-0.9910493827160494
-0.9830246913580244
-0.9901234567901233
-0.9851851851851848
-0.9888888888888887
-0.9959876543209876
-0.9614197530864197
-0.996604938271605
-0.9907407407407406
-0.9922839506172838
-0.9913580246913579
-0.9787037037037035
-0.9966049382716048
-0.9870370370370367
-0.986728395061728
-0.9824074074074073
-0.989506172839506
-0.9768518518518516
-0.9925925925925925
-0.9950617283950616
-0.9962962962962962
-0.9944444444444442
-0.9950617283950616
-0.9898148148148146
-0.9882716049382715
-0.9864197530864196
-0.9941358024691357
-0.9787037037037039
-0.9691358024691358
-0.9737654320987651
-0.9749999999999996
-0.9910493827160494
-0.9879629629629627
-0.9749999999999999
-0.9793209876543207
-0.9836419753086418
-0.9663580246913578
-0.9790123456790121
-0.9867283950617283
-0.9864197530864196
-0.9913580246913579
-0.9975308641975308
-0.9953703703703702
-0.9925925925925926
-0.9987654320987654
-0.9972222222222221
-0.9944444444444444
-0.9802469135802467
-0.9910493827160493
-0.9876543209876542
-0.9867283950617283
-0.9938271604938271
-0.9910493827160491
-0.9709876543209877
-0.9870370370370369
-0.9919753086419753
-0.9851851851851847
-0.9904320987654319
-0.98179012345679
-0.9969135802469135
-0.9935185185185184
-0.9975308641975308
-0.9956790123456789
-0.9972222222222221
-0.9777777777777775
-0.9706790123456789
-0.9929012345679011
-0.98179012345679
-0.9925925925925924
-0.9959876543209876
-0.9657407407407406
-0.9858024691358024
-0.9858024691358023
-0.98179012345679
-0.9919753086419754
-0.9962962962962962
-0.9845679012345677
-0.9734567901234564
-0.9827160493827158
-0.9719135802469137
-0.9817901234567898
-0.9925925925925924
-0.9956790123456789
-0.9959876543209876
-0.98858024691358
-0.9765432098765431
-0.9842592592592591
-0.9861111111111109
-0.9787037037037033
-0.9891975308641973
-0.9870370370370369
-0.9962962962962962
-0.9858024691358024
-0.9867283950617283
-0.980864197530864
-0.979938271604938
-0.9888888888888888
-0.9947530864197529
-0.9830246913580247
-0.9891975308641973
-0.9919753086419753
-0.9956790123456789
-0.979938271604938
-0.9759259259259258
-0.9941358024691357
-0.9959876543209876
-0.9888888888888888
-0.9922839506172837
-0.9916666666666666
-0.9694444444444443
-0.9922839506172837
-0.9876543209876542
-0.9839506172839505
-0.9876543209876545
-0.9858024691358022
-0.9959876543209876
-0.9987654320987654
-0.9935185185185185
-0.9956790123456789
-0.9793209876543209
-0.994753086419753
-0.9898148148148148
-0.98858024691358
-0.9913580246913579
