-0.9993827160493827
-0.9987654320987654
-0.9962962962962962
-0.993827160493827
-0.9950617283950617
-0.9987654320987654
-0.9966049382716048
-0.9978395061728395
-0.9972222222222221
-0.9941358024691358
-1.0
-0.9959876543209876
-1.0
-1.0
-1.0
-0.9996913580246913
-0.9996913580246913
-0.9922839506172838
-0.9978395061728395
-0.9984567901234568
-0.9993827160493827
-0.9969135802469135
-0.9996913580246913
-0.9969135802469135
-0.9969135802469135
-0.9969135802469135
-0.9966049382716048
-0.9996913580246913
-0.995679012345679
-0.9993827160493827
-0.9978395061728395
-0.9987654320987654
-0.9975308641975308
-0.9941358024691357
-0.9935185185185184
-0.9984567901234568
-0.9978395061728395
-0.9898148148148148
-0.999074074074074
-0.9978395061728395
-0.9978395061728395
-0.9950617283950616
-0.9972222222222221
-0.9966049382716048
-0.9882716049382714
-0.9938271604938271
-0.9987654320987654
-0.999074074074074
-0.9972222222222221
-0.993827160493827
-0.9996913580246913
-0.9987654320987654
-0.9962962962962962
-1.0
-0.9966049382716048
-0.9941358024691357
-0.9984567901234568
-0.9996913580246913
-0.9956790123456789
-0.9984567901234568
-0.9950617283950616
-0.9972222222222221
-0.9984567901234568
-0.9972222222222221
-0.9975308641975308
-0.9966049382716048
-0.9972222222222221
-0.9891975308641975
-0.9969135802469135
-1.0
-0.9969135802469135
-0.9975308641975308
-0.9975308641975308
-0.9956790123456789
-0.9882716049382713
-0.9959876543209876
-0.9962962962962962
-0.9966049382716048
-0.9950617283950616
-0.9972222222222221
-1.0
-0.9981481481481481
-0.9947530864197529
-0.9981481481481481
-0.9981481481481481
-0.9978395061728395
-0.9959876543209876
-0.9901234567901234
-0.9996913580246913
-0.9996913580246913
-0.9947530864197529
-0.999074074074074
-0.9984567901234568
-0.994753086419753
-1.0
-0.9987654320987654
-0.9984567901234568
-0.9972222222222221
-0.9962962962962962
-0.9993827160493827
-1.0
-0.9993827160493827
-0.9987654320987654
-0.9996913580246913
-0.9972222222222221
-0.9922839506172838
-0.9987654320987654
-0.9969135802469136
-0.9972222222222221
-0.9981481481481481
-1.0
-0.9969135802469135
-0.9941358024691357
-0.9972222222222221
-0.9987654320987654
-1.0
-0.9993827160493827
-0.999074074074074
-0.9879629629629627
-0.9962962962962962
-0.9959876543209877
-0.9932098765432098
-0.9978395061728395
-0.9993827160493827
-0.9996913580246913
-0.9901234567901231
-0.9950617283950616
-0.9972222222222221
-0.9953703703703703
-0.9975308641975308
-0.9993827160493827
-0.9969135802469135
-0.9987654320987654
-1.0
-0.9913580246913579
-0.9959876543209876
-0.9981481481481481
-0.9969135802469135
-0.9987654320987654
-0.9950617283950616
-0.9993827160493827
-0.9966049382716048
-0.9959876543209877
-0.999074074074074
-0.9975308641975309
-0.9996913580246913
-0.999074074074074
-0.9972222222222221
-0.9981481481481481
-0.9984567901234568
-0.9953703703703703
-0.9978395061728395
-1.0
-0.9975308641975308
-0.9975308641975308
-0.9996913580246913
-0.9950617283950617
-0.9873456790123457
-1.0
-0.9975308641975308
-0.9981481481481481
-0.9987654320987654
-0.9993827160493827
-1.0
-0.9996913580246913
-0.9962962962962962
-0.9993827160493827
-0.9996913580246913
-0.9941358024691357
-0.9938271604938271
-0.9975308641975308
-0.9978395061728395
-0.999074074074074
-1.0
-0.999074074074074
-0.9996913580246913
-0.9941358024691357
-0.9975308641975308
-0.9898148148148148
-0.9972222222222221
-0.9984567901234568
-0.9984567901234568
-0.994753086419753
-0.9956790123456789
-0.9975308641975308
-0.9947530864197529
-0.9966049382716048
-0.9975308641975308
-0.9966049382716048
-0.9975308641975308
-0.9984567901234568
-0.9962962962962962
