-0.86358024691358
-0.7274691358024689
-0.85679012345679
-0.6515432098765431
-0.7774691358024692
-0.6685185185185183
-0.8598765432098765
-0.8438271604938272
-0.8203703703703702
-0.7151234567901239
-0.7691358024691357
-0.7756172839506174
-0.8370370370370368
-0.8771604938271604
-0.7891975308641973
-0.7496913580246914
-0.7700617283950616
-0.7324074074074072
-0.7990740740740739
-0.8712962962962962
-0.8277777777777778
-0.7101851851851854
-0.8722222222222222
-0.8305555555555555
-0.8783950617283948
-0.7959876543209874
-0.8552469135802464
-0.8888888888888883
-0.7725308641975306
-0.8148148148148149
-0.875
-0.8500000000000001
-0.8895061728395063
-0.7774691358024689
-0.8280864197530865
-0.8459876543209877
-0.922839506172839
-0.9027777777777778
-0.7395061728395064
-0.8067901234567902
-0.731481481481482
-0.860185185185185
-0.7533950617283949
-0.6808641975308642
-0.7956790123456791
-0.8222222222222219
-0.7783950617283956
-0.731481481481482
-0.6783950617283953
-0.8521604938271604
-0.8018518518518516
-0.8250000000000001
-0.806481481481481
-0.8185185185185186
-0.8370370370370368
-0.8268518518518518
-0.8336419753086418
-0.8783950617283953
-0.8231481481481483
-0.736111111111111
-0.8456790123456788
-0.865432098765432
-0.707716049382716
-0.7626543209876541
-0.712962962962963
-0.7308641975308643
-0.7787037037037039
-0.7623456790123455
-0.878395061728395
-0.7811728395061731
-0.8537037037037033
-0.7453703703703706
-0.6641975308641975
-0.7074074074074074
-0.8256172839506171
-0.7070987654320988
-0.8348765432098761
-0.8540123456790123
-0.8589506172839505
-0.8351851851851849
-0.6632716049382719
-0.8679012345679008
-0.7867283950617286
-0.8157407407407405
-0.8172839506172839
-0.7438271604938269
-0.7749999999999999
-0.8262345679012345
-0.749074074074074
-0.6783950617283947
-0.8540123456790121
-0.861728395061728
-0.7487654320987656
-0.8222222222222223
-0.6774691358024694
-0.8938271604938267
-0.7228395061728395
-0.8129629629629631
-0.817901234567901
-0.7277777777777776
-0.8651234567901233
-0.8756172839506172
-0.7839506172839505
-0.8540123456790122
-0.8040123456790124
-0.7984567901234565
-0.7552469135802472
-0.8833333333333329
-0.859259259259259
-0.7243827160493826
-0.8675925925925921
-0.8395061728395059
-0.7996913580246916
-0.8697530864197529
-0.7685185185185187
-0.8802469135802468
-0.7626543209876543
-0.8324074074074073
-0.8074074074074075
-0.8123456790123456
-0.8746913580246914
-0.7981481481481477
-0.7728395061728396
-0.8697530864197528
-0.8540123456790123
-0.7888888888888891
-0.7203703703703703
-0.7947530864197532
-0.8225308641975304
-0.7824074074074072
-0.7608024691358025
-0.7475308641975307
-0.7679012345679012
-0.6873456790123456
-0.8462962962962964
-0.7882716049382714
-0.9012345679012341
-0.7993827160493828
-0.874691358024691
-0.8160493827160497
-0.7222222222222224
-0.8975308641975306
-0.7907407407407411
-0.826543209876543
-0.6635802469135804
-0.8496913580246918
-0.8061728395061728
-0.7549382716049383
-0.7932098765432095
-0.8401234567901233
-0.6898148148148147
-0.813888888888889
-0.8401234567901236
-0.8145061728395061
-0.8024691358024689
-0.7567901234567901
-0.8262345679012344
-0.6638888888888885
-0.7993827160493827
-0.7959876543209875
-0.7166666666666666
-0.8265432098765433
-0.8666666666666665
-0.8984567901234566
-0.8543209876543209
-0.8237654320987653
-0.7092592592592593
-0.8592592592592592
-0.7719135802469134
-0.8472222222222225
-0.8561728395061732
-0.8499999999999996
-0.7521604938271603
-0.8336419753086417
-0.7993827160493826
-0.8179012345679012
-0.7753086419753086
-0.8314814814814814
-0.839506172839506
-0.7910493827160494
-0.8422839506172838
-0.8240740740740743
-0.8830246913580244
-0.8518518518518519
-0.9080246913580243
-0.7598765432098766
-0.7580246913580246
-0.7530864197530867
-0.8524691358024692
-0.792283950617284
-0.8490740740740741
-0.7391975308641975
