-0.9132716049382715
-0.9669753086419752
-0.9243827160493824
-0.942901234567901
-0.9595679012345676
-0.9722222222222219
-0.9305555555555552
-0.9820987654320986
-0.951543209876543
-0.9432098765432095
-0.9311728395061725
-0.9222222222222219
-0.9675925925925919
-0.9537037037037034
-0.9138888888888886
-0.9459876543209876
-0.9018518518518515
-0.9003086419753085
-0.9154320987654317
-0.9212962962962962
-0.9503086419753082
-0.9274691358024688
-0.9253086419753084
-0.8749999999999997
-0.9691358024691353
-0.9555555555555554
-0.9456790123456789
-0.924074074074074
-0.9472222222222221
-0.9469135802469133
-0.949691358024691
-0.9327160493827158
-0.9413580246913578
-0.9533950617283948
-0.9064814814814812
-0.9487654320987653
-0.9209876543209874
-0.9407407407407404
-0.9132716049382714
-0.9515432098765432
-0.9493827160493825
-0.9685185185185183
-0.9376543209876543
-0.971604938271605
-0.9672839506172838
-0.9675925925925923
-0.9796296296296294
-0.918827160493827
-0.9126543209876543
-0.9228395061728389
-0.9314814814814814
-0.9203703703703696
-0.9845679012345677
-0.9277777777777774
-0.9354938271604938
-0.9611111111111107
-0.9398148148148144
-0.9503086419753085
-0.9592592592592593
-0.9398148148148145
-0.9391975308641972
-0.9589506172839501
-0.900617283950617
-0.9651234567901233
-0.9666666666666665
-0.9055555555555552
-0.9604938271604936
-0.891975308641975
-0.9447530864197531
-0.9740740740740738
-0.9691358024691356
-0.9416666666666667
-0.9552469135802466
-0.9493827160493825
-0.9302469135802465
-0.9179012345679012
-0.9006172839506168
-0.9358024691358021
-0.9589506172839504
-0.951543209876543
-0.9648148148148145
-0.9388888888888888
-0.9737654320987653
-0.9487654320987654
-0.9333333333333331
-0.9530864197530862
-0.9481481481481479
-0.9561728395061724
-0.948148148148148
-0.9515432098765427
-0.8907407407407404
-0.9336419753086418
-0.9540123456790118
-0.9450617283950614
-0.9299382716049378
-0.8858024691358023
-0.9385802469135798
-0.8743827160493823
-0.955864197530864
-0.9660493827160491
-0.9570987654320984
-0.9691358024691357
-0.935185185185185
-0.9706790123456788
-0.9509259259259257
-0.9595679012345678
-0.9654320987654319
-0.9515432098765427
-0.960802469135802
-0.9358024691358026
-0.933333333333333
-0.9308641975308636
-0.9623456790123455
-0.928086419753086
-0.9391975308641975
-0.9478395061728394
-0.8290123456790117
-0.9237654320987655
-0.9453703703703703
-0.9333333333333333
-0.9271604938271604
-0.9191358024691356
-0.9472222222222217
-0.9330246913580247
-0.9259259259259259
-0.9509259259259256
-0.9290123456790121
-0.9299382716049379
-0.9219135802469133
-0.9447530864197531
-0.9009259259259258
-0.9611111111111109
-0.9172839506172836
-0.9299382716049379
-0.9799382716049381
-0.9407407407407405
-0.9574074074074072
-0.934259259259259
-0.941975308641975
-0.8913580246913583
-0.926543209876543
-0.9459876543209873
-0.9509259259259258
-0.9459876543209874
-0.9160493827160494
-0.9348765432098763
-0.914506172839506
-0.9638888888888886
-0.950925925925926
-0.9382716049382717
-0.9033950617283949
-0.9435185185185183
-0.9391975308641974
-0.9564814814814813
-0.9527777777777777
-0.9132716049382713
-0.9490740740740738
-0.9373456790123452
-0.9635802469135797
-0.9219135802469132
-0.9709876543209877
-0.9533950617283948
-0.9654320987654318
-0.9033950617283947
-0.940432098765432
-0.9206790123456788
-0.937654320987654
-0.9552469135802467
-0.9361111111111107
-0.9154320987654319
-0.9549382716049379
-0.9129629629629626
-0.9762345679012344
-0.9182098765432098
-0.9475308641975304
-0.9185185185185181
-0.9459876543209873
-0.9512345679012342
-0.9425925925925924
-0.9351851851851849
-0.9033950617283947
-0.9543209876543207
-0.9407407407407405
-0.9345679012345676
-0.9348765432098762
-0.934259259259259
-0.9638888888888885
-0.9037037037037037
-0.9537037037037035
-0.9330246913580245
-0.9046296296296293
-0.953703703703703
