-0.9679012345679009
-0.9712962962962961
-0.9675925925925922
-0.9447530864197531
-0.9858024691358022
-0.9490740740740738
-0.9787037037037035
-0.9620370370370367
-0.9799382716049381
-0.9333333333333332
-0.9453703703703701
-0.9725308641975305
-0.9688271604938271
-0.961728395061728
-0.9799382716049381
-0.9669753086419751
-0.9246913580246914
-0.9768518518518517
-0.9762345679012345
-0.976543209876543
-0.985185185185185
-0.9472222222222219
-0.9410493827160494
-0.955555555555555
-0.9629629629629627
-0.9237654320987654
-0.9098765432098765
-0.9537037037037036
-0.925617283950617
-0.9104938271604934
-0.9456790123456787
-0.9598765432098763
-0.9435185185185185
-0.9743827160493825
-0.9870370370370369
-0.9851851851851848
-0.9725308641975308
-0.9675925925925927
-0.9348765432098763
-0.928395061728395
-0.979012345679012
-0.9632716049382712
-0.9391975308641977
-0.9691358024691354
-0.9373456790123456
-0.9611111111111109
-0.9469135802469136
-0.9898148148148146
-0.9564814814814813
-0.9623456790123452
-0.9762345679012341
-0.9694444444444442
-0.9561728395061727
-0.9401234567901235
-0.9623456790123456
-0.9873456790123456
-0.9638888888888887
-0.9731481481481481
-0.9669753086419751
-0.9824074074074072
-0.9481481481481479
-0.9870370370370369
-0.9762345679012342
-0.9179012345679008
-0.9623456790123454
-0.9672839506172839
-0.9444444444444442
-0.9598765432098761
-0.9820987654320985
-0.9817901234567898
-0.9817901234567901
-0.9419753086419755
-0.9490740740740738
-0.9558641975308639
-0.9697530864197529
-0.9858024691358022
-0.9740740740740738
-0.9530864197530862
-0.9885802469135802
-0.9487654320987651
-0.9762345679012344
-0.960185185185185
-0.9521604938271603
-0.9790123456790122
-0.9774691358024689
-0.9700617283950616
-0.9503086419753086
-0.9728395061728391
-0.9675925925925922
-0.9827160493827158
-0.9478395061728393
-0.9472222222222219
-0.9749999999999999
-0.9645061728395059
-0.9756172839506169
-0.962654320987654
-0.9722222222222219
-0.9716049382716044
-0.966358024691358
-0.9799382716049382
-0.9700617283950614
-0.9358024691358023
-0.9660493827160495
-0.9453703703703699
-0.9675925925925921
-0.9493827160493826
-0.9709876543209874
-0.9592592592592588
-0.9663580246913578
-0.9873456790123456
-0.9700617283950616
-0.9845679012345679
-0.94537037037037
-0.9388888888888886
-0.9901234567901231
-0.9620370370370368
-0.9419753086419752
-0.9716049382716044
-0.9675925925925923
-0.9700617283950614
-0.9419753086419749
-0.9052469135802468
-0.9706790123456789
-0.9663580246913579
-0.974691358024691
-0.9317901234567898
-0.9679012345679007
-0.9490740740740738
-0.961111111111111
-0.9734567901234567
-0.9524691358024686
-0.9873456790123456
-0.9567901234567896
-0.9796296296296293
-0.9623456790123454
-0.9700617283950616
-0.9506172839506173
-0.9484567901234565
-0.9518518518518511
-0.9604938271604934
-0.9734567901234567
-0.9672839506172839
-0.9546296296296293
-0.9811728395061727
-0.912962962962963
-0.9771604938271602
-0.9694444444444442
-0.9484567901234567
-0.979938271604938
-0.9395061728395061
-0.9552469135802466
-0.9694444444444442
-0.9768518518518516
-0.9540123456790119
-0.9796296296296294
-0.9623456790123455
-0.9719135802469132
-0.9589506172839504
-0.9305555555555551
-0.968827160493827
-0.9518518518518514
-0.9824074074074073
-0.9499999999999995
-0.9703703703703699
-0.9904320987654318
-0.9864197530864196
-0.9592592592592593
-0.9509259259259255
-0.9450617283950618
-0.9493827160493821
-0.9638888888888887
-0.9728395061728391
-0.9561728395061727
-0.9552469135802466
-0.9759259259259258
-0.9697530864197528
-0.966975308641975
-0.9805555555555553
-0.9728395061728393
-0.9648148148148148
-0.9675925925925923
-0.9580246913580244
-0.9845679012345678
-0.9679012345679009
-0.974074074074074
-0.9401234567901238
-0.9506172839506172
-0.9737654320987648
-0.9243827160493826
-0.9657407407407403
-0.9685185185185182
-0.9441358024691355
