-0.5169753086419754
-0.7407407407407407
-0.8432098765432097
-0.6561728395061726
-0.7512345679012343
-0.7996913580246916
-0.45277777777777783
-0.6873456790123457
-0.6577160493827161
-0.7376543209876542
-0.7339506172839505
-0.48611111111111105
-0.49753086419753095
-0.6564814814814813
-0.661111111111111
-0.7432098765432097
-0.679320987654321
-0.7503086419753084
-0.7546296296296298
-0.7425925925925927
-0.8243827160493831
-0.7379629629629626
-0.6645061728395062
-0.7910493827160494
-0.7296296296296295
-0.6493827160493824
-0.6790123456790125
-0.6966049382716051
-0.7509259259259261
-0.8265432098765432
-0.726851851851852
-0.7996913580246907
-0.7999999999999999
-0.6274691358024692
-0.7009259259259261
-0.5098765432098766
-0.7237654320987654
-0.7654320987654321
-0.6429012345679012
-0.642283950617284
-0.6944444444444445
-0.7379629629629628
-0.6092592592592591
-0.7249999999999998
-0.7669753086419752
-0.7749999999999998
-0.6537037037037039
-0.6929012345679013
-0.7910493827160497
-0.5978395061728393
-0.6287037037037037
-0.7151234567901236
-0.7203703703703702
-0.3419753086419754
-0.616358024691358
-0.8061728395061726
-0.7287037037037039
-0.7925925925925925
-0.5706790123456791
-0.7172839506172838
-0.7583333333333331
-0.6024691358024692
-0.6629629629629631
-0.5876543209876541
-0.7138888888888886
-0.8262345679012344
-0.5984567901234568
-0.5395061728395061
-0.6811728395061728
-0.704012345679012
-0.7558641975308642
-0.7543209876543209
-0.7660493827160494
-0.7123456790123457
-0.5916666666666665
-0.6830246913580247
-0.7709876543209877
-0.6009259259259259
-0.6608024691358023
-0.694753086419753
-0.5354938271604939
-0.6620370370370369
-0.6157407407407407
-0.6833333333333331
-0.7447530864197532
-0.6962962962962961
-0.7617283950617283
-0.8475308641975307
-0.7046296296296294
-0.6873456790123456
-0.7154320987654323
-0.659567901234568
-0.5910493827160492
-0.8496913580246913
-0.637037037037037
-0.6191358024691355
-0.6478395061728397
-0.6858024691358027
-0.6472222222222223
-0.6253086419753086
-0.7564814814814816
-0.6012345679012349
-0.7055555555555557
-0.7391975308641976
-0.6916666666666669
-0.8546296296296295
-0.7212962962962963
-0.6376543209876543
-0.604320987654321
-0.6500000000000001
-0.7398148148148153
-0.6172839506172841
-0.7796296296296297
-0.6376543209876542
-0.6836419753086421
-0.7172839506172839
-0.76358024691358
-0.528395061728395
-0.6679012345679014
-0.6098765432098766
-0.7203703703703703
-0.5620370370370369
-0.7246913580246915
-0.7919753086419755
-0.46851851851851845
-0.8018518518518521
-0.6493827160493827
-0.6888888888888889
-0.6009259259259259
-0.6407407407407408
-0.662037037037037
-0.6719135802469137
-0.6484567901234569
-0.7049382716049382
-0.7592592592592594
-0.7478395061728393
-0.7885802469135803
-0.4657407407407408
-0.5771604938271604
-0.6166666666666666
-0.612037037037037
-0.7987654320987655
-0.8555555555555557
-0.6783950617283949
-0.49135802469135803
-0.5842592592592593
-0.6194444444444444
-0.6898148148148147
-0.750925925925926
-0.6709876543209876
-0.723456790123457
-0.6228395061728397
-0.6351851851851854
-0.6419753086419753
-0.6320987654320988
-0.5802469135802468
-0.6691358024691356
-0.8080246913580245
-0.427469135802469
-0.6808641975308645
-0.8391975308641972
-0.6935185185185185
-0.730246913580247
-0.83179012345679
-0.7203703703703704
-0.7006172839506171
-0.6274691358024691
-0.6950617283950618
-0.6598765432098769
-0.7141975308641976
-0.5935185185185184
-0.6709876543209876
-0.6067901234567903
-0.6771604938271608
-0.3925925925925927
-0.6666666666666666
-0.8169753086419753
-0.616358024691358
-0.6138888888888886
-0.7296296296296295
-0.7311728395061728
-0.6796296296296291
-0.5444444444444445
-0.683641975308642
-0.7635802469135801
-0.6246913580246914
-0.6629629629629629
-0.7734567901234571
-0.6836419753086419
-0.690432098765432
-0.8012345679012346
-0.7663580246913583
