-0.6620370370370371
-0.8969135802469133
-0.792283950617284
-0.8438271604938269
-0.7324074074074074
-0.8790123456790124
-0.6256172839506174
-0.5984567901234569
-0.7441358024691357
-0.7432098765432096
-0.8240740740740742
-0.7382716049382716
-0.8672839506172844
-0.7317901234567904
-0.6987654320987656
-0.6601851851851852
-0.8407407407407406
-0.7799382716049384
-0.6246913580246911
-0.7808641975308643
-0.8623456790123458
-0.822530864197531
-0.7959876543209875
-0.9061728395061726
-0.7157407407407409
-0.7768518518518521
-0.7524691358024693
-0.6444444444444444
-0.6141975308641976
-0.7805555555555553
-0.6938271604938271
-0.8040123456790121
-0.8293209876543212
-0.6543209876543211
-0.644753086419753
-0.7274691358024692
-0.7342592592592595
-0.828703703703704
-0.848456790123457
-0.6762345679012346
-0.8734567901234566
-0.8317901234567899
-0.8074074074074076
-0.746604938271605
-0.767901234567901
-0.8373456790123455
-0.7987654320987652
-0.7734567901234567
-0.8484567901234565
-0.8469135802469133
-0.7611111111111111
-0.789814814814815
-0.8601851851851853
-0.7753086419753085
-0.736111111111111
-0.8135802469135803
-0.7111111111111115
-0.8250000000000001
-0.7080246913580249
-0.7907407407407409
-0.8388888888888888
-0.7709876543209878
-0.7808641975308641
-0.7462962962962962
-0.7697530864197528
-0.7635802469135801
-0.8070987654320991
-0.875617283950617
-0.8283950617283949
-0.8435185185185186
-0.8234567901234568
-0.8981481481481481
-0.8175925925925926
-0.7466049382716045
-0.7024691358024687
-0.6969135802469137
-0.649691358024691
-0.6867283950617284
-0.8188271604938269
-0.7456790123456789
-0.7935185185185182
-0.7922839506172838
-0.7969135802469137
-0.7552469135802471
-0.6925925925925925
-0.7049382716049382
-0.758641975308642
-0.7629629629629628
-0.8317901234567896
-0.8280864197530865
-0.7824074074074072
-0.8234567901234565
-0.585185185185185
-0.7466049382716048
-0.8574074074074071
-0.8086419753086418
-0.8246913580246915
-0.707716049382716
-0.7746913580246912
-0.7935185185185184
-0.8441358024691354
-0.7342592592592592
-0.7379629629629633
-0.8169753086419749
-0.6734567901234567
-0.7141975308641978
-0.8179012345679013
-0.715432098765432
-0.8524691358024692
-0.8148148148148147
-0.659567901234568
-0.698456790123457
-0.634567901234568
-0.5975308641975309
-0.7027777777777778
-0.6947530864197528
-0.7546296296296298
-0.5901234567901236
-0.7561728395061729
-0.6969135802469135
-0.7617283950617287
-0.7317901234567901
-0.6913580246913579
-0.7743827160493824
-0.5638888888888889
-0.8348765432098767
-0.7527777777777782
-0.8993827160493829
-0.7999999999999997
-0.7234567901234567
-0.8003086419753086
-0.7435185185185185
-0.7929012345679012
-0.8413580246913579
-0.7913580246913577
-0.7617283950617285
-0.7756172839506177
-0.700925925925926
-0.8336419753086414
-0.70679012345679
-0.819753086419753
-0.7512345679012343
-0.8030864197530864
-0.6151234567901234
-0.696604938271605
-0.7404320987654318
-0.8027777777777777
-0.6762345679012346
-0.6827160493827161
-0.7824074074074077
-0.7675925925925926
-0.7654320987654317
-0.7839506172839502
-0.8336419753086417
-0.7703703703703704
-0.8166666666666668
-0.7444444444444441
-0.8216049382716047
-0.8009259259259258
-0.7932098765432098
-0.7787037037037038
-0.7466049382716047
-0.8456790123456791
-0.787037037037037
-0.7351851851851854
-0.7777777777777775
-0.7672839506172839
-0.7033950617283952
-0.7919753086419754
-0.7697530864197527
-0.6830246913580247
-0.7996913580246912
-0.7530864197530864
-0.744135802469136
-0.7796296296296297
-0.7395061728395061
-0.8249999999999998
-0.7169753086419756
-0.7543209876543208
-0.7487654320987654
-0.8287037037037037
-0.7206790123456791
-0.6814814814814815
-0.8731481481481479
-0.7956790123456793
-0.8141975308641977
-0.6993827160493827
-0.7518518518518519
-0.8222222222222219
-0.8271604938271604
-0.7820987654320984
-0.8037037037037036
