-0.24598765432098768
-0.21141975308641975
-0.43487654320987656
-0.18518518518518517
-0.039506172839506186
-0.25432098765432093
-0.21759259259259267
-0.09135802469135802
-0.03888888888888884
-0.06790123456790127
0.03888888888888887
-0.3148148148148149
-0.08549382716049383
-0.3876543209876543
-0.14351851851851852
-0.21111111111111108
-0.3317901234567901
0.015123456790123443
-0.10370370370370367
0.011111111111111047
-0.18611111111111117
-0.002160493827160477
-0.04197530864197531
-0.4629629629629628
0.0070987654320987855
0.05864197530864195
-0.1478395061728395
-0.1854938271604938
-0.22870370370370363
-0.03179012345679013
-0.14197530864197538
-0.1598765432098765
0.28333333333333316
0.2638888888888889
-0.3783950617283951
-0.36203703703703705
-0.33981481481481474
-0.2966049382716049
0.12037037037037038
0.033333333333333305
-0.2182098765432098
-0.20555555555555577
0.07839506172839511
-0.18364197530864196
-0.010493827160493824
-0.5388888888888889
-0.16080246913580254
0.13580246913580246
0.005246913580246922
-0.08765432098765433
-0.0660493827160494
0.07129629629629629
-0.35895061728395056
-0.23827160493827151
-0.015740740740740746
-0.24228395061728394
-0.09567901234567901
-0.1978395061728394
-0.10586419753086423
-0.1089506172839506
-0.29197530864197546
-0.07253086419753084
0.067283950617284
-0.03858024691358023
0.14012345679012347
-0.13641975308641976
-0.19845679012345677
-0.1095679012345679
-0.22592592592592595
-0.16327160493827161
0.06512345679012346
-0.05925925925925926
-0.3388888888888889
-0.15092592592592588
-0.2138888888888889
-0.23179012345679012
-0.28302469135802466
-0.33055555555555555
-0.37716049382716055
-0.2577160493827159
-0.19351851851851848
-0.03117283950617289
-0.09475308641975307
-0.20432098765432094
0.017901234567901225
-0.146604938271605
0.07191358024691356
-0.2722222222222222
-0.10679012345679012
-0.057716049382716045
-0.08703703703703701
-0.061419753086419795
-0.3824074074074073
0.27253086419753075
-0.14598765432098762
-0.07222222222222223
0.023765432098765398
0.1305555555555555
-0.13333333333333333
-0.24506172839506168
-0.16728395061728396
0.03734567901234569
0.14876543209876544
-0.24320987654320989
-0.11265432098765431
-0.41944444444444445
-0.05339506172839505
0.18549382716049376
0.06327160493827168
-0.26851851851851843
-0.0033950617283950843
-0.22993827160493827
-0.12932098765432096
-0.04259259259259266
-0.33271604938271615
-0.34691358024691354
-0.2521604938271605
-0.15956790123456788
-0.04722222222222221
-0.4077160493827161
-0.13395061728395055
0.07654320987654321
-0.19938271604938265
-0.05617283950617286
-0.1972222222222223
-0.49074074074074064
-0.2126543209876543
-0.28425925925925916
0.2512345679012346
-0.38425925925925936
-0.07314814814814816
-0.1462962962962963
0.008641975308641959
-0.2061728395061729
-0.04814814814814819
0.017901234567901266
-0.2768518518518519
-0.4339506172839503
-0.14845679012345675
-0.2388888888888889
-0.06080246913580248
-0.1342592592592592
-0.5845679012345679
-0.13827160493827154
-0.16080246913580243
-0.27561728395061724
-0.1731481481481482
-0.09166666666666665
-0.05740740740740739
-0.1398148148148149
-0.11882716049382709
0.06327160493827162
-0.22006172839506175
-0.4916666666666668
-0.11543209876543208
-0.11203703703703702
0.2188271604938271
-0.3339506172839506
-0.31111111111111106
0.12746913580246916
-0.019135802469135807
-0.19537037037037036
-0.10061728395061728
-0.3885802469135803
-0.1996913580246913
-0.19320987654320992
-0.08487654320987656
-0.22932098765432096
-0.2453703703703703
-0.34722222222222215
-0.004012345679012343
-0.2722222222222222
0.06913580246913581
-0.2799382716049382
-0.1817901234567901
0.012962962962962987
0.09135802469135795
-0.11296296296296297
-0.08086419753086416
-0.2216049382716049
0.044753086419753084
0.27499999999999997
-0.17037037037037034
0.059567901234567906
-0.05493827160493824
0.18858024691358022
0.13950617283950617
-0.03333333333333333
-0.1771604938271605
0.15061728395061733
0.10524691358024693
-0.22746913580246916
