0.04228395061728396
-0.25370370370370376
-0.16419753086419756
-0.11388888888888887
-0.35339506172839513
-0.34907407407407404
-0.29104938271604947
-0.18364197530864196
-0.16450617283950622
-0.37006172839506163
-0.3132716049382716
-0.2496913580246914
-0.4209876543209876
-0.34351851851851845
-0.24012345679012348
-0.1339506172839506
0.21234567901234566
-0.1657407407407408
-0.4030864197530864
-0.2521604938271605
-0.03086419753086419
-0.3070987654320988
-0.28858024691358025
-0.4259259259259257
-0.6012345679012348
-0.12006172839506174
-0.3459876543209877
-0.24722222222222223
-0.3222222222222222
-0.3212962962962963
-0.32932098765432083
-0.1240740740740741
-0.6095679012345679
-0.08765432098765431
-0.3219135802469136
-0.4216049382716049
0.06388888888888888
-0.5546296296296297
-0.24104938271604942
-0.29845679012345677
-0.11419753086419752
-0.1253086419753087
-0.5037037037037037
-0.1395061728395062
-0.055555555555555546
-0.3515432098765432
-0.4555555555555556
-0.19691358024691355
-0.2811728395061729
-0.637962962962963
-0.12901234567901232
-0.4802469135802469
-0.1320987654320988
-0.5089506172839504
-0.6438271604938272
-0.4462962962962963
-0.25771604938271603
-0.22067901234567908
-0.3043209876543211
-0.1299382716049383
-0.4314814814814815
-0.3543209876543209
0.00462962962962963
0.09506172839506176
-0.23611111111111108
-0.34938271604938276
-0.5287037037037039
-0.2731481481481481
-0.5175925925925927
-0.3108024691358025
-0.21049382716049386
-0.42592592592592593
-0.30185185185185187
-0.3907407407407408
-0.3851851851851853
-0.3444444444444444
-0.12870370370370368
-0.3540123456790124
-0.40061728395061735
-0.2842592592592592
-0.2552469135802469
-0.26419753086419745
-0.36080246913580244
-0.005555555555555591
-0.38796296296296295
-0.3290123456790123
-0.5179012345679013
-0.43333333333333346
-0.29382716049382707
-0.44320987654321004
-0.3574074074074074
-0.5382716049382715
-0.23086419753086415
-0.05802469135802471
-0.2808641975308641
0.00740740740740741
-0.5348765432098763
-0.21851851851851847
-0.4768518518518519
-0.3879629629629629
-0.32870370370370366
-0.253395061728395
-0.5163580246913579
-0.3820987654320988
-0.15370370370370376
-0.34413580246913583
-0.19598765432098766
0.1064814814814815
-0.20709876543209887
-0.4074074074074074
0.06450617283950617
-0.421604938271605
-0.5435185185185186
-0.3182098765432098
-0.1410493827160494
-0.4203703703703703
-0.3083333333333333
-0.49753086419753095
-0.29938271604938266
-0.5459876543209876
-0.34814814814814815
-0.23425925925925928
-0.09598765432098764
-0.27777777777777773
-0.33333333333333326
0.029320987654321003
-0.37499999999999994
-0.2574074074074074
-0.19475308641975303
-0.1126543209876543
-0.2746913580246913
-0.2743827160493827
-0.10833333333333334
-0.4922839506172838
-0.17561728395061718
-0.3506172839506173
-0.625
-0.20679012345679018
-0.54320987654321
-0.3243827160493827
-0.33086419753086427
-0.28950617283950625
-0.027777777777777776
-0.2731481481481481
-0.14660493827160498
-0.38302469135802475
-0.6148148148148146
-0.40925925925925927
-0.1419753086419753
-0.36882716049382724
-0.05709876543209876
-0.3237654320987654
-0.5907407407407407
-0.13950617283950614
-0.32469135802469135
-0.5919753086419753
-0.3296296296296297
-0.5259259259259258
-0.39999999999999997
-0.39506172839506176
-0.4651234567901234
-0.2265432098765432
-0.17407407407407408
-0.5691358024691356
-0.4320987654320988
-0.3716049382716049
-0.46944444444444433
0.08487654320987653
-0.2910493827160492
-0.16234567901234567
-0.15277777777777773
-0.43209876543209874
-0.21327160493827169
-0.245679012345679
-0.17283950617283952
-0.19722222222222224
-0.5095679012345679
-0.4296296296296294
-0.2175925925925926
-0.34537037037037044
0.007098765432098762
-0.03209876543209877
-0.22993827160493827
-0.033024691358024744
-0.10679012345679023
-0.45648148148148143
-0.2503086419753086
-0.18827160493827164
-0.38950617283950617
-0.49351851851851847
-0.3854938271604937
-0.24104938271604937
