0.09753086419753086
0.5027777777777779
0.29104938271604935
0.0691358024691358
0.4780864197530865
0.029629629629629606
0.31574074074074077
0.1209876543209877
0.18271604938271593
0.2302469135802469
0.21265432098765435
0.162037037037037
0.23672839506172838
0.26358024691358023
0.41388888888888886
0.2561728395061729
-0.1765432098765431
0.0768518518518519
0.1601851851851851
0.26234567901234573
0.28580246913580243
0.2830246913580246
-0.06820987654320988
-0.17253086419753086
0.17993827160493828
0.1842592592592592
0.1867283950617284
-0.04444444444444443
0.09876543209876543
0.24783950617283948
-0.17067901234567903
0.3604938271604939
0.4450617283950618
0.22993827160493827
0.09290123456790121
0.062345679012345674
0.15771604938271602
0.26018518518518524
0.1148148148148148
0.21882716049382706
0.4740740740740742
0.1719135802469136
-0.19135802469135804
0.23919753086419757
0.11265432098765431
-0.18487654320987654
0.2033950617283951
0.1740740740740741
0.27438271604938275
0.09814814814814815
0.352469135802469
0.20555555555555555
-0.07283950617283955
-0.18611111111111114
0.10154320987654315
0.1882716049382716
0.13333333333333336
0.21944444444444444
0.057716049382716086
0.19783950617283955
0.2944444444444444
0.2577160493827159
0.22716049382716047
0.2
0.4907407407407408
0.3993827160493828
0.27345679012345675
0.37376543209876545
0.13240740740740742
-0.0811728395061728
0.4561728395061729
0.0074074074074073895
0.17777777777777778
0.12623456790123455
0.2583333333333333
0.3583333333333334
0.19351851851851856
0.4302469135802468
0.10092592592592593
0.2595679012345679
0.3225308641975308
0.013580246913580282
0.023456790123456774
0.13395061728395058
0.1416666666666667
0.17870370370370375
0.3515432098765433
0.44320987654320987
0.42314814814814816
0.2277777777777778
0.22345679012345668
0.34876543209876537
0.14197530864197522
-0.011111111111111108
0.04907407407407407
0.3910493827160494
0.20401234567901233
0.4916666666666666
-0.004012345679012348
0.2243827160493827
-0.03703703703703704
0.14012345679012347
0.1774691358024691
-0.002469135802469129
0.3280864197530865
0.4419753086419752
0.0564814814814815
-0.026851851851851846
0.11790123456790129
0.1700617283950618
0.2234567901234568
0.30956790123456795
0.3524691358024691
0.16604938271604924
-0.04166666666666667
0.2043209876543209
0.045061728395061736
0.15925925925925924
-0.1308641975308642
0.0987654320987654
0.4243827160493827
-0.05092592592592594
0.12808641975308643
0.25154320987654327
-0.056481481481481494
0.23549382716049386
0.010185185185185146
0.3672839506172839
0.26512345679012345
0.010493827160493843
0.34197530864197534
0.42469135802469155
0.024382716049382715
0.10802469135802471
-0.026851851851851873
-0.01728395061728395
0.08518518518518522
-0.2425925925925925
0.02685185185185184
-0.25216049382716044
0.24753086419753084
0.4009259259259261
0.15802469135802472
0.3978395061728396
0.35185185185185186
0.4882716049382715
-0.09567901234567905
0.2796296296296296
0.18456790123456784
0.3929012345679011
0.06759259259259258
0.29907407407407405
0.3206790123456791
0.04753086419753085
0.08518518518518521
-0.11111111111111112
0.3595679012345679
-0.06265432098765429
0.31049382716049384
-0.03950617283950618
0.34629629629629616
0.18641975308641975
0.06759259259259262
-0.019753086419753093
0.09969135802469135
-0.08302469135802472
0.20802469135802468
0.24876543209876542
0.11018518518518518
0.29629629629629617
0.19969135802469137
0.25185185185185177
0.08858024691358028
-0.029938271604938265
0.34104938271604934
0.3780864197530863
0.19197530864197523
0.22314814814814812
-0.048765432098765424
0.19567901234567897
0.09104938271604937
0.1212962962962963
-0.05555555555555555
0.2941358024691358
0.3737654320987654
0.22283950617283954
0.0873456790123457
0.023148148148148147
0.23487654320987655
0.06296296296296296
0.46697530864197534
0.13055555555555556
