-0.47777777777777775
-0.312037037037037
-0.27129629629629637
-0.2938271604938272
-0.2333333333333334
-0.5179012345679013
-0.11111111111111112
-0.39691358024691364
-0.37746913580246916
-0.11296296296296295
-0.5225308641975308
-0.3808641975308642
-0.5206790123456789
-0.4577160493827161
-0.44104938271604943
-0.39104938271604933
-0.35648148148148145
-0.14135802469135803
-0.28395061728395066
-0.5552469135802467
-0.3987654320987654
-0.47592592592592575
-0.17685185185185182
-0.5793209876543209
-0.43179012345679
-0.044444444444444425
-0.24969135802469142
-0.203395061728395
-0.37345679012345684
-0.1787037037037037
-0.01574074074074074
-0.3570987654320988
-0.4163580246913581
-0.3746913580246913
-0.1243827160493827
-0.5030864197530863
-0.26975308641975304
-0.43456790123456773
-0.2953703703703704
-0.20802469135802462
-0.537962962962963
-0.5533950617283951
-0.3398148148148149
-0.31697530864197526
-0.44475308641975314
-0.33333333333333337
-0.5512345679012346
-0.32345679012345674
-0.23518518518518514
-0.45061728395061723
-0.06851851851851852
-0.34135802469135795
-0.5558641975308641
-0.3944444444444443
-0.37530864197530867
-0.3629629629629628
-0.396604938271605
-0.5391975308641973
-0.3114197530864197
-0.42469135802469127
-0.3049382716049383
-0.2527777777777778
-0.5580246913580246
0.018209876543209866
-0.4441358024691358
-0.2030864197530864
-0.0669753086419753
-0.5641975308641975
-0.32499999999999996
-0.43796296296296283
-0.25092592592592594
0.03919753086419753
-0.39691358024691353
-0.45833333333333326
-0.5290123456790125
-0.38117283950617276
-0.6043209876543213
-0.36111111111111127
-0.4552469135802468
-0.0910493827160494
-0.3817901234567901
-0.49567901234567907
-0.5172839506172839
0.1521604938271604
-0.17253086419753086
-0.5157407407407406
-0.6660493827160494
-0.43950617283950627
-0.3956790123456791
-0.47530864197530864
-0.3629629629629629
0.036728395061728404
-0.3725308641975308
-0.345679012345679
-0.28765432098765426
-0.354938271604938
-0.6435185185185187
-0.4256172839506173
-0.4929012345679012
-0.5632716049382717
-0.3179012345679013
-0.5132716049382716
-0.05246913580246912
-0.266358024691358
-0.4503086419753087
-0.24629629629629626
-0.095679012345679
-0.47469135802469137
-0.2641975308641975
-0.4854938271604939
-0.1685185185185185
-0.1151234567901235
-0.3938271604938272
-0.3916666666666666
-0.5780864197530865
-0.3043209876543211
-0.26697530864197533
-0.33024691358024694
-0.42129629629629634
-0.3799382716049383
-0.28148148148148155
-0.6635802469135802
-0.25216049382716055
-0.38487654320987646
-0.13518518518518519
-0.5685185185185184
-0.42685185185185187
-0.19043209876543213
-0.3348765432098767
-0.0012345679012345696
-0.11697530864197529
-0.4265432098765433
-0.5046296296296295
-0.3419753086419754
-0.3487654320987655
-0.0725308641975309
-0.26975308641975315
-0.44320987654320987
-0.5209876543209876
-0.5305555555555556
-0.2787037037037036
-0.2820987654320988
-0.5188271604938272
-0.5151234567901233
-0.40092592592592585
-0.4290123456790123
-0.5382716049382715
-0.5203703703703705
-0.15648148148148153
-0.12839506172839502
-0.15617283950617283
-0.26635802469135794
-0.13179012345679014
-0.04814814814814814
-0.34259259259259256
-0.12098765432098767
-0.5827160493827162
-0.3814814814814813
-0.13425925925925922
-0.3694444444444444
-0.11944444444444442
-0.362962962962963
-0.47870370370370363
-0.24660493827160496
-0.3762345679012345
-0.42901234567901253
-0.2762345679012345
-0.3444444444444444
-0.5058641975308643
-0.6802469135802469
-0.24722222222222226
-0.3166666666666666
-0.6342592592592593
-0.6098765432098765
-0.361111111111111
-0.27962962962962956
-0.4938271604938271
-0.5490740740740739
-0.12839506172839496
-0.36172839506172827
-0.29660493827160495
-0.34320987654320984
-0.391358024691358
-0.4648148148148149
-0.21141975308641972
-0.33765432098765424
-0.25709876543209886
-0.44012345679012366
-0.020061728395061748
-0.4623456790123457
-0.12962962962962965
-0.3490740740740741
