0.5398148148148146
0.3851851851851851
0.7163580246913577
0.5817901234567898
0.554320987654321
0.6398148148148147
0.8018518518518518
0.6185185185185185
0.717283950617284
0.6765432098765432
0.5336419753086419
0.6376543209876544
0.6527777777777773
0.7540123456790124
0.6197530864197531
0.8243827160493826
0.5033950617283949
0.6888888888888887
0.45679012345679004
0.1447530864197531
0.5595679012345677
0.35308641975308636
0.7555555555555556
0.6080246913580247
0.37962962962962954
0.5898148148148149
0.43611111111111106
0.5540123456790126
0.5422839506172838
0.8154320987654319
0.6126543209876542
0.5546296296296297
0.6731481481481479
0.6401234567901234
0.6154320987654319
0.6373456790123456
0.6061728395061726
0.6950617283950613
0.6870370370370373
0.7037037037037036
0.6722222222222226
0.7589506172839505
0.6737654320987653
0.4024691358024692
0.27716049382716046
0.47962962962962963
0.508641975308642
0.4348765432098765
0.6725308641975308
0.5651234567901234
0.6212962962962963
0.6790123456790124
0.4348765432098766
0.6095679012345679
0.7120370370370367
0.7228395061728392
0.6462962962962963
0.6024691358024692
0.5277777777777779
0.5873456790123458
0.6061728395061728
0.8324074074074074
0.38827160493827156
0.5185185185185184
0.6626543209876544
0.5216049382716049
0.45277777777777767
0.8274691358024688
0.6487654320987655
0.5518518518518519
0.6027777777777776
0.7101851851851853
0.6123456790123458
0.49259259259259264
0.49999999999999994
0.7466049382716047
0.7123456790123455
0.7435185185185186
0.7444444444444446
0.6734567901234566
0.4154320987654321
0.3932098765432099
0.704012345679012
0.5583333333333332
0.6012345679012346
0.4913580246913581
0.7172839506172836
0.6324074074074075
0.5330246913580247
0.5401234567901234
0.4904320987654321
0.5018518518518517
0.5614197530864197
0.762962962962963
0.4641975308641975
0.575
0.6586419753086421
0.4777777777777778
0.6404320987654321
0.7984567901234568
0.4006172839506172
0.8018518518518517
0.5185185185185186
0.4700617283950616
0.5287037037037038
0.6459876543209878
0.6675925925925927
0.5537037037037038
0.6259259259259261
0.4768518518518518
0.7780864197530865
0.6046296296296296
0.5481481481481482
0.7700617283950617
0.5435185185185186
0.6172839506172839
0.2574074074074074
0.7277777777777776
0.6438271604938272
0.5876543209876545
0.5756172839506172
0.707098765432099
0.8003086419753084
0.39598765432098765
0.6253086419753088
0.43703703703703695
0.717283950617284
0.6941358024691359
0.40401234567901234
0.6697530864197533
0.644753086419753
0.6450617283950617
0.694753086419753
0.664814814814815
0.7851851851851848
0.5040123456790122
0.7324074074074074
0.6891975308641975
0.7728395061728397
0.6962962962962963
0.46697530864197534
0.7169753086419751
0.6925925925925925
0.6395061728395063
0.4175925925925926
0.5391975308641975
0.6361111111111113
0.5996913580246912
0.5734567901234567
0.6666666666666667
0.47932098765432085
0.3984567901234568
0.3987654320987653
0.6864197530864194
0.5679012345679014
0.691358024691358
0.5682098765432101
0.7317901234567898
0.745679012345679
0.7160493827160495
0.612654320987654
0.4095679012345678
0.49228395061728386
0.7114197530864197
0.5654320987654321
0.7172839506172839
0.5111111111111112
0.6524691358024692
0.3839506172839505
0.7037037037037037
0.5932098765432099
0.6580246913580245
0.5339506172839505
0.4753086419753087
0.5333333333333331
0.6972222222222223
0.5228395061728395
0.5882716049382718
0.7679012345679012
0.7185185185185184
0.6095679012345678
0.7388888888888888
0.6422839506172838
0.73858024691358
0.7882716049382715
0.5879629629629631
0.6666666666666663
0.5018518518518519
0.5811728395061727
0.5648148148148148
0.6515432098765432
0.6419753086419753
