-0.999074074074074
-0.9993827160493827
-0.9987654320987654
-0.9981481481481481
-1.0
-0.9962962962962963
-0.9987654320987654
-0.999074074074074
-0.999074074074074
-0.9996913580246913
-0.9972222222222221
-0.9984567901234568
-1.0
-0.9981481481481481
-0.999074074074074
-0.9987654320987654
-0.9996913580246913
-1.0
-1.0
-0.9987654320987654
-0.9978395061728395
-0.9993827160493827
-1.0
-0.999074074074074
-0.9987654320987654
-1.0
-0.9966049382716048
-0.9944444444444442
-1.0
-0.9996913580246913
-0.9993827160493827
-0.9984567901234568
-1.0
-1.0
-0.9981481481481481
-0.9975308641975308
-0.9978395061728395
-0.9953703703703702
-0.9993827160493827
-1.0
-0.9969135802469135
-0.9996913580246913
-0.9938271604938271
-1.0
-1.0
-0.9993827160493827
-0.9993827160493827
-0.9950617283950617
-0.9993827160493827
-0.9996913580246913
-0.9996913580246913
-0.9962962962962962
-0.9956790123456789
-0.9993827160493827
-0.9984567901234568
-0.9993827160493827
-1.0
-0.999074074074074
-0.9953703703703702
-0.9987654320987654
-0.9984567901234568
-1.0
-0.9959876543209876
-0.9969135802469135
-0.9993827160493827
-1.0
-0.9981481481481481
-0.9993827160493827
-0.9996913580246913
-0.9993827160493827
-0.9996913580246913
-0.9987654320987654
-0.9987654320987654
-0.9972222222222221
-0.9975308641975308
-0.9956790123456789
-0.999074074074074
-0.9981481481481481
-1.0
-0.9969135802469135
-0.991975308641975
-0.9895061728395059
-0.9993827160493827
-0.9993827160493827
-0.9987654320987654
-0.999074074074074
-0.9981481481481481
-0.9972222222222221
-1.0
-0.9993827160493827
-0.9984567901234568
-0.9959876543209876
-1.0
-1.0
-0.9996913580246913
-0.9996913580246913
-0.9987654320987654
-0.999074074074074
-1.0
-0.9981481481481481
-0.999074074074074
-0.999074074074074
-0.9972222222222221
-0.999074074074074
-0.9913580246913578
-0.999074074074074
-0.999074074074074
-1.0
-0.999074074074074
-0.9969135802469135
-1.0
-1.0
-0.9993827160493827
-1.0
-0.999074074074074
-0.9981481481481481
-0.9993827160493827
-0.9993827160493827
-0.9996913580246913
-0.9996913580246913
-0.9969135802469135
-0.9972222222222221
-0.9996913580246913
-0.999074074074074
-0.9993827160493827
-1.0
-0.9993827160493827
-0.9993827160493827
-0.9984567901234568
-0.9984567901234568
-0.9978395061728395
-0.999074074074074
-0.9993827160493827
-0.9987654320987654
-0.9993827160493827
-0.9987654320987654
-0.9972222222222221
-0.9969135802469135
-1.0
-1.0
-0.9996913580246913
-0.9987654320987654
-0.9984567901234568
-0.9925925925925925
-0.9993827160493827
-0.9981481481481481
-1.0
-0.9981481481481481
-1.0
-0.9978395061728395
-0.9975308641975308
-1.0
-1.0
-1.0
-0.995679012345679
-0.9987654320987654
-0.9993827160493827
-0.9996913580246913
-1.0
-0.9981481481481481
-1.0
-0.9996913580246913
-0.9993827160493827
-0.9996913580246913
-0.9993827160493827
-1.0
-0.9993827160493827
-0.9993827160493827
-0.9996913580246913
-0.9984567901234568
-0.9959876543209877
-0.9996913580246913
-0.9978395061728395
-0.9987654320987654
-0.9996913580246913
-0.9996913580246913
-1.0
-0.991358024691358
-0.9950617283950616
-1.0
-0.9996913580246913
-0.9972222222222221
-0.9975308641975308
-0.9959876543209877
-0.9981481481481481
-0.992901234567901
-0.9984567901234568
-0.9975308641975308
-0.9984567901234568
-1.0
-0.9978395061728395
-0.9993827160493827
