0.7166666666666665
0.7419753086419755
0.6953703703703705
0.6283950617283953
0.8666666666666668
0.7108024691358025
0.8274691358024688
0.7373456790123456
0.7478395061728396
0.798148148148148
0.7984567901234567
0.8003086419753086
0.7734567901234566
0.5944444444444444
0.7518518518518519
0.8771604938271605
0.8231481481481483
0.801851851851852
0.529320987654321
0.7459876543209876
0.7570987654320988
0.6209876543209878
0.7311728395061727
0.7450617283950617
0.7666666666666665
0.6743827160493828
0.8490740740740738
0.8382716049382718
0.7416666666666668
0.6391975308641975
0.6617283950617284
0.6586419753086419
0.7499999999999997
0.7787037037037036
0.8364197530864192
0.7237654320987658
0.8296296296296295
0.7447530864197529
0.6885802469135801
0.9070987654320984
0.6679012345679014
0.8283950617283948
0.6253086419753086
0.75
0.8169753086419752
0.8570987654320986
0.5472222222222222
0.6706790123456788
0.6237654320987656
0.7487654320987654
0.832407407407407
0.6033950617283949
0.6320987654320988
0.8212962962962961
0.7191358024691358
0.633641975308642
0.5953703703703703
0.7555555555555554
0.8259259259259262
0.8574074074074074
0.6645061728395061
0.641049382716049
0.8040123456790124
0.7598765432098767
0.8148148148148148
0.8487654320987653
0.6987654320987655
0.7101851851851851
0.8182098765432098
0.6586419753086421
0.6901234567901237
0.6688271604938273
0.7200617283950617
0.700925925925926
0.8206790123456791
0.7953703703703706
0.8265432098765433
0.7052469135802468
0.7506172839506172
0.6145061728395061
0.8564814814814811
0.8209876543209876
0.63641975308642
0.8141975308641974
0.821604938271605
0.866975308641975
0.6941358024691359
0.6462962962962966
0.7697530864197528
0.8191358024691358
0.729320987654321
0.7712962962962961
0.6796296296296297
0.7891975308641974
0.6435185185185186
0.7765432098765431
0.7336419753086418
0.6509259259259258
0.732098765432099
0.8373456790123454
0.7540123456790124
0.6225308641975307
0.8203703703703702
0.727777777777778
0.6750000000000003
0.762962962962963
0.8185185185185183
0.8132716049382716
0.7728395061728396
0.7354938271604936
0.830864197530864
0.47438271604938265
0.7743827160493825
0.7709876543209873
0.8774691358024692
0.8123456790123456
0.6808641975308641
0.7987654320987653
0.7450617283950617
0.6981481481481481
0.6657407407407407
0.7858024691358024
0.7972222222222222
0.8040123456790123
0.6993827160493826
0.7342592592592591
0.7006172839506172
0.8027777777777777
0.7731481481481483
0.7419753086419753
0.8330246913580244
0.6858024691358025
0.4126543209876542
0.8657407407407405
0.7240740740740742
0.6981481481481482
0.8253086419753086
0.7219135802469137
0.6506172839506174
0.7145061728395063
0.7024691358024691
0.809259259259259
0.5780864197530865
0.7367283950617285
0.7429012345679011
0.7783950617283951
0.6972222222222222
0.8123456790123456
0.7722222222222221
0.8114197530864193
0.7950617283950616
0.6709876543209875
0.8302469135802469
0.8225308641975306
0.7108024691358025
0.8398148148148147
0.7944444444444444
0.6108024691358026
0.868827160493827
0.7941358024691356
0.676851851851852
0.6787037037037034
0.6799382716049381
0.6904320987654323
0.7003086419753087
0.7574074074074074
0.5694444444444444
0.7265432098765433
0.8422839506172839
0.8429012345679012
0.6589506172839505
0.83858024691358
0.574074074074074
0.6648148148148146
0.653395061728395
0.7311728395061727
0.7629629629629632
0.6910493827160492
0.5947530864197531
0.7441358024691355
0.6617283950617284
0.6944444444444444
0.6095679012345678
0.5867283950617282
0.38148148148148153
0.8672839506172839
0.7293209876543209
0.7882716049382714
0.851234567901235
0.8256172839506171
0.8469135802469132
0.7830246913580245
