0.9320987654320987
0.9654320987654319
0.907098765432099
0.8959876543209877
0.9287037037037036
0.932716049382716
0.9749999999999998
0.985185185185185
0.9521604938271604
0.9237654320987653
0.9225308641975307
0.9496913580246912
0.8938271604938273
0.9339506172839506
0.9015432098765432
0.8188271604938274
0.9336419753086417
0.9688271604938269
0.9320987654320985
0.9574074074074074
0.9845679012345677
0.9240740740740739
0.798148148148148
0.972222222222222
0.8867283950617285
0.9682098765432096
0.9648148148148148
0.9370370370370369
0.9617283950617281
0.9419753086419749
0.9635802469135799
0.9216049382716048
0.9654320987654319
0.9191358024691357
0.9385802469135803
0.9598765432098765
0.8888888888888888
0.9101851851851851
0.9197530864197528
0.949074074074074
0.9197530864197527
0.9530864197530862
0.9299382716049379
0.9617283950617282
0.9092592592592592
0.8697530864197529
0.9287037037037037
0.9169753086419752
0.8802469135802471
0.962654320987654
0.9484567901234567
0.877469135802469
0.9722222222222222
0.9469135802469136
0.9052469135802467
0.9466049382716045
0.9391975308641973
0.9743827160493826
0.9287037037037035
0.8851851851851851
0.9206790123456785
0.9373456790123452
0.9086419753086417
0.960185185185185
0.9583333333333333
0.9330246913580243
0.9537037037037036
0.95679012345679
0.8882716049382714
0.9219135802469135
0.8416666666666666
0.9487654320987653
0.9339506172839507
0.9172839506172838
0.9777777777777775
0.9623456790123455
0.9506172839506173
0.8182098765432098
0.9311728395061726
0.9543209876543208
0.90679012345679
0.949074074074074
0.9540123456790118
0.9398148148148148
0.9472222222222222
0.9469135802469135
0.9219135802469136
0.9487654320987652
0.9330246913580246
0.9527777777777775
0.914506172839506
0.9209876543209875
0.9450617283950614
0.9456790123456787
0.9697530864197529
0.9055555555555553
0.9135802469135798
0.916358024691358
0.807716049382716
0.9388888888888889
0.9540123456790119
0.9700617283950616
0.8996913580246912
0.9629629629629629
0.8712962962962963
0.8885802469135805
0.9425925925925924
0.9558641975308643
0.8999999999999999
0.9410493827160492
0.9743827160493825
0.9089506172839504
0.9543209876543205
0.9814814814814812
0.9407407407407408
0.9811728395061728
0.9228395061728395
0.9521604938271605
0.9154320987654324
0.9222222222222223
0.954938271604938
0.9623456790123455
0.9120370370370369
0.8447530864197529
0.9435185185185183
0.9657407407407405
0.9506172839506172
0.8944444444444443
0.9617283950617284
0.9212962962962962
0.7564814814814813
0.9608024691358023
0.9317901234567899
0.9033950617283951
0.9570987654320988
0.9043209876543208
0.8891975308641972
0.91820987654321
0.9493827160493827
0.9299382716049379
0.948148148148148
0.8864197530864196
0.9595679012345677
0.861111111111111
0.9716049382716048
0.9682098765432097
0.9271604938271601
0.9836419753086417
0.9314814814814816
0.9422839506172839
0.9697530864197529
0.8996913580246912
0.915432098765432
0.9200617283950617
0.9080246913580245
0.9160493827160493
0.9728395061728393
0.9780864197530863
0.8888888888888887
0.9691358024691358
0.8987654320987654
0.8598765432098765
0.954012345679012
0.8999999999999997
0.9459876543209874
0.9524691358024691
0.9074074074074072
0.9274691358024689
0.9435185185185184
0.9833333333333333
0.964506172839506
0.953395061728395
0.9209876543209875
0.9685185185185182
0.9444444444444443
0.962962962962963
0.9592592592592591
0.85
0.9327160493827159
0.9163580246913579
0.9728395061728395
0.9256172839506172
0.9033950617283949
0.9623456790123456
0.9277777777777777
0.9780864197530862
0.9404320987654319
0.9395061728395059
0.7836419753086419
0.9604938271604934
0.9404320987654319
0.925617283950617
