0.9777777777777776
0.9861111111111109
0.9808641975308642
0.98858024691358
0.9851851851851853
0.9762345679012342
0.9898148148148146
0.9956790123456789
0.9898148148148148
0.9716049382716049
0.9944444444444444
0.9910493827160494
0.9891975308641974
0.9864197530864196
0.9691358024691358
0.9950617283950617
0.9981481481481481
0.9950617283950616
0.9891975308641974
0.960185185185185
0.9876543209876544
0.9907407407407406
0.9592592592592591
0.9722222222222221
0.9617283950617282
0.9753086419753086
0.9978395061728395
0.9734567901234567
0.9787037037037035
0.9706790123456789
0.9675925925925927
0.9737654320987652
0.9805555555555555
0.9787037037037037
0.9839506172839504
0.9802469135802467
0.9870370370370369
0.9703703703703701
0.9885802469135802
0.9845679012345677
0.9694444444444443
0.992901234567901
0.9592592592592589
0.9604938271604938
0.9858024691358023
0.9793209876543209
0.9888888888888888
0.9675925925925928
0.9904320987654318
0.975
0.9651234567901236
0.9904320987654319
0.9814814814814813
0.9777777777777775
0.9780864197530863
0.9861111111111109
0.9861111111111109
0.9706790123456789
0.9404320987654322
0.995679012345679
0.9820987654320986
0.9861111111111109
0.995679012345679
0.9916666666666667
0.9867283950617284
0.9753086419753083
0.9348765432098765
0.9842592592592592
0.9824074074074072
0.9898148148148146
0.9925925925925924
0.9888888888888889
0.9780864197530863
0.9669753086419751
0.9833333333333333
0.9814814814814813
0.9879629629629628
0.9617283950617285
0.9876543209876542
0.9648148148148148
0.8771604938271603
0.9774691358024692
0.9898148148148146
0.9879629629629626
0.9935185185185185
0.9873456790123456
0.9749999999999999
0.9848765432098764
0.9904320987654318
0.9725308641975307
0.9879629629629628
0.9737654320987653
0.9950617283950616
0.9876543209876539
0.9765432098765431
0.9873456790123457
0.9953703703703702
0.9805555555555554
0.992901234567901
0.9811728395061725
0.9783950617283946
0.9574074074074072
0.9697530864197532
0.9675925925925922
0.9888888888888887
0.9870370370370369
0.9873456790123456
0.9827160493827158
0.9675925925925927
0.9799382716049382
0.9469135802469134
0.979320987654321
0.9932098765432099
0.9861111111111109
0.9731481481481482
0.9765432098765429
0.9675925925925927
0.9712962962962962
0.9580246913580247
0.9787037037037035
0.9885802469135802
0.9632716049382712
0.9666666666666663
0.9524691358024692
0.980864197530864
0.9685185185185183
0.9222222222222223
0.9870370370370369
0.9583333333333334
0.9814814814814815
0.9861111111111109
0.9932098765432098
0.9867283950617285
0.9811728395061726
0.9993827160493827
0.9962962962962963
0.9913580246913579
0.9879629629629627
0.9771604938271603
0.9728395061728393
0.9716049382716047
0.9728395061728395
0.9867283950617284
0.9753086419753086
0.9966049382716048
0.9929012345679011
0.9592592592592593
0.9734567901234568
0.9820987654320984
0.989506172839506
0.9805555555555555
0.9796296296296295
0.9793209876543207
0.9749999999999999
0.9280864197530863
0.9765432098765433
0.9657407407407405
0.9645061728395061
0.9858024691358023
0.9351851851851851
0.9746913580246913
0.9728395061728393
0.9737654320987654
0.990432098765432
0.9635802469135801
0.9506172839506173
0.9901234567901234
0.9796296296296295
0.9882716049382714
0.9935185185185185
0.9898148148148148
0.9648148148148148
0.9700617283950617
0.9808641975308644
0.9845679012345676
0.9916666666666666
0.9743827160493824
0.9450617283950618
0.9496913580246914
0.9827160493827161
0.9669753086419753
0.9882716049382715
0.9790123456790122
0.9496913580246911
0.9638888888888889
0.9731481481481481
0.9929012345679011
0.98858024691358
0.9879629629629628
0.9858024691358024
0.9833333333333332
0.9987654320987654
