0.9583333333333331
0.9413580246913578
0.9098765432098764
0.9330246913580247
0.9046296296296296
0.9839506172839505
0.9663580246913578
0.8882716049382714
0.9336419753086418
0.9200617283950616
0.9469135802469135
0.9651234567901236
0.9592592592592588
0.9515432098765433
0.9574074074074074
0.9722222222222221
0.940432098765432
0.9425925925925928
0.9574074074074073
0.9503086419753085
0.9253086419753086
0.9737654320987653
0.9580246913580246
0.952469135802469
0.9089506172839505
0.9219135802469134
0.9601851851851851
0.9509259259259257
0.9450617283950616
0.9441358024691355
0.9743827160493826
0.9166666666666665
0.9441358024691358
0.9345679012345677
0.8753086419753088
0.9777777777777775
0.9249999999999999
0.9089506172839505
0.9271604938271607
0.8885802469135802
0.9558641975308642
0.9848765432098764
0.979012345679012
0.9037037037037037
0.960802469135802
0.8947530864197529
0.8641975308641976
0.9191358024691354
0.9521604938271602
0.9499999999999997
0.9398148148148147
0.9583333333333331
0.8944444444444443
0.9645061728395058
0.8873456790123454
0.895679012345679
0.9685185185185186
0.9651234567901233
0.9422839506172836
0.9317901234567899
0.9620370370370366
0.9499999999999997
0.9459876543209873
0.917901234567901
0.8984567901234565
0.9777777777777775
0.9638888888888888
0.9774691358024689
0.9450617283950616
0.9459876543209875
0.9527777777777776
0.9691358024691356
0.9580246913580245
0.9330246913580245
0.8256172839506172
0.9302469135802469
0.9200617283950617
0.9645061728395062
0.9706790123456787
0.9493827160493825
0.9709876543209874
0.9469135802469134
0.9503086419753086
0.9401234567901234
0.9672839506172839
0.9734567901234565
0.9249999999999999
0.9586419753086417
0.9580246913580246
0.9620370370370367
0.9530864197530863
0.9709876543209874
0.9521604938271602
0.9475308641975305
0.9194444444444444
0.8848765432098766
0.9515432098765432
0.9753086419753084
0.9429012345679008
0.9839506172839504
0.9765432098765429
0.9521604938271604
0.9290123456790121
0.9543209876543207
0.9638888888888887
0.9694444444444442
0.8861111111111112
0.9518518518518518
0.9617283950617284
0.9734567901234568
0.9370370370370368
0.9543209876543206
0.9830246913580244
0.9333333333333331
0.9296296296296294
0.8694444444444441
0.9672839506172838
0.9793209876543206
0.9237654320987654
0.9407407407407404
0.8759259259259254
0.9466049382716047
0.9669753086419752
0.9540123456790124
0.9512345679012346
0.8694444444444442
0.960185185185185
0.9472222222222221
0.9478395061728394
0.8925925925925925
0.9666666666666666
0.9049382716049382
0.9104938271604937
0.9351851851851848
0.949074074074074
0.917283950617284
0.9598765432098765
0.9487654320987652
0.9685185185185186
0.9410493827160493
0.8728395061728395
0.9404320987654321
0.9404320987654319
0.9441358024691358
0.9111111111111111
0.9478395061728394
0.9253086419753085
0.9182098765432098
0.9839506172839504
0.896296296296296
0.9067901234567898
0.9620370370370366
0.9280864197530861
0.9231481481481484
0.9317901234567898
0.9246913580246913
0.9666666666666666
0.949074074074074
0.9805555555555555
0.8675925925925928
0.9401234567901232
0.9194444444444442
0.9003086419753086
0.9496913580246914
0.9820987654320986
0.8444444444444442
0.914506172839506
0.885185185185185
0.9114197530864198
0.9867283950617283
0.9358024691358023
0.9265432098765432
0.9635802469135802
0.9376543209876541
0.9228395061728396
0.9447530864197532
0.9765432098765431
0.8768518518518518
0.9037037037037038
0.9438271604938271
0.9756172839506171
0.8993827160493826
0.9030864197530865
0.8830246913580245
0.9382716049382714
0.9555555555555554
0.8753086419753087
0.9555555555555555
0.9447530864197532
0.932716049382716
0.9691358024691354
0.9570987654320986
