0.9935185185185184
0.9981481481481481
0.9922839506172839
1.0
0.9962962962962962
0.9966049382716048
0.9984567901234568
0.9953703703703702
0.9944444444444444
0.9929012345679011
0.9913580246913579
0.9876543209876544
1.0
1.0
1.0
0.9996913580246913
0.9956790123456789
0.9969135802469135
0.9987654320987654
0.9845679012345677
1.0
0.9987654320987654
0.9993827160493827
0.9975308641975308
0.9996913580246913
0.9996913580246913
0.9996913580246913
0.994753086419753
0.9959876543209877
0.999074074074074
1.0
0.9996913580246913
0.9984567901234568
0.9953703703703702
0.9993827160493827
0.9996913580246913
0.9987654320987654
0.9935185185185184
0.9993827160493827
0.9972222222222221
0.9953703703703703
0.9981481481481481
0.9981481481481481
1.0
0.999074074074074
1.0
0.9969135802469135
0.9530864197530864
0.995679012345679
0.9959876543209876
1.0
0.9978395061728395
0.999074074074074
0.9984567901234568
0.9929012345679012
0.999074074074074
1.0
0.995679012345679
1.0
0.9984567901234568
0.9993827160493827
0.9956790123456789
0.9969135802469135
0.9984567901234568
0.9996913580246913
0.9734567901234567
0.9938271604938271
0.9978395061728395
0.9978395061728395
0.9962962962962962
0.9987654320987654
0.9981481481481481
0.9950617283950616
0.9969135802469135
0.9888888888888888
0.9981481481481481
0.9938271604938271
0.9996913580246913
0.9910493827160494
0.9984567901234568
0.9996913580246913
0.9947530864197529
0.9984567901234568
0.9993827160493827
0.9969135802469135
0.999074074074074
0.9895061728395061
0.9987654320987654
0.9996913580246913
0.9941358024691358
1.0
0.9879629629629629
0.999074074074074
0.9993827160493827
0.9845679012345678
0.983641975308642
0.9996913580246913
0.9987654320987654
0.9993827160493827
0.9842592592592593
0.9925925925925925
0.999074074074074
0.9978395061728395
0.9978395061728395
0.9981481481481481
0.980864197530864
1.0
1.0
0.9987654320987654
0.9987654320987654
0.9969135802469136
0.9938271604938271
0.9959876543209876
0.9975308641975308
0.9987654320987654
0.9987654320987654
1.0
1.0
0.9996913580246913
0.9978395061728395
0.9975308641975308
0.994753086419753
0.9981481481481481
0.9978395061728395
0.9966049382716048
1.0
0.9993827160493827
0.9950617283950616
0.9938271604938271
0.9907407407407406
0.9987654320987654
0.9975308641975308
1.0
0.9987654320987654
0.9978395061728395
0.9962962962962962
0.9978395061728395
0.999074074074074
0.9947530864197531
0.9993827160493827
1.0
0.996604938271605
1.0
0.9962962962962963
0.9984567901234568
0.9984567901234568
1.0
0.9916666666666666
0.9932098765432099
0.999074074074074
0.9811728395061731
0.9987654320987654
0.9935185185185186
0.9993827160493827
0.9950617283950616
0.967283950617284
0.9975308641975308
0.9975308641975308
0.9993827160493827
0.9987654320987654
0.9978395061728395
0.9950617283950616
0.9972222222222221
0.9962962962962963
0.9987654320987654
0.9984567901234568
1.0
0.9978395061728395
0.9996913580246913
1.0
0.9981481481481481
0.9941358024691359
0.999074074074074
0.9993827160493827
0.9996913580246913
0.9984567901234568
0.9993827160493827
0.9932098765432098
0.9941358024691359
0.9972222222222221
0.9996913580246913
1.0
0.9984567901234568
1.0
0.9932098765432098
0.9984567901234568
1.0
0.9972222222222221
0.9996913580246913
1.0
1.0
0.9993827160493827
