-0.9720370370370377
-0.9687037037037044
-0.9692592592592596
-0.9677777777777781
-0.9629629629629636
-0.9655555555555558
-0.968148148148149
-0.9803703703703709
-0.9670370370370375
-0.966296296296297
-0.9750000000000005
-0.9687037037037046
-0.9727777777777781
-0.9701851851851859
-0.9753703703703714
-0.9794444444444448
-0.9679629629629635
-0.9688888888888889
-0.9679629629629636
-0.9670370370370377
-0.9631481481481482
-0.9640740740740746
-0.974444444444445
-0.9690740740740744
-0.9753703703703709
-0.969814814814815
-0.969444444444445
-0.9672222222222231
-0.971481481481482
-0.9725925925925928
-0.9688888888888895
-0.9779629629629635
-0.9701851851851857
-0.9757407407407411
-0.9720370370370377
-0.9714814814814821
-0.9579629629629635
-0.9692592592592596
-0.9711111111111116
-0.9677777777777781
-0.973333333333334
-0.9655555555555564
-0.9698148148148155
-0.9742592592592596
-0.9681481481481485
-0.9700000000000004
-0.9737037037037044
-0.9725925925925931
-0.9674074074074078
-0.9607407407407413
-0.9588888888888893
-0.9618518518518527
-0.9725925925925929
-0.9757407407407409
-0.970555555555556
-0.9592592592592596
-0.9761111111111114
-0.9664814814814823
-0.9683333333333339
-0.9707407407407417
-0.9611111111111116
-0.9712962962962968
-0.9688888888888891
-0.9727777777777779
-0.9688888888888895
-0.9688888888888897
-0.973703703703704
-0.978148148148149
-0.9687037037037044
-0.9720370370370371
-0.9685185185185189
-0.9709259259259266
-0.9703703703703709
-0.9712962962962973
-0.9635185185185192
-0.970555555555556
-0.971111111111112
-0.9664814814814819
-0.9677777777777785
-0.9709259259259271
-0.9696296296296303
-0.9750000000000005
-0.9662962962962968
-0.9590740740740746
-0.9764814814814821
-0.9709259259259266
-0.975370370370371
-0.967592592592593
-0.9720370370370375
-0.968518518518519
-0.970185185185186
-0.9685185185185189
-0.9692592592592598
-0.9720370370370375
-0.9638888888888894
-0.970555555555556
-0.9709259259259263
-0.9672222222222229
-0.9666666666666672
-0.9651851851851857
-0.971111111111112
-0.9794444444444449
-0.9709259259259263
-0.971111111111112
-0.969814814814815
-0.98
-0.9696296296296303
-0.964814814814815
-0.9690740740740741
-0.9659259259259263
-0.9729629629629638
-0.9775925925925933
-0.9737037037037045
-0.9575925925925937
-0.9775925925925929
-0.9677777777777783
-0.9759259259259266
-0.9629629629629636
-0.9609259259259261
-0.9698148148148155
-0.9638888888888897
-0.9681481481481484
-0.9638888888888894
-0.9742592592592596
-0.9735185185185189
-0.9746296296296301
-0.971296296296297
-0.9722222222222231
-0.9744444444444448
-0.9759259259259264
-0.9701851851851857
-0.9677777777777781
-0.968148148148149
-0.9525925925925928
-0.9657407407407413
-0.9614814814814815
-0.9683333333333339
-0.970555555555556
-0.9687037037037042
-0.968148148148149
-0.9753703703703717
-0.9753703703703707
-0.961666666666667
-0.966296296296297
-0.9722222222222231
-0.9688888888888894
-0.9746296296296303
-0.9616666666666672
-0.9766666666666672
-0.973518518518519
-0.972962962962963
-0.970370370370371
-0.9757407407407411
-0.9731481481481484
-0.9766666666666675
-0.9748148148148149
-0.9750000000000005
-0.9661111111111113
-0.9679629629629635
-0.9688888888888897
-0.9688888888888891
-0.9766666666666675
-0.9662962962962971
-0.9698148148148152
-0.9550000000000004
-0.9635185185185189
-0.9653703703703707
-0.9677777777777785
-0.9618518518518524
-0.9657407407407413
-0.9624074074074076
-0.9724074074074078
-0.9683333333333343
-0.9620370370370377
-0.96925925925926
-0.9735185185185192
-0.967962962962963
-0.9700000000000005
-0.9724074074074079
-0.9640740740740739
-0.973333333333334
-0.9637037037037042
-0.9650000000000005
-0.9748148148148156
-0.9688888888888891
-0.971296296296297
-0.956666666666667
-0.9561111111111112
-0.9724074074074078
-0.973148148148149
-0.9670370370370377
-0.9679629629629632
