-0.8409259259259259
-0.7707407407407408
-0.7849999999999997
-0.8150000000000004
-0.8074074074074076
-0.7774074074074075
-0.7562962962962962
-0.7990740740740745
-0.7816666666666667
-0.8170370370370369
-0.7720370370370366
-0.7755555555555557
-0.7748148148148141
-0.7985185185185187
-0.7705555555555557
-0.8438888888888892
-0.8185185185185186
-0.8127777777777778
-0.815925925925926
-0.803703703703704
-0.7837037037037037
-0.8112962962962965
-0.797222222222222
-0.7774074074074069
-0.8135185185185185
-0.81
-0.773703703703704
-0.7907407407407409
-0.7875925925925925
-0.7757407407407407
-0.7437037037037034
-0.8364814814814814
-0.7987037037037039
-0.7724074074074072
-0.8040740740740735
-0.8103703703703706
-0.7833333333333333
-0.8229629629629631
-0.8346296296296295
-0.791851851851852
-0.7979629629629633
-0.7894444444444446
-0.783518518518519
-0.7633333333333334
-0.801666666666667
-0.80962962962963
-0.7777777777777778
-0.7964814814814813
-0.7948148148148152
-0.791296296296296
-0.7661111111111112
-0.7614814814814815
-0.7853703703703708
-0.7857407407407406
-0.8083333333333338
-0.833333333333333
-0.7746296296296297
-0.7657407407407407
-0.7912962962962962
-0.7848148148148146
-0.8083333333333331
-0.7929629629629631
-0.8096296296296293
-0.793888888888889
-0.830185185185185
-0.7705555555555554
-0.8016666666666671
-0.8046296296296301
-0.7818518518518517
-0.7301851851851852
-0.7855555555555558
-0.7761111111111112
-0.7842592592592591
-0.7937037037037037
-0.7803703703703705
-0.7714814814814818
-0.8144444444444446
-0.8146296296296297
-0.8118518518518522
-0.8127777777777783
-0.7788888888888891
-0.7892592592592594
-0.78537037037037
-0.7996296296296295
-0.7890740740740739
-0.7896296296296296
-0.816851851851852
-0.7857407407407405
-0.8035185185185183
-0.7870370370370366
-0.8037037037037038
-0.7798148148148147
-0.7842592592592594
-0.8098148148148152
-0.766851851851852
-0.7809259259259256
-0.8150000000000005
-0.7837037037037042
-0.7794444444444447
-0.8262962962962965
-0.7975925925925926
-0.8264814814814817
-0.8050000000000002
-0.8116666666666662
-0.8238888888888893
-0.8092592592592596
-0.7853703703703707
-0.8024074074074076
-0.7870370370370371
-0.7770370370370373
-0.7644444444444449
-0.7672222222222227
-0.8396296296296296
-0.7683333333333336
-0.7990740740740742
-0.7809259259259261
-0.7705555555555561
-0.7794444444444447
-0.7764814814814811
-0.7820370370370369
-0.8305555555555556
-0.8251851851851854
-0.7746296296296291
-0.7640740740740739
-0.8294444444444442
-0.7825925925925926
-0.7790740740740743
-0.8059259259259253
-0.800925925925926
-0.793148148148148
-0.7800000000000005
-0.8051851851851851
-0.7731481481481481
-0.8061111111111113
-0.8061111111111112
-0.7892592592592593
-0.8009259259259266
-0.7950000000000003
-0.7927777777777778
-0.7903703703703706
-0.7835185185185185
-0.8133333333333332
-0.7777777777777781
-0.808148148148148
-0.7768518518518517
-0.8200000000000002
-0.7688888888888888
-0.791111111111111
-0.7750000000000002
-0.767037037037037
-0.7655555555555557
-0.7770370370370372
-0.7870370370370372
-0.830925925925926
-0.8094444444444445
-0.8062962962962966
-0.7964814814814816
-0.8025925925925926
-0.7970370370370368
-0.8044444444444445
-0.7831481481481487
-0.8277777777777776
-0.8031481481481481
-0.7700000000000001
-0.8157407407407408
-0.7875925925925927
-0.7742592592592586
-0.8157407407407408
-0.8037037037037039
-0.7731481481481483
-0.7887037037037037
-0.788148148148148
-0.7853703703703704
-0.7874074074074079
-0.802037037037037
-0.7961111111111114
-0.7825925925925926
-0.7968518518518516
-0.8081481481481486
-0.7844444444444445
-0.7974074074074075
-0.8181481481481484
-0.7944444444444446
-0.7955555555555557
-0.7827777777777777
-0.7883333333333331
-0.7818518518518517
-0.7905555555555556
-0.7831481481481484
-0.7738888888888892
-0.7955555555555556
-0.74
