-0.6729629629629631
-0.5787037037037035
-0.6075925925925928
-0.6255555555555561
-0.6792592592592596
-0.6500000000000001
-0.6677777777777781
-0.6483333333333334
-0.599814814814815
-0.6266666666666668
-0.603703703703704
-0.5364814814814812
-0.6179629629629633
-0.5288888888888893
-0.5772222222222222
-0.5774074074074075
-0.5614814814814815
-0.6064814814814818
-0.6264814814814819
-0.6094444444444446
-0.608518518518519
-0.6472222222222223
-0.5159259259259261
-0.625925925925926
-0.5983333333333334
-0.5701851851851851
-0.592962962962963
-0.5820370370370367
-0.5975925925925929
-0.585
-0.6562962962962966
-0.5500000000000002
-0.639444444444444
-0.5505555555555554
-0.6501851851851855
-0.688148148148148
-0.606111111111111
-0.6177777777777776
-0.5861111111111108
-0.6035185185185187
-0.6046296296296297
-0.6216666666666668
-0.5994444444444446
-0.5637037037037037
-0.6479629629629631
-0.648333333333333
-0.6044444444444445
-0.5803703703703703
-0.6016666666666666
-0.5870370370370372
-0.6083333333333333
-0.6124074074074068
-0.5883333333333334
-0.5872222222222222
-0.6181481481481482
-0.6211111111111108
-0.6022222222222223
-0.652037037037037
-0.6283333333333335
-0.5944444444444446
-0.6277777777777777
-0.5924074074074075
-0.590925925925926
-0.6205555555555556
-0.6190740740740743
-0.5677777777777779
-0.6255555555555556
-0.626111111111111
-0.6512962962962963
-0.509259259259259
-0.577962962962963
-0.6075925925925929
-0.6237037037037039
-0.6607407407407407
-0.6059259259259258
-0.6214814814814812
-0.6101851851851852
-0.5924074074074073
-0.575555555555556
-0.6212962962962959
-0.5844444444444442
-0.6049999999999999
-0.5970370370370371
-0.5796296296296299
-0.6077777777777781
-0.608148148148148
-0.6905555555555557
-0.6088888888888887
-0.6253703703703707
-0.6603703703703704
-0.6255555555555555
-0.6612962962962963
-0.610925925925926
-0.5755555555555555
-0.5548148148148146
-0.6055555555555554
-0.5938888888888887
-0.649259259259259
-0.6516666666666666
-0.635185185185185
-0.6125925925925929
-0.5874074074074067
-0.6148148148148146
-0.6527777777777778
-0.6759259259259257
-0.6266666666666668
-0.5824074074074075
-0.5859259259259259
-0.608333333333333
-0.6174074074074073
-0.6051851851851853
-0.567777777777778
-0.6003703703703703
-0.5755555555555555
-0.673888888888889
-0.5692592592592595
-0.5307407407407407
-0.5496296296296296
-0.6262962962962966
-0.653888888888889
-0.6179629629629633
-0.6072222222222228
-0.6429629629629631
-0.6068518518518519
-0.575
-0.6072222222222219
-0.5816666666666663
-0.5974074074074075
-0.6003703703703703
-0.6094444444444442
-0.6311111111111113
-0.6196296296296296
-0.627962962962963
-0.6151851851851847
-0.6235185185185184
-0.6381481481481481
-0.5779629629629631
-0.6038888888888888
-0.6529629629629627
-0.605925925925926
-0.6277777777777781
-0.6403703703703706
-0.6064814814814814
-0.6087037037037037
-0.5964814814814813
-0.6566666666666666
-0.641111111111111
-0.5896296296296293
-0.5899999999999997
-0.6170370370370368
-0.5168518518518518
-0.6175925925925924
-0.6318518518518517
-0.5701851851851852
-0.6101851851851853
-0.6524074074074077
-0.6301851851851851
-0.5944444444444443
-0.6725925925925925
-0.570740740740741
-0.5851851851851855
-0.6631481481481484
-0.5559259259259259
-0.6214814814814817
-0.6233333333333337
-0.5998148148148146
-0.5646296296296294
-0.6449999999999999
-0.6374074074074076
-0.6483333333333334
-0.6675925925925927
-0.612037037037037
-0.606111111111111
-0.6207407407407406
-0.6524074074074072
-0.6231481481481481
-0.6005555555555557
-0.6092592592592593
-0.6740740740740738
-0.632037037037037
-0.5672222222222225
-0.5848148148148147
-0.6422222222222224
-0.5609259259259257
-0.6348148148148148
-0.6133333333333332
-0.6038888888888887
-0.5983333333333337
-0.6142592592592594
-0.6368518518518519
-0.6437037037037036
-0.586851851851852
