-0.03462962962962963
-0.1457407407407407
-0.12722222222222218
-0.1751851851851851
-0.137037037037037
-0.10000000000000002
-0.09611111111111113
-0.16814814814814816
-0.06222222222222224
-0.16111111111111112
-0.15407407407407406
-0.07277777777777777
-0.14129629629629623
-0.1775925925925926
-0.013333333333333343
-0.20518518518518522
-0.04092592592592592
-0.07351851851851851
-0.07314814814814811
-0.062037037037037
0.010000000000000005
-0.009074074074074089
-0.021666666666666664
-0.05203703703703705
-0.08333333333333334
-0.09333333333333331
-0.13796296296296293
-0.13888888888888884
-0.11333333333333338
-0.13907407407407402
-0.05592592592592596
-0.0961111111111111
-0.1594444444444445
-0.02388888888888892
-0.06537037037037031
-0.08388888888888889
-0.04740740740740741
-0.1459259259259259
-0.16740740740740737
-0.05296296296296295
-0.07444444444444445
-0.050000000000000024
-0.09185185185185187
-0.14592592592592593
-0.1416666666666667
-0.04425925925925928
-0.029629629629629624
-0.17870370370370361
-0.06925925925925928
-0.1988888888888888
-0.05888888888888889
-0.04444444444444447
-0.08148148148148143
0.007037037037037045
-0.16370370370370366
-0.0601851851851852
-0.18722222222222223
-0.11611111111111103
-0.077037037037037
-0.12648148148148156
-0.06499999999999997
-0.13055555555555554
-0.20555555555555546
-0.17166666666666658
-0.04222222222222222
-0.1309259259259258
-0.08851851851851854
-0.1627777777777778
-0.08629629629629632
-0.14925925925925923
-0.08407407407407404
-0.03259259259259258
-0.10870370370370372
0.031111111111111096
-0.08555555555555557
-0.0262962962962963
-0.10129629629629627
-0.0674074074074074
-0.11629629629629633
-0.12481481481481488
-0.1353703703703704
-0.22555555555555548
-0.14
-0.05666666666666664
-0.15814814814814818
-0.04962962962962966
-0.09685185185185186
-0.09074074074074077
-0.0388888888888889
-0.06388888888888883
-0.10944444444444443
-0.08555555555555557
-0.02425925925925926
0.02574074074074075
-0.10537037037037034
-0.047592592592592596
-0.1646296296296297
-0.10574074074074072
-0.22370370370370377
-0.12444444444444448
-0.15333333333333332
-0.1353703703703704
-0.11814814814814811
-0.09999999999999996
-0.019444444444444455
-0.13851851851851854
-0.13388888888888878
-0.09407407407407403
-0.036481481481481455
-0.09722222222222222
-0.04611111111111111
-0.05574074074074077
-0.1974074074074074
-0.06611111111111106
-0.2214814814814814
-0.12851851851851856
-0.14018518518518527
-0.08444444444444443
-0.031296296296296294
-0.09740740740740739
-0.2151851851851852
-0.1307407407407407
-0.13203703703703695
-0.13111111111111118
-0.18481481481481488
-0.0911111111111111
-0.0874074074074074
-0.12518518518518523
-0.08444444444444445
-0.06462962962962958
-0.20259259259259263
-0.10907407407407407
-0.05592592592592586
-0.11203703703703705
-0.13222222222222219
-0.10685185185185188
-0.115
-0.06018518518518518
-0.06555555555555556
-0.06611111111111109
-0.1394444444444444
-0.08611111111111112
-0.14814814814814814
-0.11500000000000002
-0.16148148148148145
-0.1342592592592593
-0.15722222222222226
-0.20444444444444446
-0.12574074074074076
-0.12111111111111117
-0.038888888888888945
-0.14037037037037034
-0.07685185185185184
-0.15407407407407406
-0.1568518518518518
-0.047962962962962985
-0.130925925925926
0.03703703703703704
-0.17092592592592587
-0.19925925925925936
-0.04259259259259259
-0.16203703703703706
-0.14999999999999994
-0.037407407407407396
-0.2372222222222222
-0.09759259259259258
-0.10111111111111121
-0.07574074074074075
-0.1635185185185185
-0.11962962962962974
-0.048333333333333346
-0.050185185185185194
-0.049444444444444444
-0.11388888888888897
-0.12296296296296293
-0.14370370370370375
-0.0687037037037037
-0.16962962962962963
-0.08444444444444442
-0.07666666666666667
-0.07907407407407409
-0.1546296296296296
-0.17370370370370375
-0.19481481481481483
-0.11296296296296288
-0.12296296296296293
-0.07388888888888885
-0.1592592592592592
-0.13370370370370374
-0.06166666666666664
-0.1
-0.008888888888888894
