0.020370370370370382
0.015555555555555595
-0.025925925925925925
-0.04
-0.1079629629629629
-0.06666666666666668
-0.1846296296296297
-0.01537037037037037
0.03462962962962963
0.04851851851851855
-0.06425925925925925
-0.09555555555555555
-0.08537037037037042
0.020185185185185157
-0.1131481481481481
0.05555555555555558
0.08685185185185185
-0.09240740740740742
-0.06999999999999995
-0.09296296296296297
-0.011296296296296287
-0.11481481481481483
-0.04351851851851853
-0.010370370370370368
-0.08611111111111112
-0.0722222222222222
-0.017962962962962965
0.08222222222222224
-0.13351851851851854
-0.07222222222222217
-0.07203703703703705
-0.0012962962962962976
-0.07648148148148144
-0.006296296296296277
-0.13592592592592595
-0.13925925925925925
0.031666666666666676
-0.057222222222222216
-0.13370370370370377
-0.014629629629629607
-0.03296296296296296
-0.02555555555555556
0.014074074074074069
-0.02611111111111113
-0.09555555555555552
-0.02703703703703704
0.02148148148148149
-0.12055555555555557
-0.01851851851851852
-0.04166666666666668
-0.22351851851851853
0.0875925925925926
-0.03518518518518519
0.06314814814814813
0.02833333333333331
-0.062407407407407404
-0.041111111111111084
-0.016111111111111114
-0.09351851851851851
0.06574074074074071
0.0851851851851852
-0.07425925925925927
-0.0346296296296296
0.029259259259259204
0.08574074074074076
-0.02499999999999997
0.010555555555555558
-0.06166666666666667
0.09685185185185184
0.01759259259259259
0.03888888888888888
-0.03888888888888889
-0.06333333333333334
-0.0955555555555556
-0.03833333333333331
-0.05055555555555554
-0.057592592592592556
-7.771561172376097e-18
-0.13222222222222219
0.0035185185185184816
0.039259259259259265
0.0724074074074074
-0.14462962962962964
-0.03314814814814814
0.02
0.06666666666666667
0.009814814814814816
-0.04277777777777778
-0.04851851851851854
-0.025555555555555564
-0.16592592592592595
-0.08055555555555559
-0.007962962962962956
-0.03666666666666668
0.03518518518518516
-0.08981481481481482
0.067962962962963
-0.004999999999999975
-0.0262962962962963
0.021666666666666667
0.007962962962962962
0.048703703703703596
-0.08833333333333335
-0.021111111111111105
-0.012407407407407414
-0.042222222222222223
-0.09851851851851852
0.020925925925925907
-0.12092592592592595
0.011111111111111079
0.017962962962962948
-0.0053703703703703734
-0.05407407407407407
0.037962962962962955
-0.1055555555555556
-0.029629629629629648
0.10666666666666666
-0.11759259259259255
-0.013888888888888893
-0.01425925925925926
-0.05870370370370369
-0.027222222222222203
0.0642592592592593
-0.057592592592592584
0.03925925925925926
-0.038703703703703685
0.05462962962962962
-0.072037037037037
-0.03796296296296298
-0.11722222222222226
-0.02277777777777776
0.08111111111111109
0.0324074074074074
-0.019629629629629622
-0.065
-0.012222222222222235
0.025925925925925918
-0.07814814814814812
-0.0027777777777777866
-0.1481481481481481
-0.011296296296296297
-0.030925925925925923
-0.02425925925925927
-0.05370370370370368
-0.010000000000000007
0.016111111111111104
-0.1733333333333334
-0.03148148148148148
-0.08240740740740744
-0.004814814814814802
-0.0872222222222222
-0.056666666666666664
0.030925925925925947
-0.05592592592592588
-0.019259259259259257
-0.08370370370370367
0.07092592592592593
0.010740740740740747
-0.10722222222222219
-0.021666666666666706
-0.03518518518518518
0.05574074074074075
0.028888888888888888
-0.09500000000000001
0.04018518518518517
-0.0542592592592592
-0.039999999999999994
-0.04166666666666666
-0.00888888888888889
-0.03981481481481484
0.17129629629629625
0.027222222222222245
0.09703703703703707
0.07907407407407407
0.02444444444444445
-0.05796296296296295
0.014259259259259253
0.06092592592592592
0.0698148148148148
-0.021851851851851862
-0.05203703703703702
0.01759259259259259
-0.004814814814814818
-0.043888888888888866
0.054259259259259236
0.037777777777777806
-0.04481481481481483
0.09944444444444443
-0.009629629629629629
-0.09814814814814816
0.06166666666666672
-0.020185185185185174
