-0.5148148148148146
-0.5887037037037037
-0.5485185185185185
-0.49055555555555536
-0.49259259259259297
-0.5370370370370372
-0.4977777777777778
-0.5311111111111115
-0.5600000000000004
-0.5468518518518518
-0.5501851851851851
-0.5744444444444444
-0.5961111111111115
-0.530925925925926
-0.4744444444444443
-0.4864814814814811
-0.517037037037037
-0.5316666666666666
-0.5477777777777778
-0.5379629629629633
-0.46185185185185174
-0.5462962962962963
-0.5301851851851851
-0.49425925925925923
-0.5031481481481486
-0.553888888888889
-0.5935185185185181
-0.4727777777777781
-0.5238888888888892
-0.6048148148148146
-0.4451851851851851
-0.5238888888888885
-0.5255555555555558
-0.5512962962962965
-0.5149999999999998
-0.4953703703703699
-0.5301851851851851
-0.4925925925925927
-0.555
-0.5007407407407404
-0.5475925925925926
-0.5012962962962966
-0.5429629629629631
-0.48833333333333323
-0.53
-0.5894444444444443
-0.5468518518518518
-0.5237037037037037
-0.4716666666666664
-0.5475925925925925
-0.5581481481481483
-0.5640740740740742
-0.5342592592592591
-0.55
-0.5131481481481479
-0.5194444444444445
-0.44703703703703723
-0.536851851851852
-0.5718518518518515
-0.4966666666666665
-0.6040740740740741
-0.569814814814815
-0.519074074074074
-0.5420370370370368
-0.5503703703703702
-0.49796296296296316
-0.6003703703703703
-0.5227777777777777
-0.5087037037037038
-0.5455555555555556
-0.4842592592592595
-0.5125925925925927
-0.5144444444444445
-0.4798148148148146
-0.4761111111111113
-0.5116666666666665
-0.5842592592592596
-0.5587037037037035
-0.5320370370370373
-0.533888888888889
-0.5185185185185184
-0.5459259259259259
-0.5142592592592592
-0.5861111111111109
-0.531296296296296
-0.515185185185185
-0.5525925925925925
-0.4905555555555554
-0.4646296296296297
-0.5340740740740739
-0.5425925925925925
-0.5357407407407407
-0.45888888888888896
-0.6005555555555553
-0.5612962962962962
-0.5320370370370371
-0.562037037037037
-0.49111111111111083
-0.5437037037037037
-0.5416666666666666
-0.5775925925925924
-0.520925925925926
-0.5453703703703702
-0.586111111111111
-0.554074074074074
-0.5274074074074077
-0.5675925925925924
-0.5388888888888888
-0.5805555555555556
-0.5203703703703701
-0.5007407407407412
-0.5594444444444444
-0.5720370370370369
-0.552777777777778
-0.4364814814814815
-0.5296296296296296
-0.5374074074074077
-0.5485185185185186
-0.5601851851851853
-0.5562962962962964
-0.5014814814814814
-0.4953703703703707
-0.5735185185185185
-0.5764814814814816
-0.5962962962962962
-0.5070370370370371
-0.5768518518518521
-0.5225925925925925
-0.5014814814814812
-0.5077777777777781
-0.5914814814814814
-0.5679629629629629
-0.5777777777777781
-0.565
-0.5070370370370366
-0.5270370370370369
-0.6233333333333332
-0.5868518518518521
-0.5275925925925928
-0.49074074074074064
-0.567962962962963
-0.5337037037037035
-0.46333333333333343
-0.5883333333333334
-0.5112962962962964
-0.47388888888888897
-0.5803703703703704
-0.5383333333333332
-0.5242592592592591
-0.4909259259259261
-0.5318518518518519
-0.5055555555555555
-0.48018518518518544
-0.535
-0.5987037037037036
-0.5307407407407408
-0.6096296296296294
-0.48981481481481504
-0.5796296296296296
-0.5653703703703706
-0.5603703703703703
-0.5290740740740737
-0.49981481481481493
-0.5524074074074072
-0.5061111111111112
-0.5709259259259262
-0.5196296296296301
-0.4875925925925926
-0.5275925925925926
-0.5453703703703703
-0.422222222222222
-0.5118518518518518
-0.6042592592592588
-0.5135185185185183
-0.5461111111111111
-0.47907407407407426
-0.5551851851851853
-0.4640740740740741
-0.5546296296296298
-0.5340740740740741
-0.5464814814814813
-0.5209259259259258
-0.5855555555555552
-0.5151851851851852
-0.5505555555555554
-0.4827777777777777
-0.5588888888888888
-0.5522222222222221
-0.5270370370370373
-0.6046296296296299
-0.5235185185185186
-0.4757407407407407
