0.4099999999999998
0.5316666666666664
0.4499999999999998
0.4461111111111111
0.49351851851851875
0.39074074074074083
0.5022222222222223
0.48462962962962963
0.5292592592592591
0.48185185185185153
0.42722222222222217
0.4687037037037035
0.42148148148148123
0.47240740740740783
0.4827777777777777
0.4831481481481479
0.5172222222222225
0.48351851851851857
0.4466666666666669
0.46555555555555544
0.4777777777777777
0.463148148148148
0.4825925925925927
0.5007407407407407
0.4094444444444445
0.47129629629629627
0.4627777777777778
0.509074074074074
0.4090740740740741
0.49111111111111133
0.5077777777777777
0.4762962962962964
0.4737037037037036
0.5044444444444447
0.5055555555555553
0.4705555555555556
0.5368518518518521
0.4833333333333332
0.4568518518518523
0.5131481481481485
0.4855555555555558
0.5412962962962963
0.5118518518518514
0.4901851851851852
0.4792592592592592
0.540740740740741
0.5266666666666664
0.4909259259259256
0.5094444444444446
0.42166666666666686
0.5124074074074073
0.4277777777777778
0.5107407407407407
0.5240740740740741
0.46722222222222193
0.5222222222222224
0.5251851851851851
0.49537037037037046
0.405925925925926
0.4446296296296297
0.47611111111111115
0.5090740740740743
0.4657407407407408
0.4831481481481478
0.4596296296296295
0.48148148148148173
0.461111111111111
0.5055555555555558
0.4922222222222223
0.504814814814815
0.3916666666666666
0.45703703703703685
0.47666666666666674
0.4877777777777777
0.42722222222222217
0.4774074074074076
0.4448148148148148
0.4966666666666666
0.49648148148148136
0.47351851851851856
0.5177777777777778
0.5635185185185184
0.4948148148148145
0.5135185185185184
0.45944444444444466
0.45518518518518536
0.5355555555555555
0.45481481481481467
0.5724074074074071
0.49962962962962965
0.4529629629629627
0.46037037037037026
0.4922222222222221
0.4396296296296297
0.5057407407407407
0.4390740740740738
0.49611111111111106
0.5461111111111112
0.4255555555555557
0.42259259259259246
0.4374074074074075
0.4025925925925925
0.5724074074074073
0.4588888888888887
0.413888888888889
0.5462962962962963
0.5046296296296295
0.5181481481481482
0.518518518518518
0.5494444444444444
0.5561111111111114
0.490740740740741
0.43296296296296305
0.4459259259259256
0.52462962962963
0.43518518518518545
0.564074074074074
0.49499999999999983
0.5455555555555551
0.5161111111111111
0.4677777777777779
0.44111111111111084
0.4709259259259258
0.48703703703703716
0.38537037037037025
0.4381481481481482
0.51
0.45425925925925953
0.5624074074074077
0.480925925925926
0.48351851851851857
0.430925925925926
0.46796296296296297
0.5012962962962961
0.5327777777777778
0.5253703703703703
0.4668518518518521
0.4979629629629629
0.4975925925925925
0.5400000000000001
0.5690740740740742
0.4535185185185182
0.33722222222222226
0.5244444444444443
0.5211111111111112
0.4749999999999999
0.45796296296296285
0.46425925925925915
0.39037037037037037
0.4922222222222221
0.5111111111111112
0.4457407407407409
0.493703703703704
0.4881481481481483
0.5164814814814811
0.5429629629629629
0.4033333333333332
0.5077777777777777
0.48425925925925944
0.4166666666666665
0.5035185185185183
0.583703703703704
0.5324074074074073
0.42629629629629645
0.4637037037037036
0.5081481481481483
0.5057407407407407
0.4346296296296297
0.40314814814814814
0.503888888888889
0.4537037037037035
0.42277777777777775
0.41759259259259257
0.4705555555555556
0.49611111111111106
0.4568518518518516
0.5379629629629631
0.4903703703703701
0.43574074074074076
0.47425925925925955
0.46833333333333355
0.4753703703703705
0.5137037037037037
0.485
0.46888888888888897
0.4931481481481481
0.4262962962962962
0.5416666666666669
0.484814814814815
0.5066666666666667
0.4424074074074074
0.40259259259259217
