0.26351851851851854
0.112962962962963
0.14296296296296296
0.12166666666666662
0.26796296296296307
0.12333333333333331
0.12500000000000006
0.14537037037037034
0.208888888888889
0.19018518518518518
0.1324074074074075
0.24148148148148144
0.12759259259259254
0.12888888888888894
0.09925925925925923
0.283888888888889
0.21796296296296294
0.19944444444444448
0.03703703703703705
0.14833333333333326
0.17240740740740734
0.08555555555555557
0.2590740740740739
0.20222222222222233
0.1511111111111111
0.2540740740740741
0.047777777777777815
0.252962962962963
0.20129629629629625
0.24759259259259228
0.17666666666666667
0.14500000000000002
0.23240740740740748
0.21444444444444438
0.18444444444444444
0.2855555555555557
0.24648148148148152
0.17055555555555557
0.21537037037037018
0.16259259259259254
0.1751851851851851
0.25833333333333347
0.2703703703703703
0.17407407407407408
0.23759259259259258
0.18888888888888894
0.2392592592592594
0.1783333333333333
0.25851851851851854
0.19462962962962968
0.06555555555555552
0.1114814814814815
0.24462962962962972
0.1766666666666667
0.11962962962962961
0.1907407407407407
0.20148148148148154
0.21574074074074062
0.16685185185185186
0.09407407407407407
0.19648148148148153
0.16907407407407404
0.2912962962962962
0.17018518518518508
0.25592592592592595
0.247037037037037
0.19796296296296303
0.24851851851851842
0.23111111111111118
0.1490740740740741
0.18240740740740738
0.20740740740740732
0.18277777777777768
0.25444444444444453
0.21629629629629618
0.20277777777777792
0.1662962962962963
0.1846296296296297
0.2751851851851851
0.16962962962962955
0.2064814814814815
0.17740740740740737
0.11037037037037029
0.1744444444444444
0.17611111111111108
0.2738888888888889
0.20518518518518516
0.12370370370370369
0.12555555555555556
0.17222222222222217
0.21648148148148144
0.22018518518518515
0.22462962962962957
0.21388888888888882
0.14259259259259247
0.09722222222222221
0.17
0.14925925925925923
0.053148148148148146
0.242962962962963
0.1851851851851852
0.1366666666666667
0.19814814814814818
0.16203703703703703
0.2342592592592592
0.213888888888889
0.2564814814814814
0.21870370370370376
0.17518518518518522
0.14740740740740738
0.2722222222222221
0.20592592592592593
0.0916666666666667
0.31277777777777804
0.27018518518518525
0.16740740740740734
0.20074074074074075
0.13296296296296292
0.17944444444444446
0.20351851851851852
0.21574074074074082
0.23055555555555557
0.1842592592592592
0.19907407407407401
0.18259259259259258
0.19555555555555554
0.16407407407407407
0.2359259259259261
0.12314814814814812
0.2725925925925925
0.2462962962962963
0.09240740740740742
0.05592592592592591
0.09870370370370372
0.18462962962962962
0.1701851851851851
0.0807407407407407
0.10703703703703704
0.23518518518518514
0.13296296296296298
0.2527777777777777
0.16648148148148154
0.27981481481481474
0.18222222222222226
0.16481481481481475
0.17740740740740743
0.13166666666666665
0.1190740740740741
0.1581481481481481
0.21351851851851858
0.20944444444444432
0.21314814814814817
0.11555555555555552
0.12962962962962957
0.2231481481481481
0.09851851851851853
0.29444444444444445
0.15703703703703703
0.08759259259259253
0.1777777777777777
0.16537037037037042
0.18518518518518515
0.03333333333333333
0.15018518518518517
0.22388888888888894
0.13018518518518524
0.2844444444444444
0.17740740740740732
0.1451851851851851
0.20388888888888893
0.27037037037037026
0.16814814814814813
0.18777777777777777
0.1355555555555555
0.18240740740740746
0.22629629629629633
0.28481481481481485
0.2238888888888888
0.2833333333333333
0.1935185185185185
0.19000000000000006
0.26018518518518535
0.17444444444444449
0.10759259259259257
0.17666666666666686
0.2309259259259259
0.1981481481481481
0.20592592592592585
0.20018518518518524
0.14240740740740748
0.17314814814814816
0.19962962962962968
