0.12685185185185188
0.24888888888888885
0.2564814814814814
0.2051851851851852
0.33018518518518514
0.10925925925925929
0.30111111111111116
0.22907407407407424
0.12166666666666665
0.34740740740740755
0.3242592592592592
0.3342592592592592
0.13351851851851854
0.2755555555555556
0.10296296296296295
0.14740740740740743
0.14111111111111113
0.17685185185185187
0.2975925925925927
0.23074074074074066
0.2501851851851851
0.2818518518518518
0.2611111111111111
0.39851851851851855
0.34537037037037044
0.21018518518518522
0.3127777777777777
0.19796296296296287
0.28203703703703703
0.3087037037037039
0.290925925925926
0.22740740740740747
0.25000000000000006
0.145
0.11166666666666662
0.3405555555555553
0.2594444444444444
0.24074074074074067
0.2748148148148148
0.2296296296296297
0.17351851851851854
0.2218518518518518
0.23518518518518525
0.2944444444444444
0.3775925925925926
0.24499999999999986
0.22222222222222224
0.1990740740740741
0.2533333333333334
0.24629629629629635
0.222037037037037
0.33388888888888896
0.2800000000000001
0.23592592592592584
0.2553703703703704
0.21648148148148144
0.21962962962962956
0.2866666666666666
0.1898148148148148
0.3027777777777777
0.3135185185185186
0.18222222222222226
0.3385185185185186
0.25277777777777766
0.21851851851851858
0.25981481481481494
0.22592592592592586
0.24833333333333338
0.17259259259259255
0.2711111111111113
0.3053703703703704
0.23092592592592595
0.26333333333333336
0.30907407407407433
0.22481481481481486
0.19722222222222213
0.27796296296296286
0.16259259259259257
0.2688888888888892
0.2753703703703703
0.23000000000000004
0.19722222222222213
0.17907407407407414
0.19000000000000003
0.25222222222222235
0.36796296296296305
0.29796296296296276
0.2338888888888888
0.21574074074074076
0.14296296296296304
0.11944444444444445
0.2107407407407407
0.21481481481481482
0.197037037037037
0.1935185185185185
0.22740740740740734
0.20037037037037042
0.2022222222222222
0.2896296296296295
0.13425925925925927
0.38277777777777766
0.2727777777777778
0.24388888888888885
0.17777777777777767
0.2016666666666665
0.2564814814814814
0.26129629629629625
0.2731481481481482
0.3703703703703705
0.1851851851851852
0.3005555555555556
0.1912962962962963
0.1957407407407408
0.27092592592592574
0.17277777777777772
0.18648148148148155
0.11222222222222226
0.19259259259259268
0.22777777777777777
0.2244444444444444
0.21259259259259267
0.25259259259259265
0.12425925925925929
0.25185185185185194
0.19851851851851848
0.3129629629629629
0.25166666666666665
0.25296296296296306
0.20166666666666672
0.30037037037037045
0.18444444444444444
0.19518518518518518
0.3059259259259259
0.2074074074074074
0.2948148148148148
0.2188888888888889
0.24296296296296305
0.36888888888888893
0.255925925925926
0.2251851851851851
0.2505555555555556
0.18962962962962965
0.19740740740740736
0.19777777777777775
0.2953703703703705
0.3283333333333333
0.1655555555555556
0.31185185185185177
0.2020370370370371
0.22407407407407415
0.23037037037037048
0.1585185185185185
0.24111111111111114
0.27055555555555566
0.27833333333333327
0.3522222222222222
0.21259259259259256
0.2485185185185184
0.23907407407407424
0.19999999999999998
0.24740740740740746
0.16185185185185189
0.2046296296296296
0.24407407407407408
0.21351851851851847
0.30574074074074065
0.1898148148148148
0.359074074074074
0.21703703703703706
0.2875925925925927
0.2942592592592594
0.20685185185185184
0.31740740740740747
0.2888888888888889
0.2083333333333334
0.26740740740740754
0.295
0.25907407407407407
0.24722222222222234
0.12370370370370369
0.2785185185185186
0.28499999999999986
0.30333333333333357
0.2664814814814815
0.20444444444444446
0.272037037037037
0.2633333333333333
0.22166666666666662
0.3190740740740739
0.2131481481481481
0.2303703703703704
0.22499999999999995
