-0.9968518518518518
-0.9962962962962966
-0.9957407407407408
-0.9959259259259259
-0.9972222222222225
-0.994814814814815
-0.9968518518518518
-0.9968518518518522
-0.9964814814814815
-0.9966666666666667
-0.9948148148148148
-0.9957407407407408
-0.9966666666666668
-0.9959259259259261
-0.9992592592592593
-0.9955555555555559
-0.9962962962962966
-0.9968518518518522
-0.9970370370370372
-0.9981481481481482
-0.9975925925925928
-0.9957407407407408
-0.9975925925925926
-0.9953703703703709
-0.9970370370370373
-0.9953703703703707
-0.9966666666666667
-0.9985185185185185
-0.9981481481481482
-0.9938888888888892
-0.9959259259259261
-0.9977777777777779
-0.9975925925925928
-0.9970370370370372
-0.9974074074074076
-0.9962962962962963
-0.9974074074074076
-0.9953703703703707
-0.9948148148148148
-0.9961111111111111
-0.9968518518518522
-0.9927777777777778
-0.9981481481481482
-0.9955555555555559
-0.9974074074074076
-0.9951851851851852
-0.9977777777777779
-0.9970370370370372
-0.9957407407407409
-0.9957407407407409
-0.9962962962962966
-0.997962962962963
-0.9957407407407409
-0.9951851851851855
-0.9979629629629633
-0.9953703703703707
-0.9985185185185185
-0.9968518518518518
-0.9940740740740741
-0.9957407407407411
-0.996666666666667
-0.9966666666666667
-0.9975925925925928
-0.9983333333333335
-0.9972222222222222
-0.9972222222222225
-0.9961111111111114
-0.9979629629629633
-0.9975925925925926
-0.9957407407407411
-0.9955555555555559
-0.9972222222222222
-0.9974074074074076
-0.9953703703703707
-0.9981481481481482
-0.996851851851852
-0.9975925925925928
-0.9983333333333335
-0.9983333333333333
-0.9972222222222225
-0.9970370370370373
-0.9959259259259263
-0.9938888888888892
-0.9974074074074076
-0.9957407407407408
-0.9974074074074072
-0.9977777777777779
-0.9975925925925928
-0.9988888888888889
-0.9962962962962966
-0.9968518518518522
-0.9975925925925928
-0.9981481481481483
-0.9959259259259261
-0.9985185185185187
-0.9977777777777779
-0.9955555555555559
-0.9946296296296299
-0.997962962962963
-0.9972222222222225
-0.9962962962962963
-0.9972222222222222
-0.9957407407407408
-0.9957407407407409
-0.9966666666666668
-0.9950000000000003
-0.9972222222222225
-0.9972222222222222
-0.9953703703703705
-0.9964814814814813
-0.9935185185185188
-0.9981481481481482
-0.997962962962963
-0.9953703703703705
-0.9977777777777779
-0.9981481481481482
-0.9979629629629633
-0.9970370370370372
-0.9961111111111113
-0.9970370370370373
-0.9970370370370372
-0.9962962962962966
-0.9968518518518522
-0.9979629629629633
-0.9955555555555559
-0.997962962962963
-0.9966666666666667
-0.9988888888888889
-0.9962962962962966
-0.9974074074074074
-0.9972222222222222
-0.9972222222222225
-0.9974074074074076
-0.9994444444444446
-0.996851851851852
-0.9942592592592594
-0.9972222222222225
-0.9957407407407409
-0.9964814814814815
-0.9968518518518518
-0.9977777777777779
-0.9977777777777779
-0.9968518518518522
-0.9957407407407411
-0.9959259259259261
-0.9962962962962966
-0.9988888888888889
-0.9966666666666667
-0.9942592592592598
-0.9959259259259264
-0.9974074074074074
-0.9964814814814815
-0.9970370370370373
-0.9950000000000003
-0.9970370370370372
-0.9974074074074076
-0.9938888888888892
-0.996851851851852
-0.9975925925925928
-0.9951851851851857
-0.9972222222222222
-0.9970370370370372
-0.9966666666666667
-0.9961111111111114
-0.9951851851851852
-0.9974074074074074
-0.9961111111111114
-0.9951851851851855
-0.9961111111111113
-0.9962962962962963
-0.9962962962962963
-0.9972222222222225
-0.9970370370370372
-0.9959259259259263
-0.9970370370370373
-0.9972222222222222
-0.9974074074074076
-0.9981481481481482
-0.9938888888888892
-0.9927777777777779
-0.9955555555555559
-0.9970370370370369
-0.9974074074074076
-0.9968518518518518
-0.9966666666666668
-0.9974074074074076
-0.9970370370370372
-0.9968518518518518
-0.9981481481481482
-0.996666666666667
-0.9964814814814815
-0.9961111111111113
