0.8087037037037035
0.7770370370370374
0.785740740740741
0.7629629629629634
0.7966666666666667
0.8150000000000002
0.7912962962962964
0.7935185185185186
0.8075925925925926
0.8288888888888891
0.8048148148148148
0.7829629629629625
0.8414814814814816
0.8164814814814815
0.8162962962962965
0.8214814814814817
0.8244444444444444
0.8040740740740743
0.8470370370370375
0.8164814814814817
0.8222222222222227
0.7598148148148148
0.789259259259259
0.7929629629629631
0.8253703703703706
0.8046296296296302
0.8505555555555558
0.8
0.8322222222222223
0.8166666666666669
0.8487037037037038
0.8231481481481479
0.815925925925926
0.8122222222222221
0.8068518518518517
0.789814814814815
0.799074074074074
0.7761111111111112
0.8194444444444449
0.8412962962962965
0.7674074074074074
0.7985185185185187
0.7777777777777773
0.8164814814814815
0.7766666666666666
0.7974074074074076
0.8068518518518523
0.8153703703703705
0.8246296296296298
0.8268518518518521
0.7916666666666667
0.8270370370370376
0.808518518518519
0.8333333333333335
0.7762962962962965
0.7888888888888888
0.7937037037037038
0.7935185185185185
0.7912962962962962
0.7977777777777781
0.8155555555555555
0.7657407407407405
0.8003703703703705
0.7550000000000002
0.8231481481481483
0.8112962962962964
0.7829629629629627
0.8168518518518522
0.8100000000000002
0.7751851851851854
0.8011111111111116
0.8033333333333336
0.841111111111111
0.823518518518519
0.8125925925925931
0.7988888888888894
0.8637037037037039
0.8211111111111112
0.8320370370370374
0.8127777777777778
0.7687037037037034
0.847037037037037
0.830555555555556
0.8218518518518525
0.7901851851851853
0.7957407407407409
0.825555555555556
0.8444444444444449
0.7898148148148152
0.8325925925925927
0.8431481481481483
0.791851851851852
0.7931481481481484
0.8244444444444444
0.7553703703703704
0.7959259259259264
0.7783333333333334
0.7681481481481478
0.8079629629629633
0.8155555555555561
0.8033333333333335
0.7901851851851851
0.832222222222222
0.8131481481481484
0.7992592592592593
0.8242592592592594
0.7929629629629632
0.8114814814814815
0.7788888888888889
0.794259259259259
0.8346296296296299
0.7818518518518522
0.8377777777777782
0.826111111111111
0.8237037037037038
0.8031481481481485
0.8064814814814816
0.7972222222222224
0.8122222222222223
0.8320370370370375
0.8075925925925928
0.8124074074074075
0.7592592592592593
0.8235185185185191
0.7942592592592591
0.8457407407407413
0.7664814814814814
0.8088888888888888
0.782777777777778
0.8044444444444445
0.7738888888888888
0.8172222222222224
0.7698148148148151
0.775
0.8362962962962964
0.823148148148148
0.8155555555555555
0.8092592592592592
0.7700000000000001
0.8229629629629636
0.8159259259259263
0.8053703703703702
0.8262962962962963
0.7924074074074073
0.772777777777778
0.7888888888888886
0.8055555555555559
0.8377777777777784
0.8283333333333334
0.7870370370370373
0.8235185185185191
0.8216666666666669
0.7625925925925925
0.7783333333333334
0.8494444444444444
0.8040740740740742
0.8246296296296298
0.7944444444444446
0.8144444444444449
0.7781481481481483
0.8544444444444449
0.8246296296296293
0.777962962962963
0.8068518518518524
0.8229629629629631
0.8155555555555555
0.7961111111111117
0.8253703703703704
0.8233333333333333
0.8175925925925924
0.7822222222222222
0.7766666666666666
0.8268518518518523
0.820925925925926
0.796111111111111
0.7516666666666669
0.8081481481481485
0.8503703703703709
0.8018518518518516
0.8181481481481483
0.7911111111111114
0.7481481481481485
0.764074074074074
0.8512962962962963
0.8227777777777779
0.8218518518518519
0.8361111111111114
0.7674074074074078
0.8288888888888891
0.8042592592592595
0.8179629629629633
0.7700000000000001
