0.8396296296296302
0.7992592592592594
0.7753703703703708
0.7983333333333335
0.8509259259259261
0.8233333333333336
0.8070370370370371
0.807777777777778
0.8270370370370372
0.824074074074074
0.8492592592592593
0.8483333333333334
0.7924074074074079
0.8425925925925926
0.8329629629629629
0.8120370370370371
0.8638888888888889
0.8559259259259258
0.8312962962962969
0.8551851851851854
0.8250000000000001
0.8138888888888888
0.8437037037037038
0.8524074074074081
0.836666666666667
0.8370370370370376
0.823703703703704
0.8400000000000004
0.8550000000000005
0.8185185185185186
0.8327777777777786
0.8172222222222224
0.7927777777777782
0.8253703703703703
0.8372222222222226
0.8409259259259261
0.8331481481481482
0.8112962962962965
0.8181481481481484
0.8250000000000003
0.8459259259259263
0.8462962962962969
0.8581481481481482
0.8285185185185187
0.848703703703704
0.7699999999999999
0.8274074074074076
0.8377777777777782
0.806111111111111
0.8279629629629635
0.8640740740740743
0.828148148148148
0.8516666666666667
0.825740740740741
0.8540740740740744
0.8116666666666666
0.7974074074074078
0.8451851851851853
0.8335185185185189
0.8048148148148151
0.845740740740741
0.8375925925925928
0.8137037037037038
0.8150000000000002
0.8546296296296293
0.8179629629629632
0.8203703703703709
0.8353703703703707
0.8612962962962966
0.8359259259259265
0.8466666666666671
0.8361111111111115
0.8692592592592596
0.8333333333333338
0.8105555555555559
0.8722222222222222
0.8461111111111116
0.81962962962963
0.8346296296296299
0.8179629629629637
0.809814814814815
0.822592592592593
0.798518518518519
0.8109259259259263
0.8316666666666671
0.8412962962962969
0.8416666666666669
0.7653703703703705
0.8251851851851855
0.8305555555555557
0.8507407407407411
0.8225925925925928
0.8292592592592595
0.8222222222222224
0.8111111111111111
0.8579629629629628
0.814814814814815
0.818148148148148
0.8348148148148148
0.8137037037037038
0.8253703703703704
0.8129629629629632
0.8183333333333335
0.8377777777777783
0.8774074074074071
0.8125925925925926
0.8062962962962962
0.848888888888889
0.8496296296296302
0.8318518518518522
0.8144444444444442
0.8335185185185189
0.8381481481481482
0.8516666666666669
0.8016666666666663
0.823703703703704
0.8600000000000002
0.8340740740740739
0.8366666666666669
0.8279629629629626
0.7979629629629629
0.7868518518518521
0.8353703703703705
0.8209259259259261
0.7927777777777775
0.8357407407407409
0.8757407407407407
0.8335185185185187
0.8390740740740744
0.8133333333333336
0.8525925925925922
0.875
0.8394444444444445
0.8437037037037038
0.8224074074074077
0.8031481481481483
0.820740740740741
0.8200000000000003
0.8144444444444445
0.840370370370371
0.810185185185185
0.8700000000000003
0.808703703703704
0.8272222222222227
0.7987037037037038
0.8472222222222227
0.7685185185185192
0.8322222222222222
0.831296296296296
0.8374074074074074
0.8518518518518519
0.8622222222222221
0.8420370370370374
0.8681481481481483
0.8455555555555556
0.8503703703703703
0.8537037037037044
0.8157407407407411
0.8383333333333339
0.8092592592592597
0.8120370370370372
0.8233333333333334
0.827777777777778
0.8368518518518517
0.847962962962963
0.8190740740740741
0.8301851851851851
0.8362962962962964
0.7888888888888888
0.8548148148148148
0.8562962962962968
0.8350000000000002
0.836666666666667
0.8087037037037036
0.8662962962962968
0.8364814814814822
0.8090740740740741
0.8412962962962964
0.8444444444444447
0.8111111111111111
0.8640740740740741
0.8281481481481484
0.8346296296296299
0.8372222222222226
0.8279629629629635
0.8644444444444448
0.8118518518518516
0.8275925925925929
0.816296296296296
0.7985185185185186
0.8503703703703708
0.8425925925925926
