0.6633333333333333
0.6561111111111111
0.7203703703703708
0.7001851851851854
0.6866666666666664
0.7075925925925927
0.7348148148148153
0.642222222222222
0.6018518518518519
0.653888888888889
0.6390740740740742
0.6790740740740743
0.674074074074074
0.6729629629629628
0.7261111111111112
0.6657407407407407
0.6979629629629623
0.675185185185185
0.6909259259259257
0.6490740740740744
0.748888888888889
0.7007407407407407
0.7018518518518517
0.6911111111111113
0.7164814814814814
0.6857407407407409
0.7055555555555558
0.5885185185185187
0.70462962962963
0.6955555555555555
0.7351851851851853
0.6779629629629629
0.6755555555555555
0.7138888888888889
0.6146296296296299
0.7131481481481484
0.6946296296296296
0.6892592592592593
0.6625925925925928
0.6812962962962962
0.6690740740740738
0.7068518518518518
0.6612962962962965
0.6372222222222225
0.6118518518518518
0.7035185185185184
0.7164814814814812
0.713333333333333
0.7096296296296298
0.7466666666666667
0.6829629629629629
0.6379629629629632
0.6277777777777781
0.7135185185185187
0.6514814814814816
0.68037037037037
0.6677777777777779
0.6731481481481486
0.6800000000000003
0.5962962962962961
0.628888888888889
0.6974074074074075
0.7403703703703703
0.7122222222222222
0.6964814814814814
0.7070370370370371
0.7096296296296299
0.6801851851851853
0.692037037037037
0.6581481481481475
0.6916666666666668
0.680185185185185
0.6807407407407408
0.6662962962962964
0.7207407407407409
0.6925925925925925
0.7024074074074075
0.6896296296296297
0.692962962962963
0.6533333333333334
0.6609259259259259
0.6548148148148147
0.651851851851852
0.6079629629629628
0.6712962962962963
0.6800000000000004
0.6375925925925932
0.7001851851851849
0.6792592592592592
0.7222222222222224
0.687962962962963
0.6816666666666665
0.7685185185185187
0.717222222222222
0.6683333333333332
0.6648148148148151
0.6862962962962962
0.6942592592592589
0.6474074074074075
0.6896296296296291
0.6529629629629636
0.684074074074074
0.6440740740740742
0.6475925925925927
0.7044444444444442
0.6675925925925922
0.7246296296296297
0.6748148148148149
0.6770370370370368
0.6211111111111115
0.647777777777778
0.6420370370370372
0.7675925925925928
0.6359259259259263
0.6835185185185186
0.6787037037037039
0.7005555555555554
0.6759259259259263
0.6522222222222225
0.7409259259259262
0.6990740740740745
0.6429629629629632
0.6138888888888893
0.6894444444444442
0.6359259259259257
0.6725925925925925
0.6977777777777785
0.6816666666666669
0.6796296296296299
0.7062962962962964
0.7098148148148148
0.6459259259259261
0.673148148148148
0.7203703703703705
0.6620370370370371
0.7090740740740739
0.6929629629629629
0.6966666666666665
0.6275925925925924
0.7
0.6729629629629628
0.739444444444445
0.6272222222222222
0.6205555555555559
0.7068518518518518
0.6866666666666666
0.6692592592592597
0.6374074074074081
0.6827777777777779
0.6848148148148151
0.6677777777777781
0.7337037037037036
0.697407407407407
0.6614814814814812
0.6607407407407412
0.6774074074074071
0.6768518518518521
0.6822222222222223
0.6159259259259259
0.680925925925926
0.6970370370370369
0.7325925925925924
0.7238888888888888
0.6566666666666666
0.6638888888888886
0.7098148148148148
0.6701851851851852
0.7366666666666667
0.7375925925925926
0.6794444444444446
0.7101851851851853
0.703148148148149
0.6472222222222221
0.6959259259259258
0.6277777777777778
0.6955555555555555
0.6712962962962966
0.7437037037037036
0.6957407407407408
0.6288888888888887
0.7111111111111112
0.6718518518518519
0.6938888888888893
0.6753703703703706
0.6866666666666666
0.6759259259259258
0.6831481481481484
0.6807407407407405
0.6922222222222225
0.7183333333333335
0.6162962962962965
0.7325925925925924
