1.0
1.0
1.0
1.0
1.0
1.0
1.0
1.0
1.0
1.0
1.0
1.0
1.0
1.0
1.0
1.0
1.0
1.0
1.0
1.0
0.9996296296296298
1.0
0.9998148148148148
1.0
1.0
1.0
0.9998148148148148
1.0
0.9998148148148148
1.0
1.0
1.0
1.0
1.0
1.0
1.0
1.0
1.0
0.9998148148148148
1.0
1.0
0.9998148148148148
1.0
1.0
0.9998148148148148
1.0
1.0
0.9994444444444444
1.0
1.0
1.0
1.0
1.0
1.0
1.0
1.0
1.0
1.0
1.0
1.0
1.0
0.9998148148148148
1.0
0.9998148148148148
0.9996296296296298
1.0
0.9998148148148148
1.0
0.9998148148148148
1.0
1.0
1.0
1.0
1.0
1.0
1.0
1.0
1.0
1.0
1.0
1.0
1.0
0.9996296296296298
1.0
1.0
1.0
1.0
1.0
1.0
1.0
1.0
1.0
1.0
0.9998148148148148
1.0
1.0
0.9996296296296298
1.0
1.0
1.0
1.0
1.0
1.0
1.0
1.0
1.0
1.0
1.0
1.0
1.0
1.0
1.0
1.0
1.0
1.0
1.0
1.0
1.0
1.0
1.0
1.0
1.0
1.0
1.0
0.9990740740740741
1.0
1.0
1.0
1.0
1.0
1.0
1.0
1.0
1.0
1.0
0.9998148148148148
0.9998148148148148
1.0
0.9998148148148148
1.0
0.9998148148148148
0.9994444444444446
1.0
1.0
1.0
1.0
1.0
1.0
1.0
1.0
1.0
1.0
1.0
1.0
0.9996296296296298
1.0
0.9998148148148148
1.0
0.9996296296296298
1.0
1.0
1.0
1.0
1.0
0.9998148148148148
1.0
1.0
1.0
1.0
1.0
1.0
1.0
1.0
1.0
1.0
1.0
1.0
1.0
1.0
0.9998148148148148
1.0
1.0
1.0
0.9998148148148148
1.0
1.0
1.0
1.0
1.0
1.0
0.9996296296296298
1.0
