0.9994444444444446
0.9998148148148148
0.9998148148148148
1.0
1.0
1.0
1.0
1.0
1.0
1.0
1.0
1.0
1.0
1.0
0.9996296296296298
0.9998148148148148
0.9996296296296298
0.9998148148148148
0.9992592592592593
1.0
1.0
0.9987037037037036
1.0
0.9998148148148148
0.9998148148148148
1.0
1.0
1.0
1.0
1.0
1.0
1.0
0.9996296296296298
0.9996296296296298
0.9998148148148148
1.0
1.0
0.9998148148148148
0.9996296296296298
0.9998148148148148
0.9998148148148148
1.0
0.9992592592592593
1.0
1.0
1.0
1.0
1.0
1.0
1.0
0.9992592592592593
0.9987037037037036
1.0
1.0
1.0
1.0
0.9994444444444446
1.0
1.0
1.0
1.0
0.9985185185185187
1.0
1.0
0.9996296296296298
1.0
1.0
1.0
1.0
0.9994444444444446
0.9996296296296298
1.0
1.0
1.0
1.0
0.9996296296296298
0.9996296296296298
1.0
0.9998148148148148
0.9988888888888889
0.9996296296296298
1.0
0.9998148148148148
0.9998148148148148
1.0
0.9996296296296298
0.9996296296296298
1.0
0.9998148148148148
1.0
0.9996296296296298
0.9998148148148148
0.9998148148148148
1.0
0.9998148148148148
0.9998148148148148
0.9998148148148148
1.0
1.0
0.9994444444444446
1.0
0.9998148148148148
0.9998148148148148
0.9996296296296298
0.9998148148148148
0.9994444444444446
1.0
1.0
1.0
0.9996296296296298
1.0
0.9994444444444444
1.0
0.9996296296296298
0.9998148148148148
0.9998148148148148
0.9996296296296298
0.9998148148148148
0.9998148148148148
1.0
0.9998148148148148
1.0
1.0
1.0
0.9996296296296298
1.0
0.9998148148148148
1.0
1.0
1.0
0.9994444444444446
0.9994444444444444
1.0
0.9998148148148148
0.9998148148148148
1.0
1.0
1.0
1.0
0.9992592592592593
0.9992592592592593
0.9996296296296298
1.0
0.9998148148148148
1.0
1.0
0.9996296296296298
0.9994444444444446
1.0
1.0
1.0
1.0
0.9996296296296298
0.9994444444444446
1.0
1.0
0.9988888888888889
1.0
1.0
1.0
1.0
1.0
0.9998148148148148
1.0
1.0
1.0
0.9994444444444446
0.9998148148148148
1.0
0.9998148148148148
1.0
0.9996296296296298
1.0
0.9998148148148148
0.9996296296296298
0.9998148148148148
0.9998148148148148
1.0
1.0
1.0
0.9981481481481482
0.9992592592592594
1.0
1.0
1.0
0.9996296296296298
0.9998148148148148
1.0
1.0
1.0
1.0
0.9996296296296298
