-0.9333333333333331
-0.9783333333333332
-0.9761111111111112
-0.9877777777777778
-0.9905555555555556
-0.9822222222222222
-0.9922222222222222
-0.9688888888888888
-0.966111111111111
-0.9933333333333334
-0.9822222222222222
-0.9750000000000001
-0.9611111111111109
-0.9538888888888888
-0.9961111111111111
-0.9766666666666667
-0.9816666666666667
-0.9888888888888887
-0.9944444444444444
-0.9700000000000001
-0.9722222222222219
-0.9755555555555556
-0.97
-0.9777777777777776
-0.9905555555555554
-0.9433333333333332
-0.9961111111111111
-0.9738888888888888
-0.9866666666666667
-0.9972222222222222
-0.9844444444444442
-0.9916666666666667
-0.9755555555555554
-0.9900000000000001
-0.9755555555555555
-0.9672222222222222
-0.9794444444444445
-0.9455555555555556
-0.9805555555555555
-0.9883333333333333
-0.9816666666666667
-0.9972222222222222
-0.985
-0.9944444444444442
-0.9927777777777778
-0.986111111111111
-0.9900000000000001
-0.9955555555555555
-0.9988888888888889
-0.985
-0.9827777777777776
-0.9994444444444445
-0.9655555555555554
-0.9905555555555556
-0.9905555555555555
-0.9833333333333335
-0.9866666666666665
-0.9216666666666665
-0.9866666666666666
-0.9783333333333335
-0.98
-0.9922222222222223
-0.9672222222222222
-0.972222222222222
-0.9877777777777779
-0.9961111111111111
-0.986111111111111
-0.9911111111111112
-0.9838888888888888
-0.9705555555555555
-0.9372222222222223
-0.9816666666666666
-0.9922222222222222
-0.9544444444444444
-0.9955555555555554
-0.931111111111111
-0.9194444444444443
-0.9855555555555556
-0.9983333333333333
-0.9672222222222222
-0.9666666666666666
-0.946111111111111
-0.9866666666666667
-0.9844444444444443
-0.9911111111111112
-0.982777777777778
-0.9783333333333333
-0.9727777777777777
-0.9777777777777775
-0.9961111111111111
-0.9722222222222222
-0.986111111111111
-0.9966666666666665
-0.9777777777777777
-0.9616666666666666
-0.982222222222222
-0.9849999999999998
-0.9933333333333333
-0.9866666666666665
-0.9405555555555555
-0.9866666666666666
-0.986111111111111
-0.9461111111111112
-0.985
-0.9955555555555555
-0.9877777777777778
-0.9838888888888888
-0.995
-0.9627777777777777
-0.9922222222222222
-0.9927777777777778
-0.9838888888888887
-0.9894444444444445
-0.9911111111111112
-0.9894444444444445
-0.9905555555555554
-0.965
-0.9855555555555554
-0.956111111111111
-0.9888888888888888
-0.9700000000000001
-0.9933333333333334
-0.9994444444444445
-0.9766666666666667
-0.9777777777777776
-0.9666666666666667
-0.9577777777777778
-0.9927777777777778
-0.9616666666666668
-0.9700000000000002
-0.9788888888888889
-0.9772222222222222
-0.9927777777777778
-0.9961111111111111
-0.99
-0.9816666666666667
-0.9894444444444443
-0.9955555555555556
-0.9755555555555554
-0.9866666666666667
-0.9838888888888888
-0.9505555555555554
-0.9955555555555554
-0.9933333333333333
-0.9994444444444445
-0.9572222222222222
-0.9927777777777778
-0.9383333333333334
-0.9922222222222222
-1.0
-0.9744444444444443
-0.9983333333333333
-0.9550000000000001
-0.9822222222222222
-0.9755555555555555
-0.9894444444444443
-0.9883333333333333
-0.9894444444444443
-0.9727777777777777
-0.9805555555555555
-0.9899999999999999
-0.9955555555555555
-0.9816666666666666
-0.9805555555555555
-0.9838888888888888
-0.9733333333333333
-0.9883333333333333
-0.9644444444444445
-0.9883333333333333
-0.9811111111111112
-0.9755555555555554
-0.9916666666666665
-0.9888888888888889
-0.9933333333333334
-0.9749999999999999
-0.9866666666666666
-0.9944444444444446
-0.9472222222222222
-0.99
-0.9777777777777776
-0.9827777777777776
-0.9949999999999999
-0.9883333333333334
-0.9777777777777777
-0.9805555555555556
-0.9944444444444444
-0.9605555555555553
-0.9794444444444443
-0.9888888888888889
-0.9527777777777776
-0.9694444444444446
-0.9683333333333332
