-0.8772222222222222
-0.8988888888888888
-0.831111111111111
-0.7755555555555554
-0.8616666666666667
-0.7816666666666664
-0.8250000000000001
-0.8716666666666665
-0.7838888888888889
-0.8527777777777779
-0.7088888888888886
-0.7294444444444445
-0.8283333333333335
-0.892222222222222
-0.8994444444444445
-0.9111111111111111
-0.877777777777778
-0.8161111111111111
-0.845
-0.8499999999999999
-0.7599999999999999
-0.7355555555555556
-0.8988888888888887
-0.8544444444444446
-0.8372222222222222
-0.8105555555555555
-0.7799999999999999
-0.8961111111111111
-0.8250000000000001
-0.8516666666666667
-0.8016666666666669
-0.8905555555555557
-0.8127777777777777
-0.887222222222222
-0.8272222222222222
-0.8738888888888887
-0.8961111111111109
-0.8355555555555555
-0.7266666666666666
-0.818888888888889
-0.6488888888888888
-0.8488888888888888
-0.8294444444444445
-0.8122222222222223
-0.7899999999999999
-0.7455555555555555
-0.8916666666666665
-0.8711111111111111
-0.8372222222222221
-0.7888888888888886
-0.8972222222222221
-0.8272222222222223
-0.8799999999999998
-0.8138888888888888
-0.9111111111111112
-0.8616666666666667
-0.8238888888888887
-0.8822222222222222
-0.8005555555555554
-0.8888888888888887
-0.8722222222222221
-0.8922222222222221
-0.7333333333333333
-0.9327777777777777
-0.873888888888889
-0.7327777777777779
-0.7894444444444442
-0.8894444444444444
-0.7083333333333333
-0.9094444444444444
-0.8638888888888888
-0.8155555555555554
-0.8394444444444445
-0.8805555555555556
-0.8438888888888887
-0.7322222222222222
-0.7716666666666667
-0.8466666666666666
-0.7533333333333333
-0.8933333333333334
-0.8494444444444444
-0.8588888888888887
-0.7611111111111111
-0.8777777777777778
-0.9177777777777778
-0.8799999999999997
-0.9155555555555556
-0.7138888888888888
-0.868888888888889
-0.906111111111111
-0.8411111111111111
-0.9472222222222222
-0.7422222222222223
-0.9049999999999998
-0.8605555555555555
-0.8761111111111108
-0.7855555555555557
-0.888888888888889
-0.767222222222222
-0.8116666666666666
-0.8688888888888885
-0.6783333333333332
-0.8494444444444442
-0.7699999999999997
-0.7816666666666665
-0.9483333333333334
-0.8227777777777777
-0.86
-0.7433333333333333
-0.9272222222222221
-0.5211111111111112
-0.8727777777777778
-0.8094444444444445
-0.9138888888888885
-0.881111111111111
-0.726111111111111
-0.5961111111111111
-0.8633333333333333
-0.7272222222222222
-0.8111111111111111
-0.7683333333333334
-0.7155555555555555
-0.7266666666666667
-0.8422222222222223
-0.7572222222222221
-0.8461111111111113
-0.8627777777777776
-0.8427777777777777
-0.9161111111111111
-0.8461111111111111
-0.7755555555555556
-0.7844444444444444
-0.7244444444444443
-0.7055555555555557
-0.8016666666666666
-0.7466666666666666
-0.8338888888888886
-0.8533333333333334
-0.8116666666666666
-0.8944444444444444
-0.7716666666666665
-0.6966666666666669
-0.8033333333333333
-0.856111111111111
-0.7233333333333332
-0.8877777777777777
-0.7872222222222223
-0.8183333333333335
-0.8205555555555556
-0.8277777777777778
-0.8144444444444444
-0.8205555555555554
-0.8238888888888888
-0.8483333333333333
-0.7027777777777778
-0.8627777777777779
-0.9355555555555556
-0.9016666666666666
-0.898888888888889
-0.9388888888888888
-0.8283333333333335
-0.8722222222222223
-0.9016666666666667
-0.7516666666666667
-0.8683333333333334
-0.8811111111111111
-0.6605555555555557
-0.8394444444444444
-0.8727777777777779
-0.5827777777777778
-0.7255555555555555
-0.7016666666666667
-0.9322222222222222
-0.8411111111111111
-0.862222222222222
-0.8444444444444443
-0.9088888888888889
-0.8566666666666667
-0.8594444444444443
-0.8566666666666668
-0.6827777777777778
-0.9272222222222221
-0.8049999999999999
-0.7277777777777779
-0.8016666666666666
-0.8661111111111109
-0.8199999999999998
-0.8727777777777774
-0.8561111111111109
-0.8999999999999999
-0.8611111111111109
-0.8427777777777778
