-0.41055555555555545
-0.4922222222222222
-0.5338888888888889
-0.45222222222222214
-0.47
-0.29055555555555557
-0.605
-0.6522222222222224
-0.17166666666666666
-0.3138888888888889
-0.8299999999999998
-0.6088888888888888
-0.5933333333333334
-0.6566666666666666
-0.5327777777777778
-0.21166666666666661
-0.7905555555555555
-0.5344444444444444
-0.19055555555555556
-0.3761111111111111
-0.5544444444444445
-0.38166666666666654
-0.3861111111111111
-0.6000000000000002
-0.6327777777777777
-0.5783333333333333
-0.5405555555555556
-0.5999999999999999
-0.46611111111111103
-0.7272222222222223
-0.5577777777777778
-0.6122222222222221
0.39
-0.42555555555555546
-0.6316666666666664
-0.36055555555555546
-0.4716666666666666
-0.3472222222222222
-0.6611111111111112
-0.4088888888888889
-0.17388888888888895
-0.5772222222222221
-0.4516666666666665
-0.6388888888888887
-0.11777777777777776
-0.565
-0.47000000000000003
-0.721666666666667
-0.5022222222222222
-0.5377777777777778
-0.18833333333333335
-0.5133333333333332
-0.405
-0.4194444444444444
-0.3466666666666667
0.02944444444444444
-0.7333333333333332
-0.6861111111111112
-0.6127777777777779
-0.6283333333333334
-0.48388888888888887
-0.4361111111111111
-0.4227777777777778
-0.3394444444444444
-0.47611111111111104
-0.43277777777777776
-0.7405555555555556
-0.37000000000000005
-0.3433333333333333
-0.4411111111111111
-0.5016666666666667
-0.6350000000000001
-0.5333333333333331
-0.2772222222222222
-0.5894444444444445
-0.44888888888888884
-0.5583333333333332
-0.3222222222222223
-0.5366666666666667
-0.4222222222222222
-0.5822222222222223
-0.7177777777777776
-0.42888888888888893
-0.48277777777777775
-0.6672222222222223
-0.31388888888888894
-0.6183333333333334
-0.6383333333333334
-0.41111111111111104
-0.6122222222222222
-0.6138888888888887
-0.2883333333333333
-0.03166666666666669
-0.5811111111111111
-0.6755555555555556
-0.5900000000000001
-0.6633333333333334
-0.5327777777777779
-0.6283333333333334
-0.49888888888888877
-0.44
-0.24888888888888888
-0.38222222222222224
-0.3927777777777777
-0.6699999999999999
-0.3966666666666668
-0.4311111111111111
-0.5494444444444445
-0.6266666666666667
-0.4505555555555557
-0.47611111111111115
-0.3366666666666668
-0.44999999999999996
-0.1472222222222222
-0.39666666666666667
-0.30999999999999994
-0.36055555555555563
-0.5183333333333334
-0.5905555555555556
-0.7561111111111108
-0.3505555555555555
-0.29111111111111115
0.1794444444444445
-0.4583333333333332
-0.3683333333333334
-0.45388888888888895
-0.5211111111111112
-0.6555555555555554
-0.4627777777777778
-0.6044444444444446
-0.24999999999999994
-0.47944444444444445
-0.43444444444444447
-0.4827777777777778
-0.5227777777777776
-0.538888888888889
-0.4605555555555556
-0.28222222222222215
-0.27499999999999997
-0.5872222222222222
-0.671111111111111
-0.42611111111111116
-0.6655555555555555
-0.7977777777777778
-0.21444444444444447
-0.4683333333333334
-0.4083333333333333
-0.45777777777777773
0.05722222222222222
-0.615
-0.6027777777777775
-0.5772222222222222
-0.6166666666666668
-0.5116666666666666
-0.4283333333333335
-0.5111111111111111
-0.3466666666666666
-0.5933333333333335
-0.5061111111111113
-0.48833333333333345
-0.5927777777777778
0.08777777777777776
-0.5094444444444445
-0.615
-0.34833333333333333
-0.49500000000000005
-0.4583333333333332
-0.3555555555555555
-0.6238888888888888
-0.42444444444444446
-0.33333333333333337
-0.3238888888888889
-0.5044444444444445
-0.24666666666666665
-0.6594444444444445
-0.4133333333333333
-0.3538888888888889
-0.49333333333333335
-0.2755555555555555
-0.5349999999999999
-0.3516666666666667
-0.6422222222222221
-0.5466666666666666
-0.535
-0.5494444444444445
-0.5866666666666667
-0.7738888888888891
-0.2894444444444444
-0.6344444444444445
-0.7138888888888889
-0.5072222222222222
-0.37555555555555553
