-0.5783333333333334
-0.5538888888888889
-0.59
-0.625
-0.6361111111111112
-0.5983333333333333
-0.34444444444444444
-0.4427777777777777
-0.2366666666666667
-0.49222222222222217
-0.43777777777777777
-0.7166666666666666
-0.7966666666666666
-0.6122222222222222
-0.4133333333333333
-0.6261111111111112
-0.6494444444444445
-0.4061111111111112
-0.5311111111111112
-0.5533333333333332
-0.3755555555555556
0.1138888888888889
-0.5599999999999999
0.12166666666666663
-0.4316666666666668
-0.6849999999999998
-0.5855555555555555
-0.6333333333333334
-0.33166666666666667
-0.6050000000000001
-0.5472222222222223
-0.541111111111111
-0.4583333333333333
-0.4872222222222221
-0.6933333333333334
-0.6372222222222221
-0.6711111111111109
-0.32777777777777783
-0.5233333333333332
-0.3466666666666666
-0.622222222222222
-0.7122222222222221
-0.617777777777778
-0.6494444444444445
-0.5938888888888889
-0.5222222222222223
-0.728888888888889
-0.6894444444444443
-0.44611111111111107
-0.5116666666666667
-0.6199999999999999
-0.8316666666666668
-0.4955555555555556
-0.49499999999999983
-0.23388888888888892
-0.8266666666666667
-0.4266666666666667
-0.3466666666666667
-0.6461111111111111
-0.4977777777777778
-0.5305555555555556
-0.7094444444444445
-0.6222222222222222
-0.6477777777777779
-0.5499999999999999
-0.6050000000000001
-0.3827777777777779
-0.48333333333333345
-0.5183333333333333
-0.5405555555555556
-0.44666666666666666
-0.1411111111111111
-0.6411111111111112
-0.4872222222222222
-0.3644444444444444
-0.6811111111111111
-0.5055555555555556
-0.6961111111111111
-0.30499999999999994
-0.5077777777777777
-0.5705555555555555
-0.4761111111111111
-0.3572222222222222
-0.4777777777777778
-0.66
-0.34222222222222226
-0.5633333333333332
-0.29666666666666675
-0.4627777777777778
-0.4816666666666667
-0.32333333333333325
-0.5849999999999999
-0.5944444444444444
-0.42777777777777776
-0.6422222222222225
-0.4405555555555555
-0.7138888888888888
-0.6877777777777779
-0.6477777777777778
-0.39277777777777784
-0.47
-0.7949999999999999
-0.5227777777777778
-0.6655555555555555
-0.27722222222222226
-0.2472222222222222
-0.6566666666666666
-0.6661111111111112
-0.4122222222222222
-0.3005555555555556
-0.435
-0.30722222222222223
-0.5150000000000001
-0.7700000000000001
-0.5388888888888889
-0.582777777777778
-0.7227777777777779
-0.6038888888888889
-0.40333333333333343
-0.725
-0.5483333333333333
-0.5227777777777777
-0.5011111111111111
-0.6722222222222225
-0.39722222222222225
-0.5833333333333334
-0.41055555555555556
-0.5294444444444444
-0.23666666666666666
-0.4838888888888888
-0.3961111111111112
-0.49833333333333335
-0.5672222222222223
-0.5533333333333332
-0.6483333333333332
-0.6666666666666667
-0.26166666666666666
-0.4327777777777778
-0.48500000000000004
-0.6288888888888889
-0.5327777777777778
-0.5400000000000001
-0.5666666666666667
-0.531111111111111
-0.7705555555555557
-0.46666666666666673
-0.3455555555555555
-0.5799999999999998
-0.4066666666666666
-0.6944444444444446
-0.533888888888889
-0.5516666666666665
-0.5694444444444444
-0.2961111111111111
-0.6466666666666668
-0.5327777777777778
-0.4127777777777778
-0.6522222222222221
-0.6988888888888887
0.019999999999999973
-0.5494444444444445
-0.6366666666666667
-0.5622222222222224
-0.5283333333333334
-0.4938888888888888
-0.5061111111111111
-0.605
-0.7888888888888886
-0.6983333333333335
-0.02499999999999999
-0.6266666666666666
-0.5416666666666666
-0.6411111111111111
-0.4505555555555556
-0.5633333333333331
-0.6222222222222222
-0.63
-0.6833333333333335
-0.3638888888888888
-0.6599999999999998
-0.6877777777777777
-0.36944444444444446
-0.5027777777777778
-0.03166666666666666
-0.5877777777777777
-0.5938888888888889
-0.3583333333333332
-0.5555555555555555
-0.5472222222222223
-0.6422222222222221
-0.55
-0.4222222222222223
