0.9605555555555555
0.9249999999999996
0.9633333333333335
0.8233333333333335
0.9938888888888887
0.8794444444444445
0.986111111111111
0.9544444444444443
0.9549999999999998
0.965
0.9866666666666667
0.9794444444444443
0.9294444444444444
0.9566666666666668
0.9444444444444444
0.8972222222222221
0.9377777777777779
0.9705555555555555
0.9366666666666666
0.9522222222222222
0.9611111111111109
0.9294444444444444
0.9077777777777779
0.9238888888888888
0.9527777777777777
0.8266666666666664
0.8977777777777778
0.8983333333333333
0.98
0.9305555555555555
0.985
0.7605555555555555
0.9099999999999999
0.9972222222222221
0.9183333333333333
0.9377777777777777
0.8972222222222221
0.8433333333333334
0.9483333333333334
0.9794444444444447
0.8916666666666665
0.9738888888888888
0.9411111111111111
0.981111111111111
0.9366666666666668
0.8888888888888888
0.9166666666666666
0.9472222222222222
0.9138888888888889
0.9872222222222222
0.8350000000000002
0.9805555555555555
0.9427777777777777
0.9583333333333333
0.9433333333333332
0.9383333333333332
0.8516666666666665
0.94
0.9455555555555554
0.9466666666666667
0.9194444444444444
0.9066666666666666
0.8805555555555553
0.5627777777777777
0.9666666666666667
0.9472222222222221
0.6855555555555557
0.9955555555555554
0.9172222222222222
0.8627777777777779
0.7838888888888887
0.9766666666666667
0.9672222222222221
0.9666666666666667
0.8766666666666666
0.9572222222222222
0.9905555555555555
0.9677777777777776
0.9805555555555556
0.9677777777777777
0.9661111111111111
0.9883333333333334
0.9722222222222222
0.9344444444444444
0.8788888888888888
0.95
0.8733333333333334
0.7761111111111112
0.887777777777778
0.9227777777777779
0.9533333333333334
0.9566666666666668
0.9438888888888887
0.9594444444444444
0.9327777777777778
0.9861111111111112
0.8983333333333331
0.951111111111111
0.7683333333333331
0.7266666666666667
0.9205555555555556
0.9305555555555555
0.9916666666666667
0.907222222222222
0.9250000000000002
0.7927777777777777
0.9455555555555556
0.8811111111111111
0.9211111111111109
0.9461111111111111
0.933888888888889
0.9294444444444443
0.9766666666666666
0.9172222222222222
0.951111111111111
0.9694444444444443
0.9805555555555555
0.9922222222222221
0.9255555555555554
0.951111111111111
0.9327777777777777
0.8911111111111109
0.9394444444444443
0.8922222222222224
0.6544444444444444
0.9572222222222222
0.8538888888888889
0.9888888888888889
0.9977777777777777
0.9927777777777778
0.9444444444444445
0.8344444444444445
0.933888888888889
0.8205555555555554
0.9222222222222223
0.968888888888889
0.9149999999999999
0.8844444444444445
0.976111111111111
0.9666666666666666
0.9277777777777776
0.8122222222222221
0.8972222222222221
0.8755555555555555
0.9916666666666667
0.975
0.9338888888888891
0.9244444444444444
0.9872222222222221
0.6411111111111112
0.9455555555555556
0.9733333333333333
0.9872222222222222
0.786111111111111
0.9533333333333333
0.9444444444444444
0.9655555555555553
0.9855555555555555
0.9772222222222222
0.9744444444444444
0.9438888888888888
0.948888888888889
0.9661111111111111
0.941111111111111
0.9655555555555553
0.9738888888888889
0.8383333333333334
0.9922222222222222
0.9444444444444445
0.8888888888888887
0.9872222222222222
0.9833333333333333
0.9705555555555555
0.9166666666666667
0.9477777777777778
0.9411111111111111
0.9805555555555555
0.9450000000000002
0.9655555555555554
0.9755555555555555
0.9022222222222223
0.9494444444444443
0.9916666666666668
0.986111111111111
0.935
0.892222222222222
0.9538888888888889
0.732222222222222
0.955
0.9288888888888887
0.8627777777777778
0.885
