-0.9983333333333333
-1.0
-1.0
-1.0
-0.9961111111111111
-0.9955555555555555
-0.9966666666666666
-0.9877777777777778
-0.9972222222222221
-0.9994444444444445
-0.9983333333333334
-0.9955555555555555
-0.9994444444444445
-0.9994444444444445
-1.0
-0.9983333333333333
-0.9994444444444445
-0.9988888888888889
-0.9961111111111111
-1.0
-0.9983333333333334
-0.995
-0.9977777777777777
-0.9977777777777778
-0.9972222222222221
-1.0
-0.9977777777777778
-0.9966666666666666
-0.9994444444444445
-0.9916666666666667
-0.9988888888888888
-1.0
-0.982222222222222
-0.9961111111111112
-0.9916666666666666
-1.0
-1.0
-0.9955555555555555
-1.0
-0.9988888888888888
-0.993888888888889
-1.0
-1.0
-0.9994444444444445
-0.9966666666666667
-0.9983333333333333
-1.0
-1.0
-0.9938888888888887
-1.0
-1.0
-1.0
-1.0
-0.9972222222222221
-0.9933333333333334
-0.9955555555555555
-0.9988888888888888
-0.9933333333333334
-1.0
-0.9988888888888889
-0.9994444444444445
-0.9994444444444445
-1.0
-1.0
-0.9872222222222222
-1.0
-1.0
-0.9988888888888889
-1.0
-0.9977777777777778
-1.0
-0.9744444444444443
-0.9972222222222221
-1.0
-0.9977777777777778
-0.9983333333333333
-0.9955555555555555
-0.9983333333333333
-0.9988888888888889
-1.0
-0.9994444444444445
-0.9994444444444445
-0.9988888888888889
-0.9966666666666666
-0.9994444444444445
-0.995
-0.9988888888888889
-0.9983333333333333
-0.9844444444444445
-0.9933333333333334
-0.9988888888888889
-0.9905555555555556
-0.9927777777777778
-0.9988888888888889
-0.9949999999999999
-0.9994444444444445
-1.0
-0.9977777777777778
-0.9988888888888889
-0.9977777777777778
-0.9994444444444445
-0.9966666666666667
-0.9994444444444445
-0.9988888888888888
-0.9905555555555554
-0.9983333333333334
-0.9961111111111111
-1.0
-0.9938888888888887
-0.9983333333333333
-0.9966666666666667
-0.9972222222222222
-1.0
-0.9994444444444445
-1.0
-0.9966666666666667
-1.0
-0.9988888888888889
-0.9938888888888889
-0.9988888888888889
-0.9994444444444445
-1.0
-0.9994444444444445
-1.0
-0.9961111111111111
-0.9994444444444445
-0.9994444444444445
-0.9972222222222221
-0.9983333333333333
-0.9994444444444445
-0.995
-1.0
-1.0
-0.9983333333333333
-1.0
-1.0
-1.0
-0.9983333333333333
-1.0
-0.9961111111111111
-0.9988888888888889
-0.9994444444444445
-0.9955555555555555
-0.9911111111111112
-0.9994444444444445
-1.0
-0.9994444444444445
-1.0
-0.9961111111111111
-0.9994444444444445
-0.9922222222222222
-0.9988888888888889
-1.0
-0.9955555555555556
-0.9994444444444445
-0.9983333333333333
-1.0
-1.0
-0.9994444444444445
-1.0
-0.9994444444444445
-0.9972222222222222
-0.9988888888888889
-1.0
-1.0
-1.0
-0.9988888888888888
-0.9983333333333333
-0.9994444444444445
-1.0
-1.0
-0.9888888888888888
-0.9977777777777778
-0.9977777777777777
-1.0
-1.0
-0.9966666666666666
-0.9983333333333333
-0.9988888888888889
-0.9994444444444445
-0.9988888888888889
-0.9938888888888889
-0.9955555555555554
-0.9988888888888888
-1.0
-0.9994444444444445
-1.0
-0.995
-1.0
-1.0
-0.9994444444444445
-0.9944444444444446
