0.9388888888888888
0.9605555555555554
0.9955555555555555
0.9677777777777778
0.9872222222222222
0.9888888888888888
0.9972222222222222
0.9550000000000001
0.8327777777777778
0.9655555555555557
0.981111111111111
0.9933333333333334
0.8572222222222222
0.9905555555555556
0.898888888888889
0.9838888888888888
0.9955555555555555
0.9772222222222221
0.7477777777777779
0.9166666666666665
0.8916666666666667
0.9783333333333334
0.9783333333333334
0.951111111111111
0.9811111111111112
0.9827777777777776
0.876111111111111
0.9666666666666668
0.9838888888888888
0.9883333333333332
0.9866666666666667
0.9994444444444445
0.913888888888889
0.9922222222222222
0.98
0.9827777777777776
0.9916666666666667
0.9461111111111111
0.9566666666666667
0.985
0.993888888888889
0.9805555555555556
0.958888888888889
0.9955555555555554
0.8999999999999999
0.9
0.995
0.9911111111111109
0.9477777777777779
0.9805555555555555
0.9955555555555554
0.995
0.9661111111111111
0.9894444444444445
0.9794444444444445
0.9194444444444442
0.9888888888888888
0.7994444444444444
0.9983333333333334
0.9638888888888888
0.9944444444444446
0.9466666666666667
0.9777777777777779
0.92
0.9888888888888887
0.9883333333333333
0.936111111111111
0.9388888888888888
0.8105555555555556
0.9833333333333333
0.985
0.9338888888888889
0.9516666666666668
0.9566666666666668
0.9538888888888889
0.9288888888888889
0.9561111111111112
0.9305555555555556
0.9866666666666665
0.9705555555555553
0.9961111111111111
0.8961111111111111
0.966111111111111
0.9966666666666666
0.9838888888888888
0.9199999999999999
0.9794444444444446
0.9794444444444443
0.9722222222222221
0.9094444444444444
0.9344444444444445
0.9805555555555556
0.8883333333333333
0.9777777777777777
0.9722222222222222
0.9616666666666667
0.9872222222222222
0.9727777777777777
0.9894444444444443
0.9677777777777777
0.9905555555555555
0.9816666666666667
0.9688888888888889
0.9049999999999999
0.9566666666666667
0.9766666666666666
0.956111111111111
0.9788888888888889
0.9966666666666667
0.9955555555555555
0.9605555555555555
0.9938888888888889
0.9672222222222222
0.9677777777777778
0.9566666666666667
0.9888888888888888
0.9427777777777777
0.9138888888888891
0.9683333333333333
0.9377777777777774
0.9811111111111109
0.9172222222222222
0.9700000000000001
0.976111111111111
0.9961111111111112
0.9805555555555555
0.9983333333333333
0.9888888888888888
0.9866666666666666
0.991111111111111
0.9872222222222222
1.0
0.9827777777777775
0.9994444444444445
0.9911111111111112
0.9894444444444445
0.9850000000000001
0.9550000000000001
0.9844444444444445
0.9838888888888888
0.9555555555555556
0.9655555555555554
0.9938888888888889
0.9211111111111111
0.9455555555555556
0.9872222222222221
0.9455555555555557
0.9288888888888889
0.9527777777777777
0.9783333333333334
0.9155555555555556
0.9955555555555555
0.9816666666666666
0.9733333333333332
0.9988888888888889
0.9877777777777776
0.8366666666666667
0.9855555555555554
0.9549999999999998
0.9722222222222222
0.9933333333333334
0.9466666666666669
0.9655555555555554
0.9638888888888889
0.8627777777777778
0.9972222222222221
0.9927777777777776
0.9933333333333334
0.893888888888889
0.8322222222222224
0.9994444444444445
0.9877777777777778
0.9972222222222222
0.9772222222222221
0.9427777777777777
0.9133333333333333
0.9372222222222221
0.9894444444444445
0.9544444444444444
0.9833333333333333
0.9833333333333333
0.9288888888888888
0.9799999999999999
0.9833333333333333
0.888888888888889
0.9522222222222221
0.955
1.0
1.0
0.9988888888888888
0.9455555555555554
0.9827777777777776
