0.9733333333333333
1.0
0.9844444444444445
0.9677777777777777
0.9933333333333333
0.9916666666666666
0.966111111111111
0.9605555555555555
0.98
0.995
0.9522222222222222
0.9805555555555556
0.9444444444444444
0.9994444444444445
0.9872222222222222
0.9883333333333333
0.9905555555555555
0.992777777777778
1.0
0.9911111111111112
0.965
0.9899999999999999
0.9900000000000001
0.9961111111111111
0.9983333333333334
0.9427777777777777
0.9938888888888889
0.9927777777777779
0.9422222222222223
0.9944444444444444
0.9938888888888889
0.9227777777777777
0.9700000000000001
0.9994444444444445
0.9922222222222222
1.0
0.9516666666666667
0.9461111111111111
0.8455555555555557
0.9877777777777778
0.9927777777777778
0.9983333333333333
0.9938888888888889
0.9855555555555555
0.9722222222222222
0.9816666666666666
0.9700000000000001
0.9833333333333333
0.9949999999999999
0.9033333333333331
0.928888888888889
0.9883333333333334
0.9772222222222222
0.9788888888888887
0.9900000000000001
0.9744444444444444
0.991111111111111
0.9844444444444442
0.9883333333333334
0.9805555555555555
0.8666666666666665
0.9527777777777775
0.9872222222222221
0.9844444444444445
0.9672222222222222
0.9655555555555554
0.9572222222222221
0.9822222222222222
0.9605555555555553
0.9916666666666667
0.9988888888888889
0.995
1.0
1.0
0.9416666666666667
0.9788888888888889
0.9333333333333333
0.9922222222222222
0.913888888888889
0.9827777777777779
0.9844444444444443
0.952222222222222
0.9972222222222222
0.9527777777777778
0.9366666666666666
0.9766666666666667
0.9966666666666666
0.9833333333333335
0.94
0.9622222222222221
0.9394444444444445
0.9755555555555555
0.926111111111111
0.9955555555555555
0.9727777777777777
0.9833333333333332
0.9883333333333334
0.9961111111111111
0.9994444444444445
0.9905555555555556
0.9949999999999998
0.9783333333333333
0.9955555555555554
0.9905555555555555
0.9922222222222222
0.8805555555555556
0.9988888888888888
0.9866666666666666
0.985
0.9255555555555557
0.9833333333333333
0.9572222222222223
0.9466666666666668
0.9600000000000001
0.961111111111111
0.9772222222222223
0.986111111111111
0.9961111111111111
0.9866666666666667
0.9622222222222223
0.9977777777777778
0.976111111111111
0.9983333333333333
0.985
0.991111111111111
0.9605555555555555
0.9977777777777778
0.9888888888888889
0.9855555555555555
0.9944444444444446
0.9966666666666667
0.9866666666666666
0.9833333333333333
0.8816666666666666
0.9977777777777778
0.9877777777777778
0.9844444444444443
0.975
0.9949999999999999
0.9911111111111112
0.9222222222222222
0.9438888888888888
0.9422222222222222
0.9994444444444445
0.9933333333333333
0.9111111111111111
0.9744444444444446
0.9788888888888889
0.9916666666666666
0.976111111111111
0.9994444444444445
0.9988888888888888
0.9977777777777777
0.9816666666666666
0.8172222222222222
0.9894444444444445
0.9388888888888889
0.9794444444444446
0.9450000000000001
1.0
0.9972222222222221
0.9733333333333333
0.9772222222222222
0.9833333333333335
0.9838888888888889
0.9872222222222222
0.9327777777777778
0.9794444444444445
0.9627777777777776
0.9988888888888889
0.9377777777777779
0.99
0.9250000000000002
0.9888888888888889
0.9977777777777778
0.9905555555555555
0.9733333333333332
0.9827777777777779
0.9877777777777779
0.9916666666666667
0.9305555555555556
0.9727777777777777
0.9994444444444445
0.9927777777777779
0.9877777777777778
0.9944444444444444
0.9722222222222221
0.9983333333333333
0.99
0.9894444444444446
0.9788888888888889
0.968888888888889
