0.9966666666666666
0.9938888888888889
0.9588888888888889
1.0
0.9994444444444445
0.9900000000000001
0.9894444444444445
0.9994444444444445
0.9183333333333333
0.9694444444444444
0.9949999999999999
0.9872222222222222
0.9977777777777778
0.9994444444444445
0.9933333333333334
0.9983333333333334
0.9477777777777779
0.9944444444444446
0.9988888888888889
1.0
0.9888888888888889
0.9905555555555556
0.9977777777777778
0.9983333333333333
0.9711111111111111
0.9911111111111112
1.0
0.9816666666666667
0.9994444444444445
0.9961111111111112
0.9888888888888888
0.9922222222222221
0.9938888888888889
0.9933333333333334
0.9727777777777777
0.9933333333333334
0.9994444444444445
0.9816666666666667
0.9905555555555555
0.9983333333333333
0.9983333333333334
0.9694444444444446
0.976111111111111
0.9577777777777778
0.9266666666666665
0.9972222222222222
0.976111111111111
0.9961111111111111
0.9816666666666666
0.9955555555555555
0.9944444444444446
0.9694444444444446
0.9927777777777778
0.9977777777777778
0.9949999999999999
0.9972222222222222
1.0
0.9883333333333333
1.0
0.9916666666666667
0.9783333333333333
0.9922222222222222
0.9711111111111109
0.9916666666666666
0.9572222222222222
0.9888888888888888
1.0
1.0
0.9877777777777778
0.9922222222222222
0.9877777777777778
0.9499999999999998
1.0
0.9938888888888889
0.9994444444444445
0.9955555555555555
0.9905555555555554
0.9977777777777778
0.9927777777777778
0.9783333333333334
0.9838888888888887
0.9777777777777779
0.9850000000000001
0.9883333333333333
0.9977777777777778
0.993888888888889
0.9988888888888888
0.9727777777777777
0.9961111111111111
0.945
0.9944444444444444
0.9949999999999999
1.0
0.9994444444444445
0.9961111111111111
0.9222222222222223
0.9416666666666667
0.9994444444444445
1.0
0.9911111111111109
0.9922222222222222
0.9961111111111111
0.9988888888888888
0.9905555555555556
1.0
0.9977777777777778
0.9772222222222222
0.9522222222222222
0.9988888888888888
0.9855555555555555
0.9961111111111111
0.9872222222222222
0.9994444444444445
0.9955555555555555
0.9711111111111114
0.7838888888888889
0.9727777777777777
0.9927777777777779
0.9794444444444445
0.9716666666666669
0.9977777777777777
0.9944444444444444
0.9994444444444445
1.0
0.972222222222222
1.0
0.9838888888888888
0.9966666666666665
0.9788888888888889
1.0
0.9955555555555555
0.9994444444444445
0.9988888888888889
0.9961111111111111
0.9988888888888889
0.9994444444444445
0.9866666666666667
1.0
0.9588888888888888
0.9933333333333335
0.9955555555555555
0.9822222222222222
1.0
0.9927777777777778
0.9966666666666666
0.9955555555555555
0.9988888888888889
0.9888888888888888
0.8488888888888889
0.926111111111111
0.9450000000000001
0.9594444444444444
0.9616666666666667
0.9899999999999999
0.9977777777777778
0.9922222222222222
0.9938888888888889
0.9855555555555556
0.9933333333333334
0.9988888888888889
0.9855555555555555
0.9977777777777777
0.9916666666666667
0.9966666666666666
0.9866666666666666
0.9977777777777778
1.0
0.9872222222222222
0.9988888888888888
0.99
1.0
1.0
0.9922222222222221
0.9883333333333333
0.9694444444444443
0.9733333333333333
1.0
0.9911111111111113
0.9955555555555555
0.9972222222222221
0.9861111111111112
0.9716666666666668
0.9983333333333333
0.9638888888888889
1.0
0.985
0.9705555555555556
0.9983333333333333
0.9905555555555555
1.0
0.9638888888888889
0.9922222222222222
