0.9994444444444445
0.9994444444444445
1.0
1.0
0.9994444444444445
0.9988888888888889
1.0
0.9844444444444445
0.9788888888888889
1.0
1.0
0.9988888888888888
0.9955555555555555
1.0
1.0
0.995
0.9633333333333333
0.996111111111111
1.0
1.0
1.0
1.0
1.0
1.0
1.0
1.0
1.0
1.0
0.9977777777777778
1.0
0.9955555555555555
0.9977777777777778
1.0
1.0
0.9977777777777778
0.9994444444444445
1.0
0.9977777777777778
1.0
1.0
0.9972222222222222
0.9977777777777778
0.9972222222222221
1.0
1.0
0.995
1.0
1.0
1.0
1.0
0.9994444444444445
1.0
1.0
1.0
1.0
0.9988888888888889
0.9933333333333333
1.0
1.0
0.9983333333333334
1.0
0.9988888888888889
1.0
1.0
1.0
0.9983333333333333
1.0
1.0
1.0
0.9983333333333333
1.0
0.9988888888888889
0.9877777777777778
0.9966666666666666
1.0
1.0
0.9966666666666666
1.0
1.0
1.0
0.9911111111111112
1.0
1.0
0.9983333333333333
1.0
0.9988888888888889
0.9905555555555556
0.9988888888888888
1.0
1.0
0.9994444444444445
1.0
0.9966666666666666
1.0
1.0
0.9977777777777778
1.0
1.0
1.0
1.0
1.0
1.0
1.0
1.0
1.0
1.0
1.0
1.0
1.0
0.9922222222222222
1.0
1.0
0.9883333333333333
0.9983333333333333
1.0
0.9727777777777777
1.0
0.9988888888888889
1.0
1.0
0.9994444444444445
0.9938888888888887
1.0
1.0
0.9994444444444445
0.9849999999999999
1.0
0.9966666666666666
1.0
0.9972222222222222
0.9966666666666666
0.9755555555555554
1.0
0.9872222222222222
0.9994444444444445
1.0
1.0
1.0
1.0
0.9988888888888889
0.9927777777777778
1.0
1.0
1.0
0.9988888888888889
0.9933333333333334
1.0
0.9983333333333333
1.0
1.0
1.0
0.9977777777777778
1.0
1.0
0.9866666666666666
0.9988888888888889
1.0
1.0
1.0
1.0
0.9894444444444443
0.9994444444444445
1.0
0.991111111111111
1.0
0.9994444444444445
1.0
1.0
1.0
1.0
1.0
1.0
1.0
1.0
1.0
1.0
1.0
1.0
1.0
1.0
1.0
1.0
0.9955555555555555
0.98
0.9988888888888889
1.0
1.0
0.9888888888888889
1.0
0.995
1.0
0.9955555555555555
