1.0
1.0
1.0
1.0
1.0
1.0
1.0
1.0
1.0
1.0
1.0
0.9938888888888889
1.0
1.0
1.0
1.0
1.0
1.0
1.0
0.9944444444444444
0.9938888888888889
1.0
1.0
1.0
1.0
1.0
1.0
1.0
1.0
1.0
1.0
1.0
1.0
1.0
1.0
1.0
1.0
1.0
1.0
1.0
1.0
1.0
1.0
1.0
1.0
1.0
1.0
0.99
1.0
1.0
1.0
1.0
1.0
1.0
1.0
1.0
1.0
0.9977777777777778
0.9944444444444444
1.0
1.0
0.9838888888888887
1.0
1.0
1.0
1.0
1.0
1.0
1.0
1.0
0.9927777777777778
1.0
1.0
1.0
1.0
1.0
1.0
1.0
1.0
1.0
1.0
1.0
1.0
1.0
1.0
1.0
1.0
1.0
1.0
1.0
1.0
0.9994444444444445
0.995
1.0
1.0
1.0
1.0
1.0
1.0
1.0
1.0
1.0
1.0
1.0
1.0
0.9988888888888889
1.0
1.0
1.0
1.0
1.0
0.9972222222222221
1.0
1.0
1.0
1.0
1.0
0.9972222222222222
1.0
1.0
1.0
1.0
1.0
1.0
0.9966666666666667
1.0
1.0
1.0
1.0
0.9977777777777778
1.0
0.985
1.0
1.0
1.0
1.0
1.0
1.0
1.0
1.0
1.0
1.0
1.0
1.0
1.0
1.0
1.0
0.9994444444444445
1.0
1.0
1.0
1.0
1.0
1.0
1.0
1.0
1.0
1.0
1.0
1.0
1.0
1.0
1.0
1.0
1.0
1.0
1.0
1.0
1.0
1.0
1.0
1.0
1.0
1.0
0.9994444444444445
1.0
1.0
1.0
1.0
1.0
0.9972222222222221
0.995
1.0
1.0
1.0
1.0
1.0
1.0
1.0
1.0
1.0
1.0
