-0.9548148148148149
-0.968148148148148
-0.9703703703703704
-0.9666666666666663
-0.9629629629629629
-0.9659259259259255
-0.9718518518518519
-0.9574074074074073
-0.9622222222222221
-0.9555555555555554
-0.9644444444444442
-0.9648148148148147
-0.969259259259259
-0.9685185185185183
-0.9637037037037036
-0.967407407407407
-0.9685185185185183
-0.9729629629629627
-0.9755555555555551
-0.9625925925925923
-0.9659259259259261
-0.9611111111111107
-0.9651851851851848
-0.9559259259259253
-0.976296296296296
-0.9677777777777773
-0.9625925925925923
-0.9599999999999999
-0.9699999999999999
-0.9640740740740741
-0.9648148148148145
-0.9770370370370375
-0.9699999999999996
-0.9633333333333329
-0.9592592592592587
-0.9733333333333332
-0.9625925925925926
-0.9707407407407402
-0.9666666666666667
-0.9696296296296293
-0.9585185185185181
-0.9625925925925923
-0.9637037037037036
-0.9599999999999996
-0.9674074074074068
-0.9722222222222223
-0.9748148148148145
-0.9633333333333332
-0.971111111111111
-0.9722222222222221
-0.9648148148148147
-0.959259259259259
-0.9611111111111108
-0.971111111111111
-0.9699999999999999
-0.9699999999999999
-0.9718518518518516
-0.9611111111111112
-0.9685185185185183
-0.9577777777777773
-0.9651851851851849
-0.969259259259259
-0.9685185185185187
-0.9744444444444446
-0.9603703703703703
-0.9685185185185183
-0.9633333333333329
-0.9685185185185189
-0.9666666666666665
-0.969259259259259
-0.9662962962962964
-0.9785185185185185
-0.9696296296296295
-0.9707407407407408
-0.9681481481481476
-0.9651851851851849
-0.97
-0.9644444444444442
-0.9611111111111107
-0.9633333333333332
-0.9718518518518519
-0.9618518518518518
-0.9648148148148149
-0.9666666666666667
-0.9714814814814813
-0.9674074074074073
-0.9603703703703703
-0.9748148148148149
-0.9711111111111108
-0.9714814814814812
-0.967407407407407
-0.9625925925925926
-0.9625925925925923
-0.9740740740740739
-0.9614814814814812
-0.9507407407407403
-0.9670370370370366
-0.9681481481481478
-0.9659259259259255
-0.9677777777777775
-0.9599999999999999
-0.9744444444444442
-0.9718518518518516
-0.9655555555555553
-0.9662962962962964
-0.9522222222222219
-0.9714814814814812
-0.9599999999999992
-0.9666666666666667
-0.9555555555555554
-0.969259259259259
-0.9722222222222223
-0.9696296296296295
-0.9544444444444442
-0.976296296296296
-0.9685185185185187
-0.9651851851851849
-0.9640740740740741
-0.9729629629629628
-0.9618518518518518
-0.97
-0.971111111111111
-0.9618518518518518
-0.9725925925925923
-0.9677777777777773
-0.9681481481481478
-0.9622222222222221
-0.9644444444444442
-0.9633333333333329
-0.9637037037037036
-0.9618518518518514
-0.9685185185185183
-0.9648148148148145
-0.9607407407407403
-0.9666666666666665
-0.959259259259259
-0.9681481481481478
-0.9603703703703703
-0.9685185185185181
-0.9674074074074073
-0.9566666666666664
-0.967777777777778
-0.9725925925925923
-0.9603703703703701
-0.9581481481481479
-0.9685185185185187
-0.9659259259259257
-0.9718518518518516
-0.9633333333333334
-0.9696296296296293
-0.9622222222222221
-0.959259259259259
-0.9677777777777772
-0.9692592592592593
-0.9644444444444442
-0.962592592592592
-0.9625925925925928
-0.9740740740740741
-0.9629629629629622
-0.9596296296296292
-0.9603703703703704
-0.9696296296296293
-0.9637037037037034
-0.9725925925925926
-0.9603703703703701
-0.9644444444444442
-0.9677777777777773
-0.9551851851851849
-0.9581481481481482
-0.966296296296296
-0.972962962962963
-0.9714814814814812
-0.96
-0.9518518518518514
-0.9685185185185181
-0.9588888888888888
-0.9637037037037038
-0.9766666666666665
-0.9633333333333332
-0.9666666666666669
-0.9633333333333332
-0.9592592592592587
-0.9648148148148147
-0.976296296296296
-0.9607407407407408
-0.9659259259259259
-0.9674074074074074
-0.9659259259259259
-0.9699999999999999
-0.9577777777777777
-0.9659259259259257
-0.967407407407407
-0.9659259259259259
-0.975555555555556
-0.9711111111111113
-0.9703703703703701
-0.9581481481481476
-0.963703703703704
-0.9666666666666665
-0.9618518518518514
-0.9633333333333332
-0.972962962962963
-0.9633333333333328
-0.9722222222222218
-0.9618518518518518
-0.9655555555555554
-0.9603703703703698
-0.9696296296296293
-0.9759259259259259
-0.9633333333333332
-0.9685185185185183
-0.9725925925925923
-0.9588888888888883
-0.9629629629629629
-0.9685185185185183
-0.966296296296296
-0.9588888888888886
-0.9622222222222219
-0.9588888888888886
-0.9655555555555553
-0.9670370370370368
-0.9692592592592588
-0.9618518518518516
-0.9670370370370369
-0.9711111111111107
-0.9670370370370371
-0.9674074074074073
-0.9607407407407403
-0.968148148148148
-0.9670370370370368
-0.9614814814814812
-0.9544444444444442
-0.9577777777777781
-0.9714814814814815
-0.9655555555555553
-0.9677777777777775
-0.9640740740740738
-0.9696296296296295
-0.9618518518518513
-0.9677777777777775
-0.9585185185185184
-0.9599999999999996
-0.9622222222222221
-0.9611111111111105
-0.9596296296296289
-0.9692592592592593
-0.9722222222222221
-0.9614814814814814
-0.9714814814814812
-0.972962962962963
-0.9674074074074076
-0.9648148148148145
-0.9659259259259257
-0.9674074074074073
-0.9651851851851849
-0.971111111111111
