-0.9525925925925924
-0.9448148148148141
-0.9437037037037034
-0.9577777777777775
-0.9485185185185184
-0.9429629629629629
-0.944444444444444
-0.9525925925925924
-0.9566666666666664
-0.946296296296296
-0.9518518518518516
-0.9466666666666664
-0.9433333333333331
-0.9507407407407406
-0.9488888888888886
-0.9570370370370366
-0.9492592592592589
-0.9518518518518514
-0.9585185185185184
-0.9511111111111107
-0.944444444444444
-0.9555555555555554
-0.9470370370370369
-0.9503703703703698
-0.9559259259259253
-0.9599999999999994
-0.9581481481481474
-0.957407407407407
-0.9418518518518516
-0.9507407407407403
-0.9444444444444436
-0.9477777777777772
-0.9544444444444444
-0.9518518518518514
-0.9585185185185183
-0.9525925925925924
-0.9366666666666664
-0.9522222222222217
-0.9522222222222221
-0.9329629629629621
-0.9574074074074068
-0.9481481481481476
-0.9392592592592589
-0.9448148148148139
-0.9462962962962956
-0.9551851851851849
-0.953703703703703
-0.9466666666666667
-0.9466666666666659
-0.9481481481481476
-0.9577777777777773
-0.9411111111111105
-0.956296296296296
-0.9488888888888886
-0.9514814814814812
-0.9444444444444442
-0.9496296296296292
-0.956296296296296
-0.9470370370370366
-0.9540740740740739
-0.9503703703703698
-0.9533333333333335
-0.9485185185185181
-0.9555555555555554
-0.9551851851851849
-0.9470370370370366
-0.9566666666666661
-0.9448148148148141
-0.9607407407407406
-0.9525925925925924
-0.9418518518518514
-0.9596296296296292
-0.9522222222222217
-0.9511111111111109
-0.949259259259259
-0.9522222222222219
-0.9451851851851849
-0.9518518518518513
-0.9522222222222221
-0.9548148148148143
-0.9433333333333329
-0.9485185185185183
-0.9518518518518514
-0.9574074074074068
-0.9496296296296289
-0.9514814814814812
-0.9551851851851849
-0.9466666666666663
-0.9488888888888882
-0.9448148148148143
-0.9514814814814808
-0.9403703703703701
-0.9533333333333329
-0.9411111111111105
-0.9492592592592587
-0.9559259259259255
-0.9518518518518514
-0.9581481481481479
-0.9470370370370369
-0.9566666666666661
-0.9548148148148144
-0.9462962962962959
-0.9451851851851849
-0.955925925925926
-0.9455555555555553
-0.9511111111111105
-0.9507407407407402
-0.9596296296296294
-0.9555555555555553
-0.9544444444444442
-0.9448148148148147
-0.9592592592592587
-0.9551851851851849
-0.955555555555555
-0.9503703703703704
-0.9518518518518514
-0.9455555555555553
-0.9499999999999998
-0.957407407407407
-0.9437037037037036
-0.9544444444444438
-0.9585185185185183
-0.9555555555555553
-0.9518518518518516
-0.9499999999999996
-0.9551851851851848
-0.9459259259259255
-0.945555555555555
-0.9503703703703701
-0.9666666666666667
-0.9492592592592589
-0.9518518518518513
-0.9499999999999996
-0.9648148148148147
-0.9533333333333329
-0.9466666666666659
-0.9359259259259254
-0.956296296296296
-0.9551851851851851
-0.9577777777777777
-0.9559259259259255
-0.9574074074074068
-0.9459259259259255
-0.9481481481481476
-0.9470370370370366
-0.9451851851851851
-0.951851851851852
-0.9459259259259255
-0.9433333333333328
-0.9466666666666663
-0.9603703703703703
-0.9425925925925922
-0.9596296296296294
-0.941851851851852
-0.9407407407407404
-0.9514814814814814
-0.9477777777777775
-0.9618518518518516
-0.9525925925925922
-0.9559259259259255
-0.9525925925925924
-0.9603703703703699
-0.9570370370370368
-0.9559259259259257
-0.9451851851851848
-0.9585185185185184
-0.9514814814814812
-0.9518518518518518
-0.9607407407407402
-0.9496296296296289
-0.9485185185185179
-0.9588888888888886
-0.9529629629629622
-0.955555555555555
-0.9451851851851849
-0.9588888888888888
-0.9577777777777775
-0.9485185185185183
-0.95
-0.9470370370370363
-0.9496296296296295
-0.9529629629629625
-0.9414814814814811
-0.9485185185185179
-0.9577777777777777
-0.9525925925925924
-0.9418518518518513
-0.9451851851851848
-0.9499999999999998
-0.9522222222222219
-0.9492592592592589
-0.9496296296296295
-0.9588888888888886
-0.95074074074074
-0.9518518518518514
-0.951851851851852
-0.9474074074074068
-0.9537037037037034
-0.942222222222222
-0.9499999999999998
-0.957407407407407
-0.9414814814814811
-0.9459259259259255
-0.9514814814814812
-0.9559259259259257
-0.9444444444444439
-0.9448148148148141
-0.9351851851851848
-0.9492592592592589
-0.9496296296296292
-0.9414814814814814
-0.9407407407407402
-0.9599999999999994
-0.9418518518518514
-0.947407407407407
-0.949259259259259
-0.9518518518518513
-0.9477777777777769
-0.9555555555555553
-0.9455555555555548
-0.9414814814814809
-0.9559259259259253
-0.9537037037037034
-0.9518518518518513
-0.9562962962962959
-0.9503703703703699
-0.9503703703703703
-0.9492592592592587
-0.9544444444444444
-0.9470370370370368
-0.9492592592592589
-0.9477777777777777
-0.9448148148148143
-0.9611111111111108
-0.9537037037037034
-0.9570370370370366
-0.957407407407407
-0.9540740740740737
-0.9533333333333328
-0.9596296296296294
-0.9359259259259254
-0.9551851851851854
-0.9485185185185181
-0.9470370370370369
-0.9470370370370362
-0.9399999999999996
-0.9511111111111115
-0.9455555555555548
-0.9388888888888883
-0.9381481481481478
-0.9474074074074067
-0.944444444444444
-0.9522222222222221
-0.9448148148148141
-0.9559259259259253
-0.9496296296296294
