-0.7155555555555554
-0.7240740740740739
-0.6985185185185183
-0.754444444444444
-0.7244444444444443
-0.7440740740740738
-0.7074074074074068
-0.7174074074074075
-0.752222222222222
-0.7596296296296291
-0.7014814814814819
-0.7329629629629628
-0.7407407407407406
-0.7470370370370367
-0.747407407407407
-0.7377777777777776
-0.7485185185185186
-0.7200000000000001
-0.735925925925926
-0.7637037037037037
-0.7222222222222219
-0.7585185185185185
-0.707407407407407
-0.7392592592592587
-0.7181481481481482
-0.7411111111111107
-0.7422222222222217
-0.7396296296296292
-0.762592592592592
-0.7574074074074072
-0.7277777777777773
-0.763333333333333
-0.6722222222222226
-0.7314814814814814
-0.7240740740740741
-0.7266666666666662
-0.7614814814814815
-0.7414814814814817
-0.7381481481481479
-0.6959259259259254
-0.7199999999999999
-0.7366666666666662
-0.731481481481481
-0.7474074074074073
-0.71962962962963
-0.7003703703703704
-0.7085185185185189
-0.7344444444444441
-0.7192592592592594
-0.7192592592592592
-0.7399999999999995
-0.7285185185185185
-0.7396296296296292
-0.7325925925925929
-0.7277777777777775
-0.7277777777777779
-0.7096296296296292
-0.7222222222222222
-0.7499999999999994
-0.7374074074074075
-0.7137037037037036
-0.7188888888888887
-0.7422222222222219
-0.6755555555555555
-0.7233333333333327
-0.7444444444444444
-0.7248148148148146
-0.7285185185185182
-0.7462962962962957
-0.75037037037037
-0.7348148148148149
-0.7399999999999998
-0.7081481481481479
-0.6988888888888889
-0.7162962962962962
-0.7237037037037038
-0.753333333333333
-0.724814814814815
-0.737407407407407
-0.7040740740740739
-0.7425925925925925
-0.7396296296296292
-0.7125925925925923
-0.7540740740740737
-0.7140740740740739
-0.7174074074074068
-0.7259259259259255
-0.7140740740740736
-0.7214814814814814
-0.7251851851851848
-0.7381481481481478
-0.7185185185185186
-0.7429629629629626
-0.7492592592592586
-0.6848148148148145
-0.7488888888888882
-0.7096296296296294
-0.715925925925926
-0.7229629629629624
-0.7329629629629628
-0.7062962962962958
-0.7296296296296294
-0.69
-0.7225925925925925
-0.7211111111111108
-0.7455555555555553
-0.731481481481481
-0.7344444444444443
-0.7118518518518515
-0.7548148148148145
-0.7370370370370369
-0.7207407407407406
-0.7207407407407402
-0.6877777777777776
-0.7277777777777774
-0.7325925925925922
-0.7170370370370369
-0.739259259259259
-0.7203703703703699
-0.6977777777777778
-0.7040740740740739
-0.7614814814814815
-0.7351851851851847
-0.6933333333333334
-0.7229629629629625
-0.7185185185185183
-0.7266666666666668
-0.7162962962962962
-0.7203703703703699
-0.6977777777777774
-0.7218518518518516
-0.7296296296296294
-0.7055555555555552
-0.6844444444444445
-0.7507407407407406
-0.742962962962963
-0.7396296296296297
-0.7018518518518515
-0.7362962962962963
-0.7381481481481477
-0.7266666666666662
-0.7440740740740741
-0.7118518518518516
-0.7059259259259253
-0.7070370370370368
-0.7003703703703704
-0.7340740740740737
-0.7555555555555554
-0.7137037037037037
-0.7485185185185184
-0.7211111111111107
-0.7174074074074072
-0.7192592592592593
-0.7477777777777774
-0.7455555555555554
-0.7574074074074068
-0.7266666666666661
-0.727407407407407
-0.733703703703704
-0.7522222222222216
-0.7337037037037036
-0.7240740740740735
-0.7196296296296294
-0.714074074074074
-0.7351851851851847
-0.6985185185185184
-0.7318518518518518
-0.7340740740740741
-0.7137037037037035
-0.7577777777777772
-0.7177777777777773
-0.7166666666666662
-0.7340740740740739
-0.7703703703703698
-0.6937037037037035
-0.69
-0.7229629629629626
-0.7574074074074079
-0.728148148148148
-0.7233333333333327
-0.7262962962962963
-0.7381481481481477
-0.721111111111111
-0.7111111111111106
-0.7437037037037032
-0.691111111111111
-0.7496296296296293
-0.7066666666666664
-0.7292592592592593
-0.6985185185185184
-0.7133333333333333
-0.7125925925925922
-0.7307407407407402
-0.7181481481481479
-0.7059259259259253
-0.7381481481481477
-0.7259259259259254
-0.7166666666666668
-0.7218518518518513
-0.7103703703703704
-0.7155555555555551
-0.7614814814814809
-0.7459259259259258
-0.7122222222222221
-0.7051851851851848
-0.7040740740740739
-0.7529629629629625
-0.7137037037037032
-0.7155555555555548
-0.7170370370370368
-0.7448148148148145
-0.7288888888888885
-0.7274074074074072
-0.7303703703703701
-0.7159259259259259
-0.7481481481481477
-0.7370370370370368
-0.7244444444444446
-0.7555555555555551
-0.7244444444444444
-0.7244444444444446
-0.7133333333333329
-0.6933333333333331
-0.7377777777777776
-0.7159259259259257
-0.7229629629629626
-0.7155555555555558
-0.7285185185185182
-0.7114814814814808
-0.7229629629629629
-0.7029629629629627
-0.7303703703703698
-0.7214814814814813
-0.7418518518518513
-0.7077777777777773
-0.7200000000000002
-0.7070370370370367
-0.737407407407407
-0.7148148148148149
-0.7318518518518515
-0.7151851851851851
-0.7411111111111106
-0.7422222222222217
-0.722222222222222
-0.7311111111111108
-0.7244444444444441
-0.6940740740740734
-0.7288888888888886
-0.7355555555555552
-0.7100000000000003
-0.7318518518518518
-0.7207407407407406
-0.7066666666666668
-0.7488888888888883
-0.7085185185185182
-0.7211111111111108
