0.07000000000000002
0.13185185185185183
0.08555555555555554
0.030370370370370357
-0.007037037037037072
0.0859259259259259
0.13444444444444445
0.09000000000000002
0.11111111111111116
0.040370370370370376
0.03555555555555556
0.10629629629629622
0.08703703703703708
0.055185185185185205
0.04666666666666665
0.13259259259259257
0.07185185185185188
0.08111111111111112
0.09925925925925927
0.11555555555555558
0.08185185185185188
0.1122222222222222
0.09962962962962961
0.13814814814814813
0.06074074074074073
0.042962962962962946
0.05814814814814819
0.07555555555555556
0.06629629629629634
0.08333333333333334
0.0862962962962963
0.0825925925925926
0.1151851851851852
0.07074074074074073
0.10962962962962965
0.18518518518518523
0.12222222222222223
0.11666666666666671
0.018888888888888896
0.0462962962962963
0.1685185185185185
0.0351851851851852
0.06925925925925927
0.14370370370370364
0.08185185185185183
0.05037037037037037
0.053333333333333344
0.11370370370370364
0.07592592592592592
0.09259259259259257
0.12333333333333334
0.08333333333333337
0.0748148148148148
0.19592592592592592
0.06222222222222223
0.04740740740740741
0.08888888888888893
0.04296296296296296
0.04037037037037036
0.15481481481481477
0.13296296296296295
0.05814814814814818
0.06444444444444448
0.06703703703703703
0.06333333333333334
0.09407407407407409
0.06407407407407407
0.05925925925925924
0.08074074074074072
0.010370370370370377
0.040370370370370404
0.005555555555555549
0.04814814814814817
0.1251851851851852
0.07740740740740745
0.0814814814814815
0.14037037037037037
0.044814814814814787
0.057777777777777796
0.07
0.11370370370370371
0.13185185185185178
0.15407407407407406
0.09481481481481484
0.1388888888888889
0.04962962962962963
0.06444444444444446
0.10555555555555554
0.08925925925925922
0.037777777777777806
0.09555555555555559
0.020740740740740747
0.04888888888888886
-0.004814814814814804
0.10814814814814819
0.07629629629629628
0.15111111111111117
0.11370370370370374
0.10629629629629629
0.061851851851851866
0.09148148148148148
0.15148148148148144
0.12222222222222215
0.14296296296296307
0.13481481481481472
0.07777777777777774
0.16777777777777786
0.07703703703703704
0.011111111111111117
0.03407407407407407
0.09148148148148151
0.053703703703703656
0.17666666666666672
0.08481481481481482
0.17962962962962958
0.1051851851851852
0.07666666666666662
0.18148148148148158
0.10222222222222223
0.1411111111111111
0.05037037037037038
0.04444444444444442
0.10222222222222216
0.09148148148148147
0.06962962962962961
0.1181481481481482
0.08333333333333334
0.08777777777777775
0.029629629629629624
0.14259259259259263
0.1144444444444444
0.0940740740740741
0.11222222222222226
-0.0685185185185185
0.15148148148148144
0.12555555555555556
0.05407407407407404
0.10074074074074074
0.07814814814814813
0.08555555555555551
0.0688888888888889
0.0622222222222222
-0.012962962962962963
0.09888888888888896
0.1040740740740741
0.17333333333333337
0.08703703703703707
0.07777777777777777
0.1418518518518518
0.10370370370370383
0.0037037037037037104
0.02296296296296297
0.10703703703703707
0.08629629629629626
0.057777777777777775
0.026666666666666672
0.11703703703703705
0.04518518518518519
0.06148148148148148
0.08444444444444438
0.11481481481481481
0.042962962962962974
0.0814814814814815
0.07444444444444442
0.10259259259259262
0.08555555555555558
0.1129629629629629
0.11481481481481479
0.08592592592592593
0.07111111111111112
0.10185185185185187
-0.019259259259259254
0.04777777777777778
0.1911111111111111
0.11481481481481486
0.11000000000000004
0.05333333333333338
0.07888888888888891
0.10296296296296299
0.10444444444444449
0.10074074074074071
0.16444444444444437
0.10074074074074073
0.05629629629629631
0.11518518518518514
0.21370370370370376
0.03962962962962961
0.10111111111111115
0.09148148148148147
0.08185185185185183
0.10555555555555554
0.12074074074074072
0.04074074074074072
0.07444444444444441
0.15259259259259259
0.11000000000000003
0.07444444444444445
0.12259259259259264
0.09481481481481485
0.08592592592592593
0.1411111111111112
0.12555555555555561
0.08296296296296297
0.10370370370370369
0.0881481481481482
0.12518518518518518
0.05592592592592593
0.06407407407407406
0.07703703703703703
0.09592592592592591
0.053333333333333316
0.1025925925925926
0.06925925925925924
0.07814814814814817
0.08555555555555555
0.02259259259259259
0.02555555555555554
0.07148148148148147
0.05592592592592593
0.0477777777777778
0.10999999999999997
0.06777777777777784
0.11629629629629629
0.11333333333333336
0.05111111111111113
0.17592592592592593
0.12333333333333338
0.11037037037037035
0.08999999999999994
0.1303703703703704
0.06370370370370368
0.051481481481481475
0.07148148148148147
0.09481481481481484
0.06037037037037038
0.11111111111111112
0.016666666666666663
0.15481481481481477
0.0425925925925926
0.025555555555555564
0.028148148148148137
0.10481481481481486
0.12222222222222223
0.09222222222222222
0.2033333333333332
0.11111111111111109
0.057037037037037025
0.062222222222222213
0.04
0.08259259259259258
0.0951851851851852
0.061111111111111116
0.10740740740740742
0.08592592592592596
0.03111111111111112
0.14296296296296293
