0.5237037037037036
0.5685185185185186
0.5170370370370369
0.5392592592592593
0.4999999999999996
0.508148148148148
0.5696296296296296
0.5362962962962962
0.600740740740741
0.5511111111111109
0.5329629629629632
0.4937037037037038
0.5040740740740741
0.46333333333333315
0.5388888888888889
0.5362962962962964
0.5366666666666665
0.5525925925925925
0.542222222222222
0.5403703703703704
0.4977777777777777
0.538148148148148
0.4903703703703703
0.523703703703704
0.5533333333333333
0.4900000000000002
0.5229629629629626
0.5325925925925925
0.5429629629629631
0.5618518518518515
0.5111111111111112
0.5251851851851851
0.5740740740740743
0.5759259259259256
0.4918518518518518
0.5318518518518517
0.5233333333333334
0.5529629629629631
0.5018518518518517
0.49851851851851847
0.49296296296296277
0.5537037037037039
0.4414814814814813
0.4944444444444442
0.5248148148148147
0.4962962962962962
0.5396296296296293
0.5218518518518517
0.5362962962962963
0.5055555555555554
0.49740740740740735
0.49925925925925924
0.504074074074074
0.5940740740740741
0.5588888888888891
0.6033333333333335
0.5125925925925926
0.4885185185185186
0.5525925925925925
0.48333333333333334
0.5251851851851851
0.5477777777777775
0.5718518518518517
0.5418518518518519
0.5237037037037033
0.6066666666666666
0.5392592592592591
0.5011111111111106
0.5733333333333334
0.5222222222222221
0.5011111111111112
0.48962962962962925
0.5570370370370368
0.5296296296296295
0.5633333333333331
0.492222222222222
0.5822222222222223
0.48296296296296287
0.5570370370370374
0.5355555555555557
0.515185185185185
0.5359259259259256
0.5159259259259256
0.5114814814814813
0.4666666666666667
0.4962962962962963
0.5133333333333332
0.5255555555555552
0.574074074074074
0.5066666666666664
0.5085185185185186
0.5466666666666666
0.5622222222222227
0.4881481481481483
0.49703703703703667
0.5218518518518518
0.5766666666666665
0.5514814814814816
0.5388888888888888
0.5192592592592591
0.492222222222222
0.5496296296296295
0.5548148148148145
0.4944444444444447
0.5122222222222222
0.5566666666666668
0.4933333333333334
0.571111111111111
0.5192592592592594
0.46296296296296297
0.5451851851851852
0.4996296296296294
0.46333333333333293
0.5562962962962962
0.511111111111111
0.5574074074074071
0.555555555555555
0.5537037037037037
0.5033333333333332
0.5185185185185184
0.5329629629629624
0.5674074074074075
0.5444444444444444
0.5166666666666667
0.5666666666666664
0.5396296296296297
0.5022222222222221
0.5788888888888889
0.502222222222222
0.501111111111111
0.5192592592592592
0.5677777777777779
0.4888888888888886
0.5485185185185185
0.5062962962962962
0.5707407407407408
0.5307407407407408
0.5092592592592592
0.5296296296296297
0.46518518518518504
0.5099999999999997
0.5799999999999998
0.5322222222222224
0.5103703703703701
0.5270370370370371
0.5811111111111109
0.5496296296296297
0.5555555555555556
0.5003703703703702
0.5188888888888888
0.5651851851851851
0.5596296296296294
0.5292592592592591
0.5748148148148146
0.5429629629629631
0.5296296296296293
0.5192592592592586
0.5048148148148149
0.5562962962962962
0.48185185185185164
0.5729629629629628
0.5592592592592592
0.48962962962962964
0.4955555555555555
0.5385185185185185
0.5333333333333332
0.5203703703703703
0.5540740740740742
0.5285185185185186
0.5288888888888886
0.4896296296296295
0.5725925925925924
0.48481481481481487
0.4759259259259258
0.5296296296296297
0.5548148148148145
0.5014814814814816
0.494074074074074
0.5040740740740742
0.5648148148148149
0.5329629629629626
0.4900000000000002
0.5366666666666667
0.505925925925926
0.5059259259259257
0.5288888888888887
0.49333333333333335
0.5740740740740735
0.4959259259259259
0.48481481481481487
0.5344444444444442
0.49407407407407383
0.512962962962963
0.5111111111111111
0.518888888888889
0.5614814814814818
0.5088888888888886
0.5562962962962958
0.5751851851851849
0.5459259259259258
0.5729629629629632
0.5314814814814814
0.5166666666666667
0.6070370370370368
0.545185185185185
0.5644444444444445
0.48296296296296315
0.5607407407407405
0.5277777777777776
0.5122222222222221
0.5025925925925926
0.5477777777777775
0.56
0.518888888888889
0.5266666666666665
0.5188888888888888
0.5411111111111107
0.5388888888888889
0.543333333333333
0.4622222222222221
0.545185185185185
0.5214814814814814
0.4681481481481481
0.5407407407407405
0.4959259259259258
0.5055555555555552
0.5400000000000001
0.5255555555555554
0.5496296296296295
0.5577777777777777
0.5144444444444441
0.5507407407407408
0.5429629629629628
0.5037037037037037
0.5455555555555556
0.5281481481481481
0.5348148148148149
0.5596296296296296
0.5462962962962963
0.5596296296296295
0.5314814814814813
0.5355555555555557
0.4937037037037037
0.5318518518518517
0.5448148148148149
0.5611111111111108
0.5381481481481478
0.5607407407407408
0.5396296296296293
0.5162962962962964
0.5414814814814811
0.5203703703703703
0.5718518518518516
0.5088888888888886
0.5285185185185183
0.5240740740740741
