0.7144444444444442
0.7248148148148142
0.7588888888888884
0.7614814814814804
0.7551851851851846
0.7511111111111108
0.7492592592592586
0.7618518518518512
0.7340740740740735
0.7481481481481476
0.7377777777777772
0.7214814814814811
0.722592592592592
0.7607407407407405
0.7311111111111107
0.7507407407407402
0.7492592592592586
0.7037037037037034
0.7333333333333333
0.7292592592592588
0.7133333333333329
0.72037037037037
0.7381481481481476
0.779629629629629
0.7311111111111107
0.6907407407407404
0.7259259259259255
0.7088888888888885
0.759259259259259
0.7374074074074071
0.7559259259259258
0.6722222222222217
0.7696296296296289
0.697407407407407
0.7377777777777775
0.7259259259259256
0.7414814814814807
0.7399999999999998
0.7155555555555553
0.7614814814814812
0.7774074074074069
0.7159259259259255
0.7577777777777773
0.7640740740740737
0.7781481481481476
0.7633333333333324
0.7396296296296289
0.672222222222222
0.7188888888888888
0.6918518518518518
0.7433333333333328
0.7688888888888884
0.7407407407407401
0.7114814814814812
0.7422222222222215
0.7259259259259258
0.7555555555555551
0.7455555555555553
0.7362962962962959
0.7299999999999993
0.7240740740740739
0.7496296296296292
0.7251851851851847
0.7555555555555553
0.7574074074074071
0.7166666666666661
0.7088888888888882
0.7192592592592587
0.7722222222222218
0.7414814814814811
0.7503703703703698
0.7522222222222217
0.7196296296296293
0.7499999999999998
0.7503703703703699
0.732222222222222
0.7729629629629622
0.7492592592592586
0.732592592592592
0.7359259259259255
0.7474074074074067
0.7296296296296293
0.7237037037037031
0.6859259259259259
0.7211111111111108
0.6829629629629625
0.7659259259259253
0.7477777777777775
0.7192592592592586
0.757407407407407
0.7096296296296294
0.7014814814814814
0.721481481481481
0.7399999999999998
0.7281481481481477
0.7162962962962958
0.7548148148148144
0.7618518518518517
0.7722222222222219
0.7511111111111112
0.7722222222222219
0.7655555555555551
0.6914814814814813
0.7407407407407405
0.7492592592592586
0.7351851851851848
0.7629629629629626
0.7418518518518518
0.7214814814814813
0.7651851851851846
0.7162962962962953
0.7403703703703699
0.7155555555555553
0.7296296296296291
0.7525925925925924
0.7259259259259259
0.7448148148148143
0.7640740740740737
0.7474074074074072
0.731851851851851
0.7448148148148144
0.7648148148148142
0.7207407407407401
0.7251851851851847
0.7555555555555546
0.7225925925925922
0.712592592592592
0.7399999999999998
0.7507407407407404
0.7770370370370366
0.7340740740740738
0.7362962962962958
0.7044444444444442
0.7348148148148141
0.75037037037037
0.7318518518518516
0.7462962962962958
0.7551851851851846
0.738148148148148
0.7529629629629625
0.7255555555555552
0.6970370370370363
0.7566666666666657
0.7048148148148141
0.7496296296296293
0.7744444444444437
0.7277777777777775
0.7488888888888882
0.7359259259259257
0.7433333333333331
0.7518518518518514
0.69037037037037
0.7303703703703699
0.7629629629629625
0.7144444444444438
0.7511111111111104
0.7311111111111107
0.7422222222222213
0.7637037037037029
0.7281481481481479
0.731111111111111
0.7207407407407399
0.7281481481481477
0.7407407407407404
0.7555555555555551
0.7337037037037032
0.7429629629629623
0.7307407407407405
0.6918518518518516
0.7166666666666659
0.7118518518518516
0.7507407407407407
0.7240740740740738
0.7177777777777772
0.7418518518518514
0.7825925925925922
0.7285185185185183
0.7225925925925922
0.7618518518518516
0.7859259259259255
0.7388888888888887
0.7411111111111104
0.7396296296296295
0.7596296296296293
0.7203703703703702
0.7207407407407402
0.7611111111111106
0.7437037037037033
0.7251851851851846
0.7644444444444441
0.7244444444444442
0.6870370370370363
0.7559259259259252
0.7340740740740737
0.702962962962963
0.756666666666666
0.7137037037037033
0.7525925925925919
0.7399999999999998
0.6918518518518515
0.7088888888888885
0.7296296296296293
0.728148148148148
0.742592592592592
0.7262962962962957
0.7096296296296297
0.7411111111111107
0.746666666666666
0.7518518518518515
0.7070370370370368
0.7585185185185184
0.7355555555555546
0.775185185185185
0.7422222222222218
0.7359259259259254
0.7762962962962956
0.754444444444444
0.7529629629629624
0.6811111111111103
0.7281481481481478
0.7325925925925917
0.7496296296296291
0.7362962962962958
0.7429629629629628
0.7555555555555552
0.7344444444444442
0.6977777777777774
0.7248148148148144
0.7566666666666658
0.7029629629629627
0.7318518518518513
0.7274074074074067
0.7481481481481473
0.7262962962962959
0.7437037037037034
0.7244444444444443
0.7314814814814814
0.7274074074074067
0.751111111111111
0.7733333333333328
0.6940740740740733
0.7562962962962956
0.7281481481481478
0.7296296296296293
0.7148148148148142
0.7740740740740736
0.7422222222222217
0.7544444444444439
0.7403703703703698
0.7233333333333328
0.7311111111111104
0.6959259259259255
0.7444444444444442
0.757037037037037
0.7251851851851849
0.7714814814814808
