0.8959259259259253
0.8970370370370367
0.8911111111111105
0.8866666666666659
0.8792592592592591
0.8933333333333325
0.8929629629629626
0.8892592592592589
0.8696296296296293
0.8674074074074066
0.8840740740740739
0.8711111111111105
0.9055555555555552
0.8937037037037032
0.8859259259259251
0.8788888888888882
0.8837037037037032
0.8899999999999992
0.8803703703703699
0.8559259259259253
0.8777777777777773
0.9018518518518512
0.9014814814814811
0.8670370370370362
0.8899999999999992
0.8888888888888882
0.8837037037037034
0.8774074074074069
0.8818518518518512
0.889629629629629
0.8651851851851846
0.8811111111111108
0.8759259259259256
0.8725925925925918
0.8970370370370365
0.8840740740740736
0.8851851851851847
0.898888888888888
0.8762962962962955
0.886296296296296
0.8744444444444438
0.889629629629629
0.874814814814814
0.8837037037037034
0.891481481481481
0.864444444444444
0.8922222222222217
0.8914814814814808
0.8766666666666662
0.8811111111111108
0.872592592592592
0.8603703703703703
0.8992592592592586
0.8759259259259251
0.8914814814814811
0.886296296296296
0.8811111111111103
0.858888888888888
0.8737037037037031
0.8925925925925922
0.8777777777777773
0.8588888888888886
0.8685185185185176
0.8592592592592587
0.8733333333333324
0.9007407407407402
0.8859259259259259
0.8907407407407404
0.8822222222222216
0.8992592592592591
0.9029629629629623
0.891481481481481
0.8959259259259253
0.8822222222222217
0.8866666666666663
0.8859259259259253
0.8907407407407402
0.9088888888888882
0.8799999999999997
0.8929629629629625
0.901481481481481
0.8774074074074066
0.8925925925925922
0.8814814814814812
0.9022222222222217
0.8859259259259251
0.888888888888888
0.8707407407407406
0.8537037037037032
0.889629629629629
0.8755555555555552
0.8925925925925918
0.8699999999999997
0.8766666666666663
0.8992592592592586
0.8844444444444436
0.8851851851851845
0.8848148148148147
0.857777777777777
0.9085185185185181
0.8885185185185179
0.881481481481481
0.8855555555555549
0.8866666666666663
0.8533333333333332
0.8559259259259253
0.8696296296296292
0.8970370370370365
0.8737037037037029
0.8574074074074068
0.8848148148148145
0.8899999999999996
0.87074074074074
0.8722222222222219
0.9018518518518512
0.893703703703703
0.8803703703703699
0.876296296296296
0.8785185185185179
0.886666666666666
0.8748148148148145
0.8922222222222215
0.9233333333333328
0.8907407407407404
0.8744444444444436
0.8692592592592585
0.8674074074074066
0.8674074074074068
0.8885185185185174
0.9037037037037035
0.8644444444444438
0.8711111111111106
0.8933333333333325
0.8759259259259251
0.8718518518518514
0.9125925925925922
0.8899999999999995
0.8825925925925922
0.8903703703703697
0.8681481481481477
0.8859259259259253
0.8829629629629623
0.8977777777777773
0.8774074074074072
0.8962962962962956
0.8696296296296292
0.8959259259259256
0.8740740740740736
0.8918518518518512
0.8740740740740736
0.8788888888888882
0.8911111111111105
0.8674074074074071
0.8711111111111105
0.8848148148148137
0.8992592592592586
0.8855555555555549
0.8974074074074069
0.8766666666666662
0.884814814814814
0.8911111111111109
0.8666666666666663
0.8570370370370366
0.8707407407407404
0.8714814814814807
0.877777777777777
0.8755555555555551
0.86074074074074
0.8751851851851847
0.9011111111111106
0.8899999999999992
0.8622222222222217
0.8840740740740737
0.8733333333333327
0.8644444444444436
0.8829629629629623
0.8640740740740733
0.8903703703703697
0.8929629629629625
0.8977777777777771
0.8862962962962958
0.9077777777777774
0.8903703703703699
0.8874074074074069
0.8918518518518515
0.8433333333333329
0.8914814814814808
0.9025925925925918
0.895185185185185
0.8811111111111108
0.8785185185185177
0.8522222222222218
0.9025925925925921
0.8840740740740736
0.8870370370370364
0.8751851851851844
0.8781481481481476
0.8674074074074068
0.8925925925925916
0.9025925925925922
0.8674074074074074
0.8940740740740737
0.874444444444444
0.899629629629629
0.8644444444444436
0.8966666666666661
0.893703703703703
0.8892592592592586
0.8977777777777773
0.8774074074074071
0.8948148148148145
0.9018518518518515
0.8851851851851847
0.8874074074074066
0.8925925925925918
0.8696296296296292
0.9029629629629626
0.8662962962962957
0.8907407407407401
0.8707407407407404
0.8670370370370367
0.8737037037037031
0.8796296296296293
0.8755555555555549
0.8959259259259251
0.8822222222222217
0.8799999999999994
0.8803703703703701
0.8999999999999995
0.9011111111111103
0.8670370370370364
0.8833333333333332
0.881851851851851
0.9007407407407404
0.861481481481481
0.8681481481481474
0.877777777777777
0.8874074074074069
0.8681481481481474
0.8918518518518515
0.8707407407407401
0.8833333333333324
0.8899999999999995
0.8762962962962956
0.8737037037037032
0.8570370370370362
0.8974074074074069
0.8940740740740736
0.8533333333333326
0.8977777777777771
0.8681481481481477
0.8633333333333326
0.8937037037037032
0.9007407407407404
0.859629629629629
0.877777777777777
