0.8170370370370362
0.8185185185185178
0.8222222222222219
0.8262962962962958
0.8051851851851847
0.8262962962962959
0.8396296296296287
0.8337037037037032
0.8088888888888879
0.8303703703703699
0.8477777777777774
0.8029629629629625
0.8218518518518512
0.8259259259259253
0.79
0.8059259259259252
0.8414814814814809
0.8322222222222215
0.8059259259259254
0.8248148148148139
0.8162962962962957
0.832222222222222
0.8281481481481472
0.8359259259259253
0.8455555555555553
0.7948148148148143
0.8029629629629624
0.7959259259259256
0.8137037037037027
0.7748148148148142
0.8311111111111106
0.8470370370370361
0.8344444444444438
0.8325925925925921
0.792222222222222
0.8340740740740736
0.8011111111111103
0.8322222222222219
0.8051851851851846
0.8281481481481474
0.8162962962962955
0.8359259259259253
0.8329629629629625
0.8392592592592587
0.8048148148148148
0.8370370370370365
0.8125925925925919
0.823703703703703
0.8277777777777774
0.8237037037037027
0.8129629629629623
0.8414814814814809
0.8444444444444439
0.837407407407407
0.8107407407407404
0.8340740740740739
0.8122222222222215
0.8303703703703699
0.8425925925925917
0.8618518518518514
0.81074074074074
0.8222222222222219
0.8385185185185181
0.8148148148148142
0.8414814814814807
0.8188888888888883
0.8088888888888885
0.799259259259259
0.8292592592592586
0.8129629629629627
0.8207407407407399
0.8314814814814812
0.8440740740740736
0.8507407407407401
0.8244444444444438
0.7996296296296292
0.8151851851851848
0.8148148148148143
0.8481481481481475
0.8040740740740735
0.818888888888888
0.8274074074074068
0.8592592592592583
0.7892592592592589
0.8374074074074072
0.8081481481481475
0.8203703703703699
0.7959259259259255
0.8099999999999994
0.8381481481481476
0.8274074074074066
0.8403703703703698
0.813703703703703
0.817037037037037
0.8192592592592585
0.8481481481481471
0.7948148148148144
0.8066666666666665
0.8325925925925923
0.8259259259259248
0.8444444444444438
0.8133333333333328
0.797407407407407
0.7892592592592589
0.8251851851851842
0.823703703703703
0.8344444444444439
0.8344444444444441
0.8411111111111107
0.8088888888888884
0.8085185185185179
0.8222222222222217
0.831481481481481
0.8392592592592587
0.8455555555555548
0.8181481481481473
0.8481481481481472
0.8396296296296292
0.8225925925925922
0.8340740740740736
0.8248148148148143
0.8229629629629628
0.8474074074074067
0.8433333333333327
0.8148148148148142
0.8022222222222217
0.784444444444444
0.8318518518518512
0.8111111111111106
0.8118518518518513
0.8344444444444437
0.8251851851851849
0.8396296296296292
0.8244444444444435
0.832592592592592
0.8255555555555554
0.8170370370370363
0.8362962962962955
0.8403703703703695
0.8103703703703699
0.8355555555555552
0.7944444444444438
0.8448148148148141
0.8033333333333327
0.8292592592592587
0.8259259259259253
0.8122222222222213
0.8170370370370365
0.8325925925925916
0.83111111111111
0.8466666666666661
0.7970370370370364
0.8166666666666661
0.8340740740740734
0.8007407407407405
0.8477777777777771
0.8048148148148145
0.8385185185185177
0.8177777777777773
0.815555555555555
0.8462962962962954
0.8022222222222221
0.8548148148148142
0.825555555555555
0.8222222222222214
0.8433333333333325
0.8270370370370369
0.8099999999999995
0.8044444444444442
0.7948148148148144
0.8233333333333326
0.8133333333333328
0.8562962962962958
0.8240740740740737
0.8029629629629625
0.8192592592592585
0.8270370370370365
0.8229629629629623
0.8333333333333328
0.8418518518518513
0.7937037037037029
0.8581481481481477
0.847777777777777
0.8544444444444438
0.8140740740740736
0.8251851851851842
0.8196296296296293
0.811851851851851
0.8133333333333329
0.8266666666666664
0.8181481481481481
0.8237037037037033
0.8333333333333328
0.8255555555555548
0.8314814814814808
0.8333333333333328
0.8303703703703695
0.8266666666666662
0.8192592592592587
0.8292592592592588
0.8007407407407402
0.8414814814814804
0.8085185185185177
0.798148148148148
0.834444444444444
0.8025925925925919
0.8244444444444435
0.8340740740740734
0.8533333333333326
0.8155555555555555
0.8351851851851846
0.8366666666666662
0.8485185185185181
0.8240740740740733
0.8307407407407398
0.8196296296296294
0.8292592592592588
0.8188888888888884
0.8174074074074065
0.8181481481481473
0.8233333333333327
0.796296296296296
0.861481481481481
0.8559259259259255
0.8088888888888885
0.8107407407407399
0.82074074074074
0.8385185185185181
0.8081481481481477
0.7948148148148143
0.8129629629629623
0.8233333333333329
0.8003703703703696
0.832592592592592
0.8388888888888879
0.8155555555555551
0.8207407407407399
0.8081481481481475
0.8344444444444438
0.8196296296296289
0.7744444444444437
0.857777777777777
0.8333333333333328
0.8299999999999994
0.7940740740740733
0.8207407407407404
0.8418518518518511
0.8070370370370362
0.8596296296296292
0.8177777777777772
0.8274074074074067
0.8259259259259256
0.8325925925925916
0.8592592592592585
0.8214814814814808
0.826296296296296
