0.9303703703703701
0.9314814814814816
0.9414814814814814
0.918148148148148
0.9414814814814811
0.936296296296296
0.9222222222222219
0.9281481481481478
0.93037037037037
0.9096296296296291
0.9259259259259252
0.932222222222222
0.9233333333333328
0.9351851851851846
0.9118518518518516
0.9277777777777777
0.9359259259259257
0.9111111111111104
0.9214814814814811
0.9137037037037032
0.9407407407407404
0.9222222222222219
0.9192592592592589
0.9174074074074072
0.9392592592592592
0.9322222222222217
0.9196296296296294
0.934074074074074
0.9218518518518513
0.9329629629629627
0.9388888888888883
0.9196296296296291
0.9396296296296291
0.9233333333333323
0.9118518518518512
0.9259259259259254
0.9259259259259257
0.9107407407407402
0.932222222222222
0.937407407407407
0.9266666666666665
0.9122222222222217
0.9159259259259254
0.9222222222222219
0.9229629629629629
0.9329629629629627
0.9381481481481478
0.9266666666666665
0.9307407407407404
0.916666666666666
0.9251851851851848
0.924444444444444
0.9129629629629623
0.9266666666666661
0.918148148148148
0.9218518518518516
0.9270370370370364
0.916666666666666
0.9159259259259255
0.9114814814814811
0.9274074074074069
0.9251851851851846
0.9259259259259254
0.9218518518518513
0.9177777777777775
0.937407407407407
0.932222222222222
0.9229629629629631
0.9133333333333328
0.9174074074074069
0.9170370370370365
0.936296296296296
0.9370370370370368
0.932222222222222
0.9248148148148143
0.9177777777777769
0.915555555555555
0.9207407407407405
0.9366666666666664
0.9407407407407405
0.9222222222222215
0.935185185185185
0.9162962962962958
0.9377777777777777
0.9214814814814809
0.9222222222222215
0.9292592592592585
0.9214814814814811
0.912592592592592
0.9262962962962956
0.9148148148148143
0.9229629629629631
0.9337037037037036
0.9377777777777777
0.9429629629629627
0.944444444444444
0.9251851851851846
0.9066666666666663
0.9270370370370368
0.9192592592592589
0.9414814814814811
0.9333333333333329
0.9170370370370365
0.9348148148148143
0.9203703703703703
0.9259259259259255
0.914444444444444
0.9199999999999993
0.9329629629629627
0.9299999999999993
0.9348148148148144
0.9259259259259255
0.9340740740740737
0.8922222222222221
0.9207407407407405
0.918148148148148
0.9122222222222217
0.9318518518518513
0.9259259259259255
0.9351851851851848
0.925555555555555
0.9259259259259255
0.9092592592592587
0.9092592592592589
0.9296296296296294
0.9099999999999996
0.9307407407407404
0.9259259259259257
0.9277777777777775
0.9159259259259255
0.9307407407407404
0.9133333333333328
0.9329629629629627
0.9285185185185179
0.9233333333333331
0.9211111111111107
0.9188888888888882
0.9159259259259255
0.9181481481481478
0.92074074074074
0.917407407407407
0.9040740740740735
0.9281481481481481
0.9422222222222221
0.9181481481481476
0.9370370370370363
0.9296296296296294
0.9192592592592589
0.9437037037037033
0.9007407407407398
0.93074074074074
0.9314814814814811
0.9140740740740735
0.9399999999999994
0.9307407407407405
0.9070370370370362
0.9096296296296291
0.9418518518518514
0.9322222222222223
0.9522222222222217
0.8988888888888882
0.9299999999999996
0.9148148148148139
0.9377777777777772
0.9144444444444438
0.935555555555555
0.9288888888888884
0.8955555555555552
0.9285185185185183
0.9159259259259259
0.9081481481481478
0.9259259259259257
0.9270370370370365
0.9077777777777774
0.925185185185185
0.9329629629629624
0.930740740740741
0.9125925925925916
0.9281481481481478
0.9292592592592587
0.92074074074074
0.9118518518518515
0.9266666666666665
0.9307407407407404
0.9299999999999998
0.9322222222222217
0.9318518518518514
0.9377777777777774
0.9214814814814813
0.9385185185185181
0.9140740740740737
0.9311111111111109
0.9192592592592587
0.9359259259259257
0.912222222222222
0.9274074074074069
0.927407407407407
0.9248148148148149
0.9259259259259255
0.919259259259259
0.9188888888888882
0.9196296296296294
0.8918518518518517
0.9299999999999998
0.9237037037037036
0.9255555555555552
0.9214814814814811
0.9296296296296294
0.9281481481481478
0.9311111111111109
0.9233333333333326
0.924444444444444
0.9214814814814809
0.9170370370370373
0.932222222222222
0.919999999999999
0.9214814814814813
0.9240740740740739
0.9088888888888884
0.9222222222222219
0.9296296296296291
0.9385185185185183
0.9259259259259254
0.9259259259259255
0.917407407407407
0.918148148148148
0.9137037037037032
0.9322222222222215
0.9296296296296295
0.922592592592592
0.9333333333333331
0.9125925925925922
0.9407407407407404
0.9381481481481474
0.9137037037037032
0.9185185185185186
0.9277777777777771
0.9192592592592587
0.925185185185185
0.9070370370370368
0.9192592592592584
0.9085185185185183
0.9185185185185183
0.9340740740740734
0.935555555555555
0.9329629629629624
0.9114814814814806
0.9255555555555549
0.9348148148148143
0.9385185185185181
0.9318518518518514
0.9118518518518516
0.9140740740740737
0.9288888888888885
0.9129629629629625
0.9307407407407404
