-0.9750793650793654
-0.9701587301587301
-0.9750793650793654
-0.9674603174603178
-0.9780952380952379
-0.9788888888888889
-0.9677777777777781
-0.969047619047619
-0.9812698412698415
-0.9763492063492062
-0.9617460317460313
-0.9687301587301588
-0.9706349206349211
-0.9550793650793651
-0.966984126984127
-0.9680952380952381
-0.9617460317460317
-0.9680952380952386
-0.976031746031746
-0.9647619047619046
-0.9741269841269837
-0.9707936507936508
-0.9784126984126982
-0.9550793650793651
-0.9744444444444448
-0.97
-0.9712698412698415
-0.9711111111111115
-0.9785714285714289
-0.9734920634920636
-0.9784126984126984
-0.9674603174603177
-0.9750793650793651
-0.9804761904761906
-0.9695238095238092
-0.9706349206349205
-0.9744444444444448
-0.9792063492063495
-0.961428571428571
-0.9722222222222223
-0.976984126984127
-0.9776190476190476
-0.9726984126984132
-0.9641269841269842
-0.9655555555555558
-0.9742857142857144
-0.966507936507936
-0.9699999999999999
-0.9690476190476193
-0.9717460317460321
-0.9771428571428572
-0.9650793650793646
-0.9652380952380948
-0.9771428571428569
-0.9793650793650795
-0.9790476190476195
-0.9715873015873018
-0.9639682539682538
-0.9757142857142855
-0.963174603174603
-0.9774603174603173
-0.9734920634920639
-0.9706349206349213
-0.9734920634920639
-0.9693650793650799
-0.9657142857142857
-0.9738095238095237
-0.974920634920635
-0.9815873015873016
-0.9704761904761904
-0.9638095238095241
-0.9676190476190473
-0.96031746031746
-0.9695238095238095
-0.9628571428571427
-0.9804761904761906
-0.9712698412698414
-0.9725396825396827
-0.9746031746031747
-0.9757142857142858
-0.9685714285714283
-0.974126984126984
-0.9825396825396829
-0.9777777777777779
-0.9750793650793651
-0.9723809523809522
-0.9798412698412698
-0.9671428571428569
-0.9615873015873017
-0.9642857142857143
-0.9611111111111108
-0.9717460317460317
-0.9619047619047618
-0.9758730158730159
-0.9690476190476189
-0.969047619047619
-0.9760317460317461
-0.9747619047619044
-0.9728571428571428
-0.9615873015873014
-0.9673015873015876
-0.9661904761904762
-0.9704761904761907
-0.9774603174603177
-0.9777777777777781
-0.9658730158730159
-0.9779365079365079
-0.9750793650793652
-0.9734920634920636
-0.9657142857142852
-0.9614285714285715
-0.969206349206349
-0.9714285714285716
-0.9763492063492069
-0.9777777777777775
-0.9720634920634924
-0.9607936507936508
-0.9655555555555556
-0.9722222222222224
-0.963650793650794
-0.9795238095238097
-0.9790476190476193
-0.9676190476190476
-0.9682539682539685
-0.9696825396825401
-0.9646031746031744
-0.9647619047619043
-0.9619047619047617
-0.9714285714285716
-0.9753968253968257
-0.9738095238095237
-0.9615873015873014
-0.9688888888888889
-0.9734920634920636
-0.9726984126984131
-0.9746031746031744
-0.9749206349206351
-0.9706349206349203
-0.9730158730158731
-0.9733333333333327
-0.9661904761904763
-0.9680952380952383
-0.9715873015873016
-0.9601587301587298
-0.9709523809523808
-0.9715873015873014
-0.9631746031746032
-0.971269841269841
-0.9776190476190482
-0.9644444444444442
-0.9755555555555556
-0.975238095238095
-0.976984126984127
-0.9609523809523814
-0.973174603174603
-0.9746031746031744
-0.9769841269841267
-0.9625396825396824
-0.9700000000000002
-0.9753968253968259
-0.976666666666667
-0.9738095238095235
-0.9673015873015876
-0.9850793650793652
-0.9668253968253968
-0.9587301587301589
-0.9642857142857143
-0.9552380952380952
-0.9671428571428576
-0.9628571428571427
-0.976666666666667
-0.9682539682539685
-0.9644444444444445
-0.9726984126984131
-0.9746031746031749
-0.9687301587301587
-0.9830158730158732
-0.9865079365079366
-0.9717460317460319
-0.9766666666666662
-0.9699999999999999
-0.9652380952380952
-0.9731746031746028
-0.9688888888888888
-0.9765079365079368
-0.9777777777777773
-0.9711111111111113
-0.9652380952380956
-0.9826984126984126
-0.9707936507936508
-0.9844444444444443
-0.9815873015873021
