-0.9685714285714285
-0.9742857142857141
-0.9596825396825398
-0.9730158730158729
-0.9644444444444443
-0.9619047619047617
-0.9690476190476189
-0.964920634920635
-0.9695238095238097
-0.9607936507936512
-0.9771428571428576
-0.9582539682539682
-0.9628571428571426
-0.9623809523809524
-0.9471428571428574
-0.9622222222222226
-0.9717460317460319
-0.9549206349206353
-0.9588888888888891
-0.9706349206349206
-0.9596825396825404
-0.9674603174603178
-0.9557142857142857
-0.9714285714285709
-0.9525396825396831
-0.9606349206349208
-0.9661904761904759
-0.9593650793650793
-0.9671428571428571
-0.9682539682539683
-0.968730158730159
-0.9622222222222224
-0.9571428571428574
-0.9580952380952381
-0.9665079365079368
-0.9565079365079365
-0.9612698412698415
-0.9577777777777777
-0.9552380952380952
-0.9741269841269843
-0.9617460317460321
-0.9661904761904759
-0.962698412698412
-0.9685714285714291
-0.9569841269841267
-0.9611111111111112
-0.9560317460317463
-0.9639682539682538
-0.9704761904761902
-0.9625396825396827
-0.9730158730158727
-0.9704761904761904
-0.9626984126984123
-0.9558730158730157
-0.9592063492063494
-0.9558730158730162
-0.9606349206349205
-0.9677777777777777
-0.9711111111111108
-0.960317460317461
-0.9509523809523808
-0.9599999999999999
-0.9565079365079362
-0.949047619047619
-0.9644444444444445
-0.9653968253968251
-0.956666666666667
-0.9763492063492066
-0.9719047619047623
-0.9684126984126986
-0.9542857142857144
-0.9482539682539682
-0.9617460317460316
-0.9598412698412703
-0.9641269841269842
-0.9320634920634924
-0.9668253968253968
-0.9611111111111112
-0.962063492063492
-0.9714285714285711
-0.9649206349206355
-0.9569841269841269
-0.9642857142857143
-0.9628571428571426
-0.9574603174603169
-0.9487301587301584
-0.9661904761904763
-0.9636507936507932
-0.9736507936507938
-0.9519047619047617
-0.9715873015873016
-0.9674603174603175
-0.9685714285714291
-0.9599999999999999
-0.9657142857142855
-0.9677777777777781
-0.9687301587301588
-0.9717460317460317
-0.9544444444444442
-0.9641269841269843
-0.9615873015873018
-0.9620634920634924
-0.9642857142857146
-0.9512698412698414
-0.9652380952380958
-0.9546031746031749
-0.9525396825396827
-0.9722222222222224
-0.9585714285714287
-0.9623809523809522
-0.9449206349206346
-0.9679365079365074
-0.9647619047619056
-0.9652380952380956
-0.9641269841269839
-0.9630158730158729
-0.9642857142857143
-0.9609523809523811
-0.9677777777777783
-0.9663492063492058
-0.955714285714286
-0.9533333333333339
-0.9704761904761907
-0.9633333333333332
-0.9719047619047624
-0.9685714285714285
-0.9544444444444445
-0.9707936507936507
-0.9663492063492062
-0.9649206349206352
-0.9607936507936504
-0.9722222222222221
-0.968253968253968
-0.9638095238095237
-0.9595238095238092
-0.9514285714285715
-0.9671428571428572
-0.956507936507937
-0.9490476190476193
-0.95015873015873
-0.9649206349206352
-0.9733333333333332
-0.956031746031746
-0.9676190476190474
-0.9593650793650791
-0.9614285714285716
-0.9530158730158734
-0.9633333333333334
-0.9665079365079368
-0.9669841269841271
-0.9720634920634922
-0.9666666666666669
-0.9515873015873018
-0.9552380952380953
-0.9619047619047617
-0.9541269841269845
-0.9557142857142854
-0.9663492063492066
-0.9633333333333337
-0.9428571428571432
-0.9725396825396821
-0.9504761904761906
-0.9538095238095231
-0.9553968253968257
-0.9684126984126984
-0.966984126984127
-0.955238095238095
-0.9674603174603177
-0.9661904761904763
-0.9480952380952381
-0.9619047619047618
-0.9473015873015868
-0.954761904761905
-0.9693650793650795
-0.9631746031746033
-0.9658730158730162
-0.9582539682539681
-0.9520634920634918
-0.9649206349206353
-0.9584126984126984
-0.9592063492063494
-0.9655555555555559
-0.963650793650794
-0.9658730158730157
-0.9611111111111112
-0.9706349206349206
-0.9646031746031744
-0.9585714285714285
-0.9588888888888886
-0.9761904761904763
-0.9661904761904759
-0.9642857142857144
