-0.9122222222222225
-0.9082539682539679
-0.9212698412698405
-0.9268253968253964
-0.9206349206349203
-0.9171428571428565
-0.9357142857142859
-0.9363492063492063
-0.9317460317460312
-0.9442857142857141
-0.9136507936507934
-0.9076190476190472
-0.9096825396825392
-0.929206349206349
-0.9336507936507937
-0.9136507936507937
-0.9103174603174601
-0.9339682539682538
-0.9319047619047611
-0.9369841269841269
-0.9323809523809522
-0.9355555555555553
-0.9112698412698411
-0.9253968253968251
-0.9107936507936506
-0.9412698412698411
-0.9112698412698411
-0.9153968253968253
-0.9353968253968259
-0.925238095238095
-0.9182539682539681
-0.9173015873015877
-0.908730158730159
-0.9374603174603171
-0.9047619047619047
-0.9058730158730155
-0.9341269841269844
-0.9304761904761896
-0.9241269841269841
-0.9298412698412699
-0.941904761904762
-0.9330158730158727
-0.9198412698412695
-0.9061904761904758
-0.9115873015873014
-0.9322222222222221
-0.8928571428571428
-0.9212698412698413
-0.8898412698412693
-0.9182539682539683
-0.9053968253968251
-0.9169841269841269
-0.9188888888888884
-0.9280952380952378
-0.9165079365079365
-0.9326984126984127
-0.9060317460317457
-0.9033333333333333
-0.8949206349206348
-0.9038095238095238
-0.8941269841269835
-0.9288888888888882
-0.9163492063492062
-0.9066666666666666
-0.9334920634920635
-0.9160317460317462
-0.8977777777777776
-0.924285714285714
-0.9131746031746032
-0.9068253968253966
-0.9407936507936506
-0.9192063492063492
-0.9214285714285709
-0.9158730158730161
-0.9212698412698413
-0.9039682539682539
-0.931269841269841
-0.9019047619047614
-0.9241269841269839
-0.932380952380952
-0.9223809523809526
-0.9039682539682534
-0.9269841269841267
-0.9184126984126986
-0.9157142857142856
-0.9344444444444445
-0.926031746031746
-0.9150793650793648
-0.9109523809523802
-0.9177777777777777
-0.9147619047619044
-0.906825396825397
-0.9376190476190472
-0.9246031746031743
-0.9331746031746032
-0.9231746031746026
-0.926825396825397
-0.928412698412698
-0.9096825396825398
-0.9406349206349207
-0.9447619047619046
-0.9268253968253962
-0.9088888888888887
-0.9017460317460312
-0.9333333333333337
-0.9031746031746031
-0.9166666666666665
-0.9333333333333333
-0.9330158730158729
-0.9207936507936504
-0.9114285714285713
-0.9214285714285713
-0.911746031746032
-0.9150793650793645
-0.9192063492063492
-0.9061904761904759
-0.909206349206349
-0.9349206349206352
-0.9292063492063494
-0.9111111111111106
-0.8915873015873014
-0.9003174603174601
-0.9465079365079362
-0.9179365079365076
-0.9041269841269838
-0.9358730158730156
-0.9368253968253962
-0.9053968253968256
-0.9252380952380949
-0.9201587301587302
-0.9363492063492064
-0.904126984126984
-0.9171428571428567
-0.9171428571428573
-0.948095238095238
-0.938888888888889
-0.9209523809523807
-0.9265079365079358
-0.9368253968253966
-0.91047619047619
-0.9119047619047619
-0.932380952380952
-0.9200000000000002
-0.9293650793650795
-0.9338095238095233
-0.9192063492063492
-0.9084126984126984
-0.923174603174603
-0.9266666666666669
-0.9398412698412699
-0.9253968253968256
-0.9309523809523808
-0.9288888888888888
-0.9268253968253966
-0.9203174603174602
-0.9255555555555552
-0.9339682539682534
-0.9215873015873014
-0.9182539682539681
-0.8992063492063488
-0.9404761904761901
-0.9215873015873012
-0.933492063492063
-0.9177777777777779
-0.93015873015873
-0.9174603174603179
-0.9255555555555556
-0.9214285714285717
-0.9082539682539679
-0.9069841269841263
-0.9220634920634916
-0.9199999999999996
-0.9165079365079364
-0.9093650793650793
-0.9150793650793655
-0.9109523809523807
-0.921269841269841
-0.9280952380952383
-0.913015873015873
-0.9182539682539679
-0.9314285714285713
-0.9144444444444447
-0.9150793650793648
-0.9073015873015869
-0.9057142857142854
-0.946031746031746
-0.8722222222222221
-0.938095238095238
-0.9306349206349203
-0.8976190476190472
-0.8988888888888884
-0.9330158730158729
