-0.8365079365079364
-0.8815873015873014
-0.8685714285714285
-0.8706349206349207
-0.8676190476190472
-0.8626984126984124
-0.870793650793651
-0.8499999999999998
-0.8634920634920631
-0.876190476190476
-0.8574603174603173
-0.86031746031746
-0.8417460317460311
-0.8622222222222221
-0.8619047619047618
-0.8579365079365079
-0.8499999999999999
-0.8447619047619045
-0.8763492063492059
-0.8553968253968252
-0.8738095238095237
-0.8676190476190472
-0.8449206349206347
-0.8630158730158729
-0.8039682539682538
-0.8388888888888884
-0.8487301587301587
-0.8792063492063488
-0.868253968253968
-0.8825396825396827
-0.8888888888888887
-0.8676190476190474
-0.8588888888888884
-0.8536507936507938
-0.8753968253968255
-0.8604761904761904
-0.873333333333333
-0.8574603174603171
-0.8722222222222222
-0.8315873015873017
-0.875396825396825
-0.8763492063492059
-0.8619047619047618
-0.8444444444444442
-0.8673015873015874
-0.8341269841269838
-0.8934920634920629
-0.8598412698412697
-0.8674603174603178
-0.850952380952381
-0.8755555555555558
-0.8636507936507936
-0.8406349206349204
-0.8193650793650787
-0.8514285714285712
-0.8825396825396823
-0.8511111111111104
-0.886507936507936
-0.8546031746031744
-0.873650793650793
-0.8809523809523809
-0.8942857142857139
-0.8626984126984123
-0.8607936507936504
-0.8465079365079362
-0.8922222222222217
-0.8857142857142856
-0.8668253968253966
-0.8619047619047616
-0.8961904761904755
-0.8663492063492061
-0.9090476190476187
-0.8463492063492066
-0.8634920634920631
-0.8815873015873014
-0.8295238095238091
-0.8365079365079364
-0.8203174603174602
-0.8385714285714285
-0.8596825396825394
-0.8496825396825397
-0.8601587301587301
-0.8880952380952382
-0.8393650793650792
-0.8685714285714283
-0.8576190476190474
-0.88031746031746
-0.8685714285714283
-0.8801587301587296
-0.825396825396825
-0.8730158730158724
-0.8412698412698413
-0.8546031746031744
-0.8442857142857144
-0.8415873015873011
-0.8866666666666665
-0.8476190476190477
-0.8560317460317458
-0.8273015873015873
-0.8709523809523804
-0.8638095238095237
-0.873174603174603
-0.8836507936507938
-0.8479365079365079
-0.8855555555555554
-0.8585714285714283
-0.8569841269841265
-0.8661904761904761
-0.8719047619047618
-0.8704761904761902
-0.8731746031746028
-0.8771428571428572
-0.8644444444444448
-0.8452380952380952
-0.8707936507936506
-0.8706349206349201
-0.8692063492063494
-0.8630158730158729
-0.8755555555555554
-0.8595238095238095
-0.8628571428571424
-0.8758730158730151
-0.8580952380952378
-0.826825396825397
-0.8993650793650787
-0.8599999999999998
-0.851269841269841
-0.8752380952380948
-0.8890476190476191
-0.8765079365079363
-0.8606349206349201
-0.8630158730158727
-0.8458730158730159
-0.8433333333333328
-0.8580952380952378
-0.8650793650793649
-0.858412698412698
-0.8584126984126986
-0.8592063492063494
-0.8688888888888887
-0.8642857142857139
-0.8988888888888886
-0.8804761904761904
-0.8477777777777773
-0.8733333333333326
-0.859206349206349
-0.9074603174603173
-0.8758730158730159
-0.8480952380952378
-0.8241269841269837
-0.8603174603174597
-0.8553968253968246
-0.8439682539682539
-0.8639682539682536
-0.8700000000000006
-0.8669841269841271
-0.8596825396825394
-0.8374603174603171
-0.8949206349206348
-0.8606349206349205
-0.8715873015873015
-0.849206349206349
-0.8604761904761902
-0.8550793650793644
-0.8709523809523806
-0.8658730158730162
-0.8669841269841269
-0.8526984126984122
-0.8401587301587297
-0.8393650793650795
-0.8409523809523803
-0.8779365079365077
-0.8653968253968253
-0.8704761904761905
-0.8684126984126984
-0.9000000000000002
-0.8590476190476185
-0.8733333333333327
-0.8930158730158729
-0.8526984126984123
-0.8606349206349205
-0.8217460317460314
-0.8507936507936503
-0.8647619047619046
-0.8261904761904757
-0.8417460317460316
-0.8534920634920634
-0.8323809523809521
-0.8436507936507937
-0.8638095238095237
-0.8290476190476193
-0.8807936507936508
