-0.8784126984126982
-0.8730158730158731
-0.8938095238095239
-0.91015873015873
-0.8850793650793644
-0.9076190476190475
-0.8798412698412696
-0.8966666666666666
-0.8939682539682539
-0.8953968253968253
-0.8641269841269842
-0.8812698412698408
-0.9020634920634918
-0.9020634920634918
-0.8944444444444444
-0.917301587301587
-0.8696825396825394
-0.8765079365079366
-0.8853968253968253
-0.8758730158730152
-0.901746031746032
-0.8957142857142856
-0.9098412698412699
-0.8952380952380952
-0.9230158730158727
-0.896349206349206
-0.9011111111111112
-0.9122222222222223
-0.8749206349206343
-0.893333333333333
-0.9090476190476187
-0.8884126984126979
-0.8999999999999996
-0.8826984126984126
-0.8971428571428572
-0.8974603174603171
-0.9082539682539684
-0.9012698412698408
-0.9055555555555558
-0.9133333333333331
-0.8961904761904755
-0.9242857142857139
-0.8839682539682538
-0.8915873015873013
-0.9092063492063492
-0.8874603174603171
-0.8642857142857135
-0.8777777777777775
-0.9119047619047617
-0.9039682539682536
-0.9193650793650797
-0.9107936507936508
-0.9060317460317457
-0.9220634920634919
-0.9023809523809524
-0.9047619047619047
-0.9061904761904763
-0.8841269841269841
-0.9109523809523805
-0.9115873015873016
-0.8992063492063492
-0.9030158730158729
-0.893333333333333
-0.9019047619047617
-0.9085714285714284
-0.9050793650793647
-0.9157142857142857
-0.8742857142857139
-0.8819047619047615
-0.8958730158730155
-0.9231746031746026
-0.9003174603174604
-0.8793650793650788
-0.8907936507936508
-0.8903174603174601
-0.9115873015873014
-0.8765079365079366
-0.8911111111111111
-0.8869841269841274
-0.8974603174603171
-0.8965079365079361
-0.9176190476190478
-0.9090476190476189
-0.9095238095238094
-0.8903174603174604
-0.8657142857142855
-0.8839682539682538
-0.9096825396825388
-0.8976190476190472
-0.8907936507936508
-0.9044444444444446
-0.8728571428571426
-0.8993650793650791
-0.902063492063492
-0.8893650793650791
-0.904126984126984
-0.8428571428571424
-0.8920634920634921
-0.8725396825396822
-0.9128571428571426
-0.8933333333333335
-0.919999999999999
-0.9149206349206349
-0.8788888888888887
-0.8961904761904765
-0.9031746031746032
-0.8952380952380949
-0.8995238095238093
-0.87968253968254
-0.9195238095238093
-0.8996825396825398
-0.8977777777777776
-0.8882539682539679
-0.9031746031746029
-0.8755555555555554
-0.8979365079365078
-0.8753968253968253
-0.9080952380952377
-0.9130158730158725
-0.8726984126984126
-0.905555555555556
-0.8874603174603173
-0.8938095238095232
-0.9041269841269838
-0.8904761904761904
-0.9099999999999998
-0.8906349206349203
-0.8852380952380952
-0.8961904761904759
-0.9015873015873016
-0.9047619047619047
-0.9166666666666669
-0.8695238095238093
-0.8871428571428567
-0.889523809523809
-0.883333333333333
-0.8926984126984124
-0.8687301587301587
-0.8999999999999995
-0.8884126984126982
-0.8652380952380951
-0.8838095238095235
-0.9149206349206344
-0.8865079365079367
-0.9222222222222225
-0.8536507936507932
-0.8939682539682536
-0.9053968253968248
-0.8730158730158727
-0.9125396825396825
-0.9055555555555558
-0.8887301587301583
-0.8492063492063487
-0.8942857142857139
-0.8720634920634918
-0.9085714285714279
-0.9088888888888887
-0.872380952380952
-0.9088888888888885
-0.8931746031746026
-0.9069841269841267
-0.9196825396825398
-0.9015873015873019
-0.8911111111111106
-0.9046031746031743
-0.9009523809523811
-0.9074603174603171
-0.8766666666666665
-0.8885714285714283
-0.871269841269841
-0.9036507936507934
-0.8952380952380949
-0.8992063492063487
-0.9119047619047619
-0.9092063492063488
-0.9293650793650792
-0.8704761904761904
-0.8885714285714287
-0.8719047619047616
-0.8965079365079359
-0.894126984126984
-0.8919047619047616
-0.8936507936507933
-0.8833333333333333
-0.8904761904761904
-0.8996825396825395
-0.9109523809523807
-0.9017460317460315
-0.9120634920634918
-0.9142857142857143
-0.9107936507936503
-0.8961904761904759
