-0.8701587301587296
-0.8690476190476185
-0.8806349206349203
-0.9041269841269841
-0.8804761904761905
-0.8596825396825397
-0.8965079365079364
-0.8573015873015871
-0.8534920634920634
-0.8841269841269835
-0.858253968253968
-0.8768253968253972
-0.8565079365079366
-0.8709523809523806
-0.8536507936507938
-0.8593650793650791
-0.8353968253968249
-0.8466666666666663
-0.8773015873015871
-0.8904761904761905
-0.8817460317460315
-0.8801587301587301
-0.867936507936508
-0.8688888888888887
-0.8673015873015874
-0.9003174603174604
-0.8688888888888884
-0.8755555555555554
-0.858253968253968
-0.8747619047619041
-0.8722222222222222
-0.8753968253968253
-0.8665079365079361
-0.9025396825396828
-0.8860317460317456
-0.8679365079365077
-0.8223809523809522
-0.8773015873015874
-0.8652380952380954
-0.8447619047619045
-0.8606349206349206
-0.8999999999999998
-0.8641269841269842
-0.8146031746031742
-0.8719047619047616
-0.8780952380952382
-0.8558730158730159
-0.917142857142857
-0.8722222222222222
-0.8715873015873012
-0.8473015873015872
-0.8560317460317464
-0.861111111111111
-0.874444444444444
-0.8744444444444442
-0.874444444444444
-0.884444444444444
-0.8922222222222219
-0.8677777777777779
-0.8244444444444443
-0.8495238095238095
-0.8377777777777778
-0.8933333333333331
-0.889523809523809
-0.8633333333333333
-0.8668253968253966
-0.8828571428571426
-0.8526984126984125
-0.8853968253968253
-0.8693650793650793
-0.8788888888888892
-0.8866666666666667
-0.8826984126984126
-0.8646031746031749
-0.85
-0.8811111111111114
-0.823174603174603
-0.8268253968253965
-0.8730158730158727
-0.8622222222222217
-0.8209523809523809
-0.8811111111111111
-0.8288888888888889
-0.8917460317460317
-0.854444444444444
-0.8495238095238092
-0.8644444444444446
-0.8717460317460317
-0.8747619047619041
-0.8366666666666663
-0.8609523809523806
-0.856190476190476
-0.8446031746031746
-0.8628571428571428
-0.8604761904761904
-0.8761904761904761
-0.8512698412698408
-0.8849206349206349
-0.862063492063492
-0.8369841269841268
-0.8763492063492062
-0.8617460317460316
-0.8342857142857142
-0.8831746031746032
-0.8617460317460317
-0.8725396825396822
-0.8622222222222217
-0.8282539682539681
-0.8506349206349203
-0.88
-0.8512698412698412
-0.8592063492063489
-0.8455555555555555
-0.8677777777777775
-0.8853968253968245
-0.881269841269841
-0.8679365079365077
-0.8720634920634918
-0.8560317460317454
-0.849206349206349
-0.8288888888888889
-0.8217460317460313
-0.9065079365079366
-0.8799999999999997
-0.8711111111111108
-0.8722222222222219
-0.8776190476190474
-0.8455555555555553
-0.8433333333333328
-0.8798412698412696
-0.867301587301587
-0.855873015873016
-0.8515873015873018
-0.8188888888888888
-0.8965079365079364
-0.8317460317460317
-0.8703174603174603
-0.857301587301587
-0.8777777777777775
-0.8693650793650796
-0.8755555555555554
-0.8598412698412695
-0.893015873015873
-0.8536507936507932
-0.8511111111111108
-0.8846031746031751
-0.8615873015873012
-0.8701587301587299
-0.867460317460317
-0.861587301587301
-0.8801587301587299
-0.8477777777777779
-0.8749206349206343
-0.8717460317460315
-0.8580952380952378
-0.879206349206349
-0.8539682539682538
-0.8673015873015874
-0.8260317460317459
-0.8379365079365082
-0.8730158730158727
-0.8842857142857139
-0.8601587301587303
-0.8296825396825398
-0.8788888888888889
-0.8406349206349202
-0.8857142857142851
-0.8273015873015871
-0.8719047619047613
-0.842380952380952
-0.8419047619047617
-0.8890476190476191
-0.8304761904761905
-0.8398412698412698
-0.8596825396825392
-0.8419047619047613
-0.8631746031746033
-0.8973015873015868
-0.8617460317460317
-0.8798412698412699
-0.868412698412698
-0.8339682539682538
-0.8706349206349203
-0.8273015873015871
-0.8515873015873016
-0.8871428571428569
-0.8301587301587295
-0.8785714285714283
-0.8714285714285709
-0.8490476190476193
-0.8455555555555553
-0.8669841269841269
