-0.8068253968253964
-0.8495238095238095
-0.7715873015873013
-0.7844444444444444
-0.8093650793650787
-0.8328571428571429
-0.8296825396825394
-0.7923809523809521
-0.7898412698412697
-0.8180952380952379
-0.8176190476190475
-0.7663492063492061
-0.804126984126984
-0.7847619047619048
-0.7758730158730156
-0.7949206349206352
-0.7873015873015875
-0.8061904761904759
-0.8344444444444442
-0.7960317460317463
-0.7638095238095239
-0.818253968253968
-0.8214285714285715
-0.787142857142857
-0.7890476190476192
-0.834920634920635
-0.762857142857143
-0.7795238095238094
-0.8112698412698406
-0.8176190476190471
-0.837142857142857
-0.7863492063492061
-0.8046031746031745
-0.7269841269841268
-0.7961904761904764
-0.8061904761904765
-0.8131746031746032
-0.7825396825396822
-0.8231746031746032
-0.8509523809523807
-0.8253968253968251
-0.7850793650793648
-0.8090476190476189
-0.8498412698412695
-0.8001587301587306
-0.8355555555555549
-0.8293650793650793
-0.7565079365079361
-0.7763492063492059
-0.7869841269841266
-0.7749206349206349
-0.7715873015873012
-0.755873015873016
-0.8038095238095241
-0.8206349206349208
-0.8074603174603175
-0.8220634920634918
-0.7830158730158732
-0.7999999999999997
-0.8230158730158731
-0.7895238095238093
-0.8117460317460313
-0.8215873015873014
-0.8165079365079364
-0.8336507936507934
-0.8161904761904762
-0.7919047619047618
-0.8238095238095238
-0.8246031746031741
-0.7936507936507933
-0.8090476190476191
-0.8122222222222217
-0.7925396825396825
-0.8236507936507937
-0.8260317460317461
-0.7717460317460317
-0.8080952380952375
-0.8506349206349206
-0.8249206349206348
-0.7773015873015873
-0.8255555555555557
-0.7623809523809524
-0.8207936507936507
-0.8282539682539678
-0.7544444444444441
-0.8046031746031747
-0.7698412698412701
-0.8017460317460314
-0.8384126984126983
-0.7988888888888884
-0.8090476190476191
-0.793333333333333
-0.8273015873015872
-0.8041269841269845
-0.8422222222222221
-0.7876190476190478
-0.7698412698412695
-0.7785714285714284
-0.7799999999999998
-0.8398412698412698
-0.7603174603174602
-0.8076190476190477
-0.7620634920634921
-0.819047619047619
-0.7846031746031745
-0.8271428571428572
-0.7923809523809523
-0.7906349206349202
-0.8180952380952381
-0.7731746031746028
-0.8166666666666664
-0.7561904761904761
-0.7952380952380954
-0.8349206349206348
-0.8299999999999997
-0.804126984126984
-0.7855555555555553
-0.7325396825396822
-0.8019047619047613
-0.7909523809523812
-0.7946031746031744
-0.8219047619047617
-0.7906349206349208
-0.8028571428571429
-0.8344444444444444
-0.8101587301587302
-0.8019047619047616
-0.783174603174603
-0.7863492063492067
-0.7925396825396827
-0.796984126984127
-0.8339682539682539
-0.831111111111111
-0.8066666666666665
-0.8303174603174601
-0.819365079365079
-0.8450793650793647
-0.7734920634920632
-0.8096825396825396
-0.8065079365079364
-0.8136507936507933
-0.8226984126984127
-0.7934920634920631
-0.7939682539682538
-0.8265079365079364
-0.845238095238095
-0.8076190476190476
-0.8309523809523809
-0.8055555555555558
-0.8314285714285715
-0.8146031746031746
-0.820952380952381
-0.805238095238095
-0.7911111111111111
-0.7906349206349205
-0.8055555555555551
-0.8033333333333335
-0.8220634920634915
-0.8234920634920637
-0.8169841269841268
-0.8084126984126984
-0.7917460317460314
-0.8098412698412698
-0.8012698412698409
-0.7920634920634917
-0.8328571428571431
-0.7836507936507939
-0.8125396825396823
-0.8266666666666662
-0.8065079365079363
-0.8265079365079364
-0.7838095238095234
-0.773968253968254
-0.8307936507936509
-0.7939682539682541
-0.8323809523809519
-0.7909523809523804
-0.772063492063492
-0.7831746031746029
-0.8115873015873011
-0.8017460317460319
-0.7939682539682542
-0.7776190476190472
-0.8342857142857136
-0.7976190476190474
-0.7744444444444442
-0.8374603174603175
-0.8209523809523809
-0.8320634920634918
-0.8276190476190477
-0.7998412698412698
-0.7673015873015868
