-0.6282539682539685
-0.5099999999999999
-0.5646031746031743
-0.5512698412698415
-0.5857142857142855
-0.6480952380952378
-0.5917460317460317
-0.4976190476190475
-0.4968253968253965
-0.5650793650793647
-0.5825396825396826
-0.5041269841269841
-0.5453968253968255
-0.5095238095238097
-0.605714285714286
-0.551111111111111
-0.4376190476190476
-0.49095238095238114
-0.44968253968253974
-0.5960317460317462
-0.6652380952380953
-0.5292063492063492
-0.5471428571428573
-0.4982539682539684
-0.5931746031746031
-0.5426984126984126
-0.5331746031746032
-0.5001587301587302
-0.5453968253968254
-0.5446031746031744
-0.5320634920634926
-0.5555555555555556
-0.49968253968253973
-0.5412698412698411
-0.5741269841269837
-0.5180952380952378
-0.45317460317460323
-0.5049206349206352
-0.5380952380952383
-0.6098412698412701
-0.6171428571428569
-0.49015873015873024
-0.5682539682539685
-0.5566666666666668
-0.5725396825396822
-0.5446031746031746
-0.5749206349206348
-0.5093650793650795
-0.5590476190476189
-0.47698412698412673
-0.5403174603174604
-0.475079365079365
-0.5934920634920631
-0.4871428571428572
-0.5311111111111112
-0.6355555555555558
-0.5814285714285713
-0.5352380952380952
-0.603015873015873
-0.5441269841269842
-0.5046031746031748
-0.5076190476190475
-0.5168253968253969
-0.6171428571428572
-0.5304761904761904
-0.6111111111111114
-0.5934920634920633
-0.5992063492063493
-0.6003174603174606
-0.5446031746031746
-0.597619047619048
-0.6212698412698413
-0.5334920634920632
-0.4911111111111112
-0.49634920634920643
-0.4822222222222224
-0.44634920634920644
-0.5330158730158736
-0.523015873015873
-0.5807936507936508
-0.4679365079365078
-0.6001587301587299
-0.44269841269841287
-0.5244444444444442
-0.607936507936508
-0.43952380952380954
-0.5433333333333334
-0.5796825396825396
-0.5374603174603172
-0.48285714285714304
-0.5300000000000004
-0.5766666666666664
-0.4038095238095237
-0.5455555555555556
-0.49650793650793645
-0.5753968253968254
-0.5557142857142857
-0.5188888888888886
-0.5909523809523808
-0.6106349206349208
-0.5101587301587305
-0.5426984126984128
-0.5309523809523812
-0.4614285714285714
-0.6204761904761901
-0.6153968253968255
-0.5498412698412694
-0.4774603174603175
-0.5825396825396828
-0.4990476190476192
-0.5469841269841268
-0.46634920634920635
-0.5834920634920636
-0.6277777777777778
-0.5487301587301588
-0.542222222222222
-0.48587301587301585
-0.57
-0.5361904761904762
-0.48396825396825394
-0.5906349206349206
-0.5209523809523811
-0.3869841269841271
-0.5453968253968258
-0.5379365079365083
-0.5846031746031747
-0.4688888888888887
-0.5617460317460315
-0.49380952380952386
-0.5015873015873018
-0.6531746031746031
-0.4539682539682542
-0.46968253968253926
-0.38650793650793647
-0.6439682539682542
-0.6117460317460314
-0.5752380952380952
-0.5474603174603175
-0.5453968253968252
-0.5985714285714283
-0.5577777777777781
-0.4646031746031749
-0.5166666666666667
-0.49269841269841286
-0.5815873015873017
-0.547777777777778
-0.5742857142857141
-0.5465079365079364
-0.6087301587301587
-0.463809523809524
-0.5576190476190475
-0.5323809523809522
-0.5880952380952386
-0.5192063492063493
-0.5584126984126985
-0.5220634920634921
-0.6046031746031746
-0.5652380952380952
-0.5493650793650793
-0.5785714285714285
-0.5192063492063494
-0.6000000000000001
-0.5639682539682541
-0.5396825396825395
-0.5642857142857144
-0.5449206349206348
-0.544126984126984
-0.5298412698412699
-0.636190476190476
-0.5114285714285711
-0.6153968253968253
-0.5204761904761904
-0.526984126984127
-0.5833333333333335
-0.5930158730158733
-0.5128571428571435
-0.5404761904761903
-0.5469841269841266
-0.5385714285714284
-0.6104761904761903
-0.5768253968253967
-0.556666666666667
-0.5601587301587302
-0.47873015873015856
-0.5565079365079365
-0.5287301587301588
-0.5282539682539684
-0.5798412698412698
-0.5731746031746034
-0.5249206349206349
-0.617142857142857
-0.562222222222222
