0.4949206349206348
0.49746031746031755
0.34888888888888925
0.4838095238095239
0.5587301587301586
0.5477777777777776
0.5357142857142857
0.49507936507936523
0.4728571428571426
0.5009523809523806
0.470952380952381
0.5304761904761903
0.5317460317460314
0.25984126984126976
0.5520634920634919
0.4466666666666669
0.4747619047619046
0.47444444444444456
0.524126984126984
0.3598412698412697
0.364126984126984
0.47206349206349196
0.5300000000000001
0.38793650793650786
0.5009523809523809
0.5525396825396827
0.4292063492063493
0.4461904761904762
0.39095238095238094
0.4784126984126985
0.4641269841269841
0.5544444444444443
0.5836507936507935
0.5652380952380949
0.4490476190476191
0.562857142857143
0.5919047619047624
0.4888888888888889
0.4655555555555555
0.5206349206349208
0.4266666666666667
0.5526984126984126
0.4492063492063492
0.4657142857142855
0.4687301587301587
0.5057142857142858
0.4112698412698413
0.43682539682539706
0.40793650793650765
0.5819047619047617
0.47380952380952396
0.4538095238095238
0.4228571428571428
0.4347619047619048
0.5926984126984125
0.4666666666666668
0.4284126984126984
0.4761904761904761
0.6022222222222218
0.4798412698412697
0.45873015873015865
0.4930158730158731
0.5458730158730153
0.4414285714285713
0.4080952380952381
0.5744444444444444
0.55015873015873
0.4430158730158727
0.4684126984126985
0.47269841269841256
0.5217460317460312
0.4587301587301587
0.5501587301587296
0.3453968253968255
0.35349206349206347
0.5088888888888887
0.49666666666666637
0.38206349206349205
0.4633333333333333
0.30936507936507923
0.4736507936507939
0.4865079365079363
0.45428571428571396
0.415238095238095
0.43444444444444447
0.4323809523809522
0.5288888888888889
0.4317460317460318
0.5242857142857141
0.4555555555555559
0.4807936507936506
0.3396825396825396
0.5493650793650794
0.4939682539682543
0.5453968253968252
0.47111111111111087
0.42460317460317454
0.5101587301587301
0.4507936507936509
0.4847619047619047
0.5080952380952383
0.481428571428571
0.41253968253968276
0.519047619047619
0.4444444444444446
0.5644444444444446
0.3984126984126983
0.5503174603174603
0.5185714285714286
0.43492063492063493
0.4936507936507937
0.2952380952380952
0.48047619047619045
0.43809523809523815
0.44634920634920633
0.5674603174603177
0.4474603174603173
0.5322222222222223
0.5693650793650793
0.4006349206349205
0.44571428571428573
0.3466666666666664
0.45936507936507903
0.5309523809523811
0.4101587301587303
0.5860317460317462
0.49523809523809537
0.4307936507936505
0.46873015873015866
0.471269841269841
0.5487301587301584
0.33555555555555555
0.47888888888888875
0.333015873015873
0.5158730158730161
0.5614285714285717
0.4728571428571427
0.38317460317460333
0.49174603174603165
0.5255555555555557
0.5065079365079367
0.4960317460317459
0.4469841269841271
0.4266666666666666
0.40619047619047655
0.32920634920634906
0.4768253968253969
0.47825396825396815
0.4828571428571429
0.5147619047619049
0.4503174603174602
0.5060317460317462
0.5593650793650792
0.5277777777777776
0.4546031746031743
0.42904761904761907
0.40206349206349207
0.47698412698412684
0.4638095238095235
0.5795238095238091
0.4603174603174606
0.5660317460317457
0.44888888888888906
0.47
0.44571428571428595
0.4695238095238096
0.4933333333333331
0.49349206349206354
0.6306349206349205
0.5457142857142856
0.4869841269841271
0.45047619047619053
0.49349206349206326
0.5355555555555557
0.47095238095238084
0.4134920634920633
0.39888888888888874
0.45174603174603173
0.5163492063492066
0.5088888888888888
0.470952380952381
0.6011111111111109
0.5625396825396823
0.6258730158730159
0.36253968253968255
0.4071428571428569
0.39920634920634895
0.40634920634920646
0.45793650793650786
0.5095238095238095
0.4868253968253966
0.5276190476190475
