-0.9984126984126984
-0.9960317460317462
-0.9960317460317462
-0.9969841269841271
-0.9984126984126984
-0.9992063492063494
-0.997936507936508
-0.9963492063492064
-0.9980952380952381
-0.9960317460317462
-0.9990476190476191
-0.9977777777777779
-0.9974603174603177
-0.9990476190476193
-0.9980952380952381
-0.9993650793650793
-0.9982539682539683
-0.9976190476190476
-0.9987301587301588
-0.9987301587301588
-0.9968253968253968
-0.9974603174603175
-0.9977777777777779
-0.9976190476190477
-0.9990476190476189
-0.9960317460317462
-0.9982539682539683
-0.9973015873015874
-0.9965079365079366
-0.997142857142857
-0.9977777777777779
-0.9987301587301587
-0.9979365079365078
-0.9988888888888892
-0.997142857142857
-0.9968253968253968
-0.9977777777777779
-0.9960317460317459
-0.9979365079365078
-0.9977777777777778
-0.9977777777777779
-0.9979365079365078
-0.9971428571428574
-0.9976190476190476
-0.9973015873015876
-0.9987301587301587
-0.9976190476190477
-0.995873015873016
-0.9982539682539685
-0.9990476190476193
-0.997936507936508
-0.9996825396825397
-0.9977777777777779
-0.9977777777777779
-0.9987301587301587
-0.9984126984126985
-0.9988888888888889
-0.9976190476190477
-0.997142857142857
-0.9976190476190477
-0.9995238095238096
-0.9996825396825397
-0.9966666666666668
-0.9974603174603177
-0.9976190476190477
-0.9982539682539683
-0.9979365079365078
-0.998730158730159
-0.9976190476190477
-0.9965079365079366
-0.9977777777777779
-0.9973015873015874
-0.9980952380952381
-0.9988888888888889
-0.9984126984126984
-0.9987301587301587
-0.9965079365079366
-0.9976190476190477
-0.9985714285714287
-0.9988888888888889
-0.997936507936508
-0.9957142857142858
-0.9990476190476191
-0.9984126984126984
-0.9980952380952381
-0.9984126984126985
-0.9988888888888889
-0.9976190476190477
-0.9990476190476191
-0.9974603174603177
-0.9966666666666668
-0.9990476190476193
-0.9988888888888892
-0.997936507936508
-0.9980952380952381
-0.9971428571428572
-0.9985714285714287
-0.9966666666666667
-0.998730158730159
-0.9992063492063492
-0.9976190476190477
-0.9988888888888892
-0.9974603174603175
-0.999206349206349
-0.9995238095238096
-0.9982539682539683
-0.9992063492063494
-0.9966666666666668
-0.9980952380952381
-0.9957142857142859
-0.9985714285714286
-0.9987301587301587
-0.9982539682539685
-0.9965079365079366
-0.9985714285714289
-0.9988888888888887
-0.9974603174603177
-0.9992063492063492
-0.9980952380952381
-0.9992063492063494
-0.9992063492063494
-0.9988888888888889
-0.995873015873016
-0.9996825396825397
-0.9988888888888889
-0.9977777777777778
-0.9985714285714286
-0.9980952380952381
-0.9966666666666667
-0.9966666666666668
-0.9973015873015876
-0.997936507936508
-0.9982539682539683
-0.9985714285714287
-0.9979365079365078
-0.9995238095238096
-0.9985714285714286
-0.9995238095238096
-0.9993650793650795
-0.9982539682539685
-0.9953968253968255
-0.9993650793650793
-0.9973015873015876
-0.9977777777777779
-0.9960317460317462
-0.9985714285714286
-0.9992063492063494
-0.997142857142857
-0.9992063492063494
-0.9974603174603175
-0.9982539682539685
-0.9993650793650795
-0.9988888888888889
-0.9990476190476191
-0.9980952380952381
-0.9977777777777779
-0.9976190476190476
-0.9977777777777779
-0.9963492063492064
-0.9976190476190476
-0.9979365079365078
-0.9973015873015871
-0.9982539682539683
-0.9984126984126984
-0.9977777777777779
-0.9982539682539683
-0.9990476190476191
-0.9984126984126985
-0.9980952380952381
-0.9988888888888887
-0.9980952380952381
-0.9985714285714289
-0.997936507936508
-0.9992063492063492
-0.9990476190476191
-0.9987301587301587
-0.9984126984126984
-0.9992063492063494
-0.9982539682539683
-0.9974603174603175
-0.9982539682539683
-0.9985714285714286
-0.9990476190476193
-0.9976190476190476
-0.9980952380952381
-0.9955555555555556
-0.9995238095238096
-0.9990476190476193
-0.9973015873015871
-0.9985714285714287
-0.9988888888888889
-0.9982539682539683
