0.7249206349206352
0.7141269841269843
0.6934920634920636
0.5734920634920635
0.6366666666666667
0.6204761904761904
0.57015873015873
0.6290476190476187
0.635238095238095
0.669047619047619
0.5985714285714285
0.5926984126984126
0.6312698412698416
0.6219047619047615
0.6674603174603175
0.6411111111111112
0.6588888888888887
0.6869841269841269
0.7238095238095235
0.5798412698412699
0.5090476190476187
0.5714285714285712
0.6246031746031745
0.5769841269841272
0.5930158730158727
0.7379365079365078
0.6482539682539677
0.7080952380952379
0.6952380952380954
0.6180952380952384
0.7063492063492062
0.718253968253968
0.6411111111111113
0.6001587301587301
0.6022222222222223
0.6942857142857144
0.7066666666666671
0.6493650793650793
0.7247619047619046
0.6942857142857143
0.6858730158730159
0.6206349206349208
0.6115873015873015
0.6415873015873015
0.6676190476190473
0.5360317460317463
0.6909523809523805
0.5665079365079362
0.5941269841269843
0.5947619047619043
0.6734920634920631
0.6611111111111113
0.6936507936507934
0.6117460317460316
0.5998412698412696
0.6349206349206346
0.6593650793650793
0.6771428571428573
0.63015873015873
0.545714285714286
0.629047619047619
0.5809523809523808
0.644126984126984
0.711428571428571
0.7366666666666668
0.6757142857142858
0.5820634920634922
0.6684126984126985
0.6850793650793651
0.7169841269841271
0.7188888888888892
0.5715873015873015
0.622222222222222
0.6617460317460317
0.4834920634920632
0.6282539682539678
0.6868253968253967
0.5826984126984126
0.5520634920634917
0.5915873015873014
0.6277777777777775
0.7258730158730158
0.6425396825396826
0.6441269841269843
0.6287301587301587
0.6187301587301585
0.633968253968254
0.6363492063492064
0.673968253968254
0.5857142857142859
0.6158730158730155
0.6728571428571429
0.6303174603174599
0.5493650793650793
0.5723809523809525
0.7044444444444445
0.6657142857142855
0.687301587301587
0.7073015873015873
0.6357142857142857
0.6646031746031743
0.6615873015873017
0.6607936507936506
0.6320634920634922
0.7026984126984126
0.6655555555555558
0.6515873015873013
0.6619047619047621
0.6176190476190474
0.5731746031746028
0.6020634920634922
0.602063492063492
0.717936507936508
0.6844444444444445
0.6653968253968255
0.6885714285714285
0.598412698412698
0.7163492063492064
0.6887301587301587
0.6363492063492063
0.5944444444444442
0.6412698412698412
0.7047619047619045
0.610952380952381
0.6384126984126984
0.6496825396825398
0.5742857142857141
0.6665079365079367
0.6109523809523811
0.6457142857142857
0.681269841269841
0.5601587301587302
0.7492063492063489
0.618095238095238
0.5682539682539683
0.6468253968253964
0.5619047619047618
0.6768253968253966
0.7447619047619047
0.6139682539682539
0.6363492063492061
0.7028571428571427
0.6792063492063488
0.6546031746031747
0.5955555555555554
0.6907936507936507
0.6825396825396824
0.6719047619047619
0.6498412698412701
0.6844444444444445
0.7060317460317456
0.5947619047619045
0.6871428571428572
0.5925396825396825
0.6450793650793651
0.6682539682539682
0.652222222222222
0.626349206349206
0.5422222222222224
0.6395238095238089
0.5825396825396824
0.6631746031746031
0.6344444444444445
0.6501587301587303
0.5666666666666664
0.5739682539682541
0.5831746031746029
0.6795238095238096
0.6628571428571429
0.6074603174603175
0.675079365079365
0.6490476190476193
0.7357142857142857
0.5790476190476194
0.6334920634920634
0.722857142857143
0.7133333333333334
0.6852380952380951
0.6615873015873015
0.6079365079365082
0.7157142857142855
0.6499999999999997
0.6782539682539687
0.6412698412698408
0.6122222222222219
0.6463492063492062
0.643968253968254
0.6034920634920634
0.6780952380952382
0.6671428571428571
0.7017460317460317
0.6569841269841267
