0.9249206349206354
0.9322222222222223
0.933492063492063
0.9182539682539679
0.9004761904761905
0.8982539682539683
0.9465079365079367
0.9228571428571424
0.9215873015873016
0.9323809523809522
0.918095238095238
0.9276190476190472
0.8973015873015875
0.898412698412698
0.9282539682539684
0.9338095238095238
0.8784126984126988
0.9257142857142862
0.9357142857142859
0.9530158730158731
0.9104761904761903
0.9193650793650797
0.9423809523809522
0.9217460317460313
0.9192063492063494
0.9300000000000007
0.9212698412698411
0.9158730158730155
0.9285714285714285
0.9284126984126982
0.9392063492063492
0.9368253968253966
0.9174603174603174
0.923174603174603
0.9374603174603169
0.92015873015873
0.9228571428571428
0.9374603174603174
0.9353968253968253
0.9314285714285713
0.943174603174603
0.9415873015873018
0.9226984126984127
0.9279365079365078
0.9034920634920632
0.9126984126984125
0.9053968253968255
0.9269841269841267
0.9328571428571426
0.9501587301587305
0.9433333333333334
0.9246031746031746
0.9379365079365081
0.9220634920634924
0.9409523809523811
0.9265079365079362
0.9163492063492062
0.9276190476190476
0.8853968253968255
0.902063492063492
0.9325396825396823
0.9266666666666666
0.9077777777777774
0.9203174603174602
0.9282539682539682
0.937142857142857
0.9161904761904759
0.9423809523809524
0.938412698412698
0.9319047619047617
0.946825396825397
0.9063492063492068
0.9019047619047614
0.9323809523809522
0.9246031746031746
0.9166666666666665
0.9244444444444442
0.8998412698412697
0.9480952380952378
0.9193650793650792
0.948888888888889
0.9523809523809522
0.9349206349206352
0.9166666666666665
0.9217460317460319
0.9206349206349205
0.9414285714285715
0.8885714285714289
0.9239682539682542
0.9122222222222217
0.9171428571428567
0.9298412698412697
0.9330158730158731
0.9477777777777777
0.9087301587301586
0.9290476190476189
0.9298412698412697
0.9099999999999998
0.9463492063492063
0.9273015873015872
0.9142857142857143
0.9412698412698411
0.9304761904761901
0.9006349206349207
0.9385714285714285
0.9353968253968253
0.9028571428571429
0.9165079365079364
0.9174603174603176
0.9185714285714285
0.9061904761904758
0.9414285714285711
0.9322222222222223
0.9153968253968251
0.9119047619047617
0.9261904761904759
0.9342857142857143
0.9157142857142851
0.9234920634920633
0.9433333333333334
0.9333333333333331
0.9319047619047619
0.9115873015873016
0.9126984126984127
0.8936507936507938
0.9050793650793645
0.9211111111111107
0.9257142857142859
0.9026984126984129
0.9079365079365078
0.8965079365079359
0.9093650793650793
0.9534920634920635
0.9169841269841267
0.9496825396825396
0.9153968253968251
0.9147619047619047
0.930952380952381
0.8874603174603173
0.9158730158730161
0.9034920634920635
0.9257142857142857
0.933174603174603
0.9209523809523807
0.9106349206349207
0.926349206349206
0.9339682539682542
0.9211111111111114
0.9236507936507937
0.8974603174603175
0.9285714285714287
0.9406349206349208
0.9265079365079365
0.9238095238095235
0.9084126984126986
0.935238095238095
0.9196825396825392
0.9163492063492062
0.900952380952381
0.9096825396825395
0.9306349206349199
0.8668253968253969
0.9274603174603174
0.9128571428571428
0.9130158730158731
0.9247619047619048
0.9303174603174604
0.9534920634920636
0.915238095238095
0.9082539682539679
0.9085714285714285
0.8836507936507934
0.9214285714285712
0.9146031746031743
0.9026984126984124
0.9485714285714287
0.8960317460317462
0.911269841269841
0.9182539682539679
0.9304761904761903
0.950793650793651
0.9282539682539682
0.917142857142857
0.940793650793651
0.9036507936507938
0.8995238095238091
0.9274603174603173
0.9344444444444439
0.9336507936507942
0.9217460317460319
0.9107936507936508
0.9298412698412699
