0.9974603174603175
0.9977777777777779
0.9980952380952381
0.9980952380952381
0.9949206349206348
0.9968253968253966
0.9969841269841271
0.9977777777777779
0.9988888888888889
0.9969841269841269
0.9987301587301587
0.9969841269841269
0.9982539682539683
0.9976190476190476
0.9961904761904763
0.9941269841269843
0.9982539682539683
0.9968253968253968
0.9976190476190477
0.9998412698412699
0.9993650793650793
0.9976190476190476
0.9985714285714286
0.9969841269841271
0.9977777777777779
0.9996825396825397
0.9985714285714287
0.997936507936508
0.9990476190476191
0.9955555555555554
0.9973015873015874
0.9969841269841268
0.9965079365079366
0.9995238095238095
0.9982539682539683
0.9976190476190477
0.9952380952380951
0.9941269841269843
0.9980952380952381
0.9977777777777778
0.9993650793650795
0.9953968253968253
0.9957142857142858
0.9988888888888887
0.9980952380952381
0.9985714285714286
0.9995238095238096
0.9973015873015871
0.9944444444444442
0.9993650793650793
0.9963492063492061
0.9988888888888889
0.9987301587301588
0.9990476190476191
0.997936507936508
0.9988888888888889
0.9976190476190477
0.9985714285714287
0.9988888888888889
0.9965079365079366
0.9995238095238096
0.9977777777777779
0.9973015873015874
0.9947619047619046
0.9936507936507938
0.9988888888888887
0.9946031746031747
0.9984126984126984
0.9968253968253968
0.9969841269841269
0.9961904761904763
0.9984126984126984
0.9980952380952381
0.9987301587301587
0.9949206349206351
0.994920634920635
0.9980952380952381
0.9988888888888887
0.9973015873015874
0.9973015873015871
0.9980952380952381
0.9958730158730159
0.9965079365079366
0.9982539682539683
0.9995238095238096
0.9973015873015871
0.9976190476190477
0.9979365079365078
0.9980952380952381
0.9947619047619046
0.9973015873015874
0.9973015873015874
0.9973015873015871
0.9961904761904763
0.9961904761904761
0.9980952380952381
0.9944444444444446
0.995079365079365
0.9960317460317459
0.9974603174603175
0.9974603174603173
0.9974603174603177
0.9947619047619048
0.9973015873015874
0.9995238095238096
0.9936507936507938
0.9979365079365078
0.9966666666666665
0.9976190476190476
0.9982539682539683
0.9903174603174603
0.9984126984126984
0.9973015873015874
0.9973015873015874
0.997936507936508
0.9966666666666667
0.9974603174603175
0.9985714285714286
0.9969841269841271
0.9955555555555554
0.9963492063492062
0.9976190476190476
0.9984126984126984
0.995873015873016
0.9971428571428572
0.9966666666666667
0.9976190476190476
0.9977777777777778
0.9984126984126984
0.9985714285714286
0.9982539682539683
0.9977777777777778
0.9974603174603175
0.9982539682539683
0.9952380952380954
0.9985714285714286
0.9993650793650793
0.9995238095238096
0.9996825396825397
0.9995238095238096
0.9977777777777779
0.9974603174603177
0.994920634920635
0.997936507936508
0.9961904761904765
0.9990476190476191
0.9985714285714287
0.9985714285714286
0.9953968253968252
0.9988888888888887
0.9982539682539681
0.9995238095238096
0.9976190476190476
0.997936507936508
0.9993650793650795
0.9971428571428572
0.9985714285714286
0.9973015873015871
0.9987301587301587
0.9985714285714286
0.9976190476190477
0.995873015873016
0.9980952380952381
0.9973015873015874
0.9938095238095239
0.9990476190476191
0.9963492063492062
0.9993650793650793
0.9995238095238096
0.9982539682539683
0.997142857142857
0.9993650793650793
0.9961904761904761
0.9957142857142856
0.9984126984126984
0.9993650793650795
0.997936507936508
1.0
0.9993650793650795
0.9974603174603173
0.9990476190476189
0.9930158730158731
0.9963492063492064
0.9990476190476193
0.9936507936507936
0.9976190476190476
0.9985714285714286
0.9971428571428574
0.9990476190476191
0.9988888888888887
0.9965079365079366
0.9963492063492064
