0.9972222222222221
0.9959876543209876
0.9919753086419755
0.9984567901234568
0.9962962962962962
1.0
0.9993827160493827
0.9808641975308642
0.9993827160493827
0.999074074074074
0.9996913580246913
0.9975308641975308
0.999074074074074
0.9827160493827161
0.9987654320987654
0.9956790123456789
1.0
0.9805555555555555
1.0
0.9996913580246913
0.9938271604938271
0.9919753086419754
0.999074074074074
0.9996913580246913
0.999074074074074
0.9981481481481481
0.9987654320987654
1.0
0.9996913580246913
0.9962962962962962
1.0
0.9981481481481481
1.0
0.994753086419753
0.9962962962962962
0.9996913580246913
0.9996913580246913
0.9984567901234568
0.9984567901234568
0.9987654320987654
0.999074074074074
0.9996913580246913
0.9972222222222221
0.9993827160493827
1.0
0.9984567901234568
0.9913580246913581
1.0
1.0
0.9907407407407407
0.9953703703703703
1.0
0.999074074074074
0.9987654320987654
0.9966049382716048
0.9802469135802468
0.9941358024691358
1.0
1.0
1.0
1.0
0.9932098765432099
0.9987654320987654
0.9922839506172839
0.9953703703703702
1.0
0.9996913580246913
1.0
0.9950617283950618
0.9993827160493827
0.991358024691358
0.9993827160493827
1.0
0.9962962962962963
0.9993827160493827
0.9953703703703702
1.0
0.9996913580246913
0.9836419753086418
0.991975308641975
1.0
0.999074074074074
0.9996913580246913
0.9638888888888889
1.0
0.9972222222222222
0.9919753086419754
0.999074074074074
0.9978395061728395
0.994753086419753
0.9996913580246913
1.0
0.9969135802469135
0.9975308641975308
0.9830246913580247
0.9870370370370369
0.9953703703703702
0.9962962962962962
0.9787037037037037
0.9981481481481481
0.9972222222222221
0.999074074074074
0.9975308641975308
0.999074074074074
0.9969135802469135
0.9932098765432098
0.9891975308641975
1.0
0.9950617283950616
0.9996913580246913
0.9996913580246913
1.0
0.9944444444444444
0.9854938271604937
0.9978395061728395
0.9996913580246913
0.9987654320987654
1.0
0.9969135802469135
0.9895061728395061
0.9993827160493827
0.9978395061728395
0.9996913580246913
1.0
0.9962962962962962
0.9987654320987654
0.9996913580246913
0.9981481481481481
0.999074074074074
1.0
1.0
0.999074074074074
0.9984567901234568
0.9941358024691359
0.9978395061728395
0.9984567901234568
0.9993827160493827
0.9972222222222221
0.9996913580246913
0.9938271604938272
0.9953703703703703
0.999074074074074
0.9987654320987654
0.9984567901234568
0.971604938271605
0.9861111111111112
0.9996913580246913
0.999074074074074
0.9984567901234568
0.9996913580246913
1.0
0.9981481481481481
0.9993827160493827
0.9993827160493827
0.9962962962962965
1.0
0.9984567901234568
0.9901234567901234
1.0
0.9996913580246913
0.9901234567901234
0.9811728395061727
1.0
0.9987654320987654
0.9962962962962962
0.9987654320987654
0.9972222222222222
0.9962962962962963
0.9950617283950617
0.9978395061728395
0.9975308641975308
0.9984567901234568
0.9904320987654319
0.9962962962962963
1.0
1.0
0.9972222222222222
0.9972222222222221
0.9932098765432099
0.9895061728395063
0.9891975308641976
0.9969135802469135
0.9935185185185186
0.999074074074074
0.9941358024691358
0.9910493827160493
0.9984567901234568
0.9959876543209877
1.0
1.0
1.0
0.9966049382716048
