0.993827160493827
1.0
0.9944444444444444
0.995679012345679
0.999074074074074
0.9969135802469136
0.9882716049382714
0.9996913580246913
0.9922839506172839
1.0
0.9996913580246913
0.9901234567901234
0.9882716049382715
0.9972222222222221
0.9919753086419754
1.0
0.979320987654321
0.9941358024691358
0.9944444444444444
0.995679012345679
1.0
1.0
0.975925925925926
1.0
0.9969135802469136
0.999074074074074
1.0
0.9771604938271604
0.9987654320987654
0.996604938271605
0.9996913580246913
0.9987654320987654
0.996604938271605
0.9975308641975308
0.9731481481481481
0.999074074074074
0.9981481481481481
0.9972222222222221
0.996604938271605
0.9787037037037039
0.9919753086419753
1.0
0.9993827160493827
0.9993827160493827
0.9796296296296296
0.9935185185185185
1.0
0.9941358024691359
1.0
1.0
0.9913580246913579
0.9981481481481481
0.9962962962962963
0.9679012345679012
0.999074074074074
1.0
1.0
0.9867283950617284
0.9969135802469135
0.999074074074074
0.9944444444444442
0.999074074074074
0.9993827160493827
0.9959876543209876
0.9993827160493827
0.9959876543209877
0.9935185185185185
0.9993827160493827
0.986111111111111
0.9975308641975308
0.9938271604938271
0.9962962962962962
0.9969135802469135
0.999074074074074
0.9972222222222221
0.9993827160493827
0.9969135802469135
0.9919753086419753
0.9996913580246913
0.9972222222222221
0.990432098765432
0.9907407407407407
0.9916666666666667
0.9916666666666667
0.9978395061728395
0.9929012345679012
0.9984567901234568
0.9959876543209876
0.9993827160493827
0.9941358024691358
0.9987654320987654
0.9996913580246913
0.995679012345679
0.9978395061728395
0.9996913580246913
0.9882716049382716
0.9996913580246913
0.999074074074074
0.9996913580246913
0.9978395061728395
0.996604938271605
0.9996913580246913
0.9932098765432098
0.9972222222222221
0.9993827160493827
0.9996913580246913
0.9972222222222221
0.9719135802469135
0.9938271604938271
0.9987654320987654
0.9873456790123457
0.9950617283950616
1.0
0.9981481481481481
0.9996913580246913
0.9996913580246913
1.0
0.9981481481481481
0.999074074074074
1.0
0.9981481481481481
0.9941358024691358
0.9956790123456789
0.9888888888888889
0.9858024691358024
0.999074074074074
0.9978395061728395
0.9996913580246913
0.9969135802469135
0.9975308641975309
0.9981481481481481
0.9839506172839506
0.9987654320987654
0.9944444444444444
0.9956790123456789
0.9978395061728395
0.996604938271605
0.9978395061728395
0.9916666666666667
0.9987654320987654
1.0
0.9941358024691358
0.9953703703703703
1.0
0.9824074074074076
0.9620370370370369
0.9956790123456789
0.9944444444444442
1.0
0.9984567901234568
0.9978395061728396
1.0
0.9950617283950617
0.9938271604938272
0.9962962962962963
0.9845679012345678
0.999074074074074
0.9996913580246913
0.999074074074074
0.9993827160493827
0.9978395061728395
0.9820987654320988
1.0
0.987037037037037
0.9996913580246913
0.9966049382716048
1.0
0.9984567901234568
0.9959876543209876
0.9996913580246913
0.9950617283950617
0.9944444444444444
0.9993827160493827
0.9935185185185185
0.9950617283950616
0.9984567901234568
1.0
0.9984567901234568
1.0
0.990432098765432
0.9975308641975308
1.0
0.9901234567901234
0.9953703703703702
0.9956790123456789
0.999074074074074
0.9916666666666668
0.9969135802469135
0.9919753086419754
0.9935185185185184
1.0
0.9996913580246913
