0.9959876543209876
0.9996913580246913
0.9993827160493827
0.9922839506172838
0.9987654320987654
0.9907407407407407
0.993827160493827
0.9845679012345678
0.9765432098765431
0.9901234567901234
0.9993827160493827
0.994753086419753
0.9984567901234568
1.0
0.9882716049382715
0.9706790123456789
0.9885802469135802
0.9987654320987654
1.0
0.9888888888888888
0.9898148148148148
0.9910493827160495
0.9972222222222221
0.9981481481481481
0.9876543209876544
0.9972222222222221
0.9873456790123456
0.9956790123456791
1.0
0.9765432098765433
0.9901234567901234
0.9756172839506173
0.9996913580246913
0.9845679012345679
0.995679012345679
0.9996913580246913
1.0
0.9925925925925925
0.9941358024691358
0.9938271604938271
0.9845679012345679
0.999074074074074
0.9959876543209876
0.993827160493827
0.9919753086419754
0.9996913580246913
0.9987654320987654
1.0
0.9398148148148148
0.9941358024691359
0.9944444444444444
0.9935185185185184
0.999074074074074
0.9675925925925924
0.9632716049382715
0.9864197530864196
0.9987654320987654
0.989506172839506
0.9975308641975308
0.9978395061728395
0.9981481481481481
0.9950617283950616
0.9959876543209876
0.9981481481481481
0.9759259259259259
0.9845679012345679
0.9922839506172839
0.9962962962962962
0.974074074074074
0.9845679012345678
0.9959876543209877
0.9969135802469135
0.9932098765432099
0.9984567901234568
0.9885802469135802
0.9845679012345678
0.9953703703703703
0.9993827160493827
0.9777777777777779
0.9953703703703702
0.9981481481481481
0.967283950617284
0.9978395061728395
0.9935185185185186
0.9895061728395059
0.9987654320987654
0.9790123456790122
0.9891975308641974
0.9975308641975309
0.9950617283950616
0.9932098765432098
0.9981481481481481
0.9972222222222221
0.9956790123456789
0.9944444444444442
0.9842592592592591
0.990432098765432
0.9981481481481481
0.9975308641975308
0.9929012345679012
0.9777777777777779
0.9941358024691358
0.992901234567901
0.9978395061728395
0.987654320987654
0.9839506172839503
0.9743827160493826
0.9972222222222221
0.9811728395061727
0.9953703703703703
0.9876543209876544
0.9873456790123456
0.9972222222222221
0.9925925925925926
0.9910493827160493
0.9984567901234568
0.9987654320987654
1.0
0.9972222222222221
0.9975308641975308
0.9981481481481481
0.9972222222222221
0.9898148148148148
0.9947530864197529
0.9935185185185185
0.9932098765432098
0.9820987654320988
0.983641975308642
0.9907407407407406
0.9919753086419753
0.994753086419753
0.9932098765432098
0.9944444444444444
0.9947530864197529
0.9929012345679012
0.9978395061728395
0.9993827160493827
0.9916666666666667
0.995679012345679
0.9919753086419754
0.9944444444444444
0.9885802469135803
0.9922839506172838
0.994753086419753
0.983641975308642
0.9814814814814814
0.9932098765432098
0.9953703703703702
0.9836419753086417
0.9984567901234568
0.9987654320987654
0.9731481481481482
0.9503086419753086
0.9799382716049381
0.9654320987654319
0.9950617283950617
0.9953703703703703
0.9876543209876542
0.9922839506172839
0.986111111111111
0.9962962962962962
0.9901234567901235
0.9703703703703704
0.9981481481481481
0.9969135802469135
0.986111111111111
0.9898148148148148
0.9922839506172838
0.9956790123456789
0.9780864197530864
0.9873456790123457
0.9950617283950616
0.9756172839506173
0.994753086419753
0.9762345679012345
0.9916666666666667
0.9925925925925925
0.9932098765432099
0.9953703703703703
0.9888888888888886
0.9975308641975308
0.9842592592592593
0.9771604938271603
0.9938271604938271
0.9959876543209877
1.0
0.9981481481481481
0.9975308641975308
0.9950617283950616
0.9922839506172839
0.9790123456790121
0.9938271604938272
