0.9753086419753086
1.0
0.9987654320987654
0.9993827160493827
1.0
1.0
1.0
1.0
1.0
1.0
1.0
1.0
1.0
0.9996913580246913
0.9987654320987654
1.0
1.0
1.0
1.0
1.0
1.0
0.9993827160493827
1.0
1.0
1.0
0.9996913580246913
0.999074074074074
1.0
1.0
1.0
1.0
0.9987654320987654
0.999074074074074
0.9996913580246913
1.0
1.0
0.9944444444444444
0.9993827160493827
0.9996913580246913
1.0
0.9987654320987654
1.0
1.0
0.9984567901234568
1.0
1.0
1.0
1.0
0.9978395061728395
1.0
1.0
0.9996913580246913
1.0
0.9993827160493827
1.0
1.0
1.0
1.0
1.0
1.0
0.9972222222222221
1.0
1.0
1.0
1.0
1.0
0.9996913580246913
1.0
0.9820987654320987
1.0
0.999074074074074
0.999074074074074
1.0
0.9996913580246913
0.9978395061728396
1.0
1.0
1.0
1.0
1.0
1.0
1.0
1.0
0.9993827160493827
1.0
1.0
1.0
1.0
0.9987654320987654
0.9981481481481481
0.9996913580246913
0.9996913580246913
0.9922839506172839
1.0
0.9972222222222221
1.0
1.0
1.0
0.9993827160493827
1.0
0.9978395061728395
1.0
1.0
0.9993827160493827
0.9996913580246913
0.9996913580246913
1.0
1.0
1.0
1.0
0.9925925925925926
1.0
1.0
1.0
0.999074074074074
0.9996913580246913
1.0
1.0
0.9993827160493827
0.9993827160493827
1.0
1.0
0.9978395061728395
1.0
0.996604938271605
1.0
1.0
1.0
1.0
1.0
1.0
0.9993827160493827
0.9981481481481481
1.0
1.0
1.0
1.0
1.0
0.9996913580246913
0.9996913580246913
0.9978395061728395
1.0
1.0
0.9947530864197531
1.0
0.9996913580246913
1.0
1.0
1.0
0.9984567901234568
1.0
0.9870370370370372
0.9993827160493827
1.0
0.9984567901234568
1.0
1.0
1.0
1.0
0.9993827160493827
0.9987654320987654
1.0
1.0
1.0
0.9984567901234568
1.0
1.0
1.0
1.0
1.0
1.0
1.0
1.0
1.0
0.9993827160493827
0.9996913580246913
1.0
1.0
1.0
1.0
1.0
1.0
1.0
1.0
1.0
1.0
1.0
0.994753086419753
0.9996913580246913
0.9996913580246913
1.0
0.9919753086419754
