1.0
1.0
1.0
0.9944444444444444
1.0
1.0
1.0
1.0
1.0
1.0
0.9993827160493827
1.0
1.0
1.0
0.999074074074074
0.9993827160493827
1.0
1.0
1.0
1.0
1.0
1.0
1.0
1.0
1.0
1.0
1.0
1.0
1.0
1.0
1.0
1.0
1.0
1.0
0.9996913580246913
1.0
1.0
1.0
1.0
0.999074074074074
0.9996913580246913
1.0
1.0
1.0
1.0
1.0
1.0
1.0
1.0
1.0
1.0
1.0
1.0
1.0
1.0
1.0
1.0
1.0
1.0
1.0
1.0
1.0
1.0
1.0
1.0
1.0
1.0
1.0
1.0
1.0
0.9996913580246913
1.0
1.0
1.0
1.0
1.0
1.0
1.0
1.0
1.0
1.0
1.0
1.0
1.0
0.9996913580246913
1.0
1.0
0.9984567901234568
1.0
1.0
1.0
1.0
1.0
1.0
1.0
0.9996913580246913
1.0
1.0
1.0
1.0
1.0
1.0
1.0
1.0
1.0
1.0
1.0
1.0
1.0
1.0
1.0
1.0
0.999074074074074
1.0
1.0
0.9993827160493827
1.0
1.0
1.0
1.0
1.0
1.0
1.0
1.0
1.0
1.0
1.0
1.0
1.0
1.0
0.9996913580246913
1.0
1.0
1.0
1.0
1.0
1.0
1.0
1.0
1.0
1.0
1.0
1.0
1.0
1.0
1.0
1.0
1.0
1.0
1.0
1.0
1.0
1.0
1.0
1.0
1.0
1.0
1.0
1.0
1.0
1.0
1.0
1.0
1.0
1.0
1.0
1.0
0.9993827160493827
1.0
1.0
0.9993827160493827
0.9993827160493827
1.0
1.0
1.0
0.9993827160493827
1.0
1.0
1.0
1.0
1.0
1.0
1.0
1.0
1.0
1.0
1.0
1.0
1.0
1.0
1.0
0.9944444444444444
