-0.3873456790123458
-0.4154320987654321
-0.3160493827160493
-0.5416666666666665
-0.5879629629629632
-0.4003086419753087
-0.38858024691358023
-0.3018518518518519
-0.6935185185185185
-0.43641975308641967
-0.5296296296296296
-0.3283950617283951
-0.4706790123456789
-0.170679012345679
-0.4163580246913579
-0.22777777777777783
-0.3845679012345681
-0.32530864197530873
-0.499074074074074
-0.6348765432098766
-0.43796296296296305
-0.5351851851851851
-0.13302469135802467
-0.6672839506172838
-0.2904320987654321
-0.3626543209876542
-0.4212962962962962
-0.4740740740740741
-0.5101851851851852
-0.280246913580247
-0.5753086419753085
-0.2657407407407406
-0.21080246913580242
-0.5296296296296296
-0.5749999999999998
-0.2651234567901234
-0.5259259259259259
-0.07129629629629629
-0.4577160493827161
-0.5787037037037038
-0.5354938271604938
-0.4641975308641976
-0.4080246913580249
-0.5583333333333332
-0.5194444444444444
-0.53179012345679
-0.24814814814814803
-0.5182098765432099
-0.3518518518518521
-0.7182098765432099
-0.6354938271604941
-0.6265432098765431
-0.41172839506172854
-0.4074074074074075
-0.42746913580246915
-0.5466049382716048
-0.3632716049382715
-0.42592592592592593
-0.4351851851851852
-0.425
-0.5117283950617284
-0.5018518518518519
-0.5395061728395061
-0.5435185185185186
-0.32716049382716045
-0.48395061728395067
-0.45339506172839517
-0.5932098765432097
-0.5848765432098767
-0.2962962962962961
-0.46327160493827174
-0.46419753086419757
-0.5080246913580246
-0.4944444444444443
-0.48395061728395045
-0.5848765432098765
-0.44197530864197526
-0.3521604938271606
-0.41141975308641976
-0.30462962962962953
-0.3317901234567901
-0.4317901234567902
-0.5496913580246913
-0.6117283950617284
-0.5472222222222223
-0.33734567901234574
-0.3842592592592592
-0.5540123456790125
-0.4444444444444445
-0.35154320987654314
-0.5546296296296297
-0.30895061728395073
-0.4015432098765432
-0.637037037037037
-0.2518518518518519
-0.4243827160493826
-0.59320987654321
-0.39783950617283953
-0.3123456790123457
-0.11666666666666667
-0.20030864197530857
-0.4657407407407408
-0.5762345679012346
-0.3962962962962963
-0.5277777777777779
-0.5787037037037037
-0.5058641975308641
-0.4876543209876546
-0.5268518518518518
-0.42685185185185187
-0.44413580246913587
-0.45802469135802487
-0.46419753086419746
-0.47191358024691366
-0.22870370370370371
-0.5049382716049383
-0.44598765432098764
-0.39814814814814814
-0.6203703703703705
-0.40432098765432095
-0.5231481481481483
-0.41666666666666685
-0.546604938271605
-0.418827160493827
-0.36759259259259264
-0.4401234567901234
-0.6151234567901235
-0.32129629629629636
-0.5876543209876544
-0.5626543209876543
-0.44074074074074066
-0.35833333333333334
-0.6277777777777777
-0.39413580246913577
-0.3703703703703702
-0.5120370370370371
-0.46388888888888874
-0.43672839506172817
-0.42530864197530854
-0.5817901234567903
-0.45462962962962966
-0.5256172839506172
-0.3743827160493827
-0.3419753086419753
-0.5169753086419753
-0.2916666666666667
-0.3787037037037038
-0.398148148148148
-0.5373456790123458
-0.37777777777777766
-0.44999999999999996
-0.3246913580246914
-0.4533950617283948
-0.26018518518518524
-0.539814814814815
-0.5296296296296298
-0.5453703703703704
-0.31697530864197543
-0.43456790123456795
-0.3459876543209876
-0.2682098765432099
-0.6459876543209876
-0.489506172839506
-0.16975308641975306
-0.559259259259259
-0.5046296296296295
-0.6274691358024691
-0.49907407407407417
-0.4984567901234566
-0.40895061728395066
-0.5342592592592592
-0.49969135802469133
-0.6320987654320986
-0.6256172839506174
-0.5163580246913579
-0.4123456790123458
-0.40555555555555567
-0.05246913580246907
-0.5299382716049381
-0.5682098765432099
-0.38024691358024687
-0.404320987654321
-0.5743827160493827
-0.43086419753086425
-0.5861111111111114
-0.6074074074074074
-0.43456790123456807
-0.5756172839506174
-0.2947530864197531
-0.4290123456790124
-0.2688271604938272
-0.2262345679012346
