-0.4904273504273505
-0.5430769230769229
-0.46205128205128204
-0.5018803418803418
-0.4829059829059828
-0.470940170940171
-0.5287179487179483
-0.5403418803418802
-0.6005128205128203
-0.5611965811965811
-0.5285470085470084
-0.5232478632478627
-0.5391452991452991
-0.5794871794871791
-0.5131623931623928
-0.5594871794871795
-0.47897435897435864
-0.5145299145299144
-0.5227350427350425
-0.5540170940170941
-0.4981196581196579
-0.4588034188034188
-0.4605128205128203
-0.5196581196581195
-0.5220512820512822
-0.5105982905982909
-0.46615384615384625
-0.4427350427350426
-0.5388034188034185
-0.495042735042735
-0.5273504273504274
-0.5986324786324786
-0.5335042735042734
-0.5191452991452988
-0.46803418803418795
-0.4512820512820513
-0.437948717948718
-0.46393162393162385
-0.508717948717949
-0.40769230769230763
-0.4806837606837609
-0.5434188034188036
-0.45401709401709384
-0.5697435897435896
-0.5576068376068373
-0.5572649572649572
-0.4837606837606835
-0.5458119658119658
-0.4266666666666667
-0.4632478632478634
-0.5205128205128201
-0.5076923076923074
-0.5121367521367518
-0.5846153846153846
-0.4042735042735041
-0.5603418803418799
-0.48991452991452983
-0.5454700854700857
-0.5396581196581193
-0.44170940170940176
-0.4958974358974361
-0.4652991452991454
-0.5258119658119655
-0.5075213675213678
-0.5263247863247864
-0.5198290598290598
-0.4466666666666669
-0.48991452991452983
-0.4996581196581194
-0.6059829059829056
-0.45401709401709384
-0.5239316239316238
-0.5066666666666666
-0.5307692307692307
-0.48923076923076897
-0.441196581196581
-0.5073504273504272
-0.47213675213675194
-0.490940170940171
-0.4974358974358975
-0.4608547008547009
-0.5042735042735041
-0.581880341880342
-0.5020512820512821
-0.502051282051282
-0.5664957264957263
-0.487863247863248
-0.599316239316239
-0.5808547008547008
-0.5540170940170939
-0.5678632478632478
-0.5459829059829058
-0.45350427350427347
-0.49452991452991424
-0.5798290598290597
-0.518974358974359
-0.5018803418803421
-0.4305982905982905
-0.5558974358974362
-0.5623931623931623
-0.49418803418803436
-0.512820512820513
-0.46239316239316236
-0.5288888888888885
-0.5264957264957258
-0.5743589743589742
-0.5181196581196582
-0.531111111111111
-0.5044444444444446
-0.46957264957264966
-0.45709401709401687
-0.5157264957264956
-0.525128205128205
-0.5321367521367518
-0.49008547008547015
-0.5001709401709401
-0.48273504273504253
-0.5423931623931624
-0.46940170940170955
-0.46205128205128204
-0.525982905982906
-0.48854700854700867
-0.5126495726495724
-0.5285470085470083
-0.49008547008547
-0.5247863247863248
-0.47470085470085444
-0.5328205128205129
-0.4897435897435898
-0.4287179487179486
-0.503931623931624
-0.5495726495726494
-0.5324786324786327
-0.48273504273504264
-0.5158974358974358
-0.531282051282051
-0.5618803418803419
-0.5153846153846153
-0.5297435897435899
-0.5225641025641029
-0.5456410256410253
-0.5724786324786322
-0.525982905982906
-0.5982905982905982
-0.5562393162393158
-0.5735042735042728
-0.5090598290598289
-0.5401709401709399
-0.5196581196581196
-0.47538461538461535
-0.532136752136752
-0.4952136752136753
-0.5010256410256413
-0.4912820512820514
-0.4485470085470087
-0.528888888888889
-0.4769230769230769
-0.5078632478632478
-0.5311111111111109
-0.5483760683760682
-0.5348717948717949
-0.5647863247863245
-0.5011965811965812
-0.4659829059829058
-0.532991452991453
-0.5034188034188037
-0.5160683760683763
-0.5186324786324783
-0.5109401709401709
-0.47641025641025647
-0.509059829059829
-0.39880341880341863
-0.5400000000000001
-0.4514529914529915
-0.4646153846153846
-0.4747008547008549
-0.5988034188034185
-0.43897435897435905
-0.4567521367521367
-0.5305982905982906
-0.4784615384615383
-0.47299145299145295
-0.4547008547008543
-0.5128205128205126
-0.5391452991452987
-0.4268376068376071
-0.5174358974358975
-0.5434188034188034
-0.5285470085470088
-0.44358974358974373
-0.47350427350427327
-0.5105982905982906
