-0.7876923076923069
-0.784615384615384
-0.815384615384615
-0.7972649572649566
-0.8271794871794863
-0.7929914529914525
-0.8068376068376063
-0.8075213675213668
-0.8111111111111106
-0.8434188034188023
-0.8355555555555548
-0.7911111111111105
-0.7699145299145297
-0.8223931623931617
-0.7842735042735034
-0.8047863247863238
-0.8275213675213667
-0.8097435897435891
-0.8263247863247857
-0.8176068376068368
-0.7943589743589737
-0.8005128205128199
-0.7801709401709396
-0.7815384615384612
-0.8119658119658116
-0.8063247863247855
-0.8017094017094014
-0.7999999999999994
-0.7753846153846148
-0.7716239316239306
-0.801367521367521
-0.7998290598290593
-0.7981196581196577
-0.8027350427350423
-0.7948717948717946
-0.809572649572649
-0.7822222222222214
-0.8147008547008542
-0.8227350427350419
-0.812649572649572
-0.8051282051282048
-0.7644444444444439
-0.8083760683760678
-0.7796581196581189
-0.7793162393162386
-0.8408547008547003
-0.8029059829059826
-0.7782905982905975
-0.8300854700854697
-0.8138461538461532
-0.7894017094017088
-0.8406837606837598
-0.7757264957264953
-0.7642735042735038
-0.7717948717948713
-0.7776068376068369
-0.7996581196581188
-0.8015384615384614
-0.8352136752136745
-0.8145299145299137
-0.7671794871794867
-0.7723076923076916
-0.8229059829059823
-0.8145299145299141
-0.8169230769230756
-0.8300854700854695
-0.7533333333333326
-0.7970940170940165
-0.7717948717948712
-0.7813675213675205
-0.818974358974358
-0.7972649572649566
-0.8294017094017091
-0.7947008547008539
-0.7675213675213667
-0.8358974358974351
-0.7745299145299144
-0.7721367521367515
-0.8273504273504267
-0.7989743589743584
-0.8092307692307688
-0.7835897435897428
-0.7758974358974355
-0.807350427350427
-0.7753846153846152
-0.8020512820512815
-0.794358974358974
-0.8188034188034181
-0.7731623931623928
-0.7673504273504266
-0.7998290598290592
-0.7947008547008545
-0.7859829059829055
-0.7729914529914519
-0.7972649572649568
-0.8100854700854693
-0.8372649572649568
-0.803589743589743
-0.7993162393162385
-0.7748717948717941
-0.8051282051282046
-0.8285470085470084
-0.7569230769230765
-0.8070085470085465
-0.8208547008547002
-0.7735042735042729
-0.8232478632478623
-0.8182905982905974
-0.8126495726495725
-0.7829059829059823
-0.8227350427350414
-0.7972649572649565
-0.8155555555555549
-0.7880341880341875
-0.8041025641025633
-0.7923076923076912
-0.8242735042735039
-0.8070085470085463
-0.8160683760683753
-0.7921367521367518
-0.796923076923076
-0.7605128205128201
-0.7270085470085464
-0.8046153846153843
-0.8203418803418796
-0.8078632478632474
-0.7811965811965803
-0.8309401709401698
-0.8210256410256404
-0.7781196581196577
-0.7700854700854692
-0.8153846153846148
-0.7818803418803417
-0.7654700854700848
-0.8254700854700847
-0.7866666666666661
-0.8041025641025633
-0.7905982905982899
-0.7960683760683755
-0.8058119658119649
-0.7938461538461534
-0.8030769230769219
-0.7858119658119652
-0.8029059829059823
-0.8003418803418794
-0.7957264957264953
-0.8239316239316237
-0.824957264957265
-0.8087179487179483
-0.8150427350427348
-0.7892307692307687
-0.7899145299145289
-0.791623931623931
-0.8066666666666658
-0.8309401709401703
-0.7876923076923071
-0.8083760683760678
-0.7841025641025632
-0.7784615384615381
-0.8235897435897427
-0.7700854700854697
-0.7750427350427346
-0.794188034188034
-0.8136752136752127
-0.808717948717948
-0.8288888888888881
-0.7899145299145296
-0.7917948717948708
-0.8068376068376062
-0.8035897435897433
-0.8463247863247855
-0.8105982905982897
-0.7863247863247861
-0.7935042735042728
-0.7654700854700845
-0.7984615384615378
-0.8109401709401708
-0.7801709401709399
-0.8071794871794864
-0.8037606837606828
-0.8136752136752132
-0.7965811965811961
-0.8054700854700848
-0.8223931623931612
-0.8191452991452981
-0.7765811965811958
-0.7859829059829054
-0.7958974358974354
-0.7933333333333323
-0.8109401709401705
-0.8010256410256406
-0.7868376068376063
