-0.5772649572649572
-0.6376068376068372
-0.6270085470085469
-0.5762393162393163
-0.6085470085470086
-0.6254700854700851
-0.5678632478632476
-0.614188034188034
-0.6423931623931619
-0.5632478632478628
-0.6290598290598287
-0.5697435897435897
-0.5958974358974355
-0.6285470085470087
-0.5829059829059827
-0.5405128205128203
-0.5774358974358971
-0.522222222222222
-0.6162393162393162
-0.597948717948718
-0.609230769230769
-0.5367521367521367
-0.6227350427350427
-0.6136752136752137
-0.6418803418803418
-0.6140170940170938
-0.5825641025641023
-0.5475213675213674
-0.5757264957264957
-0.6304273504273503
-0.6357264957264949
-0.6447863247863244
-0.6232478632478632
-0.6218803418803418
-0.6186324786324788
-0.5666666666666664
-0.5338461538461536
-0.6191452991452991
-0.6177777777777775
-0.6025641025641025
-0.6119658119658115
-0.5789743589743586
-0.6150427350427347
-0.5767521367521365
-0.5393162393162393
-0.5952136752136751
-0.5858119658119655
-0.5589743589743589
-0.5406837606837603
-0.589230769230769
-0.5723076923076923
-0.6336752136752135
-0.5673504273504273
-0.6006837606837605
-0.6090598290598288
-0.5984615384615382
-0.6189743589743586
-0.5731623931623931
-0.6540170940170934
-0.6427350427350422
-0.5244444444444446
-0.6242735042735041
-0.6145299145299143
-0.5926495726495725
-0.565128205128205
-0.5952136752136752
-0.5517948717948719
-0.5553846153846153
-0.5651282051282052
-0.565299145299145
-0.6358974358974359
-0.5716239316239314
-0.578290598290598
-0.5316239316239314
-0.6196581196581197
-0.614017094017094
-0.6512820512820511
-0.5647863247863247
-0.6082051282051278
-0.5256410256410254
-0.5350427350427351
-0.5711111111111108
-0.6184615384615382
-0.5311111111111113
-0.5878632478632474
-0.5736752136752135
-0.6405128205128202
-0.5892307692307693
-0.6164102564102559
-0.6629059829059827
-0.554017094017094
-0.5642735042735041
-0.6181196581196576
-0.533675213675214
-0.6051282051282046
-0.5637606837606836
-0.5994871794871789
-0.5577777777777776
-0.6186324786324787
-0.5714529914529912
-0.6143589743589744
-0.5215384615384618
-0.5953846153846152
-0.5977777777777777
-0.5509401709401706
-0.5994871794871796
-0.622222222222222
-0.627350427350427
-0.5417094017094015
-0.573333333333333
-0.541025641025641
-0.6442735042735039
-0.5958974358974356
-0.5760683760683759
-0.5856410256410257
-0.5560683760683759
-0.6336752136752136
-0.5535042735042736
-0.5803418803418803
-0.6304273504273501
-0.5904273504273504
-0.5902564102564102
-0.603247863247863
-0.6006837606837606
-0.625128205128205
-0.6266666666666666
-0.5398290598290596
-0.5591452991452988
-0.5512820512820514
-0.6010256410256406
-0.5135042735042732
-0.5926495726495719
-0.5905982905982906
-0.5478632478632478
-0.6319658119658118
-0.5974358974358973
-0.6128205128205125
-0.5565811965811966
-0.5675213675213672
-0.5974358974358974
-0.551111111111111
-0.577435897435897
-0.6193162393162394
-0.5553846153846155
-0.6008547008547009
-0.6598290598290593
-0.6199999999999998
-0.5815384615384616
-0.6188034188034185
-0.6097435897435898
-0.6229059829059825
-0.5516239316239315
-0.5394871794871796
-0.613162393162393
-0.6138461538461538
-0.6083760683760678
-0.5441025641025637
-0.5979487179487177
-0.5803418803418801
-0.5757264957264956
-0.6182905982905982
-0.5900854700854697
-0.6427350427350423
-0.6343589743589741
-0.5490598290598291
-0.5526495726495727
-0.5591452991452993
-0.5800000000000001
-0.6032478632478634
-0.6029059829059825
-0.5736752136752135
-0.5774358974358971
-0.5420512820512821
-0.6285470085470083
-0.6018803418803416
-0.5678632478632473
-0.5953846153846153
-0.6104273504273504
-0.6073504273504271
-0.6006837606837608
-0.6135042735042735
-0.5658119658119652
-0.6090598290598291
-0.5919658119658121
-0.6247863247863245
-0.5661538461538457
-0.5100854700854701
-0.613162393162393
-0.5567521367521362
-0.5343589743589745
-0.598803418803418
-0.6022222222222218
