0.10717948717948712
0.10786324786324789
-0.0451282051282051
0.08256410256410258
-0.16529914529914524
-0.044615384615384585
-0.07247863247863252
0.002735042735042789
-0.01999999999999997
-0.038119658119658034
-0.07025641025641023
-0.04376068376068376
-0.13025641025641013
-0.07094017094017095
0.0805128205128205
-0.018974358974358965
0.11811965811965815
0.004273504273504271
-0.02871794871794871
0.009914529914529912
0.006666666666666662
0.026324786324786336
0.04102564102564102
0.04153846153846153
-0.04837606837606838
0.014529914529914588
-0.06051282051282051
-0.013504273504273488
0.023076923076923116
0.08649572649572652
-0.04341880341880346
-0.015213675213675231
-0.08871794871794869
0.05948717948717949
0.003760683760683754
-0.08136752136752134
-0.08786324786324785
-0.1415384615384614
-0.005811965811965805
-0.014700854700854735
0.14222222222222217
-0.0794871794871795
-0.0745299145299145
0.0030769230769230223
0.06136752136752136
0.11982905982905981
0.06615384615384617
-0.05538461538461538
0.009230769230769233
0.04085470085470083
0.029401709401709396
-0.11213675213675202
0.055042735042735
0.10957264957264956
-0.0030769230769230834
0.10188034188034188
-0.029059829059829064
0.02683760683760684
-0.04529914529914532
0.012478632478632488
-0.04735042735042735
0.0010256410256410634
0.07658119658119662
0.023931623931623937
0.05965811965811967
-0.047863247863247846
0.001196581196581213
0.08051282051282052
0.04820512820512823
-0.1275213675213675
0.1158974358974361
-0.07623931623931626
0.05196581196581196
-0.09401709401709407
0.060512820512820524
0.15846153846153843
0.0049572649572649724
-0.012307692307692294
-0.03452991452991452
-0.03589743589743591
-0.03743589743589741
0.08717948717948716
-0.11384615384615372
0.1531623931623932
0.01777777777777779
0.04376068376068381
0.016410256410256393
0.048717948717948725
-0.016239316239316216
-0.015726495726495725
-0.07076923076923076
-0.03846153846153847
0.05606837606837606
0.019487179487179478
0.05675213675213678
0.10871794871794871
-0.018632478632478636
-0.06871794871794872
-0.10153846153846156
0.11025641025641023
0.030427350427350473
-0.05572649572649569
-0.05658119658119651
0.06940170940170938
0.04666666666666669
-0.00495726495726496
0.0022222222222222365
-0.06461538461538457
0.18358974358974364
-0.03470085470085468
0.056581196581196556
0.0001709401709401992
-0.07709401709401706
-0.029401709401709403
0.057094017094017104
0.05726495726495724
-0.05829059829059831
-0.043589743589743574
-0.0029059829059829203
0.118974358974359
0.1307692307692308
-0.06376068376068376
0.018803418803418764
0.039999999999999994
-0.04376068376068376
0.06205128205128205
-0.07880341880341878
-0.0008547008547008722
-0.07982905982905986
0.02444444444444443
0.011794871794871776
-0.0888888888888889
-0.02649572649572647
-0.06153846153846151
-0.12444444444444445
-0.008547008547008543
0.14136752136752148
0.0835897435897436
0.07880341880341876
0.07538461538461533
-0.05333333333333336
0.078974358974359
-0.028205128205128195
0.15743589743589748
0.07914529914529912
-0.010598290598290575
-0.037264957264957224
-0.06205128205128203
-0.11743589743589743
-0.06017094017094022
-0.11675213675213669
0.054358974358974334
0.01777777777777776
0.0022222222222222153
0.0029059829059828925
0.08512820512820518
0.1565811965811968
-0.008547008547008551
-0.0275213675213675
0.004786324786324805
0.060854700854700884
0.027350427350427354
0.019829059829059813
-0.08393162393162396
0.07350427350427349
-0.04290598290598284
-0.014700854700854723
-0.05606837606837612
-0.019316239316239336
0.017264957264957276
-0.09299145299145298
0.048034188034188026
0.07384615384615384
0.19504273504273512
-0.08786324786324785
-0.011794871794871776
-0.0685470085470086
-0.07777777777777777
0.0022222222222222
0.09897435897435894
-0.05606837606837606
0.11145299145299155
-0.058974358974359
0.10786324786324789
0.018461538461538463
-0.01008547008547009
0.004102564102564107
0.017264957264957283
0.12547008547008545
0.11059829059829052
0.049059829059829065
-0.06700854700854698
