0.9680341880341878
0.9572649572649571
0.9690598290598291
0.945128205128205
0.976068376068376
0.9656410256410258
0.9641025641025641
0.9618803418803418
0.9641025641025641
0.9721367521367519
0.9738461538461536
0.9745299145299146
0.9789743589743589
0.9735042735042735
0.9811965811965814
0.9723076923076924
0.9709401709401705
0.9712820512820514
0.9623931623931621
0.9755555555555556
0.9658119658119654
0.9728205128205123
0.9690598290598289
0.9682051282051279
0.9671794871794869
0.9704273504273498
0.9548717948717944
0.9697435897435895
0.9683760683760682
0.9776068376068374
0.9656410256410252
0.9680341880341882
0.9687179487179488
0.9540170940170939
0.9369230769230767
0.9577777777777777
0.9757264957264956
0.9434188034188034
0.9652991452991453
0.96
0.9680341880341881
0.974358974358974
0.9611965811965812
0.9793162393162395
0.9673504273504276
0.9661538461538458
0.9758974358974355
0.9569230769230768
0.9603418803418801
0.978632478632478
0.9697435897435901
0.9680341880341875
0.9646153846153843
0.9723076923076921
0.9552136752136747
0.9523076923076921
0.9618803418803422
0.9659829059829055
0.9711111111111108
0.9705982905982903
0.9596581196581195
0.9605128205128204
0.9757264957264956
0.9772649572649567
0.9791452991452991
0.973162393162393
0.9622222222222223
0.9682051282051278
0.9687179487179485
0.9779487179487178
0.9637606837606832
0.9688888888888884
0.9517948717948717
0.9717948717948717
0.9622222222222221
0.9634188034188031
0.971282051282051
0.9803418803418803
0.9579487179487175
0.9678632478632475
0.9758974358974357
0.9673504273504274
0.9738461538461538
0.9793162393162392
0.9757264957264957
0.9629059829059825
0.9629059829059831
0.9599999999999992
0.95042735042735
0.9839316239316237
0.9760683760683758
0.9584615384615385
0.968547008547008
0.9605128205128204
0.9589743589743591
0.9591452991452991
0.9641025641025633
0.959487179487179
0.96991452991453
0.9658119658119657
0.9726495726495725
0.9656410256410254
0.9620512820512818
0.9504273504273503
0.9724786324786324
0.9490598290598293
0.9755555555555556
0.9688888888888889
0.964273504273504
0.9639316239316239
0.9784615384615382
0.9711111111111108
0.9606837606837608
0.9709401709401705
0.9415384615384611
0.9758974358974359
0.9753846153846153
0.9786324786324785
0.9582905982905982
0.9552136752136753
0.9704273504273501
0.9540170940170938
0.9714529914529911
0.9572649572649569
0.9779487179487178
0.9682051282051286
0.9504273504273503
0.9692307692307687
0.95008547008547
0.9611965811965812
0.9623931623931624
0.9603418803418801
0.9577777777777773
0.9743589743589745
0.9856410256410254
0.9618803418803418
0.9369230769230767
0.9644444444444443
0.973162393162393
0.9598290598290595
0.9603418803418801
0.9598290598290596
0.9794871794871796
0.9497435897435891
0.9765811965811964
0.9596581196581193
0.9617094017094014
0.9805128205128198
0.9709401709401709
0.9582905982905982
0.9743589743589742
0.9765811965811965
0.9796581196581196
0.9588034188034188
0.9733333333333335
0.9598290598290599
0.9694017094017094
0.9705982905982908
0.9724786324786322
0.9675213675213676
0.9608547008547007
0.9694017094017094
0.961709401709402
0.9485470085470085
0.951965811965812
0.9598290598290599
0.9627350427350422
0.963076923076923
0.9642735042735042
0.951111111111111
0.9584615384615387
0.9541880341880341
0.9680341880341881
0.9473504273504273
0.9697435897435899
0.979316239316239
0.9738461538461536
0.9663247863247861
0.9803418803418805
0.9757264957264954
0.9755555555555554
0.9753846153846151
0.9680341880341876
0.9565811965811961
0.9704273504273503
0.9468376068376066
0.9682051282051279
0.9666666666666667
0.9714529914529911
0.9692307692307689
0.9683760683760682
0.9712820512820511
