0.9777777777777775
0.9666666666666665
0.9695726495726493
0.9434188034188031
0.9487179487179488
0.957777777777778
0.9745299145299143
0.9533333333333334
0.961880341880342
0.9410256410256407
0.9509401709401707
0.9475213675213674
0.9550427350427348
0.9323076923076918
0.9572649572649569
0.9324786324786324
0.9362393162393162
0.9567521367521362
0.9688888888888888
0.9581196581196576
0.9482051282051278
0.9772649572649569
0.9430769230769228
0.9618803418803414
0.9529914529914528
0.9611965811965808
0.9507692307692307
0.9601709401709402
0.9705982905982906
0.9473504273504271
0.9646153846153848
0.9439316239316233
0.9365811965811963
0.9517948717948717
0.959658119658119
0.9302564102564101
0.9538461538461533
0.9350427350427352
0.9350427350427346
0.9490598290598288
0.956239316239316
0.9671794871794871
0.9699145299145296
0.9608547008547004
0.9370940170940167
0.9466666666666661
0.9499145299145296
0.9576068376068375
0.9666666666666669
0.9577777777777777
0.9574358974358972
0.964957264957265
0.9545299145299143
0.9673504273504272
0.9403418803418803
0.9692307692307687
0.9350427350427348
0.9596581196581193
0.9538461538461538
0.9512820512820516
0.9569230769230762
0.9610256410256407
0.9523076923076923
0.95025641025641
0.9478632478632477
0.9410256410256409
0.9497435897435896
0.9632478632478634
0.9452991452991452
0.9536752136752132
0.9560683760683759
0.9596581196581191
0.9630769230769232
0.9690598290598287
0.9615384615384613
0.9617094017094014
0.9292307692307691
0.9528205128205125
0.9476923076923077
0.9593162393162392
0.9468376068376064
0.9509401709401709
0.9574358974358979
0.9435897435897435
0.9639316239316241
0.9639316239316238
0.9307692307692303
0.9494017094017092
0.9606837606837604
0.9492307692307689
0.9528205128205129
0.9629059829059825
0.9164102564102563
0.943247863247863
0.9411965811965807
0.9514529914529911
0.9324786324786316
0.9487179487179482
0.9716239316239315
0.9558974358974356
0.9668376068376067
0.944615384615384
0.976239316239316
0.9572649572649573
0.9511111111111109
0.9541880341880337
0.969230769230769
0.961196581196581
0.9516239316239317
0.964273504273504
0.9357264957264956
0.95025641025641
0.954358974358974
0.9439316239316236
0.9690598290598291
0.958119658119658
0.9538461538461538
0.9617094017094014
0.9540170940170939
0.9459829059829059
0.9348717948717946
0.9622222222222221
0.9540170940170933
0.9341880341880341
0.9382905982905978
0.9531623931623928
0.9538461538461536
0.9646153846153845
0.9405128205128205
0.9786324786324785
0.9252991452991449
0.9623931623931624
0.9529914529914528
0.9531623931623928
0.9610256410256409
0.9490598290598288
0.9647863247863243
0.9357264957264952
0.951111111111111
0.9516239316239317
0.9434188034188029
0.9516239316239314
0.9632478632478628
0.9594871794871792
0.9490598290598289
0.947008547008547
0.9434188034188034
0.9478632478632475
0.957094017094017
0.952136752136752
0.9552136752136753
0.9319658119658114
0.9497435897435899
0.9519658119658122
0.9752136752136752
0.9372649572649568
0.9717948717948718
0.955042735042735
0.9427350427350424
0.966324786324786
0.9705982905982906
0.9476923076923075
0.9475213675213674
0.9478632478632473
0.9550427350427346
0.9528205128205129
0.9442735042735036
0.9410256410256407
0.9637606837606836
0.9480341880341875
0.964273504273504
0.9647863247863249
0.9410256410256407
0.9451282051282046
0.955042735042735
0.9564102564102561
0.9502564102564103
0.9716239316239313
0.9774358974358974
0.9576068376068375
0.941367521367521
0.9432478632478634
0.9618803418803418
0.9615384615384611
0.9276923076923077
0.9401709401709404
0.9246153846153842
0.9646153846153843
0.9671794871794871
0.952820512820513
0.9678632478632475
0.9538461538461538
