0.9979487179487179
0.9926495726495725
0.9970940170940171
0.9923076923076922
0.995042735042735
0.9965811965811967
0.991965811965812
0.9935042735042735
0.9955555555555552
0.9936752136752138
0.9943589743589742
0.9926495726495728
0.9977777777777779
0.991111111111111
0.9952136752136753
0.9967521367521367
0.9965811965811965
0.9977777777777778
0.9894017094017092
0.9953846153846153
0.9924786324786324
0.9974358974358974
0.996923076923077
0.991965811965812
0.993162393162393
0.9935042735042733
0.9960683760683761
0.9979487179487179
0.9950427350427352
0.9955555555555554
0.9957264957264957
0.995042735042735
0.9988034188034189
0.9979487179487179
0.9967521367521367
0.9974358974358976
0.9938461538461539
0.9952136752136753
0.9979487179487179
0.9965811965811965
0.9912820512820514
0.9976068376068375
0.9976068376068378
0.9945299145299146
0.9967521367521368
0.9852991452991451
0.996923076923077
0.9967521367521367
0.9936752136752134
0.9935042735042735
0.9979487179487179
0.9960683760683761
0.994188034188034
0.9965811965811967
0.9938461538461539
0.9965811965811967
0.9924786324786328
0.996239316239316
0.9947008547008547
0.9926495726495728
0.9960683760683761
0.9996581196581197
0.9982905982905983
0.995042735042735
0.9924786324786322
0.9967521367521367
0.994871794871795
0.9953846153846154
0.9940170940170941
0.9967521367521368
0.9964102564102565
0.9982905982905983
0.9933333333333333
0.9972649572649571
0.9979487179487179
0.9955555555555554
0.9979487179487181
0.9928205128205129
0.9907692307692307
0.9957264957264957
0.9919658119658121
0.9962393162393164
0.9982905982905983
0.9905982905982906
0.9967521367521368
0.9964102564102564
0.9924786324786324
0.9907692307692307
0.9970940170940171
0.9974358974358974
0.994188034188034
0.9970940170940171
0.9955555555555556
0.9926495726495728
0.9965811965811965
0.9928205128205128
0.9955555555555556
0.9977777777777779
0.9962393162393162
0.995042735042735
0.9964102564102562
0.9974358974358974
0.9970940170940171
0.9962393162393162
0.9931623931623932
0.9923076923076921
0.9977777777777778
0.9933333333333333
0.9952136752136751
0.9868376068376068
0.9962393162393164
0.9943589743589742
0.9928205128205129
0.9957264957264956
0.9960683760683761
0.9972649572649572
0.9970940170940169
0.9931623931623932
0.9970940170940171
0.9967521367521368
0.9957264957264956
0.9947008547008547
0.9952136752136751
0.9952136752136751
0.9970940170940171
0.9965811965811965
0.995042735042735
0.9917948717948716
0.993162393162393
0.9947008547008547
0.9917948717948716
0.9945299145299146
0.9981196581196582
0.9929914529914531
0.9957264957264956
0.9950427350427352
0.9902564102564103
0.9948717948717947
0.9981196581196582
0.9977777777777778
0.995042735042735
0.9947008547008547
0.9974358974358972
0.9955555555555556
0.9964102564102565
0.9926495726495728
0.9955555555555556
0.9982905982905983
0.9933333333333333
0.9981196581196582
0.996923076923077
0.9912820512820512
0.9982905982905983
0.9986324786324786
0.9960683760683761
0.996923076923077
0.995897435897436
0.9938461538461538
0.9947008547008547
0.9955555555555556
0.9914529914529914
0.9960683760683763
0.9984615384615385
0.996923076923077
0.9928205128205128
0.9965811965811967
0.9923076923076924
0.9936752136752136
0.9972649572649572
0.9941880341880343
0.995726495726496
0.9979487179487179
0.9974358974358974
0.9936752136752136
0.9967521367521368
0.9976068376068375
0.9902564102564101
0.9970940170940169
0.9982905982905983
0.9969230769230768
0.9928205128205129
0.9928205128205128
0.9970940170940169
0.9957264957264957
0.9902564102564105
0.9938461538461538
0.9967521367521367
0.9972649572649572
0.9912820512820512
0.9947008547008545
0.9955555555555554
0.9960683760683761
