0.9938461538461538
0.9993162393162393
0.9924786324786324
0.9953846153846153
0.9935042735042733
0.995897435897436
0.9888888888888889
0.9923076923076922
0.9979487179487179
0.9952136752136751
0.9953846153846154
0.998119658119658
0.9923076923076922
0.9935042735042733
0.9935042735042735
0.9921367521367519
0.9979487179487179
0.9950427350427348
0.9972649572649575
0.9931623931623932
0.9894017094017094
0.9958974358974357
0.991965811965812
0.9950427350427352
0.9965811965811963
0.9960683760683761
0.990769230769231
0.9962393162393162
0.9962393162393162
0.9953846153846153
0.9969230769230768
0.9962393162393164
0.9904273504273503
0.9976068376068375
0.9916239316239315
0.9940170940170939
0.9953846153846154
0.9916239316239315
0.9921367521367521
0.9947008547008547
0.9914529914529914
0.9960683760683761
0.9940170940170939
0.9977777777777779
0.9972649572649572
0.9957264957264957
0.9955555555555554
0.9911111111111113
0.9952136752136751
0.9923076923076922
0.9958974358974361
0.9948717948717949
0.9964102564102564
0.9974358974358974
0.9977777777777779
0.9952136752136753
0.9979487179487179
0.9904273504273504
0.9964102564102564
0.9962393162393162
0.9970940170940171
0.9964102564102564
0.9977777777777779
0.9905982905982906
0.9943589743589744
0.9967521367521367
0.9935042735042735
0.9909401709401711
0.9953846153846153
0.9916239316239317
0.9976068376068375
0.9970940170940169
0.9940170940170941
0.9982905982905983
0.9890598290598289
0.9895726495726493
0.9933333333333335
0.9976068376068378
0.9965811965811965
0.9962393162393164
0.993162393162393
0.9957264957264957
0.9964102564102564
0.9943589743589742
0.9976068376068373
0.9970940170940173
0.9977777777777779
0.9895726495726497
0.9969230769230768
0.9965811965811965
0.9936752136752138
0.9933333333333333
0.9988034188034188
0.9936752136752136
0.9964102564102564
0.9952136752136751
0.9986324786324786
0.9957264957264957
0.9926495726495725
0.9929914529914529
0.9947008547008547
0.9947008547008547
0.9964102564102564
0.9899145299145299
0.9945299145299146
0.9933333333333333
0.9935042735042735
0.9803418803418801
0.9964102564102564
0.9953846153846153
0.9965811965811967
0.9948717948717949
0.9979487179487179
0.9936752136752138
0.9976068376068375
0.994871794871795
0.9952136752136753
0.9979487179487179
0.991965811965812
0.9960683760683758
0.9902564102564103
0.9967521367521368
0.995897435897436
0.9969230769230768
0.994188034188034
0.9905982905982906
0.9952136752136753
0.9936752136752136
0.995897435897436
0.9919658119658121
0.9926495726495725
0.996923076923077
0.994358974358974
0.9921367521367523
0.995897435897436
0.9989743589743592
0.9929914529914529
0.9940170940170939
0.9969230769230768
0.9928205128205128
0.9935042735042735
0.9952136752136753
0.9953846153846154
0.9924786324786324
0.9861538461538463
0.996752136752137
0.9965811965811967
0.9919658119658118
0.9969230769230768
0.9958974358974357
0.9928205128205128
0.9967521367521367
0.9958974358974357
0.995042735042735
0.995042735042735
0.990940170940171
0.9986324786324786
0.9965811965811967
0.995897435897436
0.9964102564102564
0.9912820512820514
0.99025641025641
0.9964102564102564
0.9945299145299148
0.9935042735042733
0.9921367521367519
0.991965811965812
0.9947008547008547
0.9965811965811967
0.9952136752136753
0.9943589743589742
0.9972649572649572
0.9970940170940173
0.9936752136752136
0.9950427350427352
0.9953846153846154
0.9974358974358972
0.9962393162393162
0.9935042735042733
0.9962393162393162
0.9909401709401707
0.9962393162393162
0.9993162393162394
0.9958974358974357
0.9952136752136751
0.9976068376068375
0.9868376068376068
0.995897435897436
0.9993162393162394
0.9916239316239317
0.9967521367521368
0.9964102564102565
