0.9885470085470086
0.9938461538461539
0.9938461538461536
0.9964102564102564
0.9929914529914531
0.9902564102564101
0.993162393162393
0.9933333333333333
0.9902564102564103
0.9947008547008549
0.9929914529914532
0.9931623931623932
0.9859829059829059
0.9926495726495725
0.9948717948717947
0.9940170940170941
0.9940170940170939
0.9837606837606838
0.9924786324786322
0.9955555555555554
0.9904273504273506
0.9933333333333332
0.9936752136752136
0.9933333333333332
0.9935042735042735
0.9885470085470085
0.9870085470085468
0.9938461538461536
0.9928205128205129
0.9953846153846154
0.9912820512820514
0.9952136752136753
0.994871794871795
0.9955555555555554
0.9979487179487179
0.9897435897435897
0.9935042735042733
0.9895726495726497
0.996752136752137
0.9875213675213675
0.9940170940170939
0.9986324786324786
0.9943589743589744
0.9904273504273503
0.9960683760683761
0.9842735042735042
0.9965811965811963
0.9952136752136751
0.9965811965811965
0.9941880341880343
0.99008547008547
0.9888888888888889
0.9948717948717949
0.9938461538461538
0.9953846153846154
0.9967521367521368
0.9931623931623932
0.9919658119658116
0.9950427350427352
0.9933333333333333
0.990940170940171
0.9917948717948718
0.9887179487179488
0.9905982905982906
0.987692307692308
0.994188034188034
0.9933333333333332
0.9847863247863244
0.9916239316239315
0.9907692307692307
0.9924786324786325
0.9936752136752136
0.9955555555555556
0.9921367521367521
0.9965811965811965
0.9897435897435894
0.9924786324786325
0.9928205128205129
0.9940170940170941
0.9926495726495728
0.9945299145299148
0.9960683760683761
0.9960683760683763
0.9856410256410256
0.9986324786324784
0.9936752136752138
0.991111111111111
0.9960683760683761
0.9938461538461536
0.9960683760683758
0.9928205128205125
0.9940170940170939
0.9955555555555554
0.9940170940170939
0.9899145299145297
0.9931623931623932
0.9976068376068375
0.990769230769231
0.9880341880341881
0.9921367521367519
0.9936752136752134
0.9943589743589742
0.9919658119658121
0.9929914529914531
0.9965811965811965
0.9936752136752138
0.9916239316239317
0.9964102564102564
0.9897435897435897
0.9916239316239317
0.9935042735042733
0.9958974358974361
0.996923076923077
0.975042735042735
0.9888888888888888
0.9945299145299146
0.9914529914529915
0.9799999999999998
0.9943589743589746
0.991111111111111
0.9953846153846154
0.9952136752136753
0.9876923076923078
0.991111111111111
0.9933333333333333
0.9870085470085468
0.9941880341880343
0.9929914529914531
0.9960683760683761
0.9947008547008549
0.9876923076923075
0.9923076923076922
0.9892307692307692
0.9952136752136751
0.9936752136752136
0.9914529914529914
0.9936752136752136
0.994871794871795
0.995042735042735
0.9873504273504271
0.9977777777777778
0.9938461538461538
0.9933333333333333
0.9938461538461539
0.9950427350427348
0.9873504273504272
0.9917948717948716
0.9960683760683761
0.9953846153846154
0.991282051282051
0.9902564102564103
0.991794871794872
0.9924786324786325
0.9880341880341881
0.9917948717948716
0.9924786324786324
0.991965811965812
0.9960683760683761
0.996923076923077
0.9943589743589742
0.9882051282051282
0.9936752136752138
0.9945299145299146
0.9945299145299146
0.9969230769230768
0.9933333333333332
0.9941880341880343
0.9950427350427352
0.9904273504273504
0.9958974358974361
0.9907692307692307
0.9923076923076922
0.9940170940170939
0.9917948717948716
0.9938461538461539
0.9931623931623932
0.9948717948717949
0.993162393162393
0.9909401709401711
0.9924786324786324
0.9876923076923075
0.9909401709401707
0.9933333333333333
0.98991452991453
0.9943589743589742
0.9940170940170939
0.9950427350427352
0.9894017094017094
0.9952136752136751
0.9935042735042735
0.9897435897435897
0.9933333333333335
