0.9900854700854702
0.9948717948717949
0.988205128205128
0.9929914529914531
0.9847863247863247
0.9926495726495728
0.9924786324786324
0.9912820512820512
0.9936752136752136
0.9931623931623932
0.99008547008547
0.9958974358974357
0.9907692307692305
0.9926495726495725
0.9914529914529915
0.9967521367521368
0.9899145299145299
0.9916239316239317
0.9876923076923078
0.9943589743589744
0.9882051282051282
0.9931623931623932
0.9926495726495725
0.9948717948717949
0.9933333333333333
0.994188034188034
0.9941880341880343
0.9882051282051282
0.9895726495726496
0.993162393162393
0.9871794871794873
0.994188034188034
0.9899145299145299
0.9882051282051282
0.9928205128205129
0.9924786324786324
0.9945299145299146
0.9972649572649572
0.977606837606838
0.9880341880341882
0.9924786324786325
0.990940170940171
0.9947008547008545
0.9935042735042735
0.9941880341880343
0.9948717948717947
0.99008547008547
0.9933333333333333
0.995042735042735
0.99008547008547
0.9890598290598289
0.993162393162393
0.991282051282051
0.9948717948717949
0.9902564102564103
0.9984615384615385
0.990940170940171
0.9870085470085468
0.9873504273504274
0.9870085470085468
0.9940170940170941
0.9952136752136753
0.9917948717948716
0.9880341880341879
0.9912820512820514
0.9924786324786322
0.9912820512820512
0.9953846153846154
0.9818803418803416
0.995897435897436
0.9864957264957265
0.9947008547008545
0.9779487179487178
0.9914529914529914
0.9912820512820514
0.9914529914529914
0.9984615384615385
0.9724786324786324
0.990769230769231
0.9858119658119657
0.986837606837607
0.990940170940171
0.98991452991453
0.9902564102564101
0.9847863247863247
0.9938461538461538
0.9876923076923078
0.9890598290598289
0.9793162393162396
0.9912820512820512
0.9892307692307689
0.9929914529914529
0.9894017094017094
0.9904273504273503
0.9895726495726496
0.991965811965812
0.9924786324786324
0.9864957264957267
0.9933333333333335
0.9871794871794871
0.9916239316239317
0.9970940170940171
0.9957264957264957
0.9979487179487179
0.9895726495726496
0.9926495726495725
0.9955555555555554
0.9970940170940171
0.9888888888888889
0.9928205128205128
0.994871794871795
0.9868376068376068
0.9866666666666667
0.9912820512820512
0.9969230769230768
0.9888888888888886
0.9947008547008547
0.9871794871794873
0.9876923076923073
0.9940170940170939
0.9916239316239317
0.9936752136752136
0.9948717948717949
0.9916239316239317
0.9883760683760683
0.9870085470085468
0.9935042735042731
0.991965811965812
0.9929914529914531
0.9914529914529915
0.9856410256410254
0.9964102564102564
0.9917948717948718
0.9888888888888889
0.9798290598290599
0.9945299145299146
0.9965811965811965
0.986837606837607
0.994188034188034
0.9911111111111113
0.9916239316239315
0.9919658119658118
0.9923076923076922
0.9905982905982904
0.9883760683760682
0.9921367521367523
0.9897435897435897
0.9844444444444442
0.989230769230769
0.991111111111111
0.9921367521367521
0.9907692307692307
0.9894017094017096
0.9964102564102564
0.9926495726495725
0.9849572649572648
0.9904273504273503
0.9916239316239317
0.9866666666666667
0.9871794871794871
0.9921367521367521
0.9895726495726497
0.9947008547008545
0.9912820512820512
0.9943589743589742
0.9945299145299148
0.9936752136752136
0.9902564102564103
0.9958974358974361
0.9914529914529914
0.9952136752136751
0.9902564102564101
0.9905982905982906
0.9911111111111113
0.9940170940170939
0.9931623931623932
0.9957264957264956
0.9813675213675216
0.9933333333333332
0.9947008547008547
0.9923076923076924
0.9967521367521368
0.9933333333333333
0.986837606837607
0.9897435897435897
0.99008547008547
0.9929914529914532
0.9871794871794871
0.9878632478632479
0.9938461538461539
0.9947008547008547
0.984957264957265
