0.9977777777777778
0.999145299145299
0.9998290598290599
0.9981196581196582
0.9996581196581197
0.9996581196581197
0.9996581196581197
0.9994871794871794
0.9981196581196582
0.9976068376068375
0.9991452991452993
0.999145299145299
0.9984615384615385
0.996923076923077
0.9988034188034188
0.9996581196581197
0.9974358974358974
0.9993162393162394
0.9986324786324786
1.0
0.9998290598290599
0.9998290598290599
0.9970940170940169
0.9996581196581197
0.9986324786324784
0.9976068376068375
0.9986324786324786
0.9998290598290599
0.9996581196581197
0.9996581196581197
0.9964102564102565
0.9982905982905982
0.9979487179487181
0.9982905982905983
0.9972649572649572
0.9993162393162394
0.9970940170940171
0.9972649572649572
0.999145299145299
0.9996581196581197
0.9996581196581197
0.9986324786324786
0.9976068376068378
0.9982905982905983
0.9996581196581197
0.9979487179487181
0.9996581196581197
0.9989743589743589
0.9974358974358976
0.9993162393162394
0.9989743589743592
0.999145299145299
0.9989743589743589
0.9989743589743589
0.9993162393162394
0.9993162393162394
0.9984615384615385
0.9986324786324786
0.9994871794871796
0.9994871794871794
0.9989743589743589
0.9964102564102564
0.9993162393162394
0.9998290598290599
0.9989743589743589
0.9981196581196582
0.9996581196581197
0.9994871794871794
0.9974358974358976
0.9994871794871796
0.9993162393162394
0.9982905982905982
0.9996581196581197
0.9984615384615385
0.9974358974358972
0.9981196581196582
0.9989743589743589
0.9989743589743589
0.9979487179487179
0.9979487179487179
0.9988034188034188
0.9976068376068375
1.0
1.0
0.9988034188034188
0.9996581196581197
0.9994871794871794
0.9960683760683761
0.9981196581196582
0.9993162393162393
0.9988034188034188
0.9979487179487179
0.9984615384615385
0.999145299145299
0.9974358974358974
0.9972649572649572
0.9972649572649572
0.9970940170940169
0.9991452991452993
0.998119658119658
0.9998290598290599
0.9994871794871794
0.9989743589743592
0.9998290598290599
0.9950427350427348
0.9967521367521367
0.9972649572649572
0.9989743589743589
0.9991452991452993
0.9989743589743589
0.9991452991452993
0.9998290598290599
0.9982905982905982
0.9984615384615385
0.9998290598290599
0.9988034188034188
0.9979487179487179
0.9981196581196582
0.9984615384615385
0.999145299145299
0.9989743589743589
0.9998290598290599
0.9994871794871796
0.9984615384615385
0.9979487179487179
0.9981196581196582
0.9986324786324784
0.999145299145299
0.9998290598290599
0.9998290598290599
0.9989743589743592
1.0
0.9988034188034188
0.9998290598290599
0.9972649572649571
0.9988034188034188
0.9998290598290599
0.9996581196581197
0.999145299145299
0.999145299145299
0.9996581196581197
0.9998290598290599
0.9982905982905983
0.9974358974358974
1.0
0.999145299145299
0.9993162393162394
0.9989743589743589
0.9988034188034188
0.9984615384615385
0.9993162393162394
0.9988034188034188
0.9979487179487181
0.9984615384615385
0.999145299145299
0.9984615384615383
0.9993162393162393
0.9994871794871794
0.9972649572649572
0.9989743589743589
0.9986324786324786
0.9998290598290599
0.9993162393162394
0.9994871794871796
0.9994871794871794
0.9989743589743592
0.9991452991452993
0.9996581196581197
0.9977777777777779
0.9993162393162394
0.9996581196581197
0.9967521367521367
0.9996581196581197
0.9981196581196582
0.9996581196581197
0.999145299145299
0.9996581196581197
0.9988034188034188
0.9989743589743589
0.9994871794871796
0.999145299145299
0.9989743589743592
0.9981196581196582
0.999145299145299
0.9988034188034188
0.9993162393162394
0.9979487179487181
0.9984615384615385
1.0
1.0
0.9998290598290599
0.9982905982905983
