0.9984615384615385
0.9996581196581197
1.0
1.0
0.9988034188034188
1.0
1.0
1.0
1.0
0.9994871794871796
1.0
1.0
0.9998290598290599
1.0
0.9993162393162394
0.9998290598290599
0.9998290598290599
0.9994871794871794
0.9989743589743589
0.9982905982905983
1.0
0.9988034188034188
0.9996581196581197
1.0
1.0
0.9998290598290599
0.9993162393162394
0.9998290598290599
1.0
0.9982905982905983
1.0
0.9993162393162393
0.9994871794871794
1.0
1.0
0.9998290598290599
1.0
1.0
1.0
0.9998290598290599
1.0
1.0
0.999145299145299
0.9998290598290599
0.999145299145299
1.0
0.9998290598290599
1.0
0.9998290598290599
0.9994871794871796
1.0
1.0
1.0
0.9993162393162394
1.0
0.9988034188034188
1.0
1.0
1.0
1.0
1.0
1.0
1.0
1.0
0.9998290598290599
0.9996581196581197
0.9993162393162393
0.999145299145299
1.0
0.9996581196581197
1.0
0.9998290598290599
1.0
0.9994871794871794
0.9994871794871794
1.0
0.9989743589743589
0.9996581196581197
1.0
0.9989743589743589
1.0
0.9993162393162394
0.9996581196581197
0.9996581196581197
0.9989743589743589
1.0
1.0
0.9994871794871794
1.0
1.0
0.9998290598290599
1.0
0.9994871794871794
0.9994871794871794
1.0
0.9996581196581197
1.0
1.0
1.0
1.0
0.9993162393162394
1.0
1.0
0.9998290598290599
0.9984615384615385
0.9994871794871794
0.9993162393162394
1.0
1.0
0.999145299145299
0.9998290598290599
1.0
1.0
1.0
0.9994871794871794
1.0
0.9998290598290599
0.9996581196581197
1.0
1.0
0.9998290598290599
0.9998290598290599
1.0
1.0
1.0
0.9998290598290599
1.0
1.0
0.9998290598290599
1.0
0.9993162393162394
1.0
1.0
0.9993162393162394
0.9977777777777779
1.0
0.9994871794871794
0.9994871794871794
1.0
0.9993162393162394
0.9996581196581197
0.9998290598290599
0.9998290598290599
1.0
0.9988034188034188
0.9993162393162394
0.9986324786324786
1.0
1.0
0.9996581196581197
0.9998290598290599
0.9996581196581197
1.0
1.0
1.0
0.999145299145299
0.9977777777777778
0.9998290598290599
1.0
0.9993162393162394
0.9986324786324784
0.9998290598290599
1.0
1.0
0.9996581196581197
0.9994871794871794
1.0
0.9993162393162394
0.9989743589743589
0.9998290598290599
1.0
0.9998290598290599
1.0
0.9998290598290599
0.9994871794871796
0.9988034188034188
0.9996581196581197
1.0
0.9998290598290599
0.9986324786324786
1.0
0.9994871794871794
1.0
1.0
0.9994871794871794
1.0
0.9998290598290599
0.9998290598290599
1.0
0.9998290598290599
1.0
0.9998290598290599
