1.0
1.0
1.0
1.0
1.0
1.0
1.0
1.0
1.0
0.9996581196581197
1.0
1.0
1.0
1.0
1.0
1.0
1.0
1.0
1.0
1.0
0.9994871794871794
1.0
1.0
1.0
1.0
1.0
0.9996581196581197
1.0
1.0
1.0
1.0
0.9996581196581197
1.0
1.0
1.0
1.0
0.9998290598290599
1.0
1.0
1.0
1.0
1.0
1.0
0.9998290598290599
1.0
1.0
1.0
1.0
1.0
1.0
0.9998290598290599
1.0
0.9996581196581197
1.0
1.0
1.0
1.0
1.0
1.0
1.0
1.0
1.0
1.0
0.9998290598290599
0.9998290598290599
1.0
1.0
0.9998290598290599
1.0
1.0
1.0
1.0
1.0
1.0
1.0
1.0
1.0
1.0
1.0
1.0
1.0
1.0
1.0
1.0
1.0
0.9996581196581197
1.0
1.0
1.0
1.0
1.0
1.0
1.0
1.0
0.9998290598290599
1.0
1.0
1.0
1.0
1.0
1.0
1.0
1.0
1.0
1.0
1.0
1.0
1.0
1.0
1.0
1.0
1.0
1.0
1.0
1.0
1.0
1.0
0.9998290598290599
1.0
1.0
1.0
1.0
1.0
1.0
1.0
1.0
1.0
1.0
1.0
0.9996581196581197
1.0
1.0
1.0
1.0
1.0
1.0
1.0
1.0
1.0
1.0
1.0
1.0
1.0
1.0
1.0
1.0
1.0
1.0
0.9996581196581197
1.0
1.0
0.9998290598290599
1.0
0.9989743589743589
1.0
1.0
1.0
1.0
1.0
0.9998290598290599
1.0
1.0
1.0
1.0
1.0
1.0
1.0
1.0
1.0
1.0
1.0
1.0
1.0
1.0
1.0
1.0
1.0
1.0
1.0
1.0
1.0
1.0
1.0
1.0
1.0
1.0
1.0
1.0
1.0
1.0
1.0
1.0
