-0.866324786324785
-0.8700854700854692
-0.857435897435897
-0.8572649572649569
-0.8420512820512809
-0.8658119658119652
-0.8798290598290591
-0.8572649572649566
-0.8482051282051272
-0.8459829059829054
-0.8835897435897427
-0.8405128205128194
-0.845982905982905
-0.8882051282051282
-0.8323076923076917
-0.8629059829059821
-0.8793162393162377
-0.8611965811965806
-0.8649572649572642
-0.8697435897435889
-0.8456410256410246
-0.8629059829059821
-0.8562393162393158
-0.8654700854700846
-0.8617094017094009
-0.8490598290598282
-0.8394871794871789
-0.8594871794871788
-0.8676923076923067
-0.8576068376068368
-0.8788034188034181
-0.862735042735042
-0.8683760683760674
-0.8386324786324775
-0.8586324786324778
-0.8641025641025635
-0.8560683760683753
-0.8553846153846143
-0.8401709401709397
-0.8750427350427344
-0.8463247863247856
-0.8683760683760677
-0.8499145299145292
-0.878290598290598
-0.8517948717948712
-0.8594871794871785
-0.8495726495726491
-0.8442735042735035
-0.8613675213675206
-0.853504273504273
-0.8728205128205118
-0.8596581196581191
-0.8529914529914526
-0.8740170940170932
-0.8692307692307679
-0.8711111111111106
-0.831623931623931
-0.8519658119658114
-0.8764102564102558
-0.8391452991452988
-0.8564102564102553
-0.8562393162393155
-0.8531623931623927
-0.8576068376068368
-0.8704273504273501
-0.8572649572649569
-0.868205128205128
-0.8490598290598282
-0.8656410256410251
-0.8531623931623921
-0.8576068376068368
-0.8714529914529908
-0.8336752136752131
-0.8505982905982903
-0.8553846153846145
-0.8425641025641019
-0.8507692307692303
-0.8576068376068368
-0.8352136752136751
-0.8523076923076913
-0.8548717948717939
-0.8736752136752134
-0.8442735042735037
-0.8406837606837597
-0.8747008547008539
-0.8588034188034175
-0.8618803418803409
-0.8570940170940163
-0.8529914529914518
-0.8753846153846145
-0.85042735042735
-0.8588034188034183
-0.8664957264957264
-0.8401709401709397
-0.8635897435897427
-0.8524786324786321
-0.8711111111111106
-0.8418803418803417
-0.8494017094017088
-0.8572649572649561
-0.8435897435897431
-0.868547008547008
-0.8300854700854695
-0.8323076923076914
-0.8408547008547005
-0.8490598290598284
-0.8748717948717939
-0.8591452991452984
-0.8497435897435889
-0.8388034188034184
-0.8569230769230765
-0.8894017094017088
-0.8420512820512817
-0.8694017094017087
-0.8603418803418793
-0.8929914529914521
-0.8591452991452984
-0.8584615384615374
-0.8589743589743584
-0.863760683760683
-0.8381196581196577
-0.8464957264957257
-0.854529914529914
-0.87094017094017
-0.8482051282051275
-0.8685470085470077
-0.8618803418803412
-0.8844444444444436
-0.851965811965811
-0.836068376068376
-0.8413675213675209
-0.8700854700854695
-0.8582905982905977
-0.8656410256410249
-0.8535042735042727
-0.8429059829059823
-0.8733333333333322
-0.8649572649572644
-0.8823931623931619
-0.8678632478632471
-0.8473504273504266
-0.8446153846153838
-0.8170940170940166
-0.8376068376068369
-0.8789743589743587
-0.8357264957264952
-0.8232478632478625
-0.8676923076923068
-0.8528205128205123
-0.8724786324786317
-0.8442735042735038
-0.8529914529914527
-0.8391452991452979
-0.8639316239316231
-0.8682051282051276
-0.8422222222222215
-0.8418803418803411
-0.8393162393162386
-0.842735042735042
-0.8630769230769223
-0.8581196581196574
-0.8842735042735033
-0.8487179487179479
-0.8716239316239311
-0.8487179487179486
-0.8495726495726487
-0.8801709401709394
-0.8417094017094009
-0.8565811965811957
-0.8810256410256401
-0.8902564102564092
-0.8700854700854694
-0.8441025641025636
-0.879487179487179
-0.8630769230769221
-0.8736752136752133
-0.8454700854700848
-0.867521367521367
-0.8642735042735037
-0.8500854700854693
-0.8268376068376067
-0.8249572649572644
-0.8449572649572642
-0.8805128205128193
-0.849914529914529
-0.8405128205128196
-0.8782905982905972
-0.8844444444444436
-0.8837606837606831
-0.8697435897435889
-0.8458119658119648
-0.8494017094017086
