-0.42277777777777786
-0.3772222222222222
-0.39185185185185156
-0.340925925925926
-0.47296296296296286
-0.3618518518518519
-0.34814814814814826
-0.37037037037037035
-0.3585185185185186
-0.4787037037037035
-0.47981481481481514
-0.37296296296296305
-0.41870370370370336
-0.4335185185185186
-0.3592592592592594
-0.4822222222222221
-0.40722222222222204
-0.4853703703703707
-0.36129629629629634
-0.4101851851851852
-0.44222222222222207
-0.4099999999999998
-0.3922222222222224
-0.294814814814815
-0.31685185185185205
-0.3912962962962963
-0.37407407407407417
-0.2812962962962962
-0.38888888888888895
-0.3705555555555558
-0.3957407407407408
-0.39629629629629626
-0.3525925925925925
-0.4029629629629631
-0.40611111111111114
-0.4129629629629629
-0.3446296296296298
-0.3438888888888887
-0.4116666666666665
-0.32074074074074077
-0.41685185185185186
-0.37851851851851853
-0.3722222222222223
-0.35592592592592587
-0.39481481481481473
-0.45388888888888895
-0.4085185185185183
-0.3046296296296297
-0.4918518518518518
-0.3564814814814814
-0.36092592592592604
-0.4042592592592593
-0.40462962962962973
-0.3562962962962962
-0.5001851851851851
-0.4194444444444444
-0.35277777777777775
-0.4038888888888889
-0.4083333333333335
-0.4003703703703704
-0.3872222222222222
-0.40277777777777773
-0.41888888888888887
-0.4762962962962964
-0.40592592592592575
-0.3690740740740741
-0.37851851851851837
-0.40648148148148133
-0.44388888888888905
-0.42240740740740723
-0.38796296296296284
-0.44574074074074055
-0.4500000000000001
-0.48388888888888887
-0.30092592592592604
-0.4007407407407408
-0.4277777777777779
-0.3953703703703703
-0.4498148148148148
-0.31777777777777755
-0.399074074074074
-0.4287037037037038
-0.3429629629629631
-0.4322222222222223
-0.3883333333333333
-0.410925925925926
-0.3029629629629629
-0.46796296296296275
-0.36351851851851846
-0.4581481481481483
-0.3998148148148149
-0.4775925925925924
-0.42055555555555557
-0.4103703703703704
-0.37444444444444425
-0.36129629629629645
-0.47703703703703715
-0.39962962962962956
-0.3738888888888888
-0.3555555555555553
-0.34722222222222243
-0.4487037037037036
-0.36962962962962975
-0.35981481481481464
-0.3435185185185184
-0.3733333333333332
-0.2983333333333333
-0.40870370370370357
-0.31
-0.44925925925925936
-0.4274074074074076
-0.3998148148148148
-0.40499999999999997
-0.47333333333333344
-0.39592592592592596
-0.5037037037037038
-0.4414814814814813
-0.32962962962962955
-0.4355555555555557
-0.4712962962962964
-0.5033333333333332
-0.3185185185185185
-0.43203703703703694
-0.3785185185185186
-0.2816666666666666
-0.4653703703703704
-0.40370370370370373
-0.37759259259259254
-0.3412962962962966
-0.33666666666666667
-0.40870370370370357
-0.2994444444444444
-0.4524074074074074
-0.4311111111111112
-0.3548148148148147
-0.37777777777777777
-0.4685185185185183
-0.4187037037037037
-0.4025925925925927
-0.41407407407407393
-0.4209259259259259
-0.3692592592592594
-0.4103703703703704
-0.3383333333333333
-0.3940740740740741
-0.37944444444444425
-0.415925925925926
-0.38925925925925936
-0.4527777777777779
-0.38222222222222235
-0.4112962962962962
-0.3568518518518517
-0.43314814814814817
-0.40740740740740733
-0.31796296296296306
-0.44648148148148165
-0.5003703703703706
-0.4040740740740743
-0.37703703703703706
-0.30462962962962964
-0.34333333333333316
-0.3357407407407408
-0.4146296296296297
-0.3701851851851852
-0.4444444444444443
-0.34685185185185197
-0.4677777777777776
-0.4211111111111112
-0.3498148148148148
-0.43629629629629657
-0.267962962962963
-0.47296296296296303
-0.3657407407407408
-0.32203703703703707
-0.46944444444444455
-0.35777777777777797
-0.43018518518518534
-0.4140740740740742
-0.48555555555555535
-0.41888888888888876
-0.45740740740740754
-0.3351851851851851
-0.3568518518518519
-0.4909259259259257
-0.4318518518518521
-0.3164814814814815
-0.4531481481481483
-0.35037037037037017
-0.4322222222222222
-0.3812962962962964
-0.4929629629629629
-0.33925925925925926
