0.38388888888888867
0.362037037037037
0.3357407407407407
0.4435185185185183
0.22759259259259262
0.3188888888888889
0.34277777777777796
0.29555555555555557
0.3107407407407409
0.3116666666666668
0.3833333333333334
0.3499999999999999
0.3425925925925926
0.28259259259259256
0.3340740740740742
0.32259259259259243
0.31481481481481477
0.37907407407407384
0.4549999999999998
0.40629629629629643
0.40592592592592597
0.3281481481481482
0.2953703703703704
0.2301851851851851
0.36777777777777787
0.3922222222222221
0.29851851851851857
0.2557407407407409
0.30407407407407416
0.23814814814814825
0.35648148148148145
0.34037037037037043
0.22185185185185186
0.23555555555555563
0.38962962962962977
0.28425925925925916
0.3977777777777775
0.34370370370370384
0.3707407407407408
0.3435185185185187
0.2751851851851853
0.32037037037037047
0.4025925925925927
0.300925925925926
0.35981481481481475
0.4103703703703705
0.36851851851851847
0.30092592592592593
0.365185185185185
0.45425925925925914
0.3348148148148147
0.3309259259259258
0.3964814814814812
0.42314814814814794
0.396111111111111
0.3888888888888888
0.4079629629629631
0.29814814814814805
0.32518518518518513
0.2711111111111111
0.30388888888888904
0.3512962962962962
0.2890740740740742
0.2825925925925925
0.34499999999999986
0.14037037037037034
0.2798148148148147
0.32333333333333336
0.27518518518518525
0.4346296296296298
0.3579629629629631
0.23907407407407405
0.2381481481481481
0.4209259259259259
0.35518518518518516
0.2866666666666667
0.3981481481481482
0.3022222222222222
0.22851851851851854
0.3466666666666667
0.21666666666666667
0.28518518518518526
0.34870370370370385
0.3196296296296296
0.3374074074074075
0.4166666666666668
0.31629629629629635
0.3255555555555556
0.34407407407407414
0.3068518518518517
0.4681481481481482
0.41592592592592575
0.35351851851851845
0.3735185185185185
0.3333333333333332
0.24648148148148144
0.45648148148148154
0.36537037037037035
0.152037037037037
0.2809259259259259
0.26981481481481495
0.31481481481481477
0.3442592592592595
0.23259259259259257
0.46148148148148144
0.17888888888888888
0.31888888888888883
0.31055555555555553
0.40555555555555556
0.4187037037037037
0.3464814814814815
0.34888888888888875
0.2333333333333334
0.28277777777777774
0.3864814814814816
0.24537037037037038
0.2970370370370369
0.39370370370370383
0.26925925925925925
0.4507407407407408
0.321111111111111
0.26055555555555543
0.3299999999999998
0.33462962962962955
0.20925925925925928
0.32981481481481467
0.2348148148148149
0.40574074074074074
0.43203703703703705
0.27481481481481473
0.3012962962962961
0.3574074074074073
0.2742592592592592
0.3435185185185185
0.2818518518518517
0.2774074074074073
0.3774074074074075
0.38722222222222213
0.4622222222222225
0.26666666666666683
0.42407407407407416
0.40666666666666657
0.34111111111111103
0.33537037037037026
0.34277777777777774
0.306111111111111
0.2755555555555556
0.2511111111111111
0.3499999999999999
0.28703703703703715
0.18870370370370368
0.38185185185185183
0.32222222222222224
0.24444444444444463
0.43574074074074065
0.28518518518518504
0.36648148148148146
0.2292592592592592
0.25796296296296284
0.4535185185185186
0.2744444444444445
0.3412962962962963
0.34555555555555545
0.345925925925926
0.2859259259259258
0.38259259259259226
0.30574074074074054
0.29666666666666663
0.23999999999999985
0.3427777777777776
0.24925925925925918
0.4092592592592591
0.35425925925925905
0.37555555555555564
0.2953703703703704
0.3398148148148147
0.3035185185185185
0.3248148148148148
0.4175925925925927
0.2959259259259259
0.382962962962963
0.4731481481481481
0.3935185185185184
0.3059259259259259
0.25907407407407407
0.461851851851852
0.37148148148148147
0.3879629629629629
0.36870370370370376
0.272037037037037
0.35851851851851874
0.36462962962962936
