-0.9674074074074082
-0.9627777777777783
-0.9625925925925936
-0.9625925925925933
-0.95925925925926
-0.9650000000000002
-0.9657407407407411
-0.9601851851851857
-0.9568518518518527
-0.9720370370370377
-0.9587037037037044
-0.9566666666666672
-0.9546296296296299
-0.968518518518519
-0.9624074074074082
-0.9611111111111118
-0.9514814814814827
-0.9587037037037044
-0.9590740740740749
-0.9553703703703711
-0.9535185185185197
-0.9611111111111118
-0.9611111111111115
-0.95462962962963
-0.9688888888888897
-0.9562962962962968
-0.9611111111111116
-0.9614814814814815
-0.9622222222222229
-0.9592592592592598
-0.954444444444445
-0.9583333333333337
-0.9668518518518525
-0.9666666666666672
-0.962592592592593
-0.9657407407407417
-0.9535185185185189
-0.9670370370370379
-0.9618518518518524
-0.9583333333333335
-0.9594444444444455
-0.9535185185185192
-0.9655555555555566
-0.9625925925925933
-0.9675925925925933
-0.9716666666666675
-0.9607407407407413
-0.9640740740740746
-0.960555555555556
-0.9657407407407416
-0.9629629629629638
-0.9520370370370376
-0.966296296296297
-0.9701851851851857
-0.9674074074074078
-0.971666666666667
-0.9616666666666672
-0.9574074074074076
-0.966296296296297
-0.9574074074074084
-0.9611111111111118
-0.9612962962962971
-0.9572222222222226
-0.9651851851851855
-0.9590740740740745
-0.956851851851852
-0.9492592592592598
-0.966666666666667
-0.9679629629629636
-0.9681481481481491
-0.9559259259259263
-0.9664814814814819
-0.9540740740740743
-0.9657407407407416
-0.9638888888888897
-0.961851851851852
-0.9551851851851854
-0.9598148148148156
-0.9653703703703707
-0.9685185185185194
-0.9527777777777785
-0.9638888888888891
-0.9685185185185189
-0.9622222222222231
-0.9538888888888896
-0.9646296296296301
-0.9592592592592601
-0.9625925925925931
-0.9622222222222224
-0.9674074074074084
-0.9601851851851857
-0.9625925925925931
-0.9677777777777783
-0.967592592592593
-0.9551851851851855
-0.9577777777777783
-0.9562962962962968
-0.9622222222222229
-0.9688888888888894
-0.961481481481482
-0.9609259259259268
-0.9637037037037042
-0.9677777777777781
-0.9651851851851859
-0.9659259259259265
-0.9651851851851855
-0.9601851851851857
-0.9520370370370373
-0.9542592592592598
-0.9607407407407411
-0.9570370370370379
-0.9638888888888891
-0.9677777777777786
-0.9679629629629636
-0.9635185185185194
-0.9629629629629636
-0.9583333333333339
-0.9692592592592596
-0.9712962962962971
-0.9633333333333339
-0.9550000000000005
-0.9635185185185194
-0.9585185185185187
-0.9555555555555564
-0.9681481481481488
-0.9590740740740751
-0.951481481481482
-0.9620370370370377
-0.9679629629629632
-0.9640740740740743
-0.9646296296296306
-0.9616666666666674
-0.9538888888888893
-0.9638888888888889
-0.9666666666666672
-0.964444444444445
-0.9570370370370376
-0.9570370370370376
-0.9594444444444451
-0.9653703703703707
-0.9481481481481485
-0.9588888888888896
-0.9505555555555558
-0.9618518518518525
-0.9681481481481482
-0.9537037037037042
-0.9651851851851859
-0.9594444444444455
-0.9572222222222229
-0.9655555555555562
-0.964444444444445
-0.9674074074074078
-0.960555555555556
-0.973333333333334
-0.9533333333333339
-0.9683333333333334
-0.957777777777778
-0.9648148148148156
-0.956296296296297
-0.9637037037037044
-0.9712962962962968
-0.958148148148149
-0.965370370370371
-0.9679629629629636
-0.9616666666666667
-0.9672222222222231
-0.9527777777777781
-0.9644444444444445
-0.9650000000000005
-0.9672222222222224
-0.96425925925926
-0.9670370370370379
-0.9709259259259271
-0.9651851851851861
-0.9637037037037046
-0.9670370370370379
-0.9592592592592596
-0.9659259259259266
-0.9627777777777783
-0.9524074074074078
-0.9609259259259268
-0.9683333333333339
-0.9646296296296305
-0.9707407407407413
-0.9637037037037042
-0.9522222222222225
-0.9727777777777781
-0.9627777777777783
-0.9625925925925933
-0.9657407407407409
-0.957962962962963
-0.9625925925925931
