0.9216666666666672
0.9346296296296299
0.916851851851852
0.9287037037037036
0.8964814814814818
0.9035185185185187
0.9046296296296301
0.9298148148148151
0.9311111111111112
0.9272222222222226
0.9181481481481487
0.8679629629629628
0.9246296296296301
0.8990740740740737
0.9081481481481481
0.8914814814814819
0.9285185185185186
0.9020370370370373
0.8642592592592594
0.9083333333333337
0.908703703703704
0.9068518518518526
0.9098148148148152
0.9122222222222227
0.9055555555555558
0.8740740740740743
0.8685185185185187
0.885555555555556
0.9107407407407405
0.8988888888888893
0.8812962962962962
0.9159259259259263
0.898888888888889
0.9022222222222227
0.8994444444444447
0.922407407407408
0.9209259259259263
0.8990740740740745
0.9138888888888888
0.8996296296296301
0.8905555555555554
0.9127777777777779
0.8940740740740742
0.9198148148148152
0.9024074074074077
0.9138888888888895
0.8857407407407414
0.903888888888889
0.919074074074074
0.903703703703704
0.9283333333333339
0.903703703703704
0.8853703703703705
0.9281481481481487
0.9129629629629632
0.8783333333333335
0.9185185185185188
0.9085185185185185
0.8920370370370375
0.9224074074074082
0.9009259259259262
0.9094444444444446
0.8783333333333337
0.9135185185185191
0.8890740740740742
0.8772222222222222
0.9133333333333333
0.9120370370370375
0.9418518518518522
0.9290740740740745
0.8964814814814815
0.8972222222222225
0.8659259259259261
0.9072222222222223
0.9012962962962966
0.9070370370370375
0.8961111111111111
0.8737037037037036
0.9072222222222225
0.8874074074074076
0.8992592592592594
0.9066666666666671
0.9129629629629626
0.8835185185185185
0.9014814814814821
0.8692592592592596
0.9090740740740743
0.8894444444444446
0.9231481481481484
0.9020370370370373
0.9011111111111114
0.9205555555555555
0.8796296296296301
0.9159259259259261
0.8675925925925926
0.8688888888888889
0.9146296296296297
0.9001851851851853
0.8872222222222227
0.8577777777777779
0.8925925925925927
0.8979629629629631
0.9011111111111116
0.8927777777777781
0.9122222222222227
0.9125925925925932
0.9175925925925932
0.9074074074074077
0.9259259259259267
0.9011111111111114
0.8835185185185193
0.9346296296296297
0.8831481481481483
0.9074074074074082
0.9175925925925926
0.9120370370370373
0.9270370370370375
0.8944444444444446
0.891851851851852
0.9188888888888891
0.9079629629629631
0.9066666666666668
0.9120370370370371
0.9042592592592594
0.901851851851852
0.8898148148148156
0.850555555555556
0.8975925925925926
0.9061111111111118
0.8951851851851855
0.9035185185185185
0.9083333333333339
0.8870370370370372
0.9162962962962966
0.8944444444444444
0.8920370370370372
0.9044444444444447
0.9231481481481484
0.8722222222222221
0.9103703703703708
0.9033333333333335
0.8881481481481482
0.898148148148148
0.866851851851852
0.9116666666666668
0.8757407407407412
0.921851851851852
0.9296296296296299
0.8831481481481489
0.9283333333333339
0.9075925925925927
0.9231481481481484
0.8938888888888895
0.9187037037037036
0.9038888888888895
0.9224074074074078
0.8844444444444449
0.9218518518518521
0.8827777777777779
0.9014814814814813
0.857962962962963
0.9305555555555564
0.9042592592592597
0.9070370370370373
0.9372222222222225
0.906851851851852
0.8825925925925929
0.8953703703703707
0.8655555555555556
0.9301851851851851
0.9162962962962966
0.891666666666667
0.8988888888888895
0.8879629629629631
0.8998148148148148
0.8674074074074074
0.9246296296296302
0.8501851851851852
0.9087037037037043
0.8988888888888887
0.9114814814814819
0.8914814814814813
0.8848148148148154
0.9035185185185188
0.8942592592592594
0.8996296296296297
0.9185185185185183
0.8874074074074078
0.8694444444444446
0.9090740740740745
0.8835185185185183
0.9081481481481481
