0.9962962962962962
0.9918518518518518
0.9888888888888889
0.9968518518518518
0.9914814814814815
0.9948148148148148
0.9933333333333333
0.9848148148148148
0.9933333333333335
0.9933333333333333
0.9927777777777778
0.9950000000000002
0.9924074074074074
0.9870370370370369
0.9900000000000002
0.9898148148148148
0.9905555555555554
0.995
0.9950000000000002
0.9924074074074076
0.9901851851851853
0.9912962962962963
0.9916666666666667
0.9877777777777778
0.9927777777777779
0.9922222222222223
0.9942592592592593
0.9872222222222224
0.9955555555555559
0.9937037037037036
0.9955555555555556
0.9942592592592593
0.9925925925925926
0.993703703703704
0.9948148148148148
0.9868518518518518
0.9905555555555559
0.9892592592592594
0.9931481481481482
0.9953703703703705
0.9959259259259261
0.9892592592592593
0.9905555555555554
0.9937037037037036
0.9983333333333333
0.998703703703704
0.9942592592592594
0.992962962962963
0.9955555555555556
0.9961111111111111
0.9962962962962966
0.995
0.9940740740740743
0.9831481481481482
0.9946296296296299
0.9920370370370372
0.9953703703703707
0.9931481481481486
0.9914814814814815
0.9944444444444444
0.9961111111111113
0.9933333333333335
0.9883333333333335
0.997962962962963
0.9920370370370374
0.9940740740740741
0.9957407407407408
0.9974074074074076
0.9957407407407408
0.9961111111111113
0.9957407407407409
0.9883333333333333
0.9959259259259259
0.9938888888888889
0.9942592592592594
0.9883333333333332
0.9875925925925926
0.9914814814814815
0.9920370370370369
0.9909259259259263
0.9953703703703707
0.9927777777777775
0.9961111111111111
0.9914814814814817
0.9909259259259261
0.9888888888888889
0.9924074074074076
0.9937037037037038
0.9940740740740741
0.9925925925925929
0.9942592592592593
0.9888888888888889
0.9914814814814817
0.9977777777777779
0.9931481481481482
0.9905555555555554
0.9966666666666667
0.9903703703703705
0.9872222222222224
0.9951851851851853
0.99
0.9924074074074074
0.9892592592592594
0.9864814814814817
0.9933333333333332
0.9955555555555556
0.9970370370370372
0.9894444444444448
0.9951851851851853
0.9914814814814815
0.9955555555555559
0.9933333333333333
0.9887037037037036
0.9955555555555556
0.9890740740740743
0.9925925925925926
0.9944444444444446
0.9953703703703705
0.9892592592592593
0.9937037037037036
0.9911111111111113
0.9933333333333333
0.9909259259259263
0.9961111111111111
0.9896296296296297
0.9933333333333335
0.991111111111111
0.9959259259259259
0.9901851851851855
0.9933333333333335
0.9957407407407408
0.9953703703703705
0.9916666666666667
0.9890740740740741
0.9940740740740741
0.9940740740740741
0.9935185185185187
0.9940740740740743
0.9944444444444448
0.9927777777777779
0.9961111111111113
0.9866666666666667
0.9916666666666667
0.9898148148148153
0.9946296296296298
0.9944444444444448
0.9972222222222221
0.9920370370370372
0.9909259259259261
0.9875925925925926
0.9951851851851852
0.9901851851851853
0.9975925925925928
0.9925925925925928
0.9972222222222225
0.9946296296296298
0.9938888888888889
0.9951851851851852
0.9916666666666667
0.9911111111111113
0.982962962962963
0.9870370370370372
0.9962962962962963
0.9935185185185185
0.9970370370370369
0.9822222222222224
0.9920370370370374
0.9938888888888889
0.9920370370370369
0.9935185185185188
0.9929629629629633
0.9872222222222223
0.9907407407407409
0.9935185185185187
0.9985185185185187
0.9933333333333335
0.9937037037037036
0.9866666666666668
0.9962962962962963
0.9946296296296299
0.9879629629629633
0.9938888888888889
0.995
0.9951851851851852
0.9885185185185185
0.9938888888888892
0.9885185185185189
0.9903703703703702
0.9924074074074074
0.9916666666666667
0.9922222222222223
0.9951851851851852
