0.969444444444445
0.9598148148148149
0.9648148148148147
0.975555555555556
0.9724074074074074
0.967592592592593
0.9664814814814819
0.9785185185185189
0.9788888888888889
0.967962962962963
0.9707407407407411
0.9701851851851854
0.9640740740740739
0.9748148148148152
0.9785185185185189
0.9533333333333337
0.9727777777777781
0.9672222222222224
0.9687037037037042
0.9661111111111113
0.9742592592592596
0.9574074074074073
0.9711111111111116
0.9816666666666669
0.9822222222222224
0.9731481481481484
0.9655555555555558
0.97462962962963
0.9753703703703704
0.9457407407407408
0.9633333333333335
0.9566666666666672
0.9866666666666668
0.9583333333333334
0.962592592592593
0.9655555555555558
0.9735185185185187
0.9759259259259263
0.9831481481481482
0.9681481481481482
0.9755555555555558
0.9633333333333334
0.9662962962962965
0.9796296296296297
0.9764814814814817
0.9651851851851854
0.9677777777777781
0.9809259259259263
0.9568518518518518
0.9725925925925928
0.937962962962963
0.9616666666666669
0.9670370370370375
0.9807407407407409
0.9709259259259261
0.969814814814815
0.9744444444444446
0.9827777777777779
0.954814814814815
0.9698148148148152
0.9757407407407411
0.980555555555556
0.9811111111111114
0.9757407407407414
0.9644444444444445
0.9688888888888891
0.9766666666666669
0.9775925925925928
0.9705555555555558
0.9624074074074076
0.9777777777777779
0.9822222222222224
0.9850000000000004
0.9698148148148155
0.9672222222222223
0.9753703703703707
0.9522222222222225
0.9777777777777781
0.9750000000000002
0.9862962962962966
0.9672222222222226
0.9712962962962962
0.9764814814814817
0.9824074074074074
0.947777777777778
0.9666666666666667
0.9635185185185189
0.9746296296296297
0.9683333333333337
0.9798148148148148
0.9774074074074074
0.9698148148148147
0.9701851851851855
0.966296296296297
0.9738888888888888
0.971481481481482
0.9705555555555558
0.9772222222222224
0.9607407407407413
0.9759259259259261
0.9581481481481482
0.9748148148148152
0.9727777777777781
0.9777777777777777
0.9825925925925931
0.9657407407407411
0.9744444444444443
0.955740740740741
0.9712962962962965
0.9766666666666669
0.9750000000000002
0.9644444444444448
0.9814814814814817
0.9724074074074074
0.9685185185185189
0.9720370370370374
0.9640740740740739
0.9744444444444451
0.9614814814814815
0.9724074074074076
0.9703703703703704
0.9831481481481483
0.971851851851852
0.9701851851851854
0.9662962962962964
0.9681481481481484
0.9611111111111116
0.9690740740740744
0.9727777777777783
0.9614814814814815
0.9755555555555558
0.9711111111111113
0.9446296296296299
0.967777777777778
0.96962962962963
0.9551851851851855
0.9688888888888891
0.9640740740740743
0.9716666666666669
0.9661111111111113
0.9877777777777779
0.9737037037037038
0.9750000000000004
0.9672222222222224
0.9744444444444448
0.9729629629629635
0.96462962962963
0.9738888888888888
0.971481481481482
0.9740740740740743
0.9725925925925929
0.9727777777777777
0.9759259259259263
0.9761111111111114
0.9740740740740744
0.9731481481481485
0.9548148148148152
0.967962962962963
0.9812962962962968
0.9616666666666664
0.9712962962962962
0.9827777777777778
0.9772222222222224
0.9690740740740743
0.9712962962962965
0.9688888888888895
0.9633333333333332
0.9744444444444446
0.971851851851852
0.9701851851851854
0.9781481481481488
0.9820370370370374
0.9661111111111113
0.9718518518518522
0.9679629629629632
0.9581481481481485
0.9548148148148149
0.9766666666666669
0.9725925925925928
0.9653703703703704
0.9753703703703704
0.9807407407407409
0.9700000000000002
0.9598148148148149
0.9668518518518522
0.9785185185185185
0.9714814814814817
0.9635185185185184
0.9657407407407408
0.9727777777777783
0.9662962962962964
0.9688888888888889
