0.9803703703703703
0.9796296296296301
0.9798148148148152
0.9827777777777779
0.9807407407407411
0.982962962962963
0.971666666666667
0.96462962962963
0.9862962962962963
0.9855555555555559
0.9677777777777781
0.9777777777777779
0.9844444444444443
0.9831481481481482
0.9779629629629633
0.9807407407407409
0.9790740740740743
0.981851851851852
0.9820370370370372
0.9566666666666669
0.9716666666666672
0.9796296296296297
0.9864814814814817
0.9807407407407414
0.9783333333333335
0.9709259259259263
0.9824074074074076
0.9818518518518522
0.9770370370370371
0.9801851851851852
0.9862962962962963
0.9762962962962966
0.9803703703703704
0.967777777777778
0.9801851851851852
0.9851851851851855
0.9844444444444448
0.9672222222222226
0.9866666666666667
0.9864814814814817
0.9779629629629633
0.9829629629629633
0.9794444444444443
0.984814814814815
0.9812962962962963
0.9827777777777781
0.9825925925925929
0.9742592592592594
0.9687037037037036
0.9827777777777779
0.9861111111111113
0.983703703703704
0.9746296296296301
0.9764814814814815
0.9779629629629633
0.9905555555555554
0.9816666666666669
0.9787037037037036
0.9809259259259261
0.979814814814815
0.9833333333333333
0.9766666666666667
0.9746296296296301
0.9801851851851855
0.9737037037037038
0.9812962962962968
0.9768518518518524
0.9816666666666669
0.9801851851851852
0.9801851851851855
0.9851851851851849
0.9866666666666668
0.968703703703704
0.9888888888888892
0.9762962962962968
0.978703703703704
0.9866666666666668
0.971851851851852
0.9840740740740744
0.9840740740740744
0.9757407407407409
0.986666666666667
0.9727777777777779
0.9744444444444448
0.9807407407407408
0.9772222222222224
0.9794444444444449
0.9775925925925929
0.9809259259259259
0.9670370370370374
0.972962962962963
0.9820370370370374
0.9677777777777781
0.983703703703704
0.9750000000000002
0.9805555555555556
0.9603703703703704
0.9822222222222223
0.9812962962962966
0.976666666666667
0.9657407407407408
0.9829629629629633
0.9551851851851855
0.9792592592592596
0.9772222222222224
0.9727777777777779
0.9859259259259261
0.9733333333333334
0.9857407407407409
0.9733333333333337
0.9779629629629633
0.9750000000000004
0.9857407407407409
0.976666666666667
0.9750000000000008
0.9812962962962963
0.9735185185185184
0.9890740740740743
0.979814814814815
0.9855555555555556
0.9825925925925928
0.9764814814814817
0.9894444444444443
0.9875925925925926
0.9824074074074076
0.9825925925925926
0.9885185185185189
0.975
0.9759259259259263
0.9838888888888894
0.9907407407407408
0.9768518518518522
0.9785185185185189
0.9818518518518522
0.9740740740740743
0.9744444444444446
0.9807407407407409
0.9844444444444449
0.9872222222222223
0.9750000000000004
0.9798148148148152
0.9805555555555558
0.9744444444444446
0.9785185185185187
0.9714814814814815
0.9851851851851855
0.9718518518518522
0.9859259259259259
0.9731481481481488
0.984814814814815
0.9712962962962962
0.9685185185185189
0.9853703703703709
0.9792592592592594
0.9705555555555558
0.9772222222222223
0.991666666666667
0.9840740740740744
0.9783333333333334
0.9825925925925928
0.9787037037037039
0.9703703703703707
0.970555555555556
0.971481481481482
0.9790740740740743
0.9740740740740743
0.9812962962962966
0.9766666666666669
0.9807407407407409
0.9781481481481484
0.989814814814815
0.9761111111111113
0.987962962962963
0.9766666666666667
0.9740740740740743
0.9759259259259259
0.9831481481481482
0.9781481481481482
0.9857407407407409
0.9888888888888892
0.9755555555555556
0.9762962962962963
0.9750000000000002
0.9770370370370374
0.9774074074074074
0.9822222222222224
0.9853703703703703
0.966851851851852
0.9785185185185187
0.9724074074074076
0.9725925925925928
0.9735185185185183
