0.9961111111111111
0.9964814814814817
0.9951851851851852
0.9942592592592594
0.9916666666666667
0.9840740740740743
0.9953703703703707
0.9970370370370372
0.9929629629629628
0.9970370370370372
0.9970370370370372
0.9925925925925928
0.995
0.9918518518518518
0.9862962962962966
0.9948148148148148
0.9914814814814815
0.9870370370370369
0.9931481481481482
0.9909259259259261
0.9892592592592593
0.9912962962962963
0.9948148148148148
0.9914814814814815
0.9955555555555559
0.9883333333333333
0.9948148148148148
0.9940740740740743
0.9968518518518522
0.9948148148148147
0.9925925925925928
0.9983333333333333
0.9931481481481483
0.9964814814814815
0.9942592592592591
0.9970370370370372
0.9903703703703705
0.9955555555555556
0.9920370370370372
0.9859259259259259
0.9885185185185185
0.9940740740740743
0.9953703703703702
0.9879629629629628
0.992962962962963
0.9933333333333332
0.9961111111111111
0.9920370370370374
0.996666666666667
0.9922222222222223
0.9916666666666668
0.9944444444444448
0.9914814814814815
0.9948148148148148
0.9957407407407409
0.9964814814814815
0.9887037037037039
0.9879629629629633
0.9905555555555559
0.9898148148148148
0.989814814814815
0.9944444444444448
0.9896296296296297
0.9881481481481482
0.9940740740740741
0.9935185185185185
0.9950000000000003
0.9924074074074076
0.9962962962962963
0.9983333333333335
0.9966666666666667
0.9937037037037038
0.9944444444444446
0.9972222222222221
0.9903703703703702
0.9931481481481482
0.9933333333333333
0.9937037037037036
0.9931481481481482
0.9951851851851853
0.9937037037037038
0.9946296296296298
0.9940740740740741
0.9927777777777779
0.9905555555555559
0.9957407407407408
0.9848148148148148
0.9900000000000002
0.9946296296296298
0.9920370370370372
0.9942592592592594
0.99
0.9950000000000002
0.9957407407407408
0.9955555555555554
0.9942592592592594
0.9942592592592594
0.9957407407407409
0.9964814814814817
0.9946296296296298
0.9935185185185185
0.9968518518518518
0.9900000000000003
0.9837037037037042
0.9959259259259261
0.9944444444444446
0.9957407407407408
0.9944444444444446
0.9937037037037038
0.9920370370370372
0.9927777777777779
0.9957407407407409
0.9951851851851855
0.997962962962963
0.9942592592592594
0.994814814814815
0.9901851851851852
0.9940740740740739
0.9935185185185187
0.9948148148148148
0.9933333333333333
0.9964814814814815
0.9911111111111113
0.9927777777777779
0.9931481481481483
0.9966666666666668
0.9964814814814815
0.9942592592592593
0.9953703703703705
0.9899999999999998
0.9950000000000002
0.9944444444444442
0.9911111111111114
0.9925925925925928
0.9933333333333335
0.9970370370370372
0.9962962962962963
0.9938888888888889
0.995
0.9942592592592593
0.993148148148148
0.9961111111111111
0.9933333333333333
0.993703703703704
0.9896296296296295
0.9959259259259261
0.9942592592592594
0.992962962962963
0.9957407407407408
0.9948148148148148
0.9962962962962963
0.9866666666666667
0.9953703703703705
0.9900000000000002
0.9957407407407408
0.9985185185185187
0.9933333333333335
0.9966666666666667
0.995
0.9907407407407408
0.9896296296296299
0.9953703703703702
0.9874074074074074
0.9959259259259261
0.996851851851852
0.9903703703703705
0.9918518518518518
0.9911111111111113
0.9935185185185185
0.9937037037037038
0.9937037037037038
0.9970370370370372
0.9887037037037039
0.991851851851852
0.995
0.9924074074074076
0.9953703703703702
0.9975925925925928
0.9937037037037038
0.996851851851852
0.9942592592592594
0.9916666666666668
0.9931481481481483
0.9955555555555556
0.9933333333333335
0.9935185185185185
0.9944444444444444
0.995
0.9933333333333333
0.9955555555555559
0.9975925925925928
0.991111111111111
