0.9988888888888889
0.9964814814814815
0.9987037037037036
0.9981481481481482
0.9977777777777778
0.9957407407407408
0.9992592592592593
0.9994444444444446
0.995
1.0
0.9977777777777779
0.9988888888888887
0.9996296296296298
0.9992592592592593
0.9935185185185187
0.9970370370370369
0.9968518518518518
0.9968518518518518
0.9992592592592594
1.0
0.9994444444444444
0.9990740740740741
0.9992592592592593
0.9998148148148148
0.9988888888888889
0.9990740740740743
0.9996296296296298
0.995
0.9990740740740741
0.9985185185185185
0.9998148148148148
0.9975925925925928
0.9959259259259261
0.9998148148148148
0.9996296296296298
0.9981481481481482
0.9964814814814815
0.9983333333333333
0.9974074074074074
0.9996296296296298
0.9990740740740741
0.9987037037037036
0.9974074074074074
0.9992592592592593
0.9996296296296298
0.9970370370370369
0.9990740740740743
0.9972222222222222
0.9987037037037036
0.9962962962962963
0.9988888888888889
0.9994444444444446
0.9998148148148148
0.9996296296296298
0.9985185185185187
0.9994444444444446
0.9983333333333333
0.9968518518518518
0.9992592592592594
0.9970370370370372
0.9988888888888887
0.9981481481481482
0.9988888888888889
0.9996296296296298
0.9996296296296298
1.0
0.9990740740740741
1.0
0.9994444444444446
0.9996296296296298
0.9996296296296298
0.9992592592592593
0.9998148148148148
0.9985185185185185
0.9977777777777779
0.9987037037037038
1.0
0.9992592592592594
0.9996296296296298
0.9992592592592594
0.9959259259259259
0.9992592592592593
0.9977777777777779
0.9977777777777779
0.9975925925925928
0.9990740740740741
0.9974074074074076
0.9970370370370372
0.9981481481481482
0.9990740740740741
0.9975925925925924
0.9981481481481482
0.9981481481481483
0.9972222222222222
0.9981481481481482
0.9977777777777778
0.9992592592592593
0.9974074074074074
0.9998148148148148
0.9987037037037038
0.9996296296296298
0.9981481481481482
0.997962962962963
0.9988888888888887
0.9985185185185187
0.9994444444444446
0.9996296296296298
0.997962962962963
0.9994444444444446
0.9977777777777779
0.9988888888888887
0.9990740740740743
0.9987037037037036
0.9985185185185187
0.9972222222222222
0.9994444444444446
0.997962962962963
0.9998148148148148
0.9987037037037036
0.9992592592592593
0.9992592592592594
0.9977777777777778
0.9988888888888889
0.9981481481481482
0.9992592592592593
0.9994444444444444
0.9992592592592594
0.9994444444444444
0.9987037037037036
0.9998148148148148
0.9968518518518518
0.9985185185185185
0.9985185185185187
0.9977777777777779
0.9987037037037036
0.9988888888888892
0.997962962962963
0.9983333333333333
1.0
0.9983333333333333
0.9988888888888892
0.9994444444444444
0.9996296296296298
0.9994444444444446
0.9970370370370369
0.9988888888888887
0.9987037037037036
0.9985185185185185
0.9974074074074074
0.9981481481481482
0.9975925925925926
0.9987037037037036
0.9994444444444446
0.9996296296296298
0.9998148148148148
0.9987037037037038
0.9992592592592593
0.9981481481481482
0.9979629629629628
0.9972222222222222
0.9951851851851852
0.9955555555555554
0.9981481481481482
0.9983333333333333
0.9987037037037036
0.9981481481481482
0.9990740740740741
0.9944444444444444
0.9968518518518518
0.9988888888888889
0.9990740740740743
0.9990740740740741
0.9990740740740741
0.997962962962963
1.0
0.9994444444444446
0.9994444444444446
0.9987037037037036
0.9988888888888887
0.9983333333333333
0.9996296296296298
0.9998148148148148
0.9994444444444444
0.9987037037037036
0.9992592592592594
0.997962962962963
0.9996296296296298
0.9961111111111113
0.9985185185185185
0.9988888888888887
0.9983333333333335
0.9975925925925926
