1.0
1.0
0.9994444444444446
0.9994444444444446
0.9996296296296298
1.0
0.9994444444444446
0.9983333333333335
1.0
0.9998148148148148
0.9994444444444446
0.9992592592592593
0.9998148148148148
1.0
1.0
0.9981481481481482
0.9988888888888887
0.9996296296296298
0.9994444444444444
1.0
0.997962962962963
0.9996296296296298
0.9998148148148148
0.9994444444444446
1.0
0.9990740740740741
1.0
0.9994444444444446
0.9998148148148148
0.9996296296296298
1.0
0.9992592592592594
0.9998148148148148
0.9987037037037038
1.0
0.9996296296296298
0.9994444444444446
0.9996296296296298
0.9994444444444446
0.9985185185185185
1.0
1.0
1.0
0.9988888888888887
1.0
0.9988888888888889
0.9994444444444446
0.9977777777777779
1.0
0.9996296296296298
1.0
1.0
0.9990740740740741
0.9994444444444444
1.0
0.9994444444444444
0.9985185185185185
0.9990740740740741
0.9985185185185185
0.9990740740740743
1.0
1.0
1.0
0.9998148148148148
1.0
0.9996296296296298
1.0
1.0
0.9998148148148148
0.9998148148148148
0.9988888888888889
1.0
0.9994444444444446
1.0
1.0
0.9996296296296298
1.0
0.9985185185185185
1.0
0.9994444444444444
0.9992592592592593
1.0
1.0
1.0
1.0
1.0
0.9998148148148148
0.9992592592592594
0.9990740740740741
0.9988888888888887
0.9962962962962963
0.9992592592592593
1.0
0.9990740740740741
0.9998148148148148
1.0
1.0
0.9996296296296298
1.0
0.9990740740740741
1.0
1.0
0.9998148148148148
0.9994444444444444
0.9996296296296298
1.0
0.9990740740740741
1.0
0.9994444444444446
0.9996296296296298
1.0
0.9998148148148148
0.9996296296296298
0.9996296296296298
0.9994444444444446
0.9996296296296298
0.9988888888888889
1.0
0.9988888888888887
1.0
0.9992592592592593
1.0
1.0
0.9998148148148148
1.0
0.9988888888888889
0.9985185185185185
0.9998148148148148
0.9996296296296298
0.9994444444444446
0.9992592592592594
0.9996296296296298
0.9992592592592593
0.9987037037037036
0.9998148148148148
1.0
0.9996296296296298
1.0
0.9988888888888889
0.9998148148148148
1.0
0.9990740740740741
0.9992592592592593
0.9990740740740741
1.0
1.0
1.0
0.9996296296296298
1.0
0.997962962962963
0.9985185185185185
0.9994444444444444
1.0
0.9985185185185185
1.0
0.9996296296296298
0.9998148148148148
0.9996296296296298
0.9990740740740741
1.0
1.0
1.0
1.0
0.9994444444444446
1.0
1.0
1.0
1.0
0.9994444444444446
0.9990740740740741
1.0
0.9992592592592593
0.9987037037037036
1.0
1.0
0.9994444444444446
0.9987037037037036
0.9996296296296298
0.9996296296296298
1.0
1.0
0.9992592592592593
0.9988888888888889
0.9988888888888887
0.9981481481481482
0.9990740740740741
0.9988888888888889
1.0
0.9996296296296298
0.9996296296296298
0.9998148148148148
0.9990740740740741
