-0.9361111111111112
-0.9394444444444445
-0.9175925925925933
-0.9194444444444447
-0.9242592592592598
-0.9168518518518524
-0.9270370370370373
-0.9277777777777783
-0.9355555555555564
-0.9359259259259263
-0.9196296296296301
-0.938148148148149
-0.9135185185185193
-0.9361111111111112
-0.9357407407407413
-0.9250000000000004
-0.9375925925925931
-0.9337037037037044
-0.9212962962962967
-0.9292592592592596
-0.9105555555555557
-0.9209259259259263
-0.9351851851851857
-0.9233333333333337
-0.9364814814814822
-0.9237037037037044
-0.9309259259259265
-0.9209259259259268
-0.9129629629629631
-0.9340740740740745
-0.9116666666666674
-0.9177777777777781
-0.9414814814814817
-0.9405555555555561
-0.9168518518518526
-0.9281481481481487
-0.9198148148148154
-0.9177777777777787
-0.9233333333333337
-0.9429629629629637
-0.9250000000000004
-0.9322222222222226
-0.921111111111112
-0.932962962962963
-0.9287037037037036
-0.9107407407407412
-0.9314814814814821
-0.926851851851852
-0.9388888888888893
-0.9324074074074082
-0.9281481481481487
-0.9351851851851856
-0.9296296296296299
-0.9157407407407412
-0.9279629629629632
-0.9353703703703705
-0.9285185185185189
-0.9246296296296302
-0.9233333333333337
-0.9200000000000006
-0.9157407407407413
-0.9329629629629637
-0.9212962962962972
-0.9151851851851853
-0.930555555555556
-0.9335185185185186
-0.9298148148148151
-0.9225925925925932
-0.9333333333333339
-0.9257407407407411
-0.9338888888888893
-0.9318518518518522
-0.9242592592592598
-0.9318518518518526
-0.917407407407407
-0.9279629629629632
-0.9350000000000009
-0.927592592592593
-0.9451851851851857
-0.9409259259259265
-0.9325925925925933
-0.9333333333333336
-0.9361111111111118
-0.9362962962962964
-0.9322222222222226
-0.9385185185185189
-0.9316666666666669
-0.9316666666666666
-0.9312962962962967
-0.9416666666666667
-0.9005555555555558
-0.9307407407407413
-0.9342592592592598
-0.9235185185185188
-0.9381481481481486
-0.9229629629629631
-0.9229629629629627
-0.9329629629629637
-0.9125925925925933
-0.9324074074074076
-0.9235185185185185
-0.9200000000000002
-0.9190740740740747
-0.9157407407407407
-0.9333333333333337
-0.9398148148148152
-0.9238888888888891
-0.9162962962962969
-0.9127777777777779
-0.9166666666666666
-0.921296296296297
-0.9200000000000002
-0.9374074074074078
-0.930925925925926
-0.9211111111111114
-0.9214814814814817
-0.9342592592592596
-0.9290740740740748
-0.9285185185185191
-0.921296296296297
-0.9151851851851853
-0.9348148148148152
-0.928888888888889
-0.932777777777778
-0.9087037037037046
-0.9151851851851857
-0.9261111111111112
-0.9338888888888895
-0.9153703703703713
-0.920555555555556
-0.9196296296296301
-0.9214814814814819
-0.9427777777777783
-0.9324074074074075
-0.9081481481481487
-0.925555555555556
-0.9359259259259263
-0.9322222222222225
-0.9355555555555561
-0.9127777777777788
-0.9131481481481484
-0.9251851851851857
-0.8918518518518522
-0.91
-0.929444444444445
-0.9292592592592595
-0.9212962962962966
-0.9287037037037038
-0.9298148148148151
-0.9324074074074078
-0.9253703703703706
-0.943888888888889
-0.9246296296296297
-0.9235185185185191
-0.9248148148148152
-0.9144444444444452
-0.9272222222222223
-0.9157407407407413
-0.9335185185185189
-0.9346296296296297
-0.9246296296296301
-0.9192592592592594
-0.93
-0.9081481481481487
-0.9098148148148151
-0.9372222222222231
-0.9372222222222223
-0.9262962962962966
-0.9300000000000002
-0.9324074074074072
-0.9301851851851856
-0.9212962962962967
-0.9224074074074075
-0.9335185185185194
-0.9288888888888893
-0.9264814814814821
-0.9425925925925931
-0.9170370370370371
-0.9231481481481487
-0.9303703703703714
-0.9246296296296301
-0.9396296296296301
-0.9350000000000006
-0.9183333333333339
-0.925925925925926
-0.9424074074074084
-0.9372222222222226
-0.9362962962962964
-0.9374074074074076
-0.9070370370370373
-0.9201851851851856
-0.9470370370370371
