-0.5633333333333332
-0.5522222222222221
-0.5344444444444444
-0.4796296296296297
-0.47444444444444445
-0.48444444444444457
-0.4992592592592594
-0.5007407407407407
-0.4133333333333332
-0.48999999999999977
-0.4366666666666669
-0.5403703703703702
-0.43962962962962976
-0.45925925925925903
-0.5548148148148148
-0.4114814814814815
-0.5203703703703703
-0.47555555555555534
-0.5192592592592593
-0.46777777777777757
-0.5025925925925925
-0.5355555555555555
-0.5022222222222222
-0.49370370370370376
-0.4607407407407407
-0.4974074074074074
-0.6044444444444445
-0.4666666666666665
-0.5040740740740737
-0.505925925925926
-0.4444444444444444
-0.458888888888889
-0.5614814814814814
-0.5066666666666667
-0.5340740740740741
-0.5425925925925926
-0.5903703703703707
-0.48629629629629634
-0.5348148148148149
-0.4944444444444443
-0.5233333333333333
-0.5748148148148146
-0.44407407407407407
-0.542222222222222
-0.5537037037037035
-0.37296296296296305
-0.49555555555555564
-0.4955555555555555
-0.5437037037037034
-0.45333333333333314
-0.4777777777777777
-0.42814814814814817
-0.465925925925926
-0.5114814814814815
-0.4025925925925927
-0.5581481481481481
-0.5155555555555557
-0.5596296296296297
-0.46851851851851856
-0.544074074074074
-0.5633333333333332
-0.5255555555555554
-0.5266666666666664
-0.5385185185185183
-0.423703703703704
-0.4877777777777777
-0.5574074074074074
-0.5437037037037036
-0.5155555555555551
-0.48851851851851846
-0.5214814814814812
-0.5625925925925925
-0.5018518518518519
-0.5133333333333332
-0.4125925925925926
-0.511111111111111
-0.4488888888888891
-0.488888888888889
-0.5351851851851853
-0.5203703703703705
-0.3933333333333333
-0.5318518518518519
-0.45074074074074083
-0.5325925925925926
-0.585185185185185
-0.5218518518518516
-0.48814814814814816
-0.47666666666666674
-0.5155555555555553
-0.5011111111111112
-0.44999999999999984
-0.5107407407407408
-0.45148148148148143
-0.5251851851851851
-0.568888888888889
-0.5785185185185185
-0.5118518518518519
-0.5040740740740742
-0.5051851851851848
-0.4837037037037038
-0.5185185185185184
-0.504814814814815
-0.4303703703703705
-0.526296296296296
-0.5214814814814814
-0.5674074074074074
-0.531111111111111
-0.49629629629629635
-0.43111111111111117
-0.45925925925925914
-0.45851851851851855
-0.44296296296296306
-0.5351851851851851
-0.5074074074074075
-0.5055555555555554
-0.5637037037037036
-0.5333333333333334
-0.5033333333333334
-0.5118518518518518
-0.5611111111111109
-0.4766666666666665
-0.5162962962962964
-0.4725925925925926
-0.5011111111111113
-0.5300000000000001
-0.4837037037037037
-0.5140740740740739
-0.5674074074074075
-0.46925925925925926
-0.5092592592592591
-0.4492592592592592
-0.4637037037037038
-0.48370370370370397
-0.5481481481481482
-0.5314814814814816
-0.5422222222222223
-0.4729629629629629
-0.5107407407407404
-0.5366666666666667
-0.562222222222222
-0.5103703703703705
-0.492222222222222
-0.5070370370370371
-0.4881481481481481
-0.5103703703703701
-0.47111111111111087
-0.5677777777777776
-0.498148148148148
-0.5507407407407408
-0.49962962962962953
-0.4729629629629629
-0.5425925925925925
-0.4785185185185186
-0.48185185185185175
-0.4814814814814816
-0.5625925925925924
-0.5296296296296297
-0.5351851851851851
-0.5725925925925925
-0.5255555555555554
-0.5325925925925927
-0.45148148148148143
-0.5037037037037037
-0.4666666666666666
-0.4970370370370371
-0.5403703703703704
-0.4818518518518519
-0.5092592592592591
-0.5048148148148148
-0.5311111111111112
-0.3970370370370371
-0.5007407407407407
-0.47444444444444434
-0.5174074074074074
-0.4825925925925926
-0.4670370370370368
-0.4918518518518518
-0.5237037037037037
-0.44666666666666666
-0.44074074074074077
-0.5062962962962964
-0.5137037037037033
-0.4562962962962962
-0.5385185185185184
-0.4262962962962963
-0.5792592592592594
-0.5059259259259258
-0.5514814814814812
-0.5237037037037034
-0.5859259259259257
-0.49222222222222206
-0.4881481481481482
