0.0	47.79	50.46	52.6	53.47	54.11	54.95	54.6	55.21	55.33	55.69	55.71	55.8	55.61	55.85	56.19	55.85	56.14	56.17	56.28	55.89	56.1	56.15	55.89	56.0	55.89	55.63	55.54	55.12	54.95	54.56	53.96	53.07	52.47	50.6	47.48	0.0
0.0	47.14	50.68	51.82	53.21	53.31	53.73	54.29	54.6	54.52	54.34	54.87	55.13	55.22	54.97	54.72	55.31	55.44	55.14	55.03	55.08	55.5	55.69	55.41	55.16	55.15	55.21	54.83	54.88	54.16	53.94	53.15	53.2	51.87	50.63	47.11	0.0
0.0	47.14	50.75	52.69	53.45	54.04	53.82	54.35	54.53	55.44	55.35	56.13	55.86	55.61	55.46	55.42	55.81	55.55	55.43	55.97	55.84	55.99	56.23	55.94	55.49	55.52	55.16	55.11	54.74	54.25	54.04	53.79	53.37	52.42	50.74	47.35	0.0
0.0	47.41	50.95	52.25	53.19	53.75	54.79	54.76	54.63	55.31	54.97	54.75	55.01	55.43	55.31	55.1	55.41	55.78	56.23	56.01	55.66	55.62	55.65	55.83	55.46	54.99	54.8	54.82	54.38	54.52	54.5	54.05	53.42	52.65	50.73	47.43	0.0
0.0	47.38	50.92	52.1	52.87	53.96	54.64	54.3	54.4	54.77	55.33	55.23	55.69	55.35	54.89	55.42	55.28	55.51	55.55	55.5	55.22	55.13	54.88	54.91	54.5	54.66	54.84	55.01	54.46	53.87	53.76	53.21	52.72	52.05	50.12	46.88	0.0
0.0	47.39	50.77	52.45	53.34	53.87	54.86	54.88	55.2	54.83	54.94	55.15	55.55	55.3	55.22	55.27	54.89	55.33	54.94	55.21	55.06	55.11	55.58	55.32	55.18	54.98	55.14	55.04	54.64	54.44	53.98	53.11	53.22	51.96	50.57	46.94	0.0
0.0	46.8	50.16	52.34	52.76	53.62	53.83	54.1	54.52	54.58	55.17	55.1	54.8	55.11	55.57	55.3	55.47	55.8	55.56	55.53	55.25	55.35	55.42	55.59	55.15	54.93	54.67	54.02	54.5	54.48	53.79	53.46	52.63	51.55	50.27	46.81	0.0
0.0	46.88	50.52	52.19	53.46	53.87	54.41	54.52	54.65	55.08	55.25	55.88	55.61	55.49	55.81	55.78	55.85	55.88	55.61	55.75	56.34	55.94	56.05	56.0	55.59	55.62	55.05	54.79	55.03	54.77	54.11	54.1	53.22	52.27	50.63	47.18	0.0
0.0	47.72	50.53	52.07	52.37	53.46	53.36	53.82	54.04	54.45	54.84	54.87	55.25	55.21	55.49	55.2	55.72	55.3	55.5	55.52	55.66	55.47	55.19	55.26	55.14	54.69	55.08	54.94	54.47	54.66	54.27	53.87	53.18	52.29	50.89	47.54	0.0
0.0	47.07	50.51	51.75	52.35	53.21	53.54	54.4	54.26	53.96	54.28	54.75	55.52	55.6	55.24	55.45	55.08	54.91	55.1	55.07	55.12	54.93	55.37	54.84	54.94	54.7	54.02	54.4	53.89	53.84	53.65	52.95	52.29	51.89	50.57	47.34	0.0
0.0	47.62	50.67	52.18	53.36	53.63	53.8	54.69	54.99	54.95	55.22	54.91	54.6	55.27	55.86	55.93	55.98	55.74	55.6	55.77	55.59	55.55	55.21	55.15	55.11	54.81	55.02	54.48	54.87	54.6	54.39	53.6	53.06	52.56	50.6	47.67	0.0
0.0	46.64	50.57	52.04	52.52	53.44	54.06	54.71	55.16	55.01	55.23	55.55	55.23	55.39	55.54	55.38	55.28	55.54	55.19	55.36	55.09	55.63	55.3	54.99	54.9	55.47	54.77	55.0	54.67	53.93	53.81	53.0	52.71	52.06	50.02	47.01	0.0
0.0	46.95	50.16	51.84	52.42	53.39	53.75	53.77	54.09	54.47	54.66	53.98	54.6	54.69	54.79	55.14	54.6	54.91	54.71	55.03	55.22	55.07	55.08	55.1	55.23	54.7	54.85	54.75	54.38	54.09	53.51	53.32	52.57	51.86	50.23	47.3	0.0
0.0	46.85	50.73	52.09	53.01	53.69	54.02	54.69	54.99	55.25	54.82	55.4	56.19	56.31	56.5	56.21	56.14	55.77	55.98	56.17	55.9	55.67	55.6	55.46	55.44	55.17	55.11	55.16	55.44	54.87	53.82	53.92	52.93	52.29	50.64	47.64	0.0
0.0	47.32	50.98	52.76	53.56	54.14	54.77	55.01	55.3	55.36	55.62	55.42	56.04	56.57	56.24	56.51	56.74	56.84	56.69	56.42	56.51	56.12	56.04	55.88	55.89	55.9	55.7	55.82	55.58	55.12	54.64	54.33	53.49	52.38	51.08	47.15	0.0
0.0	47.18	50.55	52.28	53.21	53.63	53.83	54.1	54.63	55.14	55.07	55.44	55.23	55.67	55.69	54.96	55.43	55.23	55.33	55.72	55.61	55.6	55.25	55.0	55.31	55.1	54.71	54.79	54.64	54.49	53.93	53.6	52.55	52.03	50.71	47.58	0.0
0.0	47.16	50.37	52.24	53.33	53.92	54.79	55.07	54.87	55.25	55.51	55.26	55.41	55.81	55.54	55.49	55.7	55.8	55.94	56.05	56.29	55.86	55.22	55.59	55.71	55.81	55.29	55.58	54.82	54.86	54.27	53.79	53.3	52.42	50.59	47.37	0.0
0.0	46.89	50.32	52.04	53.01	53.67	53.72	54.13	54.31	54.4	54.72	54.46	54.51	55.05	54.63	54.79	54.88	54.93	54.87	55.16	54.98	54.87	55.12	54.81	54.75	55.29	54.87	55.07	54.68	54.56	54.04	53.69	52.95	51.88	50.54	46.98	0.0
0.0	47.28	50.82	52.35	53.28	53.83	54.09	54.44	55.11	55.24	54.95	55.5	55.64	55.62	55.26	55.43	55.68	55.71	55.65	55.56	55.87	55.43	56.0	55.55	55.5	55.47	55.37	55.02	54.85	54.88	53.99	54.04	53.14	52.35	50.86	47.2	0.0
0.0	46.88	50.08	52.0	53.06	53.74	54.38	54.67	55.08	54.81	55.26	55.03	54.91	55.29	55.4	55.37	55.88	55.85	55.88	55.49	55.56	55.67	55.34	55.28	55.23	54.81	54.99	54.78	54.39	54.31	54.33	53.83	53.65	52.44	51.12	47.47	0.0
0.0	47.28	50.82	52.06	53.24	53.71	53.81	54.37	54.86	55.01	54.97	55.13	55.37	55.86	55.59	55.56	55.7	55.8	55.73	55.48	55.53	55.23	55.13	55.3	55.09	55.15	55.19	55.51	54.45	54.69	54.15	54.05	53.32	51.86	50.49	46.96	0.0
0.0	47.28	51.03	52.92	53.38	54.37	54.71	54.84	55.48	55.55	55.71	55.62	55.85	55.96	56.19	55.9	56.03	56.02	55.92	55.68	55.5	55.95	56.07	55.91	56.65	56.06	56.11	55.77	55.76	54.86	54.48	54.1	53.29	52.3	50.8	47.53	0.0
0.0	46.87	50.36	52.17	52.92	53.53	53.79	54.42	54.67	54.37	54.67	55.09	55.1	55.01	55.27	55.29	55.02	55.09	55.49	55.3	55.31	55.65	55.54	55.5	55.04	55.44	54.98	54.54	54.35	54.12	53.89	53.58	53.15	52.62	50.72	47.18	0.0
0.0	47.19	50.19	52.15	53.07	53.92	53.92	54.51	54.6	54.41	54.67	55.2	55.27	55.23	55.09	55.76	55.59	55.75	55.6	55.79	55.14	55.65	55.39	55.74	55.76	55.21	55.04	55.42	54.67	54.77	54.26	53.6	53.37	52.02	50.57	47.1	0.0
0.0	47.53	50.33	51.97	53.36	53.67	54.38	54.61	54.61	55.13	55.21	55.17	55.52	55.55	55.62	55.75	55.95	56.12	55.72	55.87	55.71	55.51	55.43	55.3	55.54	55.37	55.28	55.06	54.97	54.74	54.43	53.55	52.85	52.24	50.79	47.33	0.0
0.0	47.2	50.75	52.0	52.9	53.71	54.45	54.51	54.3	54.44	54.6	54.79	55.1	55.39	55.72	55.37	55.58	55.65	55.62	55.91	55.19	55.27	55.11	55.08	54.98	54.63	54.66	54.4	54.44	54.03	54.03	53.92	52.99	52.12	50.5	47.08	0.0
0.0	47.4	50.85	52.47	53.48	54.39	54.61	55.2	55.31	55.49	55.64	55.71	55.95	56.33	56.0	56.07	56.19	56.03	56.41	56.08	56.32	56.12	55.68	55.66	55.14	55.67	55.31	54.86	54.85	54.67	54.3	54.27	53.27	52.43	50.82	47.34	0.0
0.0	47.13	50.87	52.52	53.22	53.61	54.31	54.46	54.52	54.4	55.17	55.11	54.96	55.3	55.54	55.66	55.42	55.51	55.68	55.6	55.66	55.96	55.83	55.48	55.19	55.14	54.88	54.72	54.59	54.4	53.73	53.82	53.01	51.91	50.55	47.33	0.0
0.0	47.13	50.93	52.47	53.32	54.02	54.7	54.71	55.32	55.27	55.23	56.09	55.71	55.81	55.61	55.84	55.98	55.51	55.96	56.17	55.53	55.33	55.4	55.26	55.72	55.26	55.25	55.32	54.7	54.74	54.21	53.49	52.88	52.13	51.03	47.34	0.0
0.0	46.81	50.53	51.91	53.28	53.33	54.06	54.03	54.37	54.82	55.01	54.97	55.18	54.77	54.74	54.61	55.14	55.44	55.0	54.68	55.03	54.78	55.0	55.01	54.83	54.77	54.59	54.38	54.02	53.96	53.78	53.25	52.49	51.65	50.18	46.95	0.0
0.0	47.04	50.41	51.85	53.04	53.61	54.36	54.22	54.23	54.45	54.86	54.93	55.05	55.6	55.17	55.19	55.39	55.22	55.0	54.78	54.82	54.7	55.42	55.07	55.25	55.14	54.78	54.56	54.32	54.09	53.59	53.22	52.6	51.95	50.1	47.15	0.0
0.0	47.37	50.58	52.02	53.3	53.64	53.93	54.36	54.71	54.67	55.11	55.06	54.67	55.02	55.57	55.31	55.6	54.93	55.41	55.42	55.57	55.21	55.42	55.35	55.38	54.83	54.99	54.79	54.82	54.03	53.81	53.58	52.51	52.42	50.87	47.08	0.0
0.0	47.39	50.47	52.31	53.41	54.1	54.29	54.66	55.22	54.75	55.04	55.14	55.53	55.94	56.33	56.35	55.96	55.83	55.94	55.62	56.09	55.79	56.14	55.55	55.59	55.32	55.31	54.96	54.82	54.61	54.44	54.03	53.52	52.18	50.9	47.72	0.0
0.0	47.15	50.23	51.96	52.44	53.47	54.04	54.97	54.8	55.27	55.4	55.4	55.77	55.25	55.3	55.53	55.58	55.61	56.19	55.62	55.8	55.94	56.01	55.68	55.47	55.26	55.38	54.7	54.77	54.37	54.1	53.9	53.35	52.32	50.61	47.31	0.0
0.0	47.15	50.6	51.76	53.45	53.6	54.28	54.8	55.03	54.99	55.05	55.09	55.36	55.44	55.27	55.13	55.63	55.56	55.7	55.63	55.35	55.66	55.84	55.69	54.98	54.75	55.03	54.86	54.88	54.4	53.89	53.5	52.84	52.02	50.55	46.88	0.0
0.0	46.93	50.18	51.66	52.58	53.75	54.01	54.68	54.76	54.7	54.66	54.98	54.33	55.0	54.97	55.1	54.88	55.22	55.83	55.64	55.35	55.62	55.68	54.96	55.06	54.99	54.29	54.66	54.09	54.19	53.84	53.13	52.38	51.51	49.89	46.98	0.0
0.0	47.22	50.82	52.1	52.89	53.36	54.15	54.81	54.76	55.09	54.83	55.48	55.23	55.88	55.48	55.62	56.0	56.0	56.08	56.09	56.07	55.86	55.43	54.95	55.04	55.23	55.18	54.92	54.48	54.45	54.4	53.6	53.34	52.31	50.57	47.11	0.0
0.0	47.35	50.69	52.38	52.98	53.83	54.6	55.33	55.1	55.16	55.27	55.42	55.47	55.62	56.17	56.06	56.22	56.18	56.28	56.49	55.95	56.13	56.12	55.73	55.77	55.89	55.77	55.09	55.41	54.97	54.67	54.34	53.41	52.38	50.72	47.28	0.0
0.0	46.78	50.25	51.94	52.3	53.4	53.68	53.95	54.51	54.55	54.72	54.69	55.15	54.93	55.35	55.29	54.86	54.7	55.3	54.71	55.26	54.79	54.92	54.88	54.89	54.41	54.31	53.91	54.13	53.81	53.88	53.02	52.48	51.59	50.32	46.82	0.0
0.0	47.27	50.67	52.39	53.04	52.8	53.75	54.06	54.37	54.96	54.82	55.45	55.26	55.56	55.45	55.68	55.59	55.56	55.39	55.34	55.38	55.06	54.97	55.02	55.01	54.82	55.13	55.26	54.48	54.47	54.08	53.51	52.65	51.99	50.0	46.61	0.0
0.0	46.88	50.84	51.99	52.49	53.52	53.94	54.15	54.37	54.34	54.71	54.44	54.79	54.95	55.24	54.9	54.93	55.24	55.59	55.29	55.24	55.02	55.54	55.12	55.27	54.81	54.87	54.43	54.63	54.57	54.47	53.28	53.27	52.31	50.55	46.95	0.0
0.0	46.97	50.39	51.55	52.68	53.69	54.32	54.89	54.83	55.2	55.2	55.49	55.94	55.86	55.58	55.61	55.76	56.4	55.64	55.81	55.43	55.55	56.0	55.61	55.63	55.75	55.74	55.24	54.91	54.74	54.16	54.1	53.9	52.29	50.63	46.92	0.0
0.0	47.59	51.21	52.5	53.48	54.27	54.54	55.05	55.03	55.18	55.53	55.42	55.21	55.85	55.97	55.9	55.59	55.81	55.82	55.66	55.73	55.89	55.79	56.06	55.27	55.56	55.41	55.14	54.95	54.87	54.77	54.29	53.82	52.37	50.92	47.37	0.0
0.0	47.67	50.84	52.59	53.91	54.17	54.62	54.5	55.19	55.17	55.15	55.46	55.48	55.28	55.77	55.75	55.73	56.41	55.88	55.46	55.33	55.77	55.3	55.62	55.78	55.87	55.66	55.61	55.15	54.81	54.3	53.66	53.5	51.9	50.75	47.3	0.0
0.0	47.2	50.74	52.1	53.08	53.82	54.14	54.54	54.8	55.07	55.46	55.69	55.52	55.72	55.72	55.88	56.05	55.86	55.9	56.33	55.71	55.64	55.86	55.46	55.32	55.51	55.94	55.3	55.03	55.09	54.72	53.9	53.26	52.13	50.87	46.95	0.0
0.0	46.95	50.45	51.84	52.79	53.56	53.94	54.28	54.62	54.54	54.85	54.69	54.97	54.59	54.91	54.98	55.16	55.18	55.54	55.66	55.39	55.61	55.29	55.36	55.11	54.91	54.89	54.82	54.35	54.12	53.7	53.48	52.52	52.13	50.7	47.38	0.0
0.0	47.2	50.58	51.72	52.71	53.22	53.66	54.37	54.56	54.52	55.02	55.26	55.31	55.33	55.4	55.53	55.49	55.41	55.27	55.01	55.2	54.96	54.99	54.83	54.48	54.59	54.81	54.3	54.09	54.13	53.9	53.12	52.66	51.59	50.04	46.81	0.0
0.0	47.35	51.1	52.81	53.53	53.74	53.72	54.42	55.03	54.66	54.69	54.77	55.15	55.53	55.32	55.19	55.35	55.28	55.12	55.35	55.47	55.28	55.77	55.18	55.45	55.57	55.08	55.19	54.97	54.57	54.19	54.0	52.79	52.03	50.64	46.9	0.0
0.0	46.82	49.83	51.89	52.42	53.13	53.9	54.38	54.33	54.62	54.97	55.0	55.23	54.67	55.15	54.95	55.12	55.51	55.26	54.99	55.3	55.0	55.29	54.62	55.05	54.43	54.7	54.44	54.38	53.96	54.1	52.97	52.57	51.79	50.0	46.73	0.0
0.0	47.4	50.8	52.23	52.86	53.5	54.15	54.79	55.12	55.43	55.02	55.47	55.21	55.72	55.46	55.1	56.02	55.82	55.62	55.77	55.93	55.86	55.88	55.38	55.82	55.48	55.28	55.34	55.26	54.74	54.73	53.91	53.48	52.64	50.9	47.72	0.0
0.0	47.24	51.15	52.55	53.74	54.64	54.4	54.95	54.78	55.36	55.97	56.0	56.01	55.57	56.02	55.79	55.93	55.58	56.0	55.72	55.79	56.24	56.35	55.73	55.76	55.83	55.96	55.31	55.45	55.15	54.53	54.16	53.5	52.73	51.24	47.36	0.0
0.0	47.16	50.19	52.04	53.45	53.31	54.13	54.63	55.05	54.7	55.26	55.21	55.58	55.55	55.61	55.44	56.02	55.48	55.38	55.45	55.59	55.44	55.49	55.3	55.28	54.95	54.79	54.67	54.23	54.01	53.53	52.78	52.88	51.73	50.09	47.05	0.0
0.0	47.25	50.29	51.94	52.54	52.97	53.44	53.76	54.41	54.66	54.96	54.67	55.19	55.46	55.35	55.52	55.28	55.27	55.68	54.97	55.1	55.3	54.96	54.82	54.71	54.57	54.66	54.6	54.54	54.62	53.6	53.08	52.49	52.02	50.79	46.89	0.0
0.0	47.57	51.1	52.27	53.31	53.7	53.93	54.64	54.85	55.2	55.28	56.0	56.28	55.73	55.62	56.02	55.88	55.85	55.98	55.92	55.49	55.86	56.01	55.93	56.16	55.82	55.75	55.38	54.94	55.08	54.79	54.34	53.63	52.56	51.16	47.61	0.0
0.0	46.98	50.86	52.14	52.94	53.68	53.64	54.33	54.51	54.27	54.66	54.97	54.89	54.93	55.15	55.2	55.18	55.52	55.17	55.4	55.41	55.56	54.97	54.77	55.26	54.71	54.57	54.91	54.21	53.64	53.81	53.14	52.67	51.55	50.2	47.51	0.0
0.0	47.52	50.78	52.04	53.39	53.89	54.71	54.87	55.2	55.41	55.88	56.18	55.78	56.02	55.52	55.63	55.67	55.95	56.07	56.03	55.74	56.66	56.18	55.85	55.81	55.11	55.75	55.44	55.04	54.95	54.38	53.97	53.18	52.39	50.84	47.13	0.0
0.0	47.02	50.13	52.22	53.33	53.63	54.44	54.71	54.6	55.01	55.0	55.44	55.69	55.11	55.49	55.22	55.27	55.41	55.16	55.22	55.25	55.58	54.89	54.83	54.73	54.7	54.72	54.98	54.72	54.66	53.76	53.46	52.64	52.1	50.45	47.08	0.0
0.0	47.5	51.04	52.62	53.96	54.24	54.33	55.18	55.34	55.39	55.67	56.16	56.15	56.23	56.13	55.9	56.05	56.0	55.74	55.81	56.38	56.59	56.22	56.22	56.12	55.71	55.96	55.97	55.59	54.92	54.58	54.22	53.52	52.18	50.63	47.52	0.0
0.0	47.58	50.46	52.3	53.22	53.94	53.51	54.0	54.29	54.84	54.93	55.07	55.36	55.12	55.05	55.48	55.04	55.02	55.1	55.23	55.02	55.48	54.86	54.96	54.97	54.64	54.17	54.14	54.0	53.74	53.78	53.32	53.51	52.41	50.04	46.98	0.0
0.0	47.08	50.77	51.88	52.93	53.92	53.92	54.29	54.62	55.26	55.03	55.09	54.76	55.32	55.59	55.72	55.4	55.66	55.46	55.63	55.59	55.47	55.48	55.56	55.14	54.98	54.48	54.46	54.81	53.96	53.79	53.41	52.78	52.06	50.5	47.26	0.0
0.0	47.13	50.43	52.5	53.28	53.6	54.19	54.42	54.5	54.67	54.97	54.57	54.75	55.12	55.26	55.29	55.26	55.42	55.03	55.4	55.31	55.31	55.05	55.17	54.99	55.11	54.59	54.86	54.7	54.67	54.33	53.38	52.75	51.75	50.37	47.16	0.0
0.0	47.28	50.58	52.07	53.63	53.77	54.17	54.08	54.42	54.86	55.46	55.38	55.36	55.52	55.69	56.06	55.56	55.93	56.05	55.92	55.42	55.56	55.09	55.0	55.22	55.19	54.81	54.82	54.59	54.36	54.21	53.45	53.09	52.36	50.45	47.05	0.0
0.0	47.03	50.4	52.23	52.98	54.02	54.15	54.2	55.01	54.93	55.0	55.43	55.61	55.12	55.2	55.74	56.08	55.07	54.95	55.38	55.46	55.61	55.21	55.16	55.09	55.11	55.3	54.51	54.28	53.76	53.81	53.46	52.58	51.8	50.36	47.17	0.0
0.0	46.88	50.68	52.44	53.29	53.88	54.54	54.63	55.04	54.91	55.29	55.16	55.28	55.17	55.35	55.4	55.68	56.0	55.49	55.4	55.91	55.59	55.21	55.14	54.94	54.7	54.78	54.84	54.5	54.03	54.07	53.47	53.02	52.06	50.45	47.18	0.0
0.0	47.16	51.21	52.42	53.3	53.95	54.62	54.8	54.78	54.91	55.44	55.64	55.73	56.18	55.98	55.6	55.57	55.78	55.86	55.91	55.91	55.66	56.01	55.69	55.32	55.42	55.05	54.7	54.84	54.67	54.27	53.55	53.27	52.88	51.24	47.61	0.0
0.0	46.97	50.61	52.04	53.2	53.79	54.26	54.75	54.61	55.14	55.48	55.3	55.37	55.27	55.24	55.14	54.94	55.28	55.51	55.25	55.32	55.36	55.4	55.04	54.74	55.09	54.89	54.33	54.36	53.72	53.58	53.62	52.91	51.64	50.43	47.04	0.0
0.0	47.31	50.72	52.36	52.95	53.44	53.52	54.17	55.06	55.01	55.28	55.14	55.04	55.41	55.92	55.5	55.78	55.6	55.72	55.81	55.72	55.9	55.42	55.1	55.37	54.99	55.16	54.45	54.15	54.23	54.17	53.51	52.93	51.55	50.77	46.91	0.0
0.0	47.3	50.76	52.65	53.82	54.02	54.28	54.07	55.01	55.18	55.67	55.78	55.98	55.94	56.04	55.79	56.17	55.85	56.07	55.62	55.66	55.99	56.08	55.8	55.58	55.26	55.52	55.37	55.32	54.97	54.34	54.04	53.62	52.3	50.63	47.15	0.0
0.0	47.03	50.5	51.73	52.66	53.08	53.73	53.83	54.65	54.74	55.11	55.13	55.38	55.29	55.02	54.68	55.12	55.19	55.03	54.81	54.92	54.79	54.73	54.74	55.2	54.65	54.53	54.12	54.55	54.14	53.63	52.86	52.27	51.76	49.92	46.66	0.0
0.0	47.55	50.91	52.12	52.84	53.59	53.94	54.56	54.26	54.54	54.72	55.34	54.73	55.0	54.87	55.07	55.57	55.53	55.5	55.44	55.13	55.7	55.41	55.64	55.26	55.57	55.28	54.84	54.75	54.75	54.35	53.5	53.37	52.23	50.61	47.05	0.0
0.0	47.31	50.41	52.32	53.0	53.27	54.14	53.96	54.29	54.3	54.62	55.05	54.76	54.9	55.2	55.16	54.99	55.55	55.38	55.32	55.21	55.61	54.99	55.25	54.81	54.61	54.38	54.75	54.66	54.07	53.49	53.54	52.96	51.74	50.46	46.81	0.0
0.0	47.1	50.53	51.91	53.25	53.84	54.52	54.68	54.69	55.03	55.18	55.37	55.13	55.28	55.64	55.86	56.15	55.99	56.21	56.1	55.54	55.49	55.5	55.56	55.84	55.18	55.07	54.58	54.72	54.62	54.26	53.98	53.29	52.35	50.71	47.34	0.0
0.0	47.55	50.76	52.17	52.36	53.76	53.97	54.03	54.34	54.63	54.96	55.07	55.01	55.63	55.84	55.62	55.59	55.53	55.49	55.78	55.31	55.2	55.8	55.69	55.58	55.38	55.12	55.3	54.99	54.67	54.23	53.66	53.04	52.4	50.94	47.24	0.0
0.0	47.35	50.65	52.0	52.83	53.04	53.97	54.2	53.86	55.0	55.23	54.88	55.11	55.17	55.14	55.2	55.11	55.28	55.35	55.52	55.24	55.49	55.39	55.28	54.8	54.75	55.27	54.54	54.96	54.72	54.35	53.81	52.85	52.26	50.5	47.15	0.0
0.0	47.64	50.62	52.07	53.54	53.79	54.09	54.77	54.81	55.16	55.5	55.06	55.48	55.51	55.59	55.82	55.67	55.99	55.61	55.52	55.9	55.58	55.69	55.33	55.21	55.23	55.16	55.18	54.69	54.5	53.83	53.54	53.23	51.81	50.77	47.21	0.0
0.0	47.09	50.42	51.83	52.86	53.67	54.22	54.26	54.59	55.07	54.94	54.94	55.0	55.21	54.85	54.91	55.29	55.51	55.36	55.15	55.34	54.9	54.9	54.61	54.83	54.53	54.6	54.89	54.21	54.02	53.45	53.27	52.7	52.13	50.25	47.07	0.0
0.0	47.15	50.16	51.96	52.92	53.76	53.87	54.28	54.39	54.34	54.66	54.99	55.07	55.06	55.4	55.74	55.17	55.1	55.41	55.05	55.06	54.96	54.9	54.87	54.96	54.62	54.6	54.82	54.15	54.25	53.8	53.6	52.71	51.82	50.25	47.34	0.0
0.0	47.51	50.87	52.55	53.28	53.46	53.73	53.95	54.25	54.84	54.79	54.99	55.24	55.11	55.43	55.22	55.83	56.09	55.99	55.54	56.25	55.64	55.63	55.96	55.44	55.43	55.28	55.12	54.47	54.54	53.99	53.31	53.03	52.04	50.19	47.28	0.0
0.0	47.02	50.43	52.23	53.12	53.92	54.29	54.22	54.36	54.6	54.74	54.81	54.35	54.85	55.43	55.21	55.55	55.14	55.47	55.06	54.94	54.99	54.96	54.93	55.06	55.06	54.83	54.52	54.59	53.95	53.6	53.51	53.01	52.47	50.44	46.96	0.0
0.0	47.26	50.35	52.08	53.05	53.83	53.8	54.78	54.85	54.79	55.24	55.29	55.21	55.24	55.34	55.61	55.39	55.74	55.58	55.92	55.78	55.37	55.64	55.35	55.26	55.09	55.23	54.84	54.58	54.25	53.95	53.85	53.0	51.85	50.82	47.16	0.0
0.0	47.06	50.45	52.01	52.86	53.48	53.81	54.16	54.07	54.13	54.65	54.82	54.85	54.93	54.93	54.9	54.91	55.43	55.08	55.29	55.31	55.09	55.3	54.95	54.85	54.67	54.95	54.72	54.52	53.97	53.82	53.58	52.83	52.11	50.31	46.94	0.0
0.0	46.99	50.3	51.66	52.51	52.88	53.86	54.0	54.23	54.57	55.35	55.18	54.95	55.28	55.61	55.38	55.63	55.5	55.13	55.36	55.19	55.14	54.81	54.71	54.9	54.84	54.88	54.33	54.14	54.17	53.81	53.16	53.16	51.36	50.66	46.86	0.0
0.0	47.2	50.29	51.86	52.68	53.91	53.88	54.29	54.31	54.53	54.84	55.03	55.13	54.81	55.45	55.29	55.3	54.96	55.23	55.31	55.28	55.13	55.49	55.77	55.46	54.97	54.61	54.88	54.03	54.04	53.77	53.78	53.24	52.36	50.58	47.54	0.0
0.0	47.05	50.56	52.05	52.99	53.6	53.85	54.55	54.32	55.01	55.11	54.9	54.95	55.12	55.67	55.59	55.51	55.74	55.58	55.89	55.81	55.91	55.27	55.49	55.11	55.25	55.16	55.42	54.74	55.03	54.64	53.61	53.29	52.23	50.37	47.27	0.0
0.0	47.27	51.16	52.49	53.71	53.74	54.4	55.14	55.38	55.68	55.73	56.15	56.16	55.92	55.64	56.38	56.31	56.33	55.93	55.99	55.78	56.1	56.2	56.0	56.16	56.03	55.76	55.52	54.76	54.33	54.06	54.35	53.23	52.56	50.57	47.28	0.0
0.0	47.19	49.95	51.24	52.39	53.27	53.42	53.56	54.12	54.12	54.33	54.7	54.8	54.6	54.94	54.74	55.22	54.42	54.96	54.79	54.85	54.71	54.95	54.92	54.75	54.94	54.92	54.27	54.29	53.65	53.48	52.94	52.57	51.61	50.57	47.02	0.0
0.0	46.74	50.2	51.82	52.68	53.39	53.9	54.66	54.7	55.04	55.13	55.5	55.22	55.61	55.26	55.2	55.77	55.46	55.09	55.4	54.82	54.64	55.15	55.38	55.52	55.13	55.07	54.89	54.79	54.51	54.02	53.16	53.51	52.33	50.58	47.31	0.0
0.0	47.3	50.34	52.2	53.19	53.71	54.4	54.79	54.66	54.67	54.66	54.98	54.83	55.22	55.1	55.12	55.19	54.95	54.77	55.01	55.47	55.27	54.94	55.18	55.02	54.84	54.67	54.68	54.41	54.54	54.38	53.79	52.94	52.21	50.64	47.04	0.0
0.0	47.42	50.81	52.08	53.29	53.97	54.68	54.71	55.43	55.15	55.32	55.74	55.56	55.43	55.72	55.65	55.43	56.21	55.99	55.8	55.98	55.87	55.82	55.81	55.47	55.6	55.45	55.33	55.06	54.85	54.12	53.56	53.07	52.07	50.42	47.44	0.0
0.0	47.46	50.9	52.35	53.34	54.5	54.28	54.34	54.94	55.07	55.2	54.97	55.56	55.9	55.52	55.61	55.6	56.06	55.58	55.88	55.28	55.61	56.01	55.46	55.46	55.02	55.52	55.12	54.97	55.14	54.33	53.27	53.25	52.48	50.66	47.4	0.0
0.0	47.01	49.7	51.32	51.92	52.52	53.04	53.7	53.85	54.41	54.74	54.49	54.53	54.6	54.43	54.55	55.01	54.95	55.14	54.79	54.87	54.79	54.48	54.03	54.27	53.76	54.09	54.16	53.98	53.3	53.29	52.69	52.21	51.11	50.02	46.9	0.0
0.0	47.19	50.53	52.55	53.26	53.89	54.31	54.72	54.91	54.9	55.1	55.61	55.26	55.22	55.43	55.46	55.76	55.69	55.65	55.38	55.77	55.23	55.55	55.18	55.41	55.44	54.81	54.64	54.74	54.66	54.06	54.1	53.52	52.3	50.42	47.27	0.0
0.0	47.38	50.7	52.45	53.01	53.92	54.67	54.82	55.07	54.99	55.31	55.09	55.21	55.07	55.77	55.59	55.52	55.78	55.72	55.78	55.33	55.73	56.14	55.62	55.21	55.01	55.64	55.05	54.92	54.21	54.17	53.53	53.32	52.43	50.48	47.32	0.0
0.0	47.38	50.55	51.67	53.14	53.27	54.12	54.34	54.82	55.18	55.81	55.89	55.6	55.63	55.92	55.67	55.91	55.76	55.59	55.44	55.59	55.51	55.94	55.6	55.26	55.31	55.29	55.16	54.72	54.7	54.2	53.85	52.99	52.16	50.68	47.36	0.0
0.0	46.86	50.47	52.47	52.92	53.78	54.24	54.59	54.92	55.0	54.85	55.24	55.26	55.27	55.64	56.03	55.62	55.78	55.68	55.33	55.59	55.73	55.69	55.88	55.74	55.59	55.12	55.2	55.3	54.68	54.01	53.59	53.12	51.98	50.57	46.9	0.0
0.0	47.16	50.63	52.38	53.38	54.01	54.91	55.0	55.28	55.28	55.81	55.82	55.83	56.09	56.4	55.79	55.88	56.26	56.29	56.18	56.05	56.12	55.57	55.57	55.63	55.58	55.99	55.22	54.74	54.9	54.28	54.22	53.11	52.25	50.85	47.7	0.0
0.0	47.29	50.91	52.11	52.85	53.4	53.92	54.61	54.56	55.1	55.02	55.06	55.65	54.96	55.33	55.01	55.13	55.2	55.37	55.43	55.52	55.57	55.32	55.49	55.31	55.35	55.41	55.21	54.67	54.67	54.36	53.89	53.08	52.46	50.49	46.91	0.0
0.0	47.53	50.95	52.58	53.14	53.51	54.58	54.55	54.76	55.27	55.46	55.32	56.08	55.84	56.1	56.09	55.86	56.28	55.98	55.72	56.03	56.11	55.68	55.65	56.09	55.62	55.51	55.84	54.98	54.65	54.03	54.27	53.53	52.08	50.62	47.37	0.0
0.0	46.97	50.32	52.4	53.09	53.27	53.39	53.97	54.12	54.66	54.74	55.11	55.22	55.58	55.63	55.49	55.15	55.07	55.19	55.61	55.75	55.43	55.39	55.58	55.28	55.34	54.89	54.85	54.31	54.35	54.12	53.59	53.01	51.69	50.31	47.19	0.0
0.0	46.75	50.93	52.27	53.46	54.08	54.27	54.53	54.83	55.29	55.73	55.52	56.02	55.82	55.87	55.81	55.88	55.75	56.14	56.11	55.82	55.91	55.72	55.5	55.11	54.97	55.07	54.71	54.38	54.46	53.64	53.36	53.16	51.9	50.37	47.26	0.0
0.0	47.47	50.81	52.27	52.91	53.43	54.18	54.3	54.91	54.4	54.7	55.13	55.11	55.31	55.75	55.65	55.3	55.12	55.22	55.63	55.27	55.66	55.36	55.1	55.21	55.17	54.97	54.64	54.67	54.11	53.84	53.37	52.84	51.71	50.17	46.78	0.0
0.0	46.62	50.5	52.23	52.54	53.67	54.57	54.21	54.37	54.7	55.17	55.13	55.15	55.75	55.42	55.49	55.56	55.79	55.52	55.5	55.94	55.6	55.63	55.81	55.56	55.49	55.42	54.91	55.02	54.7	54.9	53.63	53.15	52.04	50.5	47.17	0.0
0.0	47.21	50.61	51.78	52.81	53.58	54.27	54.37	54.86	54.78	55.4	55.43	55.12	55.45	54.87	55.02	55.4	55.67	55.48	55.31	55.16	54.92	55.04	55.04	55.24	55.06	54.83	55.06	54.78	54.6	54.11	53.55	53.04	51.95	50.55	47.41	0.0
0.0	47.21	50.53	52.13	53.1	53.79	54.78	54.88	55.07	54.89	55.07	55.52	55.66	55.77	55.94	56.05	55.9	55.9	55.95	55.92	55.67	55.68	55.4	55.63	55.49	55.46	55.79	54.93	54.78	54.7	54.57	53.97	53.12	52.11	50.46	47.26	0.0
0.0	47.4	50.78	52.75	53.49	53.87	54.52	55.02	55.33	55.65	56.06	55.91	56.06	55.63	55.42	56.02	55.77	56.2	56.16	56.12	56.01	55.9	55.54	55.62	55.58	55.21	55.03	54.5	54.87	54.79	54.22	54.19	53.24	52.76	50.66	47.54	0.0
0.0	47.33	50.57	52.48	53.32	53.68	54.09	54.31	54.01	54.61	54.79	55.21	55.44	55.5	55.65	55.47	55.72	55.57	56.25	55.79	55.9	55.58	55.99	55.78	55.8	55.5	55.7	55.63	55.17	54.91	53.93	53.51	52.91	52.21	50.95	47.04	0.0
0.0	46.95	50.4	51.55	52.47	53.34	53.92	54.71	55.11	55.13	54.87	55.11	55.41	55.18	55.73	55.75	55.67	55.03	55.56	55.39	55.67	55.48	55.52	55.47	55.32	55.27	55.13	54.56	54.57	54.92	53.93	53.97	53.57	52.16	50.7	46.84	0.0
0.0	47.39	50.58	52.08	53.37	53.67	53.59	54.49	54.97	55.03	55.01	54.97	55.21	55.44	55.43	55.27	55.45	55.72	55.73	55.41	55.21	55.58	55.42	55.45	54.95	55.16	55.19	55.11	54.55	54.35	54.23	53.5	53.15	51.94	50.62	47.14	0.0
0.0	47.11	50.49	52.02	52.97	53.61	54.47	54.55	54.47	54.93	55.03	54.97	54.94	55.09	55.08	54.83	54.77	54.89	54.97	55.1	55.23	54.9	54.92	54.73	55.32	54.9	54.41	54.6	54.6	54.17	53.75	53.82	52.93	52.02	50.36	47.22	0.0
0.0	47.32	50.89	51.76	52.75	53.8	54.12	54.2	54.66	54.66	55.29	54.99	55.51	55.29	55.49	55.39	55.6	55.29	55.38	54.93	55.6	55.34	55.27	55.33	55.47	54.94	54.54	54.61	54.58	54.53	54.05	53.52	53.08	52.49	50.6	46.83	0.0
0.0	47.76	50.7	52.32	53.65	54.29	54.31	54.8	55.19	55.18	55.54	55.6	55.95	55.63	55.85	56.03	56.04	55.9	55.73	55.52	56.07	55.55	55.74	55.62	55.07	55.38	55.14	54.97	55.01	55.24	54.65	54.04	53.57	52.79	51.27	47.8	0.0
0.0	47.24	50.52	52.28	52.79	53.22	54.06	54.34	54.18	54.43	54.75	54.94	55.21	55.42	55.24	55.36	55.1	55.46	55.61	54.72	55.09	55.26	55.39	55.4	55.02	54.76	54.37	54.6	54.27	54.17	53.93	53.54	52.95	51.53	50.29	47.34	0.0
0.0	46.97	50.22	51.75	53.21	53.54	53.85	54.55	54.73	54.81	55.13	55.36	55.71	55.19	55.23	55.74	54.96	55.65	55.02	55.52	55.41	55.24	55.5	55.42	55.0	55.14	54.57	55.3	54.56	54.42	53.79	53.04	52.47	51.42	50.39	46.99	0.0
0.0	47.43	50.78	52.54	53.68	53.77	54.07	54.5	54.82	55.2	55.11	55.67	55.61	56.1	55.61	55.76	55.81	56.25	56.26	55.99	55.85	55.54	55.56	55.7	55.28	54.81	54.54	54.92	54.97	54.93	54.1	53.44	52.65	51.89	50.56	47.31	0.0
0.0	46.96	49.96	51.78	52.63	52.88	53.42	53.87	53.51	54.31	54.7	55.34	54.93	54.95	54.75	54.85	55.06	54.97	54.54	54.62	55.21	55.2	55.33	54.88	54.93	55.19	54.51	54.31	53.98	53.92	53.8	53.35	52.63	51.88	50.28	46.82	0.0
0.0	47.6	50.85	52.54	53.04	54.04	54.53	54.99	55.21	54.72	55.29	55.31	55.42	55.6	55.82	55.82	55.96	55.87	56.12	55.95	55.64	55.85	56.23	56.13	55.92	55.51	55.58	55.26	54.77	54.66	54.63	54.13	53.41	52.31	50.98	47.66	0.0
0.0	47.1	50.41	51.89	52.82	53.57	53.75	54.19	54.42	54.78	55.4	55.24	55.5	55.29	55.38	55.36	55.51	55.49	55.55	55.82	55.73	55.33	55.27	55.3	55.16	55.42	55.57	55.03	54.41	53.92	53.51	53.05	52.56	51.92	50.23	46.7	0.0
0.0	46.75	50.71	51.91	52.95	53.68	54.13	54.36	54.59	54.92	55.29	55.02	55.1	55.08	54.95	55.21	55.22	55.19	55.0	55.0	54.89	54.8	54.74	55.18	54.9	54.67	54.66	54.63	54.53	53.98	53.74	53.53	52.6	51.81	49.88	46.91	0.0
0.0	47.69	50.66	52.35	53.0	53.3	54.21	54.36	54.61	55.05	55.34	55.3	55.24	55.16	55.68	55.25	55.87	55.83	55.92	55.48	55.69	55.56	55.78	55.84	55.54	55.57	55.09	54.61	54.83	54.58	54.02	53.46	52.97	52.05	50.5	47.11	0.0
0.0	46.91	50.37	52.07	52.69	53.15	53.59	54.18	54.48	54.51	54.66	55.11	54.84	55.35	55.61	55.04	55.21	55.2	55.26	55.02	55.56	55.48	55.55	55.44	55.13	55.17	54.57	54.61	54.8	54.48	54.22	53.61	52.58	51.66	50.29	47.27	0.0
0.0	47.68	50.66	52.48	52.96	53.84	54.22	54.02	54.06	54.54	54.86	55.25	55.33	54.86	55.03	55.16	55.55	56.03	56.02	55.75	56.01	56.17	56.02	56.14	55.6	55.57	55.57	54.79	54.63	54.46	54.35	53.91	53.55	52.43	50.51	47.06	0.0
0.0	47.11	50.19	51.91	53.36	53.82	53.83	54.56	54.54	54.88	54.67	55.28	55.15	55.62	55.34	55.58	55.44	55.85	55.82	55.64	55.58	55.72	55.78	55.46	55.18	55.4	55.16	54.66	54.48	53.88	54.23	53.64	53.14	51.51	50.31	47.23	0.0
0.0	47.34	50.59	52.38	52.97	53.71	53.99	54.56	54.54	55.09	54.9	54.6	55.16	55.39	55.26	55.12	55.44	55.34	55.32	55.56	55.55	55.42	55.74	55.56	55.4	55.38	54.86	55.07	54.89	54.27	53.48	53.34	52.85	51.65	50.46	47.3	0.0
0.0	46.81	50.97	51.93	52.76	53.56	54.56	55.06	55.23	55.12	55.24	55.25	55.24	55.22	55.08	55.64	55.72	55.58	55.66	55.26	55.2	55.56	54.96	55.01	55.19	55.29	54.95	54.62	54.14	54.17	54.26	53.59	52.65	51.81	50.22	47.04	0.0
0.0	47.75	51.26	52.73	53.94	54.02	54.4	54.66	54.88	55.47	55.55	55.97	55.95	56.13	56.01	56.51	56.34	56.28	56.35	56.46	56.63	56.27	56.11	56.14	55.96	55.8	55.38	55.0	55.07	54.86	54.62	54.03	53.06	52.07	51.04	47.63	0.0
0.0	47.49	50.49	52.18	53.19	54.01	54.13	54.6	54.6	54.95	55.89	55.05	55.41	55.76	55.58	55.87	55.65	55.91	55.98	55.9	55.72	55.71	55.39	55.59	55.75	55.52	55.26	55.03	54.84	54.97	54.46	54.13	53.27	51.99	50.37	46.98	0.0
0.0	47.39	50.44	52.26	53.31	53.8	54.04	54.19	54.53	55.05	55.29	55.69	55.71	55.41	55.08	55.57	55.66	55.86	55.97	55.71	55.64	55.37	55.2	54.8	55.0	55.05	55.03	55.08	54.97	54.32	53.86	53.65	52.83	51.79	50.16	47.02	0.0
0.0	47.18	50.71	52.37	53.64	53.61	54.25	54.66	54.73	55.1	55.14	55.53	55.41	55.5	55.57	55.41	55.44	55.59	55.62	56.02	55.39	55.47	55.47	55.3	55.38	55.3	55.05	54.91	54.68	54.44	54.43	53.77	53.14	52.44	50.37	47.3	0.0
0.0	47.32	50.65	52.36	53.15	53.69	54.25	54.41	54.68	54.78	54.62	54.83	54.77	55.3	55.26	55.41	55.15	55.49	55.26	55.75	55.82	55.55	55.39	55.12	54.81	55.18	55.27	54.86	54.74	54.81	54.16	54.0	53.44	52.32	50.98	47.05	0.0
0.0	47.42	50.93	52.2	52.98	53.96	54.21	54.7	54.55	54.86	55.04	55.27	55.1	55.74	55.22	55.47	55.32	55.28	55.75	55.53	55.66	55.51	55.38	55.3	54.97	54.9	55.2	54.48	54.99	54.39	53.99	53.49	53.12	52.21	50.4	47.13	0.0
0.0	47.13	50.74	52.22	53.31	53.53	54.03	54.69	55.25	55.05	54.92	55.1	55.05	55.23	55.26	55.53	55.39	55.28	55.5	55.67	55.52	55.84	55.6	55.91	55.7	55.64	55.22	54.95	54.66	54.27	53.93	53.2	52.82	52.34	50.52	46.73	0.0
0.0	47.35	50.49	52.14	52.79	53.28	53.92	54.55	55.15	54.75	54.72	54.81	55.5	55.55	55.4	55.28	55.35	55.5	55.5	55.72	55.93	55.64	55.54	55.49	55.41	54.95	55.24	55.29	54.51	54.08	54.02	53.61	53.07	52.15	50.58	47.21	0.0
0.0	46.91	50.6	52.15	52.95	53.87	54.34	54.95	54.73	55.08	55.24	55.41	54.85	55.31	55.5	55.7	55.67	55.85	55.61	55.48	55.39	55.19	55.22	55.13	55.72	55.49	55.11	54.97	55.01	54.66	54.38	53.58	53.02	51.66	50.5	46.87	0.0
0.0	47.12	50.63	52.3	53.2	53.7	54.16	54.3	55.23	55.2	55.22	55.45	55.51	55.54	55.55	55.67	55.97	56.25	55.95	55.84	55.8	55.27	55.42	55.45	55.58	55.07	55.62	55.31	55.21	54.67	54.33	53.36	53.19	52.35	50.71	47.22	0.0
0.0	46.52	50.51	51.44	52.74	53.19	53.54	53.46	54.06	54.25	54.63	54.24	54.46	54.81	55.01	54.45	54.8	54.24	54.24	54.61	54.67	54.42	54.49	54.84	55.05	54.28	54.55	54.04	53.89	54.33	53.65	53.32	52.2	51.3	50.21	46.63	0.0
0.0	47.11	50.82	52.12	53.3	53.57	53.99	54.67	55.18	55.03	54.92	55.49	55.44	55.51	55.58	55.33	55.3	55.5	55.34	55.37	55.13	55.54	55.37	55.09	55.58	55.09	55.1	55.17	54.6	54.15	53.65	53.41	53.12	52.64	50.75	47.07	0.0
0.0	46.78	50.48	51.66	52.89	53.38	53.68	54.07	54.29	54.53	54.98	55.36	55.65	55.12	55.67	55.63	56.31	56.28	55.95	55.43	55.29	54.85	55.33	55.49	55.64	55.38	55.04	54.68	55.15	54.89	53.81	53.65	52.83	52.16	50.41	46.92	0.0
0.0	47.15	50.26	51.6	53.05	53.21	53.5	54.35	54.29	54.75	55.19	55.06	55.27	55.56	55.54	55.59	55.68	55.75	56.05	55.71	55.61	55.39	55.7	55.5	55.17	55.24	55.35	55.26	54.87	54.68	54.22	53.81	53.1	52.28	50.44	47.15	0.0
0.0	47.68	51.09	52.82	53.28	54.46	55.0	54.87	56.04	55.75	55.79	56.08	56.28	56.15	56.28	56.27	56.28	56.56	56.55	56.39	56.15	56.04	56.32	56.81	56.42	56.11	55.55	54.99	55.04	55.07	54.62	54.0	53.55	52.06	50.95	47.46	0.0
0.0	47.07	50.42	52.19	52.57	53.32	54.13	54.26	54.77	54.75	54.87	55.43	55.63	55.96	55.72	55.84	55.76	55.84	55.97	55.41	55.33	55.71	55.6	55.31	54.95	55.16	55.01	54.68	54.6	54.64	54.19	53.67	53.03	52.3	50.68	47.26	0.0
0.0	47.2	51.13	52.16	53.15	54.19	54.31	54.95	55.03	55.37	55.67	55.96	56.23	55.83	56.21	55.66	56.17	55.62	56.02	55.81	56.16	56.34	56.01	55.87	55.77	55.7	55.38	55.44	55.56	55.11	54.45	53.74	53.18	52.51	50.8	47.25	0.0
0.0	47.39	50.49	51.91	53.05	54.01	54.53	54.63	54.53	54.87	54.33	54.84	55.32	55.66	55.86	55.61	55.74	55.55	55.13	55.34	55.73	55.79	55.21	54.72	54.78	54.8	54.62	54.31	53.92	54.24	53.74	53.5	53.05	51.67	50.42	47.16	0.0
0.0	47.4	50.51	51.97	53.11	54.22	54.79	54.51	54.83	55.44	55.55	55.27	55.15	55.21	55.38	55.77	55.33	55.44	55.31	55.41	55.64	55.35	55.64	55.37	55.29	55.24	54.68	54.86	54.48	53.89	54.19	53.66	53.31	52.55	50.76	47.24	0.0
0.0	47.01	50.71	51.87	53.33	53.54	54.05	54.53	54.32	55.29	55.21	54.89	55.63	55.28	55.56	55.3	55.36	55.54	55.19	55.37	55.3	55.3	55.86	55.46	55.68	55.55	55.03	54.49	54.11	53.94	53.8	53.3	52.61	52.2	50.33	47.14	0.0
0.0	47.4	50.83	52.58	53.59	54.2	55.04	54.82	54.97	54.78	55.12	55.29	55.48	55.56	55.72	55.69	56.01	56.38	56.15	56.16	55.88	56.07	55.45	55.75	55.77	55.22	55.28	55.34	55.18	54.21	54.65	54.04	53.33	52.74	50.73	47.21	0.0
0.0	46.71	50.02	51.7	52.95	53.29	53.68	53.74	54.27	54.28	54.38	54.52	54.86	54.85	54.14	54.3	54.64	54.74	54.34	54.74	55.15	54.91	54.87	55.02	54.76	55.31	54.95	54.68	54.44	54.06	54.07	53.66	52.76	52.03	50.79	46.76	0.0
0.0	46.97	50.54	52.21	53.01	53.81	54.51	54.58	54.43	54.99	55.14	55.34	55.07	55.51	55.41	55.7	55.65	55.44	55.5	55.74	55.72	55.5	55.08	55.55	55.42	55.54	54.84	54.91	54.79	54.26	54.02	53.57	52.59	52.03	50.38	47.21	0.0
0.0	47.68	50.53	52.34	52.94	53.47	54.14	54.09	54.64	55.01	55.15	55.35	55.56	55.71	55.55	56.03	55.77	56.12	56.03	56.22	55.97	55.81	55.88	56.1	55.43	55.41	55.2	55.32	54.78	54.78	54.33	53.89	53.31	52.14	50.54	47.2	0.0
0.0	46.9	50.5	52.52	53.15	54.11	54.34	54.29	54.61	54.68	55.43	55.35	55.28	55.9	55.67	55.56	56.25	55.99	56.16	56.19	55.77	55.87	55.97	55.58	55.2	55.08	55.12	55.02	54.93	54.49	53.7	53.64	52.63	52.24	50.46	47.32	0.0
0.0	47.07	50.47	51.68	52.37	53.22	53.88	54.3	54.62	55.26	55.62	55.48	55.67	55.51	55.9	55.32	55.3	55.31	55.29	55.47	55.45	55.16	55.52	55.32	55.44	54.95	54.65	54.45	54.08	54.23	54.25	53.37	52.47	52.16	50.31	46.94	0.0
0.0	46.99	50.46	52.24	53.09	53.55	53.87	54.29	55.21	54.94	55.17	55.07	55.34	55.51	55.65	55.3	55.32	55.64	55.84	55.72	55.5	55.61	55.2	54.92	54.96	54.46	55.41	54.96	54.77	54.31	54.25	54.03	53.34	52.51	50.82	47.34	0.0
0.0	46.57	50.03	51.72	52.6	52.92	53.87	54.15	54.19	54.25	54.49	54.75	54.95	54.72	55.25	55.44	55.56	55.49	55.56	54.9	55.14	54.75	54.86	55.38	55.13	55.2	54.99	54.68	54.41	54.46	54.27	53.55	53.27	51.95	50.49	47.2	0.0
0.0	46.73	49.8	51.88	52.44	53.45	53.46	54.03	53.93	54.0	54.45	54.74	54.4	55.08	55.15	54.5	54.73	54.56	55.17	54.82	54.76	54.79	54.88	54.72	54.75	54.32	54.12	54.1	53.98	53.49	53.36	52.65	52.14	51.61	50.09	46.99	0.0
0.0	47.09	50.72	51.92	53.13	54.15	54.54	54.41	54.89	54.98	55.39	55.76	55.89	55.7	55.6	55.87	55.75	55.97	55.55	55.84	56.22	55.88	55.85	55.67	55.6	55.1	54.78	55.03	54.66	54.23	53.59	53.27	52.85	52.18	51.0	47.88	0.0
0.0	47.14	50.68	51.92	52.84	53.25	54.01	54.32	54.51	54.77	54.71	54.98	55.33	55.57	55.25	55.37	56.03	55.54	55.9	55.95	55.89	55.77	55.77	55.5	55.68	54.99	54.89	54.64	54.78	54.24	53.9	53.36	53.0	52.18	50.34	47.26	0.0
0.0	47.37	50.23	51.74	52.94	53.56	54.22	54.31	54.37	54.43	54.48	55.19	55.62	55.27	55.76	55.93	56.49	55.81	55.73	56.05	55.85	55.34	55.5	55.63	54.85	55.17	54.89	54.53	53.87	54.14	53.67	53.54	52.95	52.04	50.57	47.01	0.0
0.0	47.11	50.67	52.47	53.14	53.85	54.28	54.4	54.61	54.67	55.02	54.9	55.56	55.39	55.38	55.29	55.73	56.1	55.41	55.47	55.54	55.52	55.99	55.44	55.53	55.02	55.21	54.82	54.79	54.63	54.05	53.61	53.22	52.42	50.75	46.96	0.0
0.0	47.16	50.72	51.78	53.04	54.05	54.41	54.65	54.82	55.24	55.55	55.38	55.8	55.71	56.16	55.82	55.86	55.75	56.37	56.11	56.11	56.0	55.85	55.6	55.21	55.36	54.98	54.72	54.67	54.35	53.63	53.97	53.47	52.64	50.52	47.16	0.0
0.0	47.53	50.83	51.95	53.55	54.03	53.83	54.37	54.74	55.04	55.54	55.65	55.87	55.65	55.81	55.88	56.09	55.95	55.93	55.47	55.83	55.6	55.41	55.35	55.4	55.23	55.36	55.5	54.33	54.37	54.02	53.72	53.35	52.22	50.89	47.4	0.0
0.0	47.54	50.65	52.19	53.44	53.8	54.38	54.58	54.79	55.02	55.46	55.52	55.12	55.45	55.14	55.78	55.72	55.96	55.53	55.67	55.76	55.42	55.9	55.1	55.15	55.01	55.18	54.58	54.31	54.42	54.29	53.17	53.18	52.01	50.36	47.19	0.0
0.0	47.13	50.6	52.22	53.62	53.91	54.42	54.89	55.08	54.9	54.99	55.07	55.91	55.42	55.46	55.52	55.61	55.35	55.76	55.75	55.84	55.59	55.57	55.72	55.05	55.67	54.97	55.24	55.11	54.77	53.78	53.5	53.25	52.43	51.04	47.48	0.0
0.0	47.38	50.59	52.32	53.29	53.8	54.41	54.81	54.36	54.67	55.29	54.61	55.0	55.19	55.34	54.78	55.83	55.28	56.03	55.93	55.85	56.17	55.93	55.77	55.62	55.72	55.61	55.07	54.76	55.03	54.54	53.78	53.88	52.5	50.42	47.39	0.0
0.0	47.31	50.52	52.36	53.45	53.57	54.43	54.72	54.64	55.2	54.96	55.89	55.85	55.89	56.08	55.7	55.91	55.91	55.78	56.16	55.78	55.46	55.71	55.95	55.45	55.72	55.6	55.33	55.04	54.67	54.26	54.07	53.52	52.09	50.82	47.52	0.0
0.0	47.12	50.26	51.95	52.91	53.58	53.53	53.55	54.19	54.2	54.65	54.75	54.62	55.33	54.93	55.08	55.27	55.03	55.72	55.57	55.66	55.14	55.09	55.31	54.83	54.94	54.48	54.39	54.16	53.81	53.75	53.14	52.55	51.63	49.99	47.0	0.0
0.0	47.77	50.78	52.54	52.8	53.17	53.76	54.1	54.69	54.86	55.03	55.05	55.28	55.53	55.5	56.07	55.74	55.69	55.35	55.45	55.48	55.6	55.63	55.23	55.11	54.99	54.72	55.17	54.78	54.14	53.79	53.92	52.84	52.32	50.67	47.38	0.0
0.0	47.05	50.3	52.46	53.07	53.84	53.71	54.38	54.98	54.51	55.0	55.09	55.29	55.46	55.2	55.55	55.61	55.56	55.69	55.57	55.39	55.64	55.3	55.66	55.01	55.28	54.97	55.07	54.49	54.29	53.9	53.71	53.1	52.15	50.39	47.24	0.0
0.0	46.87	50.76	52.07	53.27	53.41	53.53	54.11	54.75	54.86	54.9	54.96	55.52	55.5	55.52	55.81	55.56	55.48	55.6	55.62	55.71	55.64	55.68	55.38	55.53	55.51	54.86	54.96	54.54	53.75	53.95	53.22	53.58	52.28	50.59	47.25	0.0
0.0	47.13	50.28	51.57	52.5	53.29	53.53	54.01	54.08	53.83	54.55	54.84	54.94	54.76	55.23	55.01	54.46	55.3	55.16	54.56	54.67	54.6	54.83	54.44	54.9	54.54	54.46	54.08	54.0	53.55	53.17	52.81	52.48	51.44	50.05	46.95	0.0
0.0	47.48	50.13	51.94	52.62	53.41	53.95	54.57	54.54	54.83	54.9	55.08	55.0	55.64	55.23	55.4	55.68	55.51	55.46	55.64	55.85	55.9	55.93	55.38	55.38	54.92	55.02	55.16	54.99	54.65	53.93	53.48	52.94	52.27	50.57	47.33	0.0
0.0	47.19	50.27	52.4	53.22	53.85	54.35	54.3	54.63	55.23	55.23	55.79	55.52	55.83	55.26	55.3	55.23	55.52	56.2	55.14	55.39	55.36	55.08	55.35	55.25	55.62	54.95	55.12	54.89	54.75	54.16	53.8	53.28	52.3	50.76	47.22	0.0
0.0	47.34	50.74	52.09	53.13	53.56	54.12	54.44	54.55	54.9	54.92	54.97	55.61	55.21	55.39	55.39	55.46	55.52	56.03	55.73	56.0	55.8	55.67	55.4	55.16	54.87	55.13	54.46	54.37	54.3	53.43	53.27	52.9	51.77	50.79	47.41	0.0
0.0	47.15	50.97	52.23	53.42	53.93	54.11	54.37	54.7	55.07	55.04	55.1	55.75	55.65	55.51	55.49	55.58	55.75	55.63	55.81	55.87	55.93	55.72	55.88	56.07	55.87	55.37	55.14	54.55	54.76	54.28	53.44	53.21	52.07	50.71	47.48	0.0
0.0	46.9	50.32	52.0	53.34	53.55	54.03	54.12	54.38	55.03	55.08	55.51	55.65	56.05	55.38	55.57	55.78	55.34	55.66	55.59	55.59	55.52	55.56	55.47	55.52	55.56	55.08	55.07	54.95	54.53	53.98	53.59	53.2	52.22	50.49	47.17	0.0
0.0	47.12	50.47	51.92	53.23	53.81	54.02	54.0	54.45	54.73	55.09	55.34	55.33	55.35	55.4	55.39	55.54	55.51	55.53	55.09	55.57	56.04	55.89	55.87	55.67	55.88	55.89	55.04	54.87	54.65	54.05	53.41	52.95	52.19	50.68	47.37	0.0
0.0	46.96	50.1	51.83	52.36	53.08	53.74	54.51	54.39	54.28	54.27	54.16	54.79	55.45	54.85	54.58	54.3	54.64	54.83	54.59	54.55	54.44	54.87	55.44	55.45	54.91	54.86	54.72	54.46	53.93	53.83	53.53	52.59	52.06	49.88	46.81	0.0
0.0	47.29	50.86	52.11	53.62	53.96	54.58	54.31	54.92	55.1	55.14	55.68	55.31	55.4	55.64	55.61	55.96	56.58	56.33	56.52	56.58	56.42	56.29	56.19	55.76	56.23	55.37	55.84	55.32	55.08	54.64	54.14	53.29	52.16	50.47	47.39	0.0
0.0	47.34	51.05	52.63	53.42	54.29	54.16	54.37	54.85	54.92	55.07	55.26	55.22	55.02	55.61	55.53	55.57	55.59	55.46	55.01	55.33	55.66	55.55	55.68	55.47	55.18	55.08	54.99	55.24	54.48	54.29	53.72	53.41	52.81	50.92	47.34	0.0
0.0	47.47	50.78	52.75	53.15	53.72	54.51	54.75	54.67	54.6	54.78	55.07	55.31	55.25	55.56	56.12	55.79	56.16	56.24	55.85	56.22	55.82	55.69	55.64	55.81	55.58	55.37	55.39	55.2	54.66	54.24	54.23	53.47	52.16	50.56	47.27	0.0
0.0	47.25	50.75	52.3	52.5	53.35	54.01	54.37	54.61	54.65	55.25	55.11	54.86	55.11	55.2	55.21	55.08	55.42	54.87	55.23	55.24	55.34	55.49	55.12	54.66	54.9	54.74	54.91	54.83	54.39	54.16	53.72	53.49	52.38	50.96	46.75	0.0
0.0	47.09	50.29	52.3	53.22	53.38	53.62	54.37	54.62	54.85	55.32	54.69	54.82	55.23	55.14	55.45	55.28	55.17	54.93	55.09	55.27	55.67	54.92	55.07	54.84	55.0	54.78	54.38	54.62	54.26	53.83	53.28	52.46	51.72	50.4	46.96	0.0
0.0	47.36	50.51	52.03	53.3	54.31	54.33	54.67	54.34	54.84	55.06	55.35	55.58	55.69	55.59	55.89	55.73	56.03	56.06	56.11	55.31	55.59	55.65	55.7	55.63	55.39	55.16	54.72	54.21	54.29	54.01	53.77	53.3	52.16	50.63	46.83	0.0
0.0	47.75	51.49	52.65	54.06	54.28	54.89	55.33	56.11	55.95	56.21	56.04	56.39	56.2	56.27	56.38	56.45	56.04	56.52	56.22	55.6	56.29	56.08	55.62	55.81	56.29	55.61	55.53	55.47	55.02	54.86	54.63	53.86	52.89	51.41	47.77	0.0
0.0	47.35	50.87	52.44	53.67	53.79	54.71	54.32	54.7	55.59	55.2	55.25	55.04	54.76	54.91	55.52	55.08	55.27	55.63	55.49	55.06	55.24	54.92	55.15	54.83	54.93	54.19	54.74	54.64	54.4	54.08	53.93	53.71	52.33	50.19	47.5	0.0
0.0	46.87	50.29	51.76	53.15	53.87	53.99	54.53	54.74	54.73	55.23	54.95	55.0	55.28	55.84	55.61	55.37	55.72	55.56	55.54	55.37	55.45	55.43	55.04	55.06	55.36	55.15	54.65	54.57	54.26	54.08	53.56	53.08	52.24	50.31	47.36	0.0
0.0	46.77	50.38	51.84	52.8	53.63	54.19	54.11	54.67	54.78	55.0	54.58	55.11	55.12	55.24	55.43	54.91	55.11	55.15	55.29	55.26	54.93	54.85	54.64	54.53	55.24	54.97	54.45	54.41	54.26	53.79	53.27	52.69	52.25	50.51	46.99	0.0
0.0	47.24	50.11	52.06	53.03	54.02	53.97	54.25	54.51	54.37	54.73	55.21	55.21	55.04	55.72	55.35	55.7	55.1	55.23	55.37	54.97	55.17	55.17	54.79	55.34	54.79	54.93	54.09	53.92	53.89	53.76	53.42	52.9	52.03	50.57	46.94	0.0
0.0	46.96	50.55	52.11	52.65	52.99	53.53	53.92	54.26	54.93	54.93	55.09	55.0	54.97	54.86	54.93	55.23	55.49	55.72	55.59	55.93	55.46	55.24	55.45	55.62	55.62	55.29	55.13	54.73	54.65	54.52	54.04	53.24	52.01	50.26	46.79	0.0
0.0	46.86	50.31	52.03	52.34	53.48	53.85	54.6	54.66	54.62	55.15	55.06	54.94	55.86	55.47	55.32	55.42	55.66	55.89	55.77	55.82	55.82	55.68	55.68	55.52	55.23	55.01	54.79	54.37	53.69	53.81	53.4	52.82	51.79	49.93	46.3	0.0
0.0	47.25	51.06	52.48	53.47	54.48	54.77	54.76	55.68	55.62	56.13	56.24	56.43	56.22	56.54	56.31	56.08	55.71	56.15	56.45	56.15	56.05	56.0	55.97	55.56	55.51	55.42	55.37	55.54	54.88	54.65	54.09	53.44	52.31	50.87	47.23	0.0
0.0	46.86	50.72	52.24	53.02	53.86	54.17	54.5	54.97	55.03	54.96	55.59	55.32	55.76	55.19	54.87	55.17	55.28	55.73	56.03	55.84	55.71	55.64	55.22	55.32	55.13	54.87	54.68	54.32	54.01	53.97	53.56	53.25	52.36	50.58	46.97	0.0
0.0	47.58	50.96	52.21	53.37	53.88	54.55	55.08	54.84	55.1	55.43	55.37	55.71	55.71	55.81	55.66	55.58	55.42	55.6	55.31	55.56	55.48	55.85	55.73	55.44	55.42	55.18	54.96	54.55	54.75	53.97	53.92	53.29	52.62	50.62	46.95	0.0
0.0	47.19	50.73	52.19	52.99	53.38	54.03	54.43	54.7	55.14	55.56	55.5	55.7	55.58	56.16	55.9	55.54	55.99	55.93	55.96	55.64	55.38	55.83	55.39	55.42	55.21	55.04	54.87	54.88	54.87	54.62	53.88	53.24	52.27	50.37	47.37	0.0
