0.675925925925926
0.7018518518518513
0.6714814814814812
0.621111111111111
0.5903703703703704
0.6885185185185185
0.666296296296296
0.6807407407407404
0.6329629629629628
0.5870370370370369
0.6462962962962961
0.6537037037037037
0.62
0.5996296296296295
0.6062962962962961
0.6992592592592594
0.6703703703703703
0.6237037037037036
0.7055555555555554
0.682962962962963
0.5996296296296297
0.6207407407407406
0.6877777777777778
0.7148148148148147
0.6174074074074073
0.6411111111111109
0.6437037037037036
0.562222222222222
0.6325925925925926
0.5737037037037037
0.6533333333333333
0.7303703703703698
0.5755555555555555
0.5988888888888888
0.6185185185185185
0.719259259259259
0.7114814814814818
0.5474074074074075
0.6151851851851851
0.6514814814814813
0.6751851851851853
0.7318518518518515
0.6925925925925925
0.5907407407407407
0.6707407407407405
0.7133333333333332
0.7362962962962962
0.6074074074074073
0.6470370370370366
0.5762962962962962
0.7044444444444443
0.6537037037037033
0.701111111111111
0.6655555555555551
0.7048148148148146
0.532222222222222
0.7603703703703701
0.6303703703703704
0.685185185185185
0.6281481481481479
0.6874074074074074
0.6229629629629627
0.6222222222222221
0.6340740740740742
0.711481481481481
0.6081481481481482
0.6537037037037033
0.5874074074074072
0.6874074074074072
0.6607407407407406
0.6914814814814814
0.7507407407407407
0.6366666666666666
0.6148148148148145
0.6403703703703701
0.5948148148148147
0.5785185185185185
0.7314814814814813
0.6792592592592593
0.7007407407407408
0.6174074074074073
0.6662962962962962
0.6229629629629628
0.7177777777777777
0.6088888888888888
0.6837037037037037
0.6807407407407404
0.7462962962962959
0.587037037037037
0.6711111111111113
0.6103703703703703
0.675925925925926
0.6851851851851852
0.6403703703703703
0.6003703703703702
0.6270370370370371
0.6818518518518517
0.6833333333333331
0.6081481481481482
0.5733333333333331
0.6348148148148145
0.68037037037037
0.7
0.7307407407407405
0.6618518518518518
0.6659259259259259
0.6618518518518518
0.6718518518518519
0.7255555555555552
0.6585185185185185
0.6003703703703702
0.65037037037037
0.5196296296296296
0.7333333333333332
0.6574074074074073
0.6618518518518518
0.6944444444444444
0.6829629629629629
0.6281481481481481
0.6774074074074075
0.6562962962962959
0.6018518518518519
0.6477777777777779
0.6785185185185183
0.5692592592592594
0.6762962962962962
0.7503703703703698
0.5625925925925926
0.6292592592592594
0.7570370370370368
0.6085185185185187
0.6874074074074076
0.6703703703703705
0.6362962962962964
0.6807407407407406
0.6407407407407406
0.6396296296296295
0.6866666666666664
0.678148148148148
0.6570370370370364
0.7392592592592593
0.5899999999999999
0.6755555555555552
0.6477777777777775
0.6888888888888887
0.6566666666666664
0.618148148148148
0.6911111111111109
0.6211111111111111
0.5648148148148148
0.661111111111111
0.7077777777777778
0.6144444444444445
0.624074074074074
0.622962962962963
0.7266666666666667
0.6333333333333333
0.6759259259259257
0.627037037037037
0.6655555555555551
0.6985185185185186
0.7181481481481481
0.6992592592592589
0.5759259259259261
0.6377777777777776
0.585185185185185
0.5637037037037036
0.738148148148148
0.691111111111111
0.6333333333333332
0.684074074074074
0.7092592592592587
0.6325925925925926
0.7248148148148148
0.6274074074074074
0.6814814814814812
0.6592592592592591
0.6751851851851852
0.6203703703703702
0.7199999999999998
0.6411111111111109
0.5862962962962962
0.7144444444444444
0.6822222222222218
0.6162962962962962
0.6485185185185185
0.6248148148148149
0.7133333333333332
0.6533333333333331
0.5214814814814814
0.6788888888888888
0.6214814814814814
