0.0	51.8	57.94	61.26	63.75	65.38	67.07	68.14	69.35	69.2	70.36	71.02	71.71	72.14	72.42	72.82	72.91	73.28	73.42	72.93	73.08	72.99	72.74	72.25	72.06	71.36	70.68	70.18	69.47	68.23	67.2	65.24	63.52	61.11	57.64	51.98	0.0
0.0	51.86	57.88	61.56	63.88	66.44	67.4	68.3	69.28	70.1	71.01	71.57	71.62	72.05	72.26	72.08	72.43	72.46	72.55	72.34	72.4	72.28	72.11	71.77	71.13	71.17	70.49	70.06	69.32	68.58	66.96	65.65	64.0	61.47	57.5	51.36	0.0
0.0	52.1	57.76	61.21	63.61	65.85	67.14	68.36	69.24	69.91	71.06	71.06	71.59	71.87	72.44	72.4	72.89	73.02	73.34	73.65	72.85	72.82	72.32	72.11	71.9	71.28	70.79	70.45	68.9	68.48	66.9	65.68	63.92	61.39	57.18	51.17	0.0
0.0	52.31	57.96	61.57	64.75	66.55	68.19	69.22	70.72	70.94	70.77	71.78	71.78	72.46	73.07	73.43	73.31	73.39	73.25	72.99	73.38	73.02	73.57	72.92	72.56	71.65	71.44	70.51	69.84	68.8	67.51	66.16	63.99	62.43	58.22	52.21	0.0
0.0	51.87	58.21	61.71	64.14	65.75	66.97	68.46	69.32	70.17	71.2	71.47	71.75	71.88	72.83	73.15	73.49	73.11	73.22	73.27	73.3	73.25	72.87	72.12	71.9	70.97	70.6	70.38	69.4	68.22	67.26	65.78	63.81	61.43	57.54	52.09	0.0
0.0	51.36	57.73	61.44	63.45	65.16	66.8	67.58	68.64	69.77	70.58	70.68	71.15	72.06	72.33	72.19	72.32	72.25	72.7	72.91	72.81	72.24	72.17	72.33	71.51	71.34	71.1	69.61	68.98	67.96	66.89	64.98	63.37	61.08	57.54	51.25	0.0
0.0	52.27	57.98	61.97	64.41	66.16	67.41	68.08	69.41	70.13	70.85	70.96	71.77	72.27	72.75	72.81	73.0	72.87	72.7	72.68	72.55	72.52	72.77	72.31	72.64	71.9	71.35	70.94	69.65	68.8	67.63	66.53	64.42	61.78	58.21	52.03	0.0
0.0	51.83	58.09	61.78	63.64	65.87	67.29	68.39	69.51	70.54	70.97	71.89	71.7	72.26	72.41	73.01	72.9	73.56	73.49	73.46	73.99	73.76	73.52	72.66	72.17	72.43	71.43	70.79	70.02	69.03	67.49	65.74	64.26	61.36	57.98	51.72	0.0
0.0	51.92	58.45	61.91	64.52	66.87	67.79	69.09	70.2	70.62	71.47	71.84	72.59	72.53	73.44	73.71	73.7	73.95	74.19	74.06	74.17	73.66	73.14	72.96	72.65	72.54	71.55	70.96	69.72	69.01	67.27	66.34	64.18	61.82	57.84	51.74	0.0
0.0	52.42	57.85	61.52	64.29	66.05	67.31	68.57	69.73	70.37	71.2	71.67	71.6	72.55	72.48	72.8	72.99	72.89	73.49	72.99	72.96	72.86	72.09	72.1	71.97	71.56	70.41	70.19	69.07	68.6	67.1	65.81	63.46	61.2	57.95	51.75	0.0
0.0	52.29	58.53	61.98	64.36	66.22	67.78	68.84	70.23	70.83	71.6	72.09	71.83	72.61	73.01	72.89	73.16	73.13	73.21	72.94	72.98	72.8	72.49	72.04	71.51	71.05	70.71	70.46	70.21	68.72	67.0	66.04	64.65	62.17	58.49	51.99	0.0
0.0	52.06	57.93	61.25	63.53	65.73	67.14	67.73	68.74	69.17	70.5	71.35	71.2	71.63	72.0	72.11	71.93	72.0	72.27	72.34	72.73	72.63	72.43	71.96	71.63	71.36	70.94	70.39	69.25	68.6	67.79	65.8	64.02	61.7	57.78	52.05	0.0
0.0	51.98	57.94	61.65	64.37	66.27	67.4	68.93	69.97	70.59	71.5	71.56	71.76	72.51	72.79	72.81	73.03	73.39	73.92	73.35	73.49	73.5	73.25	72.95	72.65	72.13	71.77	70.31	69.6	68.85	67.71	66.21	64.22	61.75	58.26	52.38	0.0
0.0	52.37	57.99	62.21	64.59	66.38	67.86	69.01	69.65	70.75	71.52	72.52	72.92	73.12	73.41	73.97	73.94	74.01	74.07	74.23	74.13	73.64	73.44	72.95	72.55	72.13	71.57	71.1	70.54	69.66	68.27	66.35	64.77	61.83	58.68	52.27	0.0
0.0	51.81	58.43	61.67	64.22	66.07	67.26	68.56	69.69	70.35	71.34	72.27	72.28	73.23	73.32	73.75	73.63	73.78	74.25	73.7	73.42	72.64	72.7	72.3	71.88	71.75	71.65	70.46	69.29	68.38	67.14	65.48	63.33	61.48	58.11	52.2	0.0
0.0	52.24	57.99	61.75	64.03	66.42	67.77	69.15	69.72	70.22	71.08	71.8	72.47	72.77	72.75	72.72	72.67	72.95	73.1	73.08	72.73	72.63	72.27	72.12	71.48	71.17	70.29	70.04	69.09	68.07	67.31	65.41	63.76	61.81	58.12	52.18	0.0
0.0	51.66	57.86	61.31	63.73	66.14	67.86	68.32	69.64	70.68	71.05	71.58	72.26	73.0	73.59	73.57	73.54	73.66	73.73	73.62	73.12	73.07	72.51	72.4	71.96	71.6	71.05	69.73	68.96	67.86	67.23	65.55	64.18	61.37	57.89	52.29	0.0
0.0	52.01	58.27	62.2	64.26	65.88	67.22	68.72	69.45	70.8	71.31	71.81	72.47	72.7	72.92	73.19	73.33	73.04	73.5	73.82	73.07	73.03	72.85	72.94	72.58	71.47	71.18	70.97	70.18	69.21	67.87	66.17	64.26	61.96	58.31	52.03	0.0
0.0	51.62	58.14	61.7	64.05	66.05	67.77	69.26	70.33	71.13	71.47	72.12	72.23	72.7	73.22	73.1	73.68	73.56	73.53	73.71	73.77	73.78	73.28	72.8	72.05	71.72	71.13	71.02	70.13	68.88	67.76	66.51	64.06	61.99	58.46	52.12	0.0
0.0	51.78	58.05	61.81	63.79	65.73	67.7	68.72	69.33	70.2	70.57	71.27	71.81	72.53	72.44	72.87	73.23	73.34	73.07	73.05	73.06	72.41	72.63	72.07	71.22	70.98	70.63	70.24	69.24	68.91	67.23	66.28	64.55	61.67	58.61	52.17	0.0
0.0	51.65	57.87	61.81	63.96	65.39	67.65	68.65	69.39	70.19	71.05	71.03	71.72	72.19	72.16	72.3	72.96	72.54	73.31	73.23	73.08	72.53	72.83	72.14	71.65	71.34	70.41	70.31	69.04	68.5	67.7	65.87	63.81	61.73	57.7	51.81	0.0
0.0	51.72	58.19	61.76	63.87	65.6	67.28	67.98	68.98	69.89	71.04	71.69	72.29	72.96	72.89	72.82	72.91	73.5	73.74	73.07	72.38	72.82	72.92	72.18	71.77	71.28	70.75	69.92	69.11	68.45	67.41	65.66	64.47	61.31	57.88	51.65	0.0
0.0	52.28	58.56	61.89	64.27	66.09	67.34	68.13	69.48	70.36	70.81	71.1	72.07	72.11	72.27	72.72	72.98	72.83	73.22	72.98	72.77	72.75	72.84	71.99	71.97	71.54	71.43	70.59	69.36	68.5	67.66	65.78	64.25	61.74	57.87	52.36	0.0
0.0	51.74	57.91	61.26	63.68	65.57	66.81	68.23	69.6	70.43	70.7	71.25	71.99	72.86	73.05	73.02	72.93	73.42	73.14	73.23	72.56	72.69	73.25	72.6	72.2	71.39	71.47	70.7	69.53	68.02	67.52	65.87	63.86	61.66	58.2	52.01	0.0
0.0	52.05	58.45	61.65	64.79	66.6	67.93	68.59	69.96	70.67	71.4	72.04	72.83	72.85	72.85	73.3	73.5	73.22	73.04	73.38	73.79	74.06	73.38	72.65	72.87	71.84	71.58	70.38	69.82	68.4	67.02	66.27	64.37	61.72	58.47	52.47	0.0
0.0	51.89	57.8	61.87	63.84	66.24	67.64	68.7	70.25	70.54	71.69	71.73	71.99	72.48	73.16	72.86	73.49	73.56	73.25	73.07	73.22	72.96	72.4	72.66	72.36	72.07	70.84	70.82	69.55	68.75	67.38	66.53	64.4	61.52	58.08	51.82	0.0
0.0	52.11	58.53	62.34	64.53	65.74	67.38	68.52	69.81	70.36	71.04	71.2	72.25	72.63	72.86	73.14	73.28	73.91	73.83	73.74	73.43	73.16	72.21	72.37	71.96	71.26	70.71	70.84	69.14	68.28	67.45	65.84	64.31	62.09	58.76	52.82	0.0
0.0	51.94	58.21	61.47	63.96	66.73	68.18	69.07	69.95	70.52	71.47	72.02	72.66	72.83	73.3	73.93	73.46	73.88	73.93	73.67	73.64	73.72	73.42	72.74	72.37	71.99	70.78	70.29	70.04	68.69	67.32	65.31	63.85	61.72	58.05	51.97	0.0
0.0	51.73	57.72	61.48	63.96	65.71	67.22	68.47	68.76	69.72	70.63	71.7	71.84	71.91	72.08	72.67	72.87	73.36	73.43	72.96	72.79	72.54	72.61	72.35	71.42	71.17	70.18	69.96	69.26	68.32	67.41	65.74	64.17	61.29	57.95	51.89	0.0
0.0	51.99	58.15	61.88	64.52	65.99	67.41	68.25	69.67	70.45	71.36	71.55	71.91	72.31	72.56	73.32	73.24	73.57	72.91	73.27	73.07	73.15	73.2	72.62	72.1	71.58	71.04	70.03	69.25	68.47	67.26	65.56	63.8	61.66	57.96	51.97	0.0
0.0	51.91	58.3	61.73	64.49	66.22	67.64	68.78	69.96	70.79	71.43	71.45	72.58	72.99	72.93	73.61	73.74	73.8	73.86	73.5	73.72	73.37	72.9	72.94	71.97	71.3	70.56	70.16	69.3	68.39	67.14	66.26	64.18	61.51	58.03	52.45	0.0
0.0	51.84	58.23	61.8	63.82	65.73	66.85	68.02	69.08	70.1	70.85	71.13	71.8	72.2	72.55	73.27	73.37	73.65	73.29	73.08	73.24	72.84	72.39	71.96	71.67	71.08	70.14	70.02	69.42	68.21	67.09	65.33	64.1	61.62	58.12	52.15	0.0
0.0	51.88	58.11	61.93	63.75	65.25	66.4	68.33	69.44	70.02	70.89	71.46	71.79	72.6	72.35	72.72	72.51	72.71	72.96	72.85	72.35	72.15	72.11	71.47	71.28	70.62	70.28	69.21	68.59	67.89	66.77	65.3	64.0	61.12	57.41	51.88	0.0
0.0	51.85	58.04	61.63	63.97	66.23	67.55	68.68	69.75	70.81	71.02	71.59	71.79	72.15	72.68	72.94	72.66	73.11	73.15	72.89	72.83	73.04	72.64	72.4	72.24	71.52	70.89	70.01	69.29	68.57	67.66	66.08	63.67	61.31	58.5	52.1	0.0
0.0	51.66	57.89	61.16	63.6	65.53	66.35	68.09	69.37	70.36	70.62	71.13	71.49	71.47	72.21	72.55	72.85	72.63	72.61	72.92	72.89	73.06	72.62	72.45	71.93	71.38	70.7	69.88	68.9	67.77	66.9	65.62	63.54	61.29	57.31	51.41	0.0
0.0	52.32	58.36	62.33	64.73	66.67	68.13	69.92	70.39	71.58	71.82	73.11	73.45	73.32	73.08	73.82	73.76	73.9	74.11	74.36	74.2	73.99	73.45	73.09	72.65	71.8	71.81	70.42	69.13	68.36	67.21	65.89	64.18	61.95	57.99	52.59	0.0
0.0	51.96	58.47	62.31	64.08	66.02	67.58	68.52	69.71	70.61	71.44	72.01	72.34	72.5	73.14	73.04	73.04	73.13	73.98	74.05	73.63	73.72	73.54	73.15	72.57	72.52	71.72	71.01	70.2	69.21	67.84	66.58	64.55	62.28	58.1	51.84	0.0
0.0	52.79	58.94	62.22	64.71	66.41	67.31	69.11	69.86	70.45	71.89	71.88	72.41	72.3	72.7	73.05	72.98	72.92	73.3	73.84	73.64	73.14	73.44	72.87	71.8	71.68	71.61	70.88	70.53	68.85	67.11	66.24	64.13	61.67	58.39	52.22	0.0
0.0	52.05	57.96	61.81	64.57	66.05	67.31	68.86	70.25	70.72	71.07	71.74	72.17	72.38	72.72	73.15	73.02	73.38	73.18	73.01	73.14	73.38	73.11	72.61	71.74	71.57	70.75	70.09	69.39	68.45	67.17	65.83	64.12	61.82	57.92	51.91	0.0
0.0	51.93	58.1	61.71	64.33	66.39	67.95	68.79	69.94	70.6	71.08	71.66	71.88	72.58	73.09	73.13	73.31	73.33	72.8	72.89	73.23	73.23	72.61	72.6	71.95	71.06	71.15	69.88	69.58	68.58	67.33	65.93	63.87	61.4	57.67	51.92	0.0
0.0	52.24	58.28	62.0	64.65	66.33	67.86	69.16	69.88	70.4	70.96	71.17	72.19	72.17	72.48	72.8	72.63	73.0	73.38	73.57	73.38	73.29	72.78	72.42	72.61	71.86	71.31	70.78	69.93	68.97	68.15	66.23	63.91	61.71	57.93	52.02	0.0
0.0	52.19	58.31	61.61	64.04	65.77	67.2	68.44	69.91	70.38	71.15	72.28	72.68	73.32	73.56	73.8	73.89	74.09	73.7	73.49	73.61	73.09	72.63	72.4	72.01	71.84	71.0	70.22	69.79	68.35	67.69	66.2	63.89	61.95	57.95	52.7	0.0
0.0	51.84	57.99	61.85	64.09	66.01	67.55	68.47	69.36	70.1	70.7	71.53	72.02	72.27	72.42	72.85	72.75	73.17	73.55	73.3	73.45	72.91	72.45	72.85	72.36	71.9	71.34	70.56	69.54	68.64	67.62	66.59	64.44	61.64	58.36	52.39	0.0
0.0	52.15	58.26	61.65	63.82	65.57	67.2	68.57	69.96	70.29	70.98	71.48	72.1	72.61	72.83	73.21	73.41	73.66	73.29	73.6	73.09	73.09	73.12	72.48	72.06	71.75	70.76	70.38	69.2	68.81	67.38	65.43	63.89	61.37	58.55	51.72	0.0
0.0	52.14	58.33	61.87	64.3	65.82	67.07	68.61	69.88	70.55	70.92	71.74	72.04	72.67	72.76	73.11	73.36	72.62	73.11	73.27	73.25	73.43	72.46	72.86	72.17	71.34	70.64	70.14	69.68	68.37	67.52	65.63	64.47	61.29	58.0	51.87	0.0
0.0	52.18	58.3	62.07	64.49	66.33	67.67	68.11	69.39	70.29	71.13	72.08	71.84	73.08	73.11	73.66	73.06	73.6	73.86	73.76	73.88	73.12	72.98	72.8	72.42	72.64	71.66	70.92	69.81	68.56	67.31	66.1	64.15	61.53	58.35	51.6	0.0
0.0	52.03	58.38	61.78	64.15	65.87	67.44	68.13	69.22	70.01	70.99	71.36	71.91	72.26	72.41	72.62	73.15	73.16	73.12	73.53	73.06	73.01	72.25	72.16	71.61	71.61	70.75	69.66	69.03	68.19	67.13	65.76	64.13	61.91	58.58	51.58	0.0
0.0	51.59	57.96	62.16	64.53	66.01	67.03	67.99	69.34	70.11	70.8	71.63	72.28	72.46	72.59	73.37	73.31	73.52	73.32	72.91	72.96	72.56	72.45	71.7	71.9	71.57	70.56	69.94	69.27	68.94	67.81	66.72	64.45	61.76	58.15	52.29	0.0
0.0	52.05	58.01	61.64	64.21	66.02	67.55	68.95	69.88	70.85	71.14	71.57	72.41	72.4	72.92	73.09	73.09	73.94	73.05	73.28	73.17	73.28	72.45	72.12	72.2	71.53	70.97	70.25	69.65	68.7	67.08	65.42	63.9	61.69	57.72	51.89	0.0
0.0	51.56	57.79	61.17	63.71	65.86	67.33	68.46	69.41	70.27	71.25	71.5	72.52	72.44	72.75	73.17	73.48	73.28	73.13	73.38	73.29	72.63	72.85	72.52	72.18	71.83	71.17	70.59	69.56	68.65	67.33	65.83	63.91	61.41	57.88	51.96	0.0
0.0	51.39	57.83	61.28	64.24	65.62	67.46	68.66	69.38	70.42	70.59	71.34	71.77	71.87	72.17	71.78	72.56	72.7	73.29	73.35	73.36	72.96	72.86	72.6	72.44	71.96	70.81	70.3	69.77	68.86	68.03	66.35	64.55	61.57	57.82	52.0	0.0
0.0	51.53	57.59	61.31	64.25	65.85	66.95	68.08	69.03	70.08	70.71	70.88	71.99	72.31	72.64	73.22	73.21	73.33	73.44	73.5	72.67	72.87	72.6	72.38	72.2	71.74	70.87	70.2	69.38	68.36	67.19	65.62	63.53	61.59	57.37	52.07	0.0
0.0	52.24	58.05	61.82	64.17	65.93	67.37	68.37	69.83	69.42	70.9	71.5	71.82	72.19	72.52	72.89	73.19	73.26	72.48	72.65	72.9	73.17	72.9	72.61	71.66	71.41	70.6	69.82	68.87	68.15	67.11	65.64	63.83	61.4	57.71	52.0	0.0
0.0	51.78	58.08	61.89	64.02	65.57	67.33	68.84	69.61	70.24	71.21	71.0	71.47	71.94	72.05	72.4	72.65	72.78	72.79	72.95	72.51	72.32	71.93	71.24	71.39	70.97	70.21	70.06	69.32	68.2	67.21	65.66	63.66	61.44	57.83	52.03	0.0
0.0	51.94	58.31	62.06	64.3	66.74	67.91	68.75	69.5	70.65	71.45	71.83	72.75	73.09	73.12	73.91	73.83	73.8	73.84	74.26	73.26	73.29	73.4	72.83	72.76	72.48	71.88	71.16	70.12	69.15	67.76	66.05	64.67	62.16	58.13	52.45	0.0
0.0	52.25	58.34	61.83	64.05	65.52	67.26	67.84	69.19	70.35	70.65	71.73	71.8	72.9	72.94	72.71	73.17	73.11	72.48	72.79	72.75	73.03	72.78	72.0	71.89	71.6	71.01	70.54	69.54	68.47	67.0	65.37	64.25	61.44	58.09	52.28	0.0
0.0	52.44	58.05	61.97	64.19	65.94	67.34	68.69	69.65	70.37	71.58	72.23	72.46	73.12	72.59	73.67	73.86	73.44	73.69	73.27	73.24	73.3	73.1	72.8	71.95	71.42	71.09	70.71	69.65	68.85	67.58	66.19	63.93	61.82	58.16	51.83	0.0
0.0	51.97	57.92	61.88	64.24	65.86	67.31	69.04	70.19	70.61	71.59	71.68	71.91	72.69	72.77	73.32	73.52	73.5	74.0	73.65	73.62	73.43	73.21	72.89	72.44	71.82	71.33	70.54	69.64	68.83	67.85	66.69	64.89	62.32	58.22	52.21	0.0
0.0	51.98	58.38	61.91	64.52	66.82	67.57	68.99	69.6	70.62	71.83	71.72	72.23	73.03	73.0	73.28	74.14	74.2	74.13	73.72	73.77	73.46	73.17	72.78	72.38	71.46	71.39	70.96	70.29	68.98	67.71	65.86	64.02	61.78	58.25	52.35	0.0
0.0	52.04	58.15	61.6	64.09	65.57	67.17	68.29	69.34	70.66	70.96	71.38	72.25	72.25	72.9	72.89	73.27	73.26	73.17	72.94	72.38	72.85	73.29	72.51	71.78	71.04	70.94	70.3	69.47	68.37	67.33	65.76	64.16	61.56	57.81	51.36	0.0
0.0	51.8	57.86	61.71	64.15	65.47	67.13	68.26	68.94	69.57	70.44	70.97	71.77	72.31	72.81	72.73	73.39	72.84	73.51	72.86	73.09	72.68	72.76	72.38	71.79	71.54	71.34	70.35	69.4	67.95	67.0	65.64	63.97	61.27	58.28	51.87	0.0
0.0	51.82	58.34	61.52	63.7	65.4	66.7	68.2	69.04	70.22	70.6	71.26	72.27	72.39	72.35	72.7	72.27	72.9	72.91	72.67	72.51	72.72	72.45	72.61	71.8	71.17	70.15	69.48	69.1	68.24	67.31	65.48	63.71	61.58	58.17	52.13	0.0
0.0	51.85	57.34	60.5	63.43	64.67	66.46	67.75	68.33	69.77	70.46	70.99	71.36	71.73	71.36	72.4	72.17	72.62	73.21	73.1	72.97	72.43	72.57	72.31	71.62	71.45	71.61	70.56	69.66	68.59	67.53	65.94	63.92	61.16	58.02	52.13	0.0
0.0	52.12	58.03	61.13	63.68	65.47	66.92	67.79	68.47	69.1	69.97	70.84	71.89	72.09	72.27	72.44	73.1	72.41	73.06	72.96	73.0	72.79	72.37	71.97	71.16	71.44	70.96	69.72	68.64	67.9	66.48	65.51	63.58	61.16	57.73	52.07	0.0
0.0	52.26	58.03	61.99	64.37	66.16	67.68	68.78	70.52	71.47	72.02	72.21	72.73	73.03	73.29	73.39	73.34	73.29	73.99	74.17	74.13	73.52	73.07	72.35	72.04	72.08	71.12	70.19	69.65	68.49	67.71	65.75	64.24	61.62	58.12	51.85	0.0
0.0	51.89	57.58	61.36	63.52	65.38	67.12	68.01	69.15	70.35	70.29	71.02	71.41	71.92	72.8	72.77	72.75	72.89	73.14	72.92	72.65	72.74	72.89	72.66	72.41	71.66	71.18	70.11	69.73	68.33	66.97	65.56	64.2	61.87	58.0	52.14	0.0
0.0	52.04	57.88	61.48	64.06	66.16	66.96	68.26	69.41	69.96	70.71	71.48	72.27	72.68	72.64	73.11	73.74	73.95	73.82	73.62	73.09	73.22	73.1	73.08	72.54	71.97	71.43	70.27	70.02	68.53	67.57	65.81	64.03	61.07	57.6	51.7	0.0
0.0	52.28	58.0	61.2	64.52	66.28	67.98	68.63	69.64	70.81	71.16	71.71	71.96	72.49	72.73	72.76	72.85	73.47	73.31	73.01	73.27	72.76	72.38	72.44	71.99	71.78	71.33	70.53	69.69	68.62	67.55	66.4	64.4	62.0	58.3	52.3	0.0
0.0	51.41	57.57	61.4	64.06	66.27	67.4	68.61	68.87	70.05	70.54	71.32	71.75	72.33	72.35	72.68	72.92	72.76	72.9	72.82	73.2	72.57	72.27	71.87	71.23	71.0	70.97	70.1	68.79	68.05	67.01	65.9	63.89	61.3	58.2	52.19	0.0
0.0	52.28	58.15	61.92	64.71	66.35	67.65	68.7	69.62	70.77	71.76	71.68	72.04	72.04	72.45	73.25	73.27	74.0	73.44	73.08	73.37	73.47	72.98	72.29	71.55	71.38	71.09	70.61	69.72	68.37	67.51	66.16	64.19	61.4	58.17	51.75	0.0
0.0	52.34	58.09	61.89	64.13	66.15	67.77	68.56	69.51	69.93	70.44	71.66	72.18	72.3	73.01	72.52	72.9	73.02	72.97	72.65	72.76	72.91	72.78	72.34	72.06	71.63	71.12	71.02	69.75	69.18	67.4	65.9	63.76	61.89	58.36	52.17	0.0
0.0	51.46	58.15	61.57	63.65	65.75	66.85	67.79	68.91	70.06	69.93	70.86	71.32	71.75	72.29	72.39	72.33	72.45	72.38	72.57	72.31	71.84	72.31	72.18	71.45	71.51	71.36	70.09	69.26	67.81	67.06	65.77	64.59	61.6	57.97	51.64	0.0
0.0	51.99	58.52	61.95	63.94	65.95	67.35	68.24	69.69	70.99	71.02	71.92	72.06	72.94	73.19	73.23	73.8	73.81	73.82	73.67	72.98	73.11	72.45	72.62	72.21	71.68	71.04	70.59	69.66	68.72	67.3	66.24	64.81	61.57	57.85	51.95	0.0
0.0	52.07	57.71	61.2	64.0	65.32	67.15	68.2	69.33	70.33	70.54	71.16	71.71	71.84	72.72	73.08	73.0	73.18	73.24	73.18	72.98	73.44	72.87	72.6	71.96	71.46	71.2	70.08	70.03	68.59	67.54	66.16	64.15	61.99	57.99	51.39	0.0
0.0	52.15	58.13	61.53	64.49	65.75	67.31	68.51	69.57	70.51	71.1	71.86	72.51	72.72	73.36	73.31	73.73	73.26	73.47	72.8	73.02	73.57	73.1	72.92	72.59	72.05	71.17	70.02	69.4	68.13	67.22	65.81	64.07	61.62	57.77	52.31	0.0
0.0	52.15	58.02	61.33	64.4	65.86	67.65	69.03	69.53	70.54	71.44	72.0	72.16	72.35	73.08	73.18	72.98	73.22	73.58	73.29	73.3	73.4	72.74	72.5	71.92	71.87	70.74	70.3	69.8	68.5	67.9	65.85	64.23	62.12	58.19	52.27	0.0
0.0	51.71	57.65	61.46	63.05	65.32	67.02	67.87	69.19	70.33	70.38	71.44	71.66	72.22	72.56	72.04	72.43	73.0	73.05	72.75	72.63	72.16	72.6	71.79	71.41	70.76	70.41	69.94	69.23	68.27	66.55	65.41	63.97	61.01	57.6	51.61	0.0
0.0	51.74	58.13	61.76	63.86	66.02	67.32	68.61	69.6	70.8	71.4	71.91	72.22	72.77	73.04	73.09	73.45	72.89	72.97	72.79	73.09	72.53	72.55	71.99	72.47	71.75	71.04	70.63	70.17	69.08	67.35	65.74	64.18	61.5	58.28	52.31	0.0
0.0	52.04	58.23	61.72	64.41	65.8	67.57	68.52	69.85	70.16	71.23	71.41	72.02	72.84	72.52	73.05	73.51	73.36	73.48	74.01	73.54	73.48	73.09	72.78	72.68	71.64	71.14	70.51	69.54	68.74	67.26	65.79	64.16	61.98	58.22	52.16	0.0
0.0	51.79	57.75	61.14	64.02	66.12	67.68	68.41	69.56	69.86	70.72	70.88	70.98	71.82	72.16	72.54	72.42	72.73	72.62	72.71	72.74	72.07	72.52	72.1	71.36	71.06	70.31	69.66	68.7	68.08	66.93	65.55	63.34	61.3	57.69	51.89	0.0
0.0	51.99	57.86	61.53	63.74	65.54	67.05	68.45	69.25	70.17	70.91	71.36	71.23	72.38	72.65	72.51	72.59	72.97	73.03	72.85	72.92	72.66	72.29	72.1	71.92	71.36	70.89	69.76	68.91	68.23	66.94	65.1	63.96	61.16	57.75	51.93	0.0
0.0	51.67	58.03	61.24	63.8	65.55	67.03	68.17	69.47	70.03	70.55	70.63	71.95	72.1	72.81	73.06	73.02	73.05	73.34	73.37	73.28	72.89	72.8	72.37	71.65	70.95	70.65	69.63	69.36	68.14	67.17	65.37	63.64	61.14	58.04	51.26	0.0
0.0	52.06	58.18	61.66	64.41	66.01	68.15	68.85	69.52	70.37	71.13	71.45	72.34	72.67	72.7	73.06	73.34	73.12	73.45	72.67	73.01	73.16	73.05	72.33	72.31	71.27	70.54	70.25	69.51	68.17	67.17	65.67	64.06	61.87	58.31	52.08	0.0
0.0	52.18	58.57	62.0	64.31	66.59	67.78	68.82	70.67	70.65	71.37	71.7	72.52	72.7	73.46	73.82	73.9	73.53	73.28	73.52	73.71	74.28	73.71	72.86	72.69	71.41	71.44	70.54	69.96	68.73	67.28	65.99	64.02	61.39	57.95	52.52	0.0
0.0	51.82	58.1	61.86	64.51	66.2	67.58	68.87	69.49	70.39	70.97	71.33	72.26	72.69	72.8	73.02	73.48	73.33	73.26	72.7	72.94	72.8	72.22	72.1	71.76	71.64	71.51	70.45	70.01	68.62	67.85	66.49	63.95	61.84	58.36	52.15	0.0
0.0	51.53	57.41	60.82	63.42	65.41	67.24	68.32	68.53	69.95	70.27	70.83	71.67	72.37	72.34	72.69	72.68	72.69	72.6	72.84	72.53	72.55	72.33	71.75	71.21	70.28	69.88	69.46	68.91	67.75	67.15	65.13	63.24	60.79	57.38	51.5	0.0
0.0	52.24	58.01	62.28	64.39	65.91	67.82	68.57	69.25	69.95	71.04	71.57	72.02	72.4	72.36	72.69	72.83	72.71	73.3	73.27	73.23	72.74	72.51	72.74	71.91	71.82	70.69	70.07	69.3	68.39	66.91	66.07	64.19	61.86	58.04	51.89	0.0
0.0	52.14	58.51	61.89	64.76	66.58	68.04	69.19	70.34	71.04	71.62	72.24	72.72	73.32	73.81	74.53	74.19	74.45	74.19	74.06	73.37	73.84	73.54	73.17	72.85	72.71	72.3	71.36	70.11	68.72	67.52	66.24	64.18	61.3	58.02	51.91	0.0
0.0	51.44	57.74	61.53	63.67	65.79	66.69	67.97	68.76	69.85	70.4	71.26	71.53	71.82	72.58	72.88	72.61	73.09	72.28	72.61	72.76	72.71	72.73	72.43	71.95	71.45	70.77	70.7	69.6	68.15	67.53	66.08	64.1	61.46	58.36	52.17	0.0
0.0	52.09	57.86	62.12	64.22	65.6	67.55	68.65	69.76	70.68	71.07	71.38	72.14	72.66	72.97	72.89	73.26	73.28	73.52	73.55	73.45	73.81	72.79	72.64	71.84	71.71	71.39	70.87	69.79	68.73	67.67	66.21	64.49	61.69	58.08	52.34	0.0
0.0	52.32	57.97	61.75	64.79	66.65	68.26	69.31	70.54	70.97	71.42	72.06	73.16	73.11	73.75	73.69	73.93	74.5	74.23	74.22	74.49	74.51	73.82	73.87	73.34	72.67	72.28	71.35	70.88	69.49	68.66	66.75	64.95	62.52	59.06	52.27	0.0
0.0	51.94	57.97	61.49	63.99	65.9	67.43	68.3	69.46	70.35	71.15	71.95	72.16	72.62	73.02	72.96	73.29	73.29	72.9	73.31	73.07	73.06	72.59	72.7	71.8	71.65	70.9	69.86	69.56	68.6	66.57	65.06	63.72	61.52	57.69	51.95	0.0
0.0	52.35	58.3	61.86	64.26	65.98	67.61	68.91	69.48	69.98	71.02	71.67	71.8	72.09	72.25	72.21	72.29	72.31	72.18	72.47	72.47	72.38	72.04	71.9	71.74	70.88	70.34	69.74	68.57	68.45	67.05	65.75	64.12	62.15	58.65	52.54	0.0
0.0	52.04	57.94	61.64	64.63	66.29	67.92	69.24	70.03	70.99	71.22	72.13	72.58	73.31	73.54	73.44	73.53	73.29	73.75	73.76	73.15	72.93	72.73	72.84	72.18	72.15	71.51	71.42	70.27	69.56	67.9	66.47	64.74	62.17	58.26	51.87	0.0
0.0	51.89	58.16	62.15	64.29	65.95	67.88	68.86	69.48	70.81	71.04	71.48	71.92	72.28	72.62	73.3	73.11	73.26	73.31	73.01	72.82	72.9	72.75	72.15	71.93	71.7	71.36	70.58	69.57	68.29	67.08	65.89	64.48	61.57	58.18	51.68	0.0
0.0	51.86	57.94	61.81	64.11	66.27	67.51	68.66	69.45	70.54	71.24	72.04	72.55	72.51	72.98	73.54	73.77	74.0	74.11	73.87	73.58	73.54	73.67	73.11	73.28	72.66	71.63	71.09	70.52	68.97	68.13	66.05	64.13	61.32	57.98	52.14	0.0
0.0	51.41	57.76	61.36	63.93	65.69	67.27	68.07	69.36	69.72	70.75	71.32	71.79	71.95	72.55	72.28	72.87	72.36	72.57	72.39	72.19	72.06	71.86	71.81	71.18	70.72	70.56	69.53	69.2	67.97	66.96	65.79	64.14	61.75	58.08	51.42	0.0
0.0	51.59	58.18	61.67	64.27	66.02	67.48	68.34	69.74	70.45	71.48	71.55	71.77	71.99	72.86	72.84	73.05	73.23	73.44	73.92	73.36	72.59	72.27	71.95	71.61	71.73	70.81	69.77	69.27	68.45	67.12	65.65	63.57	61.52	57.94	51.71	0.0
0.0	52.09	58.53	62.05	64.5	66.24	67.95	69.09	69.83	70.88	71.34	72.0	72.55	73.27	73.91	73.67	74.14	74.08	74.16	73.99	73.95	73.63	73.59	73.59	72.07	71.64	71.21	70.22	69.38	68.88	67.75	66.11	64.39	62.31	58.76	51.57	0.0
0.0	51.99	58.04	61.81	64.37	65.93	67.77	68.23	69.86	70.79	71.44	71.76	72.18	72.61	72.74	72.93	73.73	73.72	73.76	72.92	73.59	73.31	73.69	72.98	72.54	71.47	71.29	70.76	69.2	68.82	67.17	66.16	64.22	61.57	58.59	52.11	0.0
0.0	52.3	58.31	61.51	64.39	65.97	68.02	69.32	70.04	70.7	71.18	71.41	71.88	72.15	72.74	73.07	73.12	73.32	73.12	73.08	73.24	73.09	72.83	72.39	72.22	71.72	70.64	69.82	69.09	68.68	67.5	65.75	64.0	62.39	58.74	52.55	0.0
0.0	51.76	57.9	61.73	64.12	66.24	67.43	68.5	69.74	70.67	71.14	71.44	72.34	73.13	72.89	73.78	73.69	73.35	73.43	73.6	73.62	73.26	73.25	72.53	72.13	71.9	71.06	70.75	69.71	69.04	67.65	66.27	63.82	61.77	57.8	52.02	0.0
0.0	52.12	58.03	61.87	63.88	65.91	67.37	68.23	69.42	70.14	70.84	71.45	71.6	72.3	73.13	73.67	73.8	73.52	73.94	73.77	73.81	73.59	73.15	73.09	72.12	72.09	71.42	71.08	70.13	69.21	67.14	65.89	63.99	61.45	58.04	51.98	0.0
0.0	52.12	58.1	61.71	64.02	66.33	67.32	68.83	69.86	70.27	71.07	72.03	72.96	73.29	73.19	72.88	73.21	73.43	73.64	73.16	73.38	73.44	73.27	71.99	71.54	71.9	70.86	70.51	70.01	68.45	68.03	66.2	64.32	61.43	57.87	52.0	0.0
0.0	52.31	58.75	61.58	63.87	65.55	67.56	68.48	69.66	70.57	71.27	71.72	72.43	72.76	72.71	73.29	73.88	73.74	74.17	73.93	74.09	73.75	73.14	73.22	72.74	72.35	71.65	70.49	69.8	68.94	67.82	66.2	64.47	62.07	57.99	52.32	0.0
0.0	52.3	58.57	62.09	64.31	66.8	67.89	69.28	70.39	71.45	71.56	71.79	72.12	72.64	73.13	73.18	73.48	73.74	73.8	73.51	73.29	73.6	73.72	73.32	72.46	71.68	71.31	71.04	69.74	68.84	67.73	66.2	65.09	62.38	58.4	52.49	0.0
0.0	52.73	58.46	61.58	64.05	65.85	67.49	68.65	69.33	70.32	71.29	71.93	72.61	72.74	72.89	73.14	73.0	73.46	72.83	72.99	73.35	73.26	73.16	72.88	72.49	71.44	71.09	70.36	69.38	68.5	67.09	66.12	64.68	62.17	58.13	51.52	0.0
0.0	51.57	58.43	61.73	64.12	65.54	67.25	68.66	69.31	70.24	70.68	71.17	71.37	72.21	72.92	72.55	73.04	72.8	73.48	73.09	72.94	73.11	72.76	72.36	72.29	71.51	70.93	70.08	69.72	68.38	66.82	65.43	63.51	60.86	57.36	51.5	0.0
0.0	52.26	58.13	61.73	64.41	66.48	67.47	68.72	69.72	70.7	71.39	72.32	72.79	72.81	73.48	73.3	73.42	73.76	74.02	73.84	73.97	73.75	73.25	73.02	72.08	71.67	71.17	70.13	69.74	68.52	67.47	65.94	64.65	61.76	58.46	52.44	0.0
0.0	52.32	58.5	62.33	64.4	66.78	68.18	68.41	69.77	70.91	71.28	71.94	72.47	72.42	72.65	73.53	73.35	73.51	73.74	73.46	73.44	73.36	73.21	72.53	72.65	72.2	71.58	70.93	70.44	69.59	68.31	66.5	64.46	62.12	58.74	52.3	0.0
0.0	51.61	58.02	61.8	64.03	66.41	67.59	68.29	69.59	70.6	71.23	71.6	72.03	72.63	72.67	73.19	73.42	73.29	73.0	73.02	72.4	72.63	72.24	71.91	71.82	71.0	70.6	69.68	69.28	68.36	67.64	66.11	64.09	61.76	58.37	52.23	0.0
0.0	52.58	58.15	62.13	64.83	66.54	68.24	69.44	70.15	70.82	71.86	71.97	72.23	72.97	73.41	73.56	74.2	74.19	74.35	74.09	74.4	73.83	73.63	73.23	72.5	71.92	71.59	70.46	70.17	69.0	67.72	66.2	64.5	62.04	57.94	51.88	0.0
0.0	51.85	58.15	61.86	64.57	65.94	67.61	68.23	69.99	70.22	70.98	71.75	72.24	72.47	72.58	72.88	73.05	73.13	73.46	73.26	73.25	72.95	72.99	72.53	72.09	71.69	70.92	70.95	69.56	68.66	67.54	65.94	64.14	61.97	58.36	52.1	0.0
0.0	52.12	57.62	61.81	64.2	65.72	67.54	68.58	69.59	70.0	70.37	71.61	71.83	71.74	72.37	72.73	72.66	72.17	72.83	72.59	72.77	72.42	71.85	71.57	71.28	71.18	70.82	70.19	69.32	68.11	67.26	65.81	63.55	61.34	57.96	51.87	0.0
0.0	51.79	57.86	61.17	64.07	65.8	67.06	68.44	69.4	70.28	70.35	71.06	71.71	72.93	72.84	72.78	72.88	72.8	73.36	73.16	73.19	72.65	72.54	72.32	71.57	71.75	70.68	70.02	69.5	68.52	66.87	65.37	63.37	61.37	57.97	51.71	0.0
0.0	51.82	57.74	62.1	64.6	66.26	67.75	68.75	69.82	70.13	71.07	71.66	71.69	72.6	72.65	72.72	72.7	73.18	73.59	73.39	73.49	73.0	72.68	72.78	72.42	72.01	71.15	70.6	69.09	68.55	67.27	64.87	63.58	61.14	57.72	51.69	0.0
0.0	51.79	57.82	62.17	64.43	66.08	67.38	68.12	69.52	69.85	70.84	71.64	72.37	72.55	72.76	73.22	73.5	73.38	73.75	73.74	73.49	73.46	73.1	73.0	72.48	71.88	71.75	70.81	70.06	69.13	67.43	66.17	64.35	61.62	58.04	52.24	0.0
0.0	51.84	58.04	61.91	64.25	66.27	67.92	69.02	69.64	70.81	71.07	71.88	71.93	72.79	73.04	72.98	73.2	73.46	73.29	73.31	73.4	72.97	73.28	72.86	72.16	71.84	71.17	70.19	69.27	68.47	67.06	66.04	64.2	61.34	58.1	51.89	0.0
0.0	52.13	57.98	62.01	64.25	65.75	67.18	68.42	69.28	70.02	70.98	71.76	72.17	72.57	73.03	73.32	73.03	73.3	72.62	73.55	73.5	73.18	72.71	72.66	72.54	72.08	71.16	70.34	69.76	68.85	67.12	65.7	64.77	62.48	58.42	51.76	0.0
0.0	52.11	58.21	61.78	64.12	65.77	67.3	68.67	69.5	70.34	70.6	71.47	71.55	72.25	72.36	72.74	73.31	72.81	72.98	73.01	72.61	72.53	72.86	72.45	71.75	70.6	70.56	70.1	69.03	68.28	67.41	65.89	63.3	61.32	58.11	52.42	0.0
0.0	51.58	58.23	62.38	64.68	66.57	67.71	69.42	70.17	70.54	71.35	71.42	72.68	72.73	73.34	73.3	74.04	74.03	73.61	74.03	73.68	73.45	73.31	72.56	72.62	71.72	71.49	71.03	69.84	69.22	67.76	66.12	64.3	61.48	58.32	51.93	0.0
0.0	52.15	57.91	61.43	64.11	65.96	67.62	68.4	69.3	69.66	70.59	71.32	72.24	72.22	72.66	73.18	73.13	73.59	73.84	73.62	73.42	73.45	73.18	72.85	72.15	72.0	71.1	70.61	69.97	68.84	67.87	66.08	63.93	61.81	58.05	51.96	0.0
0.0	52.17	58.31	61.94	64.4	66.34	67.42	68.44	69.22	70.31	70.56	71.52	71.97	72.51	73.08	72.96	73.1	73.46	73.32	73.23	73.6	73.08	72.64	72.69	72.45	71.54	71.08	70.4	69.8	68.79	67.26	65.95	64.67	61.94	57.86	51.71	0.0
0.0	52.0	58.22	61.73	64.54	66.03	67.32	68.36	69.54	70.13	70.52	71.55	71.98	72.01	72.15	72.27	72.5	72.87	73.01	72.66	72.33	72.12	72.03	71.42	71.74	70.83	69.97	69.15	68.53	67.19	66.27	65.26	63.52	60.85	57.79	51.64	0.0
0.0	52.22	58.52	61.55	64.45	65.99	67.31	69.02	69.71	70.42	71.23	72.22	72.57	72.9	73.02	73.05	73.17	73.55	73.89	73.64	73.44	73.38	72.74	72.33	72.27	71.44	71.3	70.2	69.21	68.18	67.39	66.1	63.72	61.58	58.12	52.03	0.0
0.0	51.93	57.7	61.13	63.56	66.18	67.09	68.09	68.84	69.75	70.1	71.37	72.0	71.51	72.24	72.37	72.14	72.69	72.83	72.88	72.8	72.21	72.62	71.92	71.91	71.45	71.09	70.34	69.78	68.19	67.17	65.62	63.93	61.21	58.0	51.81	0.0
0.0	51.98	58.53	61.88	64.49	66.04	67.81	68.73	69.81	70.75	71.22	71.82	72.28	72.23	72.87	72.68	73.12	73.39	73.32	73.31	73.36	73.31	73.33	72.65	72.02	71.33	70.53	69.95	69.95	68.47	66.82	65.71	63.91	61.55	57.98	51.87	0.0
0.0	51.81	58.02	61.7	64.38	66.06	67.58	68.75	69.35	70.31	70.48	71.05	72.1	72.38	72.86	73.27	73.17	73.18	73.97	73.89	73.72	73.12	72.78	72.62	72.07	71.85	70.8	70.48	69.55	68.37	67.37	65.83	63.97	61.58	58.05	51.65	0.0
0.0	51.71	58.27	61.71	64.39	66.16	67.67	68.71	69.22	70.43	70.92	71.19	71.67	72.69	72.78	72.7	72.5	72.88	73.32	73.43	73.93	73.14	72.91	72.67	71.73	71.62	71.08	70.37	69.5	68.43	67.5	66.36	64.41	62.03	58.1	52.27	0.0
0.0	51.96	57.79	61.54	64.02	65.45	66.97	68.02	68.66	69.52	70.36	71.28	71.75	72.01	72.35	72.47	72.43	73.16	73.47	73.43	73.46	72.91	72.9	72.66	72.41	71.9	71.04	70.19	69.18	68.32	67.54	66.16	63.97	61.69	58.46	52.18	0.0
0.0	52.1	58.46	61.67	63.77	65.95	67.23	68.57	69.65	70.9	71.41	71.52	72.16	72.75	72.76	72.98	73.17	72.74	73.33	72.96	73.01	72.83	72.7	72.41	72.64	71.79	71.14	70.53	69.92	68.5	67.42	65.66	64.0	61.45	57.77	51.93	0.0
0.0	52.22	58.06	61.32	63.94	65.12	66.94	68.05	68.97	69.98	70.6	71.45	71.49	72.27	72.21	72.77	73.29	72.92	73.34	73.38	73.46	72.94	73.01	72.5	72.52	71.83	70.9	70.48	69.69	68.76	67.37	65.76	64.03	61.55	57.67	51.78	0.0
0.0	52.33	58.46	61.94	64.13	66.46	67.52	68.76	69.52	70.81	70.84	71.89	72.02	72.22	72.55	72.98	73.04	73.83	73.75	73.29	73.13	73.49	72.95	72.69	72.57	71.05	70.82	70.1	69.28	68.61	67.09	66.19	64.31	61.79	57.9	51.36	0.0
0.0	51.9	57.66	61.49	63.76	65.79	67.29	68.11	69.12	70.39	71.05	71.2	71.73	72.17	72.8	72.75	72.81	72.87	72.92	72.75	72.63	72.58	71.82	71.99	71.72	71.26	70.28	69.99	68.89	68.43	67.24	65.26	63.49	61.09	57.62	51.8	0.0
0.0	52.11	58.33	61.84	64.69	65.97	68.01	68.81	70.37	70.63	71.18	72.02	72.84	72.78	73.05	73.6	73.99	74.07	73.62	73.8	73.78	73.48	73.31	72.64	72.59	72.17	71.66	70.65	70.29	69.12	67.53	65.8	63.89	61.36	57.69	51.64	0.0
0.0	52.24	58.15	62.22	64.65	66.86	67.51	67.95	69.36	70.18	70.8	71.66	71.98	72.17	73.16	73.62	73.7	73.31	73.06	72.91	73.19	73.32	73.24	72.88	72.25	71.92	71.45	70.39	70.04	68.17	67.14	65.93	63.62	60.99	57.55	51.74	0.0
0.0	52.25	58.28	62.06	64.04	66.14	67.06	68.39	69.45	70.35	70.86	71.89	72.36	72.49	72.49	72.89	72.52	72.75	72.8	73.25	73.32	72.82	72.49	72.03	71.81	71.69	70.92	70.01	69.7	68.72	67.63	66.13	63.75	61.69	57.83	51.73	0.0
0.0	52.15	57.8	61.49	64.42	66.0	67.36	68.78	69.85	70.13	71.01	71.68	72.36	72.62	72.88	72.93	73.2	73.29	73.52	73.4	73.32	73.34	73.01	73.09	72.11	71.7	71.2	70.1	69.29	68.38	67.41	66.08	64.01	61.48	57.37	51.79	0.0
0.0	51.68	57.64	61.47	63.9	65.89	66.84	68.09	69.17	70.21	70.99	70.89	71.25	71.86	71.58	72.1	72.74	72.95	73.1	73.24	73.16	72.5	72.37	72.07	71.68	70.84	70.4	69.64	69.34	68.47	67.23	66.22	64.58	61.53	57.86	51.83	0.0
0.0	51.77	58.02	61.68	63.71	66.37	67.44	68.14	69.85	70.07	70.94	71.15	71.63	72.18	72.01	72.55	72.63	73.1	72.82	72.9	72.54	72.22	72.22	71.62	70.72	70.41	70.43	70.29	69.25	68.27	66.95	65.74	63.39	61.44	57.91	52.02	0.0
0.0	52.04	58.61	61.56	63.79	65.71	67.67	68.79	69.33	70.61	70.41	71.48	72.3	72.6	72.62	72.72	72.51	72.81	72.66	72.79	72.95	72.63	72.81	72.73	72.24	72.34	71.37	70.49	69.62	68.7	67.16	65.72	63.77	61.61	57.86	51.8	0.0
0.0	51.95	58.58	61.67	63.89	65.94	67.42	68.24	69.22	70.48	70.78	71.53	72.12	72.35	72.44	72.32	73.13	72.76	72.87	72.72	72.47	72.46	72.05	72.61	72.29	71.44	70.46	69.92	69.1	68.19	67.05	65.78	63.89	60.99	57.83	51.81	0.0
0.0	52.02	57.6	61.53	64.77	66.28	67.74	68.85	69.7	70.89	71.55	71.74	71.63	72.45	72.91	73.15	73.61	74.24	74.16	73.62	73.73	73.52	73.57	72.78	72.51	72.32	71.15	70.63	69.99	68.95	67.91	66.43	64.65	62.0	58.11	52.51	0.0
0.0	52.08	58.14	61.82	63.96	65.62	67.14	68.25	69.07	69.92	70.5	71.33	71.93	72.54	72.78	72.9	72.8	73.41	73.27	73.31	72.66	72.92	72.49	72.3	71.98	71.9	70.93	70.08	69.08	68.33	67.43	65.92	64.73	62.18	58.77	51.93	0.0
0.0	52.08	57.78	61.44	64.08	65.53	66.39	67.7	68.54	69.6	70.28	71.05	71.16	71.71	72.13	72.16	71.89	72.3	72.25	72.48	72.18	72.04	72.39	71.63	71.52	70.92	70.22	69.94	69.11	67.97	66.7	65.43	63.32	61.27	58.06	51.65	0.0
0.0	51.84	58.03	61.75	64.56	66.69	68.13	68.84	70.36	70.48	71.42	72.1	72.83	72.85	73.22	73.39	73.81	73.49	73.86	73.92	73.89	73.9	73.8	73.35	72.9	72.69	72.25	71.25	70.38	69.3	67.8	66.24	64.55	62.39	58.58	52.42	0.0
0.0	52.07	58.06	61.54	64.34	66.12	67.08	68.51	69.87	70.61	71.68	71.82	72.53	72.13	72.85	73.56	73.64	73.36	73.44	73.19	73.16	72.88	72.76	72.2	72.11	71.44	70.91	70.78	70.27	69.15	68.08	66.23	64.45	61.96	58.4	52.39	0.0
0.0	52.19	58.31	62.25	64.03	65.86	67.4	68.29	69.82	70.7	71.61	71.83	72.66	73.29	73.66	73.6	73.82	73.94	74.04	73.63	73.44	73.4	72.82	72.33	72.54	71.84	71.47	70.77	69.46	67.99	67.14	65.78	63.67	61.85	58.06	52.18	0.0
0.0	51.64	58.04	61.44	64.42	65.78	66.83	68.71	69.42	70.51	71.09	71.9	72.11	72.4	72.47	73.26	73.45	73.65	73.22	73.18	72.96	72.99	72.92	72.38	71.99	71.47	71.05	69.81	69.14	68.38	66.53	65.98	63.56	61.83	58.04	51.7	0.0
0.0	51.91	58.24	61.54	64.18	66.08	67.94	68.93	69.72	70.81	71.44	72.03	72.32	72.69	72.81	73.09	73.24	73.19	73.29	72.9	73.11	72.95	73.07	72.18	71.77	71.26	70.97	69.92	69.59	68.87	67.51	66.4	64.56	62.16	58.55	52.08	0.0
0.0	51.63	57.38	61.0	63.5	65.55	67.05	68.2	69.28	70.49	70.77	71.2	71.49	72.26	72.22	71.81	72.32	72.13	72.27	72.0	72.18	72.08	71.87	72.14	71.74	70.94	70.47	70.36	68.75	67.63	66.16	65.1	63.63	61.09	57.43	51.68	0.0
0.0	51.96	58.43	61.38	64.3	66.09	67.57	68.76	69.5	71.13	71.31	71.57	72.18	72.28	72.57	72.32	73.03	72.71	73.08	72.87	73.04	72.31	72.13	72.04	72.03	71.59	71.09	70.42	68.99	68.58	67.3	65.75	63.64	60.98	58.25	52.21	0.0
0.0	52.36	58.64	61.99	64.44	66.04	68.19	69.07	70.52	71.03	71.87	72.55	72.91	73.0	73.72	74.01	74.0	74.23	74.07	74.17	73.91	73.73	73.8	73.67	73.0	72.25	71.8	71.0	70.51	69.22	68.09	66.59	64.63	62.24	58.69	52.02	0.0
0.0	51.88	58.38	61.69	64.34	65.98	67.21	68.61	69.89	70.16	70.95	71.79	72.55	72.5	72.64	73.35	72.97	73.55	72.7	72.68	72.99	72.8	73.15	71.99	71.75	71.44	70.86	70.24	69.73	68.68	67.58	66.01	63.92	62.01	58.33	52.4	0.0
0.0	52.3	58.52	61.58	64.44	66.04	67.62	69.07	69.59	70.55	71.1	71.52	71.72	72.17	72.65	73.25	72.73	72.39	73.23	73.26	72.81	72.53	72.32	71.65	71.25	71.23	70.64	70.19	69.63	68.5	67.11	65.72	64.06	61.49	58.1	52.39	0.0
0.0	51.94	57.79	61.46	63.75	65.52	67.05	68.67	69.18	70.02	70.46	71.59	72.16	72.34	72.38	72.76	73.28	72.74	72.85	72.96	72.69	71.82	72.11	71.96	71.73	71.22	70.57	69.78	68.73	67.97	67.14	65.87	63.47	61.04	57.66	51.73	0.0
0.0	52.31	58.13	61.74	64.3	66.03	67.7	68.79	69.96	70.92	70.97	71.92	72.25	72.62	73.11	72.79	72.73	73.06	72.98	73.4	73.24	73.11	72.92	72.25	71.65	71.81	70.99	70.47	69.47	68.84	67.64	66.39	64.34	61.99	58.35	52.07	0.0
0.0	52.24	58.36	61.68	63.91	66.24	67.02	69.0	69.68	70.84	71.15	72.16	72.77	72.95	72.57	73.41	73.1	73.39	73.66	73.67	73.76	73.54	73.06	72.68	72.2	71.66	70.81	69.97	69.06	68.47	67.61	66.22	63.99	62.13	58.02	52.38	0.0
0.0	52.2	58.45	61.77	64.52	66.18	67.95	69.33	70.07	70.59	71.19	71.75	72.77	73.15	73.44	73.31	74.03	73.75	73.53	73.73	73.39	73.62	73.23	72.36	72.09	71.64	71.65	70.13	70.09	68.69	67.99	65.73	64.52	62.02	58.19	52.95	0.0
0.0	51.49	58.51	61.93	64.0	65.53	67.14	68.35	69.37	69.55	70.95	71.44	71.42	72.02	72.01	72.39	72.55	72.55	73.47	72.65	72.6	72.17	71.7	71.81	72.22	71.42	71.16	70.53	69.28	68.65	67.49	65.79	64.27	61.43	57.76	51.99	0.0
0.0	51.27	57.68	61.57	63.86	66.04	67.02	68.46	69.37	69.91	70.77	71.35	71.86	72.86	72.45	73.24	73.05	72.81	73.42	73.4	73.08	73.06	72.82	72.3	72.2	71.79	71.14	70.07	69.18	68.28	66.45	65.46	63.78	61.51	57.69	51.8	0.0
0.0	52.06	57.73	61.52	63.41	66.17	67.43	68.76	69.28	70.93	71.54	72.05	72.32	72.43	72.72	73.12	73.55	73.28	73.65	73.68	73.68	73.35	73.19	72.63	72.31	71.16	70.99	70.15	69.61	68.72	67.39	66.1	63.95	61.79	58.29	52.14	0.0
0.0	52.04	58.03	61.97	64.03	65.98	67.03	68.61	68.81	70.12	71.36	71.72	72.2	72.25	72.14	72.52	72.54	73.63	72.63	73.28	73.07	72.69	72.24	71.99	71.05	70.99	70.3	69.76	69.24	68.14	67.17	66.04	63.63	61.42	57.81	52.14	0.0
0.0	52.18	58.5	62.07	64.09	65.89	67.12	68.75	69.63	70.18	71.07	71.69	71.82	72.34	72.78	72.84	72.9	73.17	73.26	73.13	72.95	72.4	72.83	72.29	71.51	71.37	70.75	69.85	69.09	68.89	67.57	66.12	64.29	61.86	57.96	52.05	0.0
0.0	51.87	57.93	61.66	63.8	65.42	67.44	68.63	69.22	69.76	69.92	71.04	71.3	71.87	71.92	72.18	72.57	72.31	72.7	72.73	72.51	72.2	72.46	72.26	71.36	71.25	70.96	70.45	68.95	67.66	67.02	65.68	63.71	61.33	57.4	51.45	0.0
0.0	52.08	58.23	61.51	64.04	65.7	67.41	68.71	69.31	69.91	71.48	72.14	71.88	72.72	72.93	73.68	73.61	73.52	73.34	73.36	73.46	73.09	72.77	71.74	71.69	71.19	70.87	69.99	69.08	68.51	67.67	65.8	64.09	61.2	57.86	51.79	0.0
0.0	51.99	58.15	61.72	64.27	66.08	67.06	68.33	69.02	69.72	70.94	71.31	71.67	71.81	72.44	72.76	72.87	72.67	72.78	72.1	72.49	72.15	72.26	71.44	71.81	71.38	70.94	69.81	69.01	68.22	67.41	65.77	63.99	61.67	58.0	52.13	0.0
0.0	52.22	57.9	62.11	64.03	65.7	67.5	68.92	69.72	70.93	71.36	71.66	72.49	72.03	72.69	73.11	73.04	73.03	72.77	73.48	73.58	72.96	72.82	72.58	72.01	71.76	70.79	69.87	69.0	68.28	67.28	65.51	63.71	61.69	58.0	52.09	0.0
0.0	52.0	58.1	62.27	64.52	65.94	67.41	69.06	69.84	70.58	71.19	71.58	72.21	72.41	72.96	73.12	73.21	73.56	73.22	73.45	73.12	72.9	72.72	72.95	72.38	71.73	71.71	70.57	69.79	68.88	68.2	66.39	64.77	61.68	58.3	52.16	0.0
0.0	51.83	57.99	61.49	64.01	66.21	67.3	68.42	69.96	70.53	71.66	72.21	72.43	72.61	73.35	73.59	73.81	73.83	74.13	73.83	73.89	73.4	73.58	72.88	72.53	72.09	71.45	70.61	69.7	68.69	67.57	66.29	64.52	61.97	58.21	52.3	0.0
0.0	52.03	57.62	61.61	64.33	65.76	67.0	68.57	69.5	70.14	70.57	71.69	71.62	71.93	71.78	72.56	72.71	72.82	72.85	72.57	72.95	72.53	71.76	71.8	71.46	71.01	70.98	69.72	69.12	67.81	67.22	65.67	63.57	61.25	57.7	51.76	0.0
0.0	52.07	58.29	61.73	64.39	65.77	67.51	69.05	69.61	70.34	71.15	71.36	71.92	72.34	72.34	72.58	72.99	72.47	73.06	72.59	72.9	72.45	72.63	72.42	71.9	71.47	70.42	69.34	68.77	67.82	66.54	65.32	63.41	61.6	58.43	51.65	0.0
0.0	51.89	57.92	61.58	64.11	65.67	66.53	68.01	69.38	69.81	70.85	71.15	72.11	72.22	72.41	73.09	73.25	73.52	73.16	73.14	73.51	73.09	72.54	72.08	71.85	71.19	70.55	69.79	69.17	67.87	66.96	65.52	63.77	61.11	57.62	51.6	0.0
0.0	51.66	58.16	61.41	64.21	65.77	67.52	68.67	69.37	70.04	70.58	71.74	71.57	72.26	72.92	73.02	73.19	73.65	73.38	73.18	73.48	73.18	73.06	71.92	71.97	71.62	71.4	70.56	69.67	68.19	67.43	66.25	64.56	62.03	58.02	52.1	0.0
0.0	52.06	58.02	61.79	64.23	66.02	67.4	68.46	69.77	70.67	71.37	72.11	72.55	72.71	73.27	73.43	73.72	74.11	74.62	74.24	74.21	73.96	73.59	72.68	72.45	71.94	71.0	70.66	70.2	69.14	67.17	65.99	63.82	61.73	58.25	52.05	0.0
0.0	52.17	58.11	61.82	63.96	66.39	67.78	68.74	69.41	70.85	71.45	71.67	72.27	72.9	73.11	73.88	74.31	73.7	73.99	73.79	73.78	73.22	73.17	72.91	72.41	72.1	71.34	70.66	70.03	69.43	67.67	66.55	64.34	62.22	58.47	52.07	0.0
0.0	52.23	58.35	61.98	63.81	65.79	67.55	68.01	69.02	70.13	70.75	71.18	71.54	72.12	72.61	72.98	72.96	73.03	72.82	72.58	72.47	72.46	72.45	72.06	72.08	71.8	71.13	70.42	69.86	68.9	67.37	66.35	64.86	61.89	58.25	52.01	0.0
0.0	51.86	57.96	61.5	64.24	65.96	67.24	68.38	69.65	69.92	71.0	71.93	72.0	72.06	72.58	73.01	73.03	73.46	73.32	73.21	73.32	73.19	72.8	72.35	72.22	72.08	70.89	70.57	69.22	68.34	66.87	65.97	64.17	61.32	58.31	51.76	0.0
0.0	51.85	58.29	61.39	64.02	65.83	67.78	68.71	69.61	70.18	71.03	71.96	72.1	72.69	72.85	73.14	73.28	73.17	72.96	72.88	72.98	72.85	72.94	72.22	71.89	71.17	70.44	69.81	69.13	68.2	66.95	65.88	64.11	61.55	58.28	51.79	0.0
0.0	51.73	57.81	61.76	64.04	65.63	66.67	68.33	68.94	70.2	70.59	70.83	71.53	71.88	71.92	72.67	72.53	72.67	72.97	72.84	72.9	73.17	72.65	72.94	72.19	72.07	71.41	70.63	69.6	68.4	67.04	65.89	64.02	61.46	58.25	52.05	0.0
0.0	52.24	58.53	62.04	64.23	66.17	67.62	69.04	69.43	70.45	71.2	71.82	72.05	72.89	72.92	73.09	73.67	73.7	74.13	73.92	73.75	73.69	73.65	73.24	72.4	72.15	71.51	71.01	69.98	68.58	67.72	65.93	64.53	61.83	58.08	51.98	0.0
0.0	51.9	58.16	61.64	64.03	65.68	67.55	67.7	69.2	69.78	69.99	71.3	71.46	72.11	72.09	72.55	72.89	72.57	72.52	73.22	73.22	72.49	72.71	72.43	71.76	71.5	70.52	69.98	69.7	68.89	67.54	66.21	64.77	61.8	58.02	52.39	0.0
0.0	51.81	57.63	61.6	63.76	65.77	66.55	67.78	69.24	69.95	71.06	71.47	72.63	72.71	72.6	72.55	72.84	73.08	73.2	73.01	72.93	73.06	72.96	72.44	72.16	71.61	71.29	70.74	69.31	68.8	67.02	65.66	63.41	61.03	57.85	51.81	0.0
0.0	52.05	58.85	62.06	64.36	66.32	67.84	69.01	69.55	70.36	71.16	71.57	72.72	72.64	73.27	73.49	73.55	73.08	73.46	73.21	73.28	73.57	72.93	72.52	72.47	71.55	71.33	69.97	69.09	69.04	67.27	66.33	64.37	61.69	58.17	51.9	0.0
0.0	51.98	57.72	60.83	63.25	65.11	66.1	67.58	68.69	69.68	70.37	71.13	71.23	71.63	72.27	72.64	72.19	72.76	72.58	72.54	72.75	72.5	72.32	71.83	71.74	70.89	70.55	69.88	68.98	68.0	67.05	65.15	63.61	61.09	57.58	51.83	0.0
0.0	51.82	57.75	61.53	63.9	65.53	67.29	68.34	69.82	70.83	71.55	71.8	72.53	72.04	72.74	73.15	73.27	73.03	73.45	73.66	73.33	72.84	72.16	72.55	72.18	71.57	70.88	70.29	69.45	68.09	67.3	65.91	63.96	61.48	58.09	51.89	0.0
0.0	51.81	58.36	61.62	64.38	66.15	67.69	69.09	70.09	70.85	71.66	72.14	72.55	73.5	73.63	73.82	74.01	73.98	73.96	74.2	73.4	73.49	72.89	72.99	72.16	71.56	70.89	70.34	69.53	68.79	67.62	66.2	64.76	61.76	57.81	52.09	0.0
0.0	52.06	58.19	61.96	64.69	66.22	67.59	68.95	70.42	71.08	71.71	72.07	72.26	73.16	73.51	73.38	74.13	73.82	74.03	74.46	73.8	73.72	73.51	72.94	72.61	72.18	71.35	71.04	69.93	68.54	67.93	66.4	64.97	62.59	58.62	52.45	0.0
0.0	52.68	58.43	61.46	63.95	65.78	66.96	68.68	69.82	70.73	71.6	72.21	72.27	72.42	72.8	73.15	73.44	73.52	73.7	73.23	73.3	73.38	72.81	72.7	71.74	70.83	70.75	70.25	69.85	68.81	67.44	65.62	64.05	61.33	57.99	51.85	0.0
0.0	51.7	58.1	61.29	63.44	64.99	66.67	68.46	69.56	69.84	71.08	71.43	71.0	71.53	72.35	72.54	72.31	72.55	72.68	72.87	72.56	72.49	72.24	71.94	71.72	71.5	70.99	70.02	69.49	68.34	66.9	65.93	64.32	61.68	58.14	51.79	0.0
0.0	52.19	58.1	61.08	63.79	65.22	66.86	68.35	69.27	70.32	70.15	71.17	71.7	72.35	72.45	72.86	72.69	72.93	72.81	72.93	72.81	72.61	72.42	72.06	71.51	71.53	70.28	69.76	69.51	68.31	67.0	65.53	63.38	61.14	57.75	51.68	0.0
0.0	51.51	57.93	61.57	63.78	65.37	66.66	68.04	69.18	70.16	70.42	71.77	72.47	72.9	73.43	73.76	74.0	73.76	74.24	73.63	73.43	73.58	73.31	73.2	72.19	71.29	71.03	70.02	69.27	68.06	67.49	65.92	64.61	61.95	58.36	52.25	0.0
