0.0	42.82	44.05	44.25	44.41	44.68	44.54	44.78	44.6	44.79	44.68	44.58	44.56	44.24	44.51	44.34	44.42	44.93	44.38	44.48	44.67	44.54	44.62	44.44	44.68	44.92	44.59	44.42	44.61	44.5	44.78	44.47	44.41	44.23	44.01	42.75	0.0
0.0	42.78	44.08	44.67	44.69	44.64	44.27	44.71	44.72	44.64	44.75	44.78	44.47	44.44	44.44	44.2	44.77	44.34	44.66	44.7	44.79	44.98	44.56	44.31	44.43	44.75	44.5	44.61	44.52	44.82	44.86	44.58	44.62	44.68	44.25	43.05	0.0
0.0	42.84	44.1	44.47	44.43	44.29	44.57	44.49	44.62	44.61	44.83	44.61	44.9	44.66	44.66	44.32	44.29	44.55	44.6	44.47	44.77	45.0	44.72	44.75	44.64	44.82	44.5	44.37	44.7	44.45	44.94	44.67	44.45	44.32	43.76	42.76	0.0
0.0	42.9	44.32	44.61	44.5	44.63	44.76	44.81	44.93	44.96	44.82	44.79	44.64	44.63	44.78	44.73	44.99	44.71	44.57	44.91	45.03	44.78	44.68	45.01	44.74	44.52	44.53	44.93	44.63	44.86	44.61	44.57	44.79	44.57	44.39	43.09	0.0
0.0	42.73	43.87	44.54	44.42	44.6	44.48	44.25	44.84	44.2	44.82	44.58	44.55	44.58	44.63	44.34	44.59	44.43	44.58	44.41	44.29	44.51	44.92	44.52	44.95	44.84	44.41	44.24	44.71	44.46	44.41	44.81	44.32	44.46	44.18	43.17	0.0
0.0	42.82	44.46	44.38	44.81	44.99	44.62	44.92	44.89	44.93	44.29	44.94	45.0	44.92	44.6	44.79	44.59	44.59	44.72	44.96	44.81	44.73	44.88	44.95	44.51	44.9	44.49	44.99	44.77	44.64	44.88	44.88	44.87	44.6	43.85	42.83	0.0
0.0	42.46	44.13	44.76	44.57	44.24	44.67	44.97	45.03	44.94	45.02	44.69	44.62	44.58	44.38	44.52	44.37	44.6	44.66	44.68	45.1	44.6	44.06	44.4	44.76	44.81	44.43	44.64	44.53	44.62	44.84	44.91	44.64	44.52	44.07	42.72	0.0
0.0	43.02	44.45	44.56	44.77	44.65	44.88	44.64	44.42	44.59	44.99	44.72	44.85	44.75	44.81	44.74	44.72	44.57	44.47	44.83	44.5	44.34	44.83	44.91	44.73	44.89	44.67	44.63	44.7	44.78	44.92	44.56	44.73	44.14	44.44	42.69	0.0
0.0	43.03	44.39	44.9	44.76	44.46	44.55	44.78	45.3	44.86	44.82	44.82	44.21	44.8	44.62	44.86	45.32	44.53	44.19	44.55	44.7	44.76	44.84	44.71	44.89	44.66	44.77	44.81	44.84	44.61	44.8	44.61	44.72	44.52	44.45	42.84	0.0
0.0	42.7	43.86	43.76	44.07	44.26	44.39	44.35	44.63	44.46	44.12	44.09	44.3	44.55	44.59	44.85	44.48	44.44	44.37	44.54	44.64	44.36	44.41	44.57	44.26	44.58	44.6	44.63	44.7	44.37	44.21	44.69	43.99	44.27	44.29	42.78	0.0
0.0	43.02	44.04	44.59	44.56	44.68	45.05	44.77	44.65	44.58	44.7	45.07	44.78	44.53	44.68	44.7	44.75	44.99	44.8	44.57	44.46	44.62	44.55	44.57	44.32	44.62	45.02	44.86	44.65	44.42	44.44	44.71	44.5	44.38	44.69	42.99	0.0
0.0	43.33	44.31	44.82	44.52	44.46	44.68	45.01	44.54	45.07	44.72	44.84	44.74	44.84	44.67	44.6	44.69	44.77	44.77	44.68	44.97	44.91	44.64	44.82	44.78	44.83	44.65	44.66	44.81	44.88	44.83	44.4	44.42	44.51	44.23	42.7	0.0
0.0	43.07	44.33	44.16	44.86	44.63	44.66	44.53	44.6	44.57	44.52	44.52	44.78	44.83	45.39	44.91	44.38	44.65	44.89	44.89	44.81	44.59	44.66	44.71	44.97	44.89	44.78	44.7	44.59	44.52	44.5	44.75	44.75	44.3	44.3	42.78	0.0
0.0	43.36	44.39	45.18	45.23	45.22	45.01	45.25	45.07	44.97	44.78	45.09	45.17	44.86	44.63	44.85	45.34	44.75	45.03	45.16	44.85	44.83	44.96	45.21	44.86	44.97	45.13	45.26	45.29	45.13	44.89	44.86	45.04	45.1	44.36	43.22	0.0
0.0	42.74	43.73	44.21	44.84	44.16	44.47	44.56	44.02	44.74	44.48	44.58	44.57	44.56	44.47	44.44	44.31	44.71	44.43	43.85	44.66	44.54	44.31	44.67	44.16	44.4	44.26	43.99	44.32	44.54	44.49	44.31	44.46	43.92	43.8	42.54	0.0
0.0	43.14	44.63	44.92	44.64	44.85	45.05	45.19	45.11	45.25	44.96	44.73	45.32	45.04	45.07	45.35	45.08	45.13	45.17	44.62	44.77	44.75	44.62	44.87	44.95	45.2	45.08	45.28	44.93	45.02	44.83	44.77	45.06	44.7	44.53	43.04	0.0
0.0	43.19	43.94	44.3	44.38	44.31	44.64	44.67	44.32	44.14	44.92	44.42	44.5	44.65	44.69	44.23	44.76	44.72	44.93	44.72	44.78	44.65	44.61	44.51	44.58	44.56	44.57	44.36	44.65	44.7	44.79	44.79	44.52	44.36	44.18	42.82	0.0
0.0	42.93	44.11	44.62	44.74	44.75	44.61	44.74	44.63	45.03	44.91	44.85	44.83	44.85	45.01	44.47	44.7	44.56	44.44	44.59	44.78	44.72	44.87	44.89	44.86	44.89	44.7	44.68	44.93	44.75	44.78	44.51	44.72	44.72	44.16	43.01	0.0
0.0	42.98	44.18	44.57	44.71	44.84	45.1	44.96	45.07	44.69	44.61	44.64	45.06	44.96	44.72	44.93	44.76	45.26	44.87	44.95	44.89	44.79	44.81	44.72	45.03	44.72	44.48	44.82	44.73	45.31	45.03	44.85	44.84	44.5	44.3	43.26	0.0
0.0	43.01	44.08	44.42	44.32	44.64	44.53	44.67	44.61	44.5	44.61	44.76	44.94	44.73	44.8	44.73	44.82	44.79	44.65	45.08	44.87	44.69	44.76	44.83	44.97	44.76	44.64	44.87	44.97	44.63	44.64	44.32	44.19	44.58	44.07	42.91	0.0
0.0	42.66	44.11	44.22	44.29	44.5	44.6	44.83	44.38	44.55	44.42	44.51	44.34	44.44	44.33	44.55	44.72	44.11	44.43	44.3	44.55	44.44	44.39	44.4	44.26	44.26	44.56	44.71	44.76	44.44	44.59	44.3	44.15	44.39	44.07	43.02	0.0
0.0	43.26	44.34	44.76	44.78	44.97	44.65	45.1	44.96	44.78	44.74	44.82	45.05	44.92	45.09	45.17	44.64	45.05	44.57	44.64	44.77	44.66	44.74	45.15	45.01	44.83	44.94	44.75	44.76	45.01	45.0	45.08	44.89	44.8	44.48	42.97	0.0
0.0	43.22	44.95	44.96	44.73	45.48	45.31	45.1	45.35	45.07	45.24	45.02	45.32	45.06	45.16	45.22	44.83	45.06	45.26	45.26	44.78	45.06	45.09	45.0	45.14	44.79	44.93	44.91	45.18	44.9	44.72	45.08	45.05	44.93	44.43	43.66	0.0
0.0	42.89	44.4	44.32	44.57	44.21	44.97	44.36	44.67	44.51	44.82	44.61	44.63	44.79	44.91	44.73	44.59	44.87	45.03	44.44	44.69	44.6	44.46	44.55	44.89	44.86	44.81	44.9	44.81	44.86	45.02	44.54	44.39	44.23	43.84	42.67	0.0
0.0	42.48	44.12	44.43	44.28	44.59	44.49	44.53	44.6	44.89	44.42	44.55	44.99	44.84	44.4	44.52	44.3	44.57	44.33	44.68	44.29	44.68	44.46	44.46	44.47	44.36	44.28	44.35	44.48	44.46	44.44	44.55	44.35	44.27	43.87	42.84	0.0
0.0	42.76	44.07	44.2	44.75	44.43	44.81	44.6	44.59	44.54	44.46	44.4	44.51	44.77	44.53	44.22	44.2	44.73	44.7	44.96	44.87	44.86	44.44	44.48	44.91	44.73	44.28	44.46	44.64	44.58	44.4	44.34	44.61	44.11	43.72	42.61	0.0
0.0	43.01	44.4	44.61	44.54	44.55	44.47	44.47	44.76	44.76	44.69	44.97	44.79	44.58	44.36	44.53	44.78	44.78	44.9	44.82	44.84	44.91	44.54	44.58	44.59	44.86	44.53	44.82	45.02	44.39	44.87	44.66	44.75	44.75	44.21	42.67	0.0
0.0	42.9	44.09	44.43	44.81	44.72	45.0	44.9	44.68	44.78	44.87	44.66	44.52	44.66	45.0	44.87	44.98	44.66	44.62	44.52	44.78	44.88	44.8	44.91	44.61	44.85	44.67	44.59	44.67	45.02	44.85	44.7	44.97	44.94	44.26	42.63	0.0
0.0	42.85	43.96	44.78	44.49	44.91	44.54	44.91	44.8	44.43	45.11	44.74	44.51	44.53	44.5	44.39	44.41	44.38	44.79	44.41	44.61	44.71	44.71	44.66	44.69	44.37	44.86	44.46	44.82	44.22	44.32	44.56	44.47	44.37	43.81	42.69	0.0
0.0	42.95	44.3	44.65	44.32	44.33	44.45	44.36	44.73	44.84	44.61	44.42	44.43	44.49	45.01	44.62	45.07	45.01	44.73	44.5	44.87	44.86	44.78	44.67	45.06	44.94	44.57	44.79	44.75	44.66	44.86	44.81	44.45	44.48	44.21	43.19	0.0
0.0	42.88	44.46	45.26	44.71	44.86	45.06	44.66	44.74	44.79	44.71	44.87	44.98	44.73	45.17	45.1	44.46	45.01	45.04	45.05	45.24	45.09	45.09	44.62	45.23	44.75	44.89	44.85	44.94	44.63	45.15	45.02	45.06	44.44	44.52	42.76	0.0
0.0	42.76	44.0	44.66	44.68	44.76	44.83	44.55	44.47	44.5	44.64	44.78	44.68	44.8	44.87	44.72	44.9	44.69	44.87	44.7	44.42	44.66	44.73	44.5	44.88	44.96	44.81	44.74	44.82	44.61	44.72	44.68	44.51	44.44	44.5	42.68	0.0
0.0	42.75	43.75	44.08	43.74	44.02	44.41	44.21	44.37	44.41	44.31	44.25	44.31	44.07	44.45	44.26	44.52	44.41	44.2	44.39	44.45	44.55	44.54	44.4	44.11	44.37	44.52	44.32	44.29	43.95	44.15	44.43	44.06	43.89	43.71	42.46	0.0
0.0	43.18	44.06	44.63	44.83	44.48	44.77	44.81	44.56	44.45	44.55	44.91	44.86	44.65	44.59	44.69	44.69	44.72	45.02	44.71	45.33	44.61	44.97	44.98	44.72	44.98	44.73	44.84	44.57	44.85	44.72	45.18	44.73	44.22	43.86	43.08	0.0
0.0	42.63	44.13	44.43	44.37	44.35	44.58	44.28	44.84	44.82	44.68	44.53	44.53	44.52	44.25	44.61	44.47	44.67	44.68	44.79	44.83	44.87	44.59	45.02	44.89	44.8	44.94	45.03	44.9	44.84	44.8	44.49	44.88	44.41	44.3	43.08	0.0
0.0	43.33	44.71	45.09	45.11	45.05	45.52	45.23	45.25	44.98	45.16	45.02	45.05	45.32	45.08	45.61	45.5	45.23	45.13	45.0	45.12	44.88	44.91	44.9	44.93	45.13	45.04	45.43	45.36	45.3	45.16	45.13	44.91	45.09	44.83	43.68	0.0
0.0	42.79	44.17	44.62	44.73	44.54	44.59	44.6	44.7	44.47	44.44	44.69	44.58	44.89	44.65	44.67	44.73	44.8	44.72	44.62	44.88	44.53	44.52	44.83	44.43	44.54	45.02	44.38	44.76	44.56	44.7	44.7	44.43	44.33	44.15	43.01	0.0
0.0	42.66	43.89	44.46	44.38	44.42	44.43	44.42	44.41	44.75	44.7	44.67	44.11	44.34	44.58	44.55	44.17	44.71	44.61	44.5	44.81	44.53	44.64	44.68	44.38	44.48	44.47	44.66	44.54	44.63	44.7	44.36	44.37	43.98	43.97	42.63	0.0
0.0	42.87	44.25	44.42	44.2	44.49	44.3	44.25	44.21	44.15	44.56	44.39	44.35	44.68	44.38	44.2	44.5	44.58	44.49	44.4	44.33	44.27	44.43	44.5	44.87	44.61	44.12	44.0	44.23	44.34	44.47	44.4	44.33	44.37	44.11	42.59	0.0
0.0	42.8	44.01	44.44	44.37	44.28	44.44	44.51	44.36	44.24	44.56	44.68	44.49	44.48	44.59	45.01	44.54	44.46	44.65	44.47	44.46	44.72	44.43	44.85	44.41	44.46	44.53	44.58	44.59	44.27	44.14	44.32	44.21	44.27	44.16	42.77	0.0
0.0	42.88	43.96	44.87	44.58	44.66	44.57	44.77	44.41	44.63	44.3	44.84	44.71	44.23	44.71	44.41	44.36	45.03	44.7	44.92	44.79	44.72	44.59	44.59	44.57	44.55	44.7	44.83	44.5	44.69	44.64	44.56	44.38	44.67	44.11	42.82	0.0
0.0	42.89	43.99	44.5	44.91	44.87	44.43	44.6	44.34	44.75	44.01	44.25	44.24	44.09	44.53	44.27	44.33	44.53	44.41	44.18	44.24	44.34	44.14	44.48	44.44	44.47	44.53	44.26	44.28	44.15	44.42	44.54	44.27	44.43	43.94	42.62	0.0
0.0	43.16	44.27	44.6	44.78	44.63	44.66	44.76	44.74	44.44	44.97	44.52	44.76	44.76	44.65	44.76	44.39	44.54	44.65	44.71	44.64	44.71	44.63	44.58	44.54	44.94	44.92	45.06	44.74	44.68	44.94	44.76	44.78	44.22	44.03	42.74	0.0
0.0	42.79	44.16	44.76	44.49	44.13	44.52	44.42	44.74	44.14	44.36	44.8	44.63	45.06	44.76	44.87	44.75	44.74	44.31	44.39	44.75	44.22	44.43	44.58	44.64	44.83	44.45	44.72	44.53	44.83	44.52	44.39	44.83	44.66	44.08	42.77	0.0
0.0	42.56	43.98	44.42	44.64	44.55	44.29	44.69	44.74	44.45	43.96	43.92	44.53	44.5	44.01	44.58	44.46	44.09	44.42	44.55	44.85	44.57	44.37	44.17	44.63	44.36	44.48	44.12	44.46	44.54	44.49	44.66	44.05	43.73	43.76	42.91	0.0
0.0	42.65	44.18	44.68	44.4	44.84	44.4	44.43	44.39	44.51	44.67	44.36	44.59	44.55	44.32	44.33	44.81	44.64	44.51	44.66	44.44	44.37	44.42	44.69	44.58	44.25	44.6	44.58	44.83	44.52	44.53	44.41	44.47	44.3	44.06	42.67	0.0
0.0	43.11	44.15	44.17	45.04	44.67	45.07	44.49	44.76	44.97	44.69	44.98	45.0	44.68	44.6	44.25	44.04	45.01	44.52	44.56	44.8	45.06	44.88	45.15	44.86	44.86	44.66	44.74	45.01	44.8	44.58	44.94	44.76	44.33	44.16	43.16	0.0
0.0	42.9	44.09	44.67	44.41	44.83	44.68	44.64	44.78	44.65	44.93	44.54	44.7	44.68	44.91	45.04	44.65	45.0	44.64	44.32	45.13	44.92	44.52	44.52	44.61	44.77	44.61	45.22	44.86	44.66	44.88	44.87	44.49	44.52	44.15	42.9	0.0
0.0	42.65	43.73	44.4	44.53	44.8	44.56	44.77	44.64	44.46	44.61	44.81	44.78	44.8	44.77	44.69	44.78	44.55	44.81	44.91	44.53	44.88	44.85	45.16	44.64	44.49	44.78	44.51	44.96	44.56	44.46	44.59	44.74	44.63	44.47	43.13	0.0
0.0	43.23	44.19	45.02	45.01	44.82	44.78	44.86	45.11	44.45	45.19	44.93	44.94	44.78	45.03	44.94	44.62	44.62	44.94	44.94	44.81	44.8	44.9	45.08	45.14	44.87	44.99	44.75	44.76	44.81	45.37	44.6	44.74	45.0	44.45	43.0	0.0
0.0	43.21	44.36	44.46	44.64	44.95	44.77	44.69	44.69	44.64	44.54	44.87	44.6	44.91	44.54	44.42	44.77	44.39	44.74	44.8	44.61	45.03	44.7	44.63	44.89	44.86	44.75	44.7	44.41	44.58	44.43	44.57	44.54	44.55	44.32	42.96	0.0
0.0	43.51	44.62	44.89	45.03	45.27	44.97	45.08	45.31	45.07	45.04	45.17	45.18	44.98	44.96	44.99	44.82	45.26	45.34	45.16	44.96	45.02	45.03	45.59	45.45	45.37	45.32	45.36	45.27	44.89	45.27	45.14	45.13	45.06	44.94	43.41	0.0
0.0	43.19	45.02	44.86	44.97	44.87	45.08	45.19	45.55	45.25	45.27	45.44	45.36	45.08	45.05	45.32	45.34	45.35	45.18	44.73	45.16	45.55	44.93	45.16	45.12	45.14	44.87	44.9	44.98	44.86	44.86	44.81	45.01	45.12	44.68	43.4	0.0
0.0	42.6	44.19	44.13	44.38	44.38	44.4	44.29	44.65	45.01	44.56	44.55	44.43	44.67	44.76	44.96	44.52	44.46	44.57	44.6	44.23	44.15	44.77	44.62	44.46	44.72	44.5	44.53	44.36	44.43	44.17	44.67	44.35	44.23	43.94	42.9	0.0
0.0	42.49	44.22	44.45	44.34	44.31	44.26	44.35	44.32	44.58	44.67	44.39	44.17	44.83	44.55	44.56	44.27	44.34	44.41	44.44	44.51	44.59	44.33	44.43	44.18	44.16	44.14	44.44	44.35	44.15	44.71	44.57	44.51	44.43	43.9	42.94	0.0
0.0	42.6	43.65	44.7	44.31	44.21	44.69	44.5	45.0	44.82	44.69	44.57	44.63	44.66	44.74	44.0	44.7	44.57	44.29	45.14	44.79	44.53	44.5	44.68	44.88	44.37	44.84	44.46	44.49	44.76	44.47	44.43	44.72	44.82	44.0	42.85	0.0
0.0	42.95	44.37	44.75	44.84	44.81	44.93	44.61	45.18	44.95	44.54	45.09	44.81	45.03	44.92	44.82	44.86	44.58	44.88	44.67	44.9	44.7	44.67	44.98	44.7	45.02	44.74	44.72	44.81	44.75	45.33	44.95	44.83	44.73	44.28	42.67	0.0
0.0	43.03	44.36	44.62	44.68	44.76	44.87	45.14	44.88	45.0	45.05	45.1	45.07	44.85	44.71	44.98	44.99	44.98	44.97	44.92	44.78	45.17	45.21	45.1	44.85	44.44	45.01	45.18	44.92	44.95	44.89	45.06	44.65	44.92	44.22	43.14	0.0
0.0	42.94	43.96	44.51	44.9	44.74	44.73	45.1	44.89	44.73	44.67	44.53	44.45	44.69	45.09	44.82	44.77	44.74	44.79	44.73	44.7	44.67	45.01	45.14	44.66	44.73	44.87	44.75	44.99	44.95	44.74	45.01	44.45	44.41	44.52	42.97	0.0
0.0	42.79	43.85	44.24	44.77	44.88	44.75	44.5	44.49	44.79	44.64	44.21	44.84	44.91	44.4	44.44	44.6	44.6	44.99	44.73	44.42	44.37	44.64	44.8	44.77	44.64	44.68	44.53	44.34	44.39	44.56	44.89	44.59	44.71	44.5	42.94	0.0
0.0	42.9	44.22	44.6	44.87	44.53	44.63	44.79	44.74	44.88	45.04	45.12	44.94	45.15	45.09	44.73	44.54	44.64	45.06	45.0	44.32	44.58	44.71	44.96	44.74	44.87	44.79	44.91	44.46	44.92	44.8	44.47	44.56	44.55	44.35	42.81	0.0
0.0	43.37	44.52	44.89	45.04	45.43	45.08	45.61	45.11	45.16	44.87	45.37	45.35	44.99	45.47	45.45	45.04	45.13	44.68	45.16	45.01	45.1	45.25	45.48	45.16	45.33	45.26	44.88	44.95	44.85	45.27	44.85	45.4	44.87	44.51	43.08	0.0
0.0	42.93	44.13	44.43	44.5	44.24	44.68	44.33	44.54	44.59	44.75	44.58	44.63	44.74	44.76	44.78	44.56	44.54	44.71	44.61	44.69	44.81	44.49	44.51	44.62	44.67	44.51	44.3	44.31	44.47	44.72	44.51	44.82	44.51	44.16	43.03	0.0
0.0	43.16	44.28	44.53	44.29	44.76	44.3	44.99	44.75	44.8	44.58	44.69	44.74	44.34	44.71	44.69	44.18	44.69	44.49	44.77	44.96	44.91	45.09	44.93	44.2	44.85	44.88	44.84	44.76	44.56	44.39	44.9	44.92	44.39	44.23	42.65	0.0
0.0	42.89	43.54	44.46	44.61	44.42	44.65	44.33	44.3	44.69	44.62	44.63	44.76	44.48	44.74	44.52	44.55	44.69	44.47	44.67	44.67	44.54	44.55	44.75	44.42	44.49	44.62	44.58	44.25	44.7	44.68	44.78	45.03	44.83	44.14	42.49	0.0
0.0	43.17	44.29	44.64	44.67	44.85	44.88	44.56	44.8	44.89	44.69	45.12	44.85	44.82	45.12	44.93	45.14	44.95	44.86	44.97	45.08	44.87	45.09	44.72	44.81	44.86	45.0	44.99	45.13	44.81	44.6	44.87	45.12	44.94	44.55	42.75	0.0
0.0	42.85	43.96	44.28	44.5	44.7	44.66	44.4	44.76	44.62	44.75	44.49	44.57	44.64	45.03	44.54	44.83	44.7	44.62	45.04	44.64	44.36	44.43	44.31	44.65	44.82	44.76	44.3	44.51	44.36	44.67	44.23	44.26	44.17	44.13	42.5	0.0
0.0	42.95	44.43	44.2	44.66	44.86	45.11	44.42	45.02	44.98	45.08	44.54	44.8	44.73	44.57	44.77	44.55	44.76	44.92	45.01	44.44	44.99	45.09	44.46	44.82	44.3	44.72	44.7	44.47	44.54	44.86	44.64	44.63	44.68	44.46	42.88	0.0
0.0	43.13	44.62	44.74	44.72	44.66	45.18	45.01	44.99	45.04	45.02	44.93	45.24	44.85	44.92	44.81	44.53	44.73	44.94	45.17	45.01	44.71	45.06	45.22	45.25	44.57	45.09	45.15	44.94	45.33	45.31	45.18	45.09	44.57	44.62	42.7	0.0
0.0	42.9	44.41	44.77	44.58	44.82	44.85	44.68	44.72	44.81	44.68	44.68	44.48	44.67	44.72	44.96	44.8	44.86	44.43	44.93	44.7	44.97	44.81	44.72	44.65	44.04	44.76	44.61	44.6	44.67	44.62	44.85	44.75	44.7	44.09	42.85	0.0
0.0	42.8	44.37	44.61	44.66	44.87	44.4	44.22	44.4	44.67	44.67	44.62	44.61	44.56	44.7	44.85	44.62	44.28	44.57	44.27	44.6	44.72	44.52	44.6	44.75	44.77	44.79	44.74	44.78	44.73	44.46	44.4	44.26	44.91	43.87	42.78	0.0
0.0	42.94	44.32	45.03	45.0	44.89	45.0	45.09	44.9	45.14	44.81	44.65	44.86	45.25	45.28	45.03	44.87	45.18	45.26	45.32	45.17	44.75	45.06	45.07	45.55	45.73	45.21	45.19	45.04	44.9	44.54	45.29	45.1	44.87	44.69	43.3	0.0
0.0	42.81	43.92	44.22	44.93	44.6	44.47	44.53	44.88	44.5	44.82	44.46	44.44	44.26	44.29	44.39	44.31	44.51	44.32	44.34	44.47	44.25	44.06	44.48	44.43	44.41	44.27	44.3	44.16	44.33	44.14	44.39	44.0	44.39	44.24	42.84	0.0
0.0	42.73	44.06	44.45	44.37	45.08	44.6	44.35	44.52	44.72	44.86	44.71	44.3	44.89	44.5	44.25	44.3	45.06	44.48	44.49	44.94	44.47	44.81	44.72	44.76	44.79	44.91	44.92	44.58	44.44	44.55	44.44	44.15	44.39	44.27	42.96	0.0
0.0	42.94	44.09	44.73	44.81	44.61	44.58	44.64	44.67	44.6	44.88	44.74	44.92	45.08	44.9	45.23	44.78	44.73	44.79	44.82	44.68	44.61	45.04	44.64	44.81	44.46	44.64	44.91	45.22	44.98	44.44	44.65	44.88	44.57	44.54	42.97	0.0
0.0	42.73	44.13	45.03	44.99	44.55	44.68	44.68	44.45	44.65	44.73	44.72	44.75	45.03	44.39	44.34	44.52	44.54	44.53	44.95	44.46	44.84	44.78	45.09	44.73	44.78	44.56	44.36	44.76	44.67	44.67	44.48	44.47	44.66	44.38	43.33	0.0
0.0	42.63	44.13	44.86	44.57	44.54	44.34	44.95	44.58	44.4	44.51	44.66	44.78	44.58	44.49	44.63	44.37	44.58	44.75	44.46	44.6	44.86	45.26	44.85	44.93	44.8	44.8	44.93	44.99	44.64	44.83	44.96	44.65	44.35	44.49	42.91	0.0
0.0	42.82	44.36	44.88	44.98	45.12	44.86	44.98	45.07	44.84	45.16	44.89	44.79	44.92	45.03	44.88	44.97	44.98	44.91	45.02	45.03	45.04	44.65	44.91	44.51	44.79	45.27	45.37	45.34	45.29	45.2	44.79	44.5	44.73	44.49	43.33	0.0
0.0	42.2	44.21	44.41	44.5	44.12	44.38	44.4	44.62	44.42	44.17	44.57	44.64	44.8	44.7	44.27	44.49	44.56	44.6	44.54	44.63	44.81	44.61	44.36	44.85	44.29	44.77	44.76	44.3	44.47	44.63	44.39	44.45	44.41	44.18	42.66	0.0
0.0	43.1	44.24	44.79	44.64	44.71	44.74	44.77	44.88	44.67	44.78	44.63	45.15	44.91	44.94	44.66	44.79	45.02	44.69	44.58	44.63	44.86	44.9	44.85	45.03	44.74	44.63	44.78	44.68	44.7	45.0	44.68	44.94	44.95	44.17	42.95	0.0
0.0	42.72	44.15	44.74	44.83	44.69	44.34	44.66	44.93	44.74	44.82	44.76	44.66	44.65	44.51	44.72	45.03	44.84	44.71	44.91	44.92	44.62	44.88	45.2	44.67	44.92	44.82	44.98	44.84	45.33	44.88	44.95	44.8	44.54	43.99	42.73	0.0
0.0	43.07	44.45	44.73	44.85	45.08	45.01	44.94	44.82	45.04	44.88	45.2	44.76	44.92	44.57	45.03	45.02	45.06	44.8	44.72	44.73	44.98	44.83	44.89	45.03	44.98	44.88	44.63	44.72	45.41	44.77	45.04	44.64	44.87	44.71	43.21	0.0
0.0	43.15	44.6	45.11	44.94	45.26	45.14	45.0	45.27	45.5	45.35	45.27	44.77	45.33	45.0	45.01	45.12	45.08	44.94	45.12	45.18	45.54	44.85	45.06	45.22	45.28	45.01	45.48	45.52	44.65	44.83	44.66	45.06	45.1	44.39	43.12	0.0
0.0	43.1	44.49	44.75	44.68	44.79	44.82	44.84	45.0	44.9	44.86	44.78	44.62	44.75	44.87	44.21	44.68	44.81	45.13	44.58	44.56	45.0	45.03	44.87	44.81	44.79	44.95	45.18	45.01	44.8	44.44	44.67	44.8	44.33	43.87	42.69	0.0
0.0	43.15	44.48	44.48	45.12	44.87	44.92	44.63	45.16	45.23	45.2	44.76	44.83	44.89	44.89	44.86	45.09	44.87	44.81	44.33	44.65	44.35	44.56	44.82	44.82	44.5	44.71	44.58	44.66	44.81	44.93	45.01	45.22	44.85	44.53	42.9	0.0
0.0	42.3	43.62	44.32	44.49	44.47	44.27	44.01	44.31	44.23	44.19	44.42	44.21	44.23	44.38	44.49	44.24	44.21	44.54	44.64	44.35	44.36	44.44	44.6	44.7	44.2	44.14	43.88	44.15	44.62	44.25	44.25	44.6	44.3	43.74	42.39	0.0
0.0	42.72	44.06	43.98	44.35	44.47	44.41	44.18	44.77	44.72	44.47	44.96	44.82	44.96	44.9	45.02	44.81	44.73	44.76	44.25	44.46	44.26	44.56	44.46	44.78	44.47	44.71	44.51	44.75	44.71	44.77	44.51	44.84	44.55	43.99	42.85	0.0
0.0	43.07	44.19	44.28	44.88	44.75	44.89	45.11	44.7	44.7	44.74	44.67	45.17	44.54	44.39	44.87	44.98	44.84	44.58	44.78	45.0	44.89	44.72	44.53	44.39	45.03	44.81	45.16	44.67	44.75	44.94	44.68	44.98	44.82	44.06	43.04	0.0
0.0	42.85	44.17	44.73	44.78	44.96	44.85	44.14	44.84	44.65	44.92	44.85	44.61	44.2	44.56	44.47	44.82	44.7	44.78	44.56	44.38	44.75	44.53	44.81	44.88	44.83	44.87	44.88	44.87	44.72	44.69	44.75	44.6	44.68	44.41	43.39	0.0
0.0	42.49	44.14	44.45	44.55	44.48	44.57	44.5	44.5	44.75	44.59	44.61	44.31	44.96	44.46	44.75	44.3	44.33	44.81	44.49	44.53	44.56	44.66	44.38	45.04	44.77	44.79	44.21	44.52	44.61	44.92	45.05	44.47	44.11	44.03	42.57	0.0
0.0	42.7	43.8	44.33	44.63	44.7	44.45	44.84	44.42	44.65	44.45	44.63	44.69	44.62	44.31	44.5	44.41	44.45	44.68	44.72	44.76	44.77	44.65	44.46	44.25	44.22	44.58	44.65	44.48	44.55	44.42	44.83	44.59	44.57	44.19	42.92	0.0
0.0	42.89	43.8	44.38	44.75	44.49	44.53	44.32	43.98	44.57	44.39	44.62	44.21	44.63	44.21	44.23	44.55	44.94	44.4	44.44	44.57	44.41	44.59	44.72	44.53	44.66	44.62	44.57	44.17	44.61	44.35	44.31	44.58	44.43	43.82	42.76	0.0
0.0	42.76	43.98	44.48	44.42	44.67	44.29	44.49	44.48	44.53	44.37	44.55	44.49	44.66	44.69	44.77	44.47	44.84	44.96	44.51	44.44	44.69	44.48	44.3	44.6	44.35	44.77	44.51	44.56	44.45	44.21	44.36	44.81	44.05	44.1	42.95	0.0
0.0	43.15	44.32	44.95	44.63	45.1	44.38	44.95	44.78	45.02	44.7	44.84	44.92	44.92	44.9	44.88	44.94	45.14	44.84	44.64	45.06	45.02	45.17	44.63	44.8	44.42	44.63	44.8	44.82	44.83	45.28	44.6	44.84	44.64	44.42	42.97	0.0
0.0	43.0	44.76	44.56	44.83	44.95	45.05	44.91	45.04	44.89	45.03	45.1	44.84	44.74	44.96	45.08	45.21	45.12	44.87	44.93	44.6	44.64	44.95	44.81	45.01	44.99	44.94	44.72	44.99	44.95	45.15	44.53	44.82	44.35	44.2	43.05	0.0
0.0	43.0	44.32	44.78	44.66	45.31	45.12	45.27	44.8	44.82	44.88	45.03	44.79	45.27	45.08	45.35	45.23	44.88	44.94	44.75	44.75	44.92	45.09	44.63	44.99	44.94	44.83	44.84	44.91	44.96	45.15	44.68	44.87	44.54	44.6	43.11	0.0
0.0	42.87	44.3	44.17	44.43	44.58	44.75	44.56	44.68	44.37	44.33	44.23	44.23	44.77	44.58	44.67	44.61	44.55	44.66	44.67	44.97	44.84	44.56	44.73	44.8	44.47	44.18	44.59	44.39	44.33	44.66	44.53	44.48	44.4	43.87	42.99	0.0
0.0	42.47	43.95	44.09	44.63	44.6	44.62	44.6	44.42	44.68	44.46	44.34	44.29	44.43	44.61	44.35	44.42	44.54	44.5	44.33	44.35	44.44	44.26	44.14	44.32	44.49	44.56	44.5	44.51	44.49	44.22	44.42	44.8	44.32	43.8	42.65	0.0
0.0	42.82	44.23	44.96	44.87	45.08	44.56	45.18	44.53	44.8	44.86	44.84	44.97	44.54	45.14	44.95	45.06	45.07	44.96	45.12	44.86	44.53	44.66	44.9	44.98	44.96	44.57	44.99	44.69	45.07	44.58	44.88	44.84	44.75	44.85	43.11	0.0
0.0	42.96	44.33	44.67	44.6	44.66	44.9	44.64	44.73	44.65	44.45	44.94	44.79	44.65	44.66	44.94	44.74	44.85	44.7	44.97	44.43	44.54	44.98	44.9	44.92	44.83	44.53	44.33	44.6	44.67	44.5	44.45	44.42	44.69	44.32	42.95	0.0
0.0	42.65	44.45	44.55	44.65	44.72	44.82	44.77	44.87	44.79	44.79	44.85	44.64	44.88	44.45	44.54	44.56	44.72	44.9	44.83	44.36	45.19	44.75	44.99	44.67	44.55	44.69	44.83	44.92	44.69	44.67	44.68	44.75	44.37	44.24	43.1	0.0
0.0	43.1	44.2	44.48	44.74	44.66	44.79	44.6	44.56	44.55	44.52	44.97	44.93	45.01	44.87	44.66	44.91	45.04	44.92	45.17	44.78	44.71	44.93	44.79	44.87	44.6	45.05	44.82	45.0	44.94	44.82	44.4	44.61	44.62	44.51	43.19	0.0
0.0	43.06	44.63	44.92	44.54	44.65	44.51	44.81	44.75	44.71	44.76	44.78	44.85	44.74	44.7	44.96	44.67	44.66	45.09	44.72	44.83	44.47	44.66	44.7	44.86	44.76	44.89	44.85	44.4	44.59	44.67	45.2	44.8	44.5	44.34	43.18	0.0
0.0	42.97	44.26	44.56	44.67	44.75	44.77	44.92	44.82	45.08	45.29	44.8	44.97	44.76	45.05	44.79	44.38	44.47	44.8	44.99	44.96	44.64	44.77	44.55	44.81	45.0	44.87	44.75	45.02	44.78	44.76	44.63	44.35	44.69	44.01	42.79	0.0
0.0	42.97	44.17	44.41	44.7	44.41	44.37	44.61	44.77	44.39	44.74	44.87	45.38	45.21	45.22	44.63	45.05	45.01	44.7	45.09	44.73	44.65	44.84	44.96	44.62	44.68	44.71	44.64	44.65	44.98	44.37	44.93	44.78	44.59	44.65	43.05	0.0
0.0	42.51	43.86	44.37	44.52	44.35	44.15	44.47	44.27	44.29	44.43	44.74	44.22	44.42	44.4	44.63	44.59	44.08	44.82	44.14	44.19	44.42	44.65	44.31	44.28	44.49	44.27	44.29	44.1	44.53	44.45	44.22	44.2	44.28	43.57	42.67	0.0
0.0	42.85	44.29	44.26	44.84	44.66	45.04	44.5	44.61	44.68	44.88	44.96	44.81	44.43	44.76	44.96	44.5	44.65	44.79	44.51	44.52	44.62	44.56	44.5	44.26	44.49	44.49	44.79	44.52	44.95	44.87	44.87	44.75	44.78	44.07	42.93	0.0
0.0	42.67	44.11	44.57	44.58	44.37	44.55	44.58	44.05	44.32	44.52	44.26	44.16	44.31	44.57	44.55	44.18	44.6	44.53	44.49	44.36	44.21	44.57	44.54	44.61	44.48	44.76	44.8	44.48	44.63	44.77	44.51	44.24	44.21	43.9	42.67	0.0
0.0	42.69	43.97	43.9	44.05	44.51	44.36	43.99	44.68	44.35	44.17	44.37	44.41	44.2	44.36	44.16	44.21	44.25	44.44	44.16	44.38	44.38	43.95	44.25	44.19	44.33	44.62	44.27	44.11	44.07	43.91	44.19	44.26	43.85	43.65	42.73	0.0
0.0	42.87	44.35	44.73	44.94	44.89	44.88	44.98	45.01	44.68	44.22	44.63	44.58	44.54	44.72	44.59	44.95	44.95	44.72	44.54	44.79	44.76	44.77	44.95	45.07	45.15	44.78	44.82	44.6	44.6	44.84	44.78	44.66	44.79	44.53	43.16	0.0
0.0	42.8	44.04	44.24	44.48	44.36	44.76	44.48	44.41	43.95	44.63	44.5	44.56	44.41	44.69	44.54	44.62	44.52	44.75	44.3	44.69	44.33	44.51	44.13	44.89	44.14	44.37	44.58	44.76	44.84	44.55	44.84	44.29	44.33	43.9	42.66	0.0
0.0	43.24	44.61	44.52	44.88	44.84	44.94	45.0	44.67	45.16	44.91	45.2	44.63	44.88	44.45	45.03	44.76	44.95	45.14	44.84	44.57	45.05	44.96	44.95	44.92	45.17	44.82	45.1	45.11	45.04	45.02	44.8	44.96	44.82	44.2	43.02	0.0
0.0	43.05	44.18	44.38	44.56	44.93	44.77	44.6	44.58	44.68	44.31	44.34	44.37	44.55	44.85	44.22	44.37	44.71	44.53	44.37	44.34	44.75	44.38	44.43	44.38	44.49	44.84	44.57	44.41	44.77	44.55	44.79	44.64	44.8	44.44	43.08	0.0
0.0	42.99	44.23	44.84	44.7	45.02	44.39	44.51	44.96	44.74	44.7	44.9	45.1	44.79	44.75	45.07	44.44	44.61	44.57	44.45	44.35	44.96	44.73	44.85	44.84	45.04	44.66	44.73	44.36	44.92	44.92	44.54	44.49	44.52	44.35	42.88	0.0
0.0	42.68	44.03	44.28	44.58	44.69	44.54	44.57	44.44	44.51	44.6	44.59	44.51	44.49	44.23	44.52	44.71	44.4	44.74	44.56	44.49	44.58	44.5	44.61	44.63	44.67	44.7	44.63	44.68	44.56	44.66	44.81	44.37	44.05	44.23	42.75	0.0
0.0	43.04	44.41	44.84	44.83	44.8	44.69	44.79	45.04	45.1	44.92	45.09	44.41	44.88	44.77	45.06	45.21	45.06	44.97	44.74	45.21	45.21	44.76	45.14	44.84	44.71	45.15	45.11	45.29	45.0	44.85	44.72	44.58	44.48	44.29	42.73	0.0
0.0	42.9	44.59	44.38	44.5	45.0	44.54	44.76	44.61	44.84	44.8	44.65	44.86	44.94	44.86	44.75	44.66	44.69	44.92	45.01	44.38	44.87	45.18	44.73	44.95	44.89	44.44	44.66	45.1	44.93	44.92	45.13	44.75	44.19	44.36	43.28	0.0
0.0	42.62	44.1	44.65	44.4	44.53	44.47	44.49	44.27	44.45	44.54	44.68	44.11	44.85	44.58	44.46	44.71	44.49	44.51	44.32	44.47	44.37	43.98	44.36	44.51	44.63	44.91	44.83	44.59	44.65	44.8	44.66	44.61	44.62	44.39	42.58	0.0
0.0	43.0	44.21	44.37	44.52	44.82	44.65	44.82	44.67	44.79	44.86	44.25	44.37	44.44	44.82	44.83	44.67	44.6	44.64	44.52	44.37	44.87	44.52	44.65	44.45	44.71	44.96	44.55	44.6	44.39	44.55	44.64	44.51	44.48	44.28	43.17	0.0
0.0	43.27	44.52	45.05	44.92	45.41	45.13	45.12	45.29	45.02	45.37	45.15	44.51	45.05	45.09	44.81	44.7	45.12	44.6	45.49	45.39	45.15	44.87	44.93	44.77	45.2	45.24	45.21	45.43	44.89	45.14	45.01	45.2	44.69	44.43	43.16	0.0
0.0	42.87	44.3	44.55	44.79	44.62	44.78	44.77	44.73	44.71	45.09	45.1	44.7	44.89	44.94	44.7	44.62	44.9	44.84	44.6	44.59	44.91	44.64	44.86	44.72	44.87	44.68	44.7	44.73	44.61	44.3	44.96	44.94	44.46	44.61	43.14	0.0
0.0	42.84	43.86	44.24	44.37	44.63	44.4	44.23	44.69	44.54	44.84	44.55	44.51	44.67	44.46	44.47	44.56	44.14	44.66	44.62	44.49	44.62	44.22	44.4	44.33	44.74	44.45	44.52	44.54	44.97	44.6	44.66	44.73	44.74	43.88	42.74	0.0
0.0	42.6	43.79	44.19	44.45	44.44	44.35	44.46	44.22	44.52	44.36	44.5	44.16	44.19	44.21	44.56	44.61	44.35	44.33	44.47	44.34	44.29	44.44	44.14	44.35	44.57	44.51	44.31	44.21	44.67	44.5	44.4	44.18	44.15	43.97	42.51	0.0
0.0	42.67	43.86	44.44	44.49	44.4	44.3	44.71	44.73	44.89	44.58	44.47	44.61	44.68	44.17	44.8	44.56	44.61	44.84	44.86	44.71	44.62	44.16	44.29	44.76	44.44	44.5	44.59	44.32	44.6	44.28	44.48	44.92	44.71	43.81	42.48	0.0
0.0	43.05	44.19	44.58	44.6	44.43	44.76	44.74	44.45	44.83	44.84	44.6	44.63	44.72	44.81	44.73	44.57	44.66	44.84	45.0	44.85	44.76	44.78	44.7	44.55	44.56	44.35	44.64	44.59	44.71	44.82	44.54	44.34	44.57	44.05	42.74	0.0
0.0	42.94	44.11	44.53	44.51	44.78	44.46	44.85	44.49	44.52	44.31	44.54	44.97	44.72	44.91	44.71	44.48	44.55	44.64	44.73	44.45	44.56	44.91	44.71	44.3	44.4	44.35	44.68	44.69	44.77	44.5	44.62	44.37	44.2	44.27	42.86	0.0
0.0	42.86	44.28	44.57	44.55	44.95	44.56	44.66	44.42	44.53	44.73	44.57	44.5	44.58	44.33	44.84	44.47	44.54	44.66	44.63	44.43	44.49	44.71	45.1	44.53	44.76	44.59	44.69	44.92	44.58	44.53	44.6	44.72	44.44	44.24	42.81	0.0
0.0	42.48	43.9	44.5	44.59	44.71	44.45	44.67	44.41	44.49	44.55	44.8	44.68	44.81	44.92	44.53	44.39	44.56	44.83	44.53	44.83	44.63	44.6	44.31	44.43	44.63	44.57	44.64	44.32	44.55	44.61	44.65	44.85	44.88	44.48	42.89	0.0
0.0	42.88	44.24	44.12	44.38	44.8	44.55	44.42	44.57	44.77	44.81	44.31	45.15	44.43	44.24	44.45	44.51	44.6	44.77	45.01	44.86	44.96	44.9	44.5	44.76	44.92	44.78	44.99	44.82	44.69	44.71	44.51	44.22	44.65	44.48	42.71	0.0
0.0	42.76	44.2	44.76	44.31	44.94	44.96	44.54	44.59	44.82	44.4	44.59	44.81	44.79	44.73	44.48	44.52	44.61	44.54	44.63	44.59	44.87	44.93	44.6	45.0	44.87	44.54	44.37	44.78	44.72	44.76	44.82	44.73	44.49	44.27	43.13	0.0
0.0	42.75	44.2	44.4	44.23	44.32	44.81	44.7	44.45	44.67	44.23	44.59	44.72	44.47	44.73	44.74	44.87	44.49	44.78	44.76	44.52	44.47	44.65	44.43	44.68	44.97	44.64	44.68	44.42	44.51	44.23	44.48	44.3	44.33	43.97	43.1	0.0
0.0	42.86	43.96	44.27	44.49	44.37	44.69	44.79	44.47	45.01	45.03	44.64	44.38	44.82	44.46	44.61	44.45	44.71	44.44	44.84	44.64	44.46	44.67	44.48	44.9	44.81	44.95	44.37	44.41	44.64	44.67	44.76	44.59	44.6	44.38	42.47	0.0
0.0	42.82	44.04	44.62	44.36	44.62	44.56	44.7	44.31	44.5	44.51	44.66	44.55	44.92	44.46	44.5	44.46	44.07	44.4	44.68	44.6	44.36	44.25	44.68	44.28	44.2	44.62	44.76	44.81	44.46	44.58	44.51	44.77	44.54	44.04	43.03	0.0
0.0	43.29	44.24	44.77	44.82	44.94	44.69	44.51	44.83	44.92	44.81	44.59	44.94	44.91	45.45	44.79	44.78	44.63	45.02	44.72	45.02	44.95	44.39	44.98	44.4	44.95	44.92	44.66	44.54	44.27	44.52	44.74	44.73	44.87	43.9	42.88	0.0
0.0	42.63	44.05	44.46	44.79	44.89	45.13	44.95	44.9	44.59	44.72	44.84	44.65	44.53	44.66	44.9	45.0	44.83	45.04	44.96	44.68	44.86	44.61	44.99	45.15	45.24	44.88	45.03	44.51	44.64	44.77	44.56	44.8	44.36	44.25	43.25	0.0
0.0	43.22	44.07	44.57	44.78	45.05	44.98	44.99	44.93	45.03	44.8	44.94	45.08	45.0	44.83	44.61	44.77	44.76	45.07	45.06	44.73	44.59	44.88	44.89	44.66	45.03	45.06	44.56	44.6	44.85	44.56	44.85	44.95	44.61	44.1	42.79	0.0
0.0	42.9	44.11	44.08	44.6	44.58	44.64	44.64	44.6	44.39	44.63	44.36	44.29	44.56	44.4	44.56	44.59	44.62	44.56	44.71	44.37	44.07	44.35	44.34	43.99	44.51	44.63	44.59	44.62	44.87	44.53	44.31	44.35	43.94	43.89	42.84	0.0
0.0	42.61	44.09	44.14	44.1	44.49	44.37	44.22	44.41	44.47	44.69	44.66	44.53	44.62	44.65	44.44	44.52	44.81	44.52	44.57	44.51	44.5	44.67	44.6	44.42	44.65	44.4	44.58	44.86	44.72	44.3	44.83	44.39	43.96	44.0	42.48	0.0
0.0	43.02	44.63	44.7	44.62	45.32	44.87	44.73	44.79	44.85	44.56	44.8	44.76	44.73	44.85	44.62	45.1	44.76	44.99	45.01	44.99	45.29	45.1	45.0	44.44	44.78	44.71	44.81	44.61	44.7	44.82	44.85	44.98	44.77	43.94	43.25	0.0
0.0	42.57	44.15	44.27	44.15	44.51	44.35	44.45	44.62	44.45	44.38	44.71	44.5	44.63	44.81	44.45	44.26	44.66	44.63	44.45	44.47	44.63	44.14	44.7	44.37	44.51	44.41	44.59	44.56	44.62	44.72	44.65	44.33	43.96	43.83	42.62	0.0
0.0	43.19	43.76	44.62	44.48	44.69	44.91	44.6	44.45	44.34	44.68	44.78	44.62	44.49	44.6	44.63	44.81	44.63	44.46	44.61	44.58	44.31	44.65	44.68	44.62	44.51	44.37	44.75	44.46	44.54	44.61	44.58	44.54	44.47	43.72	42.92	0.0
0.0	43.05	44.29	44.74	44.75	44.39	44.7	44.98	45.26	45.11	45.17	45.02	44.88	45.07	45.02	44.98	44.76	44.93	45.37	45.08	44.95	44.82	44.68	45.34	44.86	44.86	44.56	44.87	45.02	44.71	45.36	45.2	44.77	44.56	43.95	42.96	0.0
0.0	42.79	44.24	44.3	44.59	44.7	44.72	44.71	44.51	44.95	45.33	44.94	44.36	44.75	44.59	44.73	44.57	44.7	44.48	44.51	44.54	44.28	44.63	44.58	44.75	44.79	44.29	44.8	44.86	44.29	44.34	44.69	44.65	44.28	44.2	42.44	0.0
0.0	42.66	43.73	43.98	44.26	44.57	44.59	44.59	44.24	44.21	44.38	44.63	44.22	44.38	44.53	44.91	44.39	44.11	44.56	44.68	44.52	44.38	44.18	44.73	44.55	44.53	44.82	44.23	44.17	44.5	44.69	44.63	44.5	44.32	44.07	42.4	0.0
0.0	42.84	44.11	44.61	44.32	44.7	45.05	44.3	44.59	44.45	44.41	44.29	44.2	44.52	44.6	44.33	44.43	44.83	45.0	44.59	44.26	44.5	44.11	44.5	44.62	44.65	44.54	44.61	44.53	44.62	44.71	44.72	44.67	44.44	44.08	42.75	0.0
0.0	43.14	44.33	44.72	44.71	44.76	44.56	45.23	44.9	45.02	44.54	44.67	44.87	44.94	44.8	44.89	44.53	44.43	44.69	44.68	44.64	44.8	44.92	44.48	44.32	44.72	44.49	44.8	44.52	44.78	44.53	45.03	44.51	44.29	44.03	43.08	0.0
0.0	43.42	44.39	45.0	45.17	45.1	45.27	45.15	44.75	44.74	45.05	45.61	45.48	45.1	45.15	45.01	45.01	44.79	45.04	45.19	45.19	45.22	44.69	45.05	45.03	45.34	45.71	44.65	45.2	45.07	45.22	45.08	44.99	45.03	44.68	43.22	0.0
0.0	42.56	44.15	44.46	44.69	44.67	44.7	44.91	44.58	44.66	44.41	44.51	44.4	44.6	44.89	44.56	44.31	44.52	44.86	44.7	44.37	45.1	45.0	44.6	44.79	44.36	44.53	44.77	44.46	44.77	44.83	44.65	44.23	44.26	44.14	42.79	0.0
0.0	42.88	43.6	44.44	44.76	44.46	44.33	44.89	44.38	44.26	44.43	44.46	44.59	44.7	44.45	44.44	44.63	44.41	44.44	44.37	44.31	44.47	44.39	44.57	44.78	44.36	44.24	44.43	44.29	44.25	44.35	44.45	44.34	44.39	43.98	42.5	0.0
0.0	42.85	44.0	44.71	45.05	45.15	44.97	44.44	44.56	44.74	44.52	44.8	44.93	44.86	44.75	44.48	44.6	44.88	44.73	44.86	44.72	44.67	44.55	44.79	44.76	44.9	44.61	44.92	44.78	44.86	44.82	44.55	45.3	44.65	44.47	42.8	0.0
0.0	42.83	44.45	44.76	45.06	44.59	44.71	44.88	44.64	44.74	44.56	44.83	44.59	45.01	44.83	44.8	44.73	44.91	45.26	45.36	44.92	44.83	44.79	45.19	45.2	44.98	44.95	45.29	45.13	45.17	44.79	44.89	44.74	44.73	44.46	43.08	0.0
0.0	43.19	44.4	44.41	44.53	44.51	44.83	45.05	44.64	45.15	45.09	44.91	45.1	44.79	44.71	44.66	44.56	44.85	44.84	44.78	44.92	44.73	44.59	44.83	44.6	44.92	44.75	44.85	44.76	44.78	45.01	45.1	44.81	44.38	44.31	42.85	0.0
0.0	43.16	44.09	44.63	44.84	44.68	45.01	44.44	45.11	44.58	45.05	44.75	44.73	44.89	45.2	45.08	44.75	44.86	44.85	45.27	44.74	44.7	44.74	45.32	45.04	44.82	44.74	44.86	45.23	45.2	44.91	45.11	44.9	44.59	44.24	42.69	0.0
0.0	42.8	43.73	43.93	44.29	44.13	44.42	44.18	44.86	44.61	44.59	44.37	44.23	44.03	44.08	44.39	44.42	44.58	44.39	44.88	44.3	44.31	44.36	44.5	44.36	44.25	44.39	44.49	44.65	44.27	44.93	44.4	44.19	44.29	44.19	42.36	0.0
0.0	42.73	44.1	44.47	44.47	44.49	44.33	44.67	44.63	44.71	44.83	44.75	44.6	44.68	44.54	44.41	44.0	44.7	44.7	44.24	44.4	44.91	44.37	44.66	44.71	44.35	44.82	44.68	44.17	44.46	44.19	44.37	44.5	44.19	44.18	42.56	0.0
0.0	42.44	43.97	43.88	44.29	44.2	44.28	44.13	44.46	44.21	44.33	44.57	44.16	44.56	44.41	44.72	44.24	44.33	44.31	44.62	44.36	44.36	44.3	44.25	44.72	44.34	44.91	44.37	44.42	44.26	44.56	44.37	44.46	44.12	43.51	42.41	0.0
0.0	42.81	44.69	44.65	44.62	44.68	44.54	44.76	44.61	44.74	44.78	44.68	44.68	44.7	44.83	44.94	44.59	44.63	44.43	44.62	44.85	44.35	44.7	44.5	44.75	44.39	44.85	44.83	44.55	44.74	44.92	44.73	44.88	44.87	44.15	42.58	0.0
0.0	43.27	44.34	44.65	44.69	44.78	45.05	44.87	45.03	44.91	45.06	44.72	44.91	44.65	44.9	44.83	44.53	44.79	44.43	44.59	44.4	44.94	44.99	44.61	44.73	44.7	44.91	44.85	44.64	44.93	44.58	44.66	44.7	44.58	44.18	42.89	0.0
0.0	42.62	44.36	44.55	44.59	45.2	44.91	44.99	44.94	45.22	45.1	44.44	45.0	44.83	44.7	44.66	44.93	44.78	44.62	44.68	44.95	44.65	44.67	44.61	45.0	44.55	45.01	44.7	44.46	44.99	44.62	44.61	45.02	44.61	44.01	43.08	0.0
0.0	42.7	43.75	44.48	44.47	44.58	45.03	44.58	44.67	44.26	44.62	44.16	44.4	44.57	44.8	44.55	44.75	44.23	44.54	44.35	44.7	44.66	44.78	44.45	44.28	44.33	44.32	44.73	44.58	44.64	44.26	44.08	44.17	44.4	43.99	42.69	0.0
0.0	43.45	44.68	44.9	44.7	44.72	44.94	44.94	44.87	44.91	44.67	44.81	45.15	44.87	44.71	44.54	44.86	44.75	44.97	44.64	44.62	44.77	44.83	44.86	44.63	44.66	45.04	44.65	44.97	44.96	44.88	44.68	44.89	44.52	44.35	42.82	0.0
0.0	42.73	44.38	44.59	44.43	44.73	44.87	45.04	44.47	44.77	44.8	44.66	44.7	44.79	44.78	44.83	45.13	44.65	44.78	44.62	44.59	44.68	45.02	44.65	44.61	44.67	44.61	44.48	44.82	44.77	44.98	44.55	44.25	44.47	44.07	42.67	0.0
0.0	42.57	44.18	44.85	44.42	44.75	44.44	44.53	44.7	44.33	44.57	44.66	44.91	44.69	44.75	44.65	44.57	44.7	44.69	44.73	44.91	44.8	44.58	44.63	44.71	44.38	44.34	44.69	44.74	44.67	44.7	44.68	44.79	44.3	44.18	43.0	0.0
0.0	42.55	43.73	44.15	44.43	44.59	44.34	44.38	44.31	44.45	44.7	44.47	44.41	44.15	44.32	44.13	44.45	44.59	44.75	44.9	44.57	44.27	44.67	45.21	44.56	44.48	44.48	44.7	44.61	44.53	44.61	44.62	44.56	44.64	44.05	43.03	0.0
0.0	43.11	44.58	44.79	44.39	44.97	45.04	45.14	44.74	44.87	44.86	45.12	44.54	44.63	44.97	45.12	44.56	44.76	45.23	44.72	44.95	44.97	44.69	45.09	45.25	44.8	45.11	44.8	44.73	44.63	45.09	45.01	44.75	44.76	44.5	43.0	0.0
0.0	42.65	44.2	44.72	44.62	44.39	44.73	44.81	44.66	44.85	44.62	44.66	44.75	44.76	44.85	44.84	45.09	44.9	45.16	44.89	45.22	44.96	45.0	44.97	44.76	44.71	44.71	45.02	44.74	44.85	45.08	45.12	44.89	44.88	44.06	42.95	0.0
0.0	42.92	44.14	44.62	44.21	44.45	44.34	44.54	44.62	44.59	44.56	44.38	44.31	43.97	44.61	44.62	44.34	44.42	44.83	44.6	44.61	44.48	44.39	44.47	44.38	44.31	44.44	44.48	44.71	44.37	44.14	44.49	44.05	44.25	43.91	42.91	0.0
0.0	42.86	43.64	44.24	44.25	44.55	44.1	44.69	44.47	44.43	44.65	44.54	44.66	44.92	44.71	44.95	44.93	44.47	44.44	44.34	44.42	44.44	44.56	44.84	45.25	44.76	44.77	44.6	44.8	44.33	44.41	44.52	44.34	44.13	44.05	42.74	0.0
0.0	43.07	44.0	44.66	45.23	44.54	44.72	45.03	44.89	45.01	44.84	44.92	44.89	45.02	44.87	44.91	44.89	44.58	44.51	45.13	44.51	45.01	44.67	44.77	44.67	44.68	44.85	44.94	44.99	44.53	44.62	44.71	44.63	44.54	44.22	42.94	0.0
0.0	42.74	43.7	44.15	44.67	44.87	44.94	44.6	44.37	44.64	44.53	44.34	44.73	44.5	44.29	44.44	44.64	44.73	44.38	44.61	44.63	44.82	44.61	44.93	44.7	44.55	44.84	44.68	44.41	44.85	44.53	44.38	44.2	44.31	44.1	42.81	0.0
0.0	42.77	44.48	44.46	44.51	44.36	44.69	44.32	44.26	44.41	44.54	44.37	44.2	44.63	44.41	44.63	44.69	44.28	44.58	44.33	44.48	44.22	44.5	44.28	44.55	44.67	44.57	43.83	44.68	44.65	44.55	44.21	44.2	44.08	44.09	42.55	0.0
0.0	43.04	44.4	44.61	45.02	44.86	45.03	44.79	44.88	44.87	44.9	44.64	44.97	44.71	44.79	45.15	44.84	45.17	45.19	45.13	44.81	44.85	44.62	44.84	44.6	44.89	45.16	44.97	45.07	45.01	44.84	44.76	45.01	44.84	44.4	43.23	0.0
0.0	42.73	44.02	44.42	44.39	44.93	44.55	44.54	44.67	44.43	44.56	44.74	44.15	44.49	44.21	44.42	44.39	44.64	44.43	44.42	44.67	44.58	44.65	44.41	44.86	44.43	44.18	44.54	44.56	44.41	44.78	44.65	44.71	44.36	43.81	43.15	0.0
0.0	42.82	44.38	44.45	44.71	44.61	44.68	45.08	44.77	44.44	44.64	44.59	44.49	44.47	44.83	44.58	44.62	44.67	44.42	44.74	44.54	44.92	44.35	44.6	44.59	44.67	44.38	44.44	44.81	44.74	44.84	44.66	44.85	44.53	44.24	42.72	0.0
0.0	42.9	44.47	44.27	44.74	44.75	44.84	44.78	44.55	44.47	44.5	44.55	44.47	44.63	44.81	44.73	44.69	44.81	44.65	44.89	44.75	44.86	45.0	44.6	44.64	44.75	44.98	44.71	44.76	44.65	44.67	44.65	44.51	44.53	44.1	42.8	0.0
0.0	42.98	43.98	44.8	44.88	45.06	44.91	45.05	44.83	44.75	44.75	44.85	44.98	45.06	44.96	44.91	44.94	45.34	44.76	44.7	45.1	44.93	44.69	45.1	45.09	45.15	45.0	44.95	44.97	44.7	44.93	44.84	44.82	44.76	44.36	43.33	0.0
0.0	43.03	44.09	44.43	44.35	44.59	44.73	44.36	44.58	44.97	45.02	44.66	44.6	44.64	44.4	44.76	44.73	44.96	44.93	44.55	44.7	44.48	44.4	44.9	44.75	44.5	44.8	44.91	44.6	44.32	44.7	44.66	44.34	44.25	44.07	42.67	0.0
0.0	42.75	44.3	44.26	44.46	44.02	44.24	44.65	44.36	44.37	44.46	44.46	44.28	44.32	44.41	44.26	44.62	44.48	44.78	44.69	44.22	44.82	44.75	44.73	44.46	44.37	44.74	44.81	44.65	44.56	44.96	44.56	44.37	44.52	44.16	43.05	0.0
0.0	42.96	44.16	44.69	44.66	44.67	44.79	44.83	44.54	44.85	44.7	44.45	44.74	44.89	44.84	44.74	44.86	44.51	44.65	44.99	45.03	44.51	44.57	44.64	44.73	44.68	44.6	44.43	44.62	44.78	44.98	45.04	44.84	45.03	44.75	42.93	0.0
0.0	42.9	44.18	44.73	44.76	44.81	44.26	44.74	44.76	44.87	44.47	45.18	45.0	44.99	44.65	44.67	44.39	44.44	44.4	44.38	44.72	44.66	44.7	44.73	44.57	44.48	44.83	44.65	44.86	44.49	44.33	44.92	44.78	44.56	44.11	43.12	0.0
0.0	43.27	44.18	44.72	44.31	44.6	44.84	44.48	44.53	44.25	44.58	44.7	44.64	44.93	44.85	44.86	44.68	44.85	44.59	44.71	44.95	44.96	44.6	45.03	44.66	44.64	44.97	45.2	44.52	44.97	44.65	44.45	44.38	44.32	43.94	42.92	0.0
0.0	43.06	44.38	44.87	44.37	44.63	44.84	44.57	45.2	45.12	44.92	44.63	44.97	44.99	44.91	44.59	44.66	45.08	44.9	45.2	45.15	45.04	45.25	44.75	44.68	44.94	44.71	44.77	44.59	44.47	44.66	44.42	44.4	44.78	44.64	43.26	0.0
0.0	43.03	44.07	44.46	44.84	44.7	45.0	44.79	44.82	44.65	44.65	44.74	44.48	44.29	44.72	45.07	44.65	44.76	44.62	44.47	44.24	44.55	44.51	44.81	44.89	45.04	44.71	44.92	44.78	44.9	44.73	44.78	44.33	44.32	44.03	43.1	0.0
0.0	42.53	43.86	44.17	44.11	44.44	44.43	44.18	44.66	44.42	44.21	44.27	44.43	44.06	44.11	44.17	44.25	44.46	44.09	44.42	44.26	44.26	44.56	44.57	44.57	44.68	44.53	44.66	44.25	44.34	44.61	44.53	44.27	44.24	43.93	42.47	0.0
0.0	42.69	43.96	44.06	44.58	44.3	44.43	44.28	44.6	44.33	44.17	44.57	44.45	44.49	44.59	44.22	44.3	44.88	44.5	44.51	44.45	44.27	44.74	44.41	44.25	44.7	44.29	44.58	44.74	44.85	44.48	44.34	44.67	44.17	44.05	42.79	0.0
0.0	42.89	44.55	44.69	44.83	44.93	44.79	44.55	44.72	44.81	44.97	44.63	45.07	44.79	44.98	45.05	44.67	44.59	44.7	44.66	44.82	44.7	44.71	45.08	44.76	44.64	44.6	44.98	44.86	44.74	44.87	44.91	44.91	44.57	44.22	43.17	0.0
0.0	42.73	44.09	44.07	44.72	44.72	44.33	44.27	44.41	44.41	44.39	44.21	44.63	44.73	44.57	44.52	44.46	44.52	44.48	44.5	44.61	44.76	44.66	44.23	44.28	44.38	44.73	44.96	44.78	44.74	44.72	44.99	44.67	44.58	43.89	43.01	0.0
0.0	42.41	44.0	43.97	44.37	44.08	44.84	44.63	44.67	44.82	44.65	44.81	44.51	44.83	44.94	44.71	44.67	44.57	44.85	44.25	44.38	44.34	44.55	44.79	44.49	44.81	44.66	44.49	44.68	44.89	44.63	44.56	44.8	44.6	44.14	42.73	0.0
0.0	42.82	44.34	44.64	44.63	44.43	44.69	44.54	44.58	44.73	44.46	44.75	44.82	44.85	44.95	44.62	44.72	44.69	44.66	45.04	45.06	45.05	45.2	44.95	45.12	45.07	44.85	44.83	44.79	44.54	44.77	44.53	44.59	44.47	44.34	42.76	0.0
0.0	42.57	44.13	44.56	44.74	44.53	44.71	44.48	44.61	44.76	44.63	44.65	44.3	44.57	44.57	44.87	44.76	44.8	45.13	45.31	44.6	44.76	44.66	44.42	44.45	44.49	44.77	44.72	44.54	44.77	44.35	44.65	44.84	44.59	44.07	42.71	0.0
0.0	42.9	44.23	44.53	44.58	44.36	44.4	44.73	44.83	44.72	44.48	44.77	44.73	44.89	45.11	44.59	44.59	44.72	44.67	44.99	44.62	44.79	44.64	44.49	44.72	44.56	44.95	44.86	44.56	44.81	44.51	44.59	44.65	44.52	44.04	42.5	0.0
0.0	42.93	43.96	44.21	44.34	44.71	44.64	44.41	44.21	44.47	44.33	44.55	44.52	44.61	44.44	44.24	44.42	44.19	44.44	44.49	44.55	44.6	44.73	44.4	44.7	44.43	44.54	44.39	44.54	44.17	44.36	44.31	44.56	44.47	43.99	42.8	0.0
