-0.9814814814814812
-0.9827160493827157
-0.9780246913580243
-0.9782716049382711
-0.9782716049382711
-0.9854320987654317
-0.9745679012345674
-0.9827160493827157
-0.9898765432098763
-0.9740740740740735
-0.9807407407407404
-0.9802469135802465
-0.9832098765432096
-0.9797530864197527
-0.9795061728395058
-0.9824691358024689
-0.9782716049382711
-0.9832098765432096
-0.9799999999999996
-0.981728395061728
-0.978765432098765
-0.9760493827160491
-0.9807407407407404
-0.9795061728395056
-0.9844444444444442
-0.979012345679012
-0.9859259259259258
-0.9797530864197527
-0.9822222222222219
-0.9770370370370366
-0.9876543209876539
-0.9861728395061726
-0.9807407407407404
-0.9827160493827157
-0.984444444444444
-0.981728395061728
-0.9725925925925922
-0.9780246913580243
-0.9812345679012341
-0.9762962962962958
-0.9740740740740738
-0.9869135802469134
-0.9809876543209874
-0.9834567901234563
-0.9812345679012342
-0.9837037037037034
-0.9834567901234565
-0.9841975308641973
-0.981975308641975
-0.9745679012345674
-0.9799999999999996
-0.9841975308641973
-0.9804938271604935
-0.9844444444444442
-0.979259259259259
-0.981728395061728
-0.981728395061728
-0.9809876543209873
-0.9780246913580243
-0.9851851851851847
-0.9814814814814812
-0.9777777777777773
-0.9730864197530859
-0.9854320987654319
-0.9730864197530861
-0.9812345679012342
-0.9876543209876542
-0.9846913580246909
-0.9772839506172835
-0.9856790123456786
-0.9844444444444442
-0.9750617283950614
-0.9822222222222219
-0.9753086419753083
-0.9807407407407404
-0.9681481481481474
-0.9730864197530861
-0.9834567901234565
-0.9782716049382711
-0.9765432098765428
-0.9772839506172835
-0.9814814814814812
-0.9767901234567896
-0.9829629629629627
-0.981728395061728
-0.9822222222222219
-0.9762962962962958
-0.9733333333333329
-0.9770370370370366
-0.981975308641975
-0.9802469135802465
-0.9777777777777772
-0.9834567901234565
-0.9777777777777775
-0.9827160493827157
-0.9834567901234565
-0.9827160493827157
-0.9795061728395058
-0.9837037037037032
-0.9748148148148145
-0.9844444444444442
-0.9832098765432096
-0.984197530864197
-0.9844444444444442
-0.9780246913580243
-0.9780246913580245
-0.9832098765432096
-0.9844444444444442
-0.9753086419753083
-0.981728395061728
-0.972345679012345
-0.9827160493827157
-0.9824691358024689
-0.9837037037037034
-0.9792592592592588
-0.9644444444444438
-0.9804938271604933
-0.9802469135802465
-0.9851851851851849
-0.9767901234567896
-0.9829629629629627
-0.9849382716049381
-0.9807407407407402
-0.9812345679012342
-0.9864197530864194
-0.9876543209876539
-0.9834567901234563
-0.9846913580246909
-0.9775308641975304
-0.9795061728395058
-0.9822222222222219
-0.9827160493827157
-0.979012345679012
-0.9762962962962958
-0.9797530864197527
-0.9832098765432096
-0.9846913580246909
-0.9780246913580245
-0.9807407407407404
-0.9755555555555551
-0.9777777777777775
-0.96716049382716
-0.9780246913580243
-0.9804938271604935
-0.9804938271604935
-0.9829629629629627
-0.9797530864197527
-0.9827160493827157
-0.9802469135802465
-0.9733333333333329
-0.9758024691358019
-0.9812345679012342
-0.9809876543209871
-0.9780246913580243
-0.979259259259259
-0.9809876543209873
-0.9760493827160489
-0.9797530864197527
-0.9837037037037034
-0.9812345679012342
-0.9743209876543204
-0.9809876543209873
-0.9841975308641973
-0.9812345679012342
-0.9837037037037034
-0.9765432098765428
-0.9854320987654319
-0.9807407407407404
-0.9795061728395058
-0.9799999999999996
-0.9832098765432098
-0.9854320987654319
-0.9743209876543204
-0.9775308641975304
-0.9834567901234565
-0.984444444444444
-0.9812345679012342
-0.9846913580246911
-0.9799999999999996
-0.9879012345679009
-0.9792592592592588
-0.988148148148148
-0.9824691358024689
-0.9839506172839504
-0.9775308641975302
-0.9795061728395059
-0.9733333333333329
-0.9888888888888886
-0.978765432098765
-0.9790123456790121
-0.9785185185185181
-0.9829629629629627
