-0.8503703703703697
-0.8353086419753082
-0.8390123456790117
-0.8609876543209871
-0.8570370370370367
-0.835802469135802
-0.8439506172839502
-0.8249382716049376
-0.8760493827160482
-0.8328395061728388
-0.8493827160493821
-0.8340740740740734
-0.8508641975308634
-0.8503703703703698
-0.852345679012345
-0.8237037037037027
-0.8407407407407399
-0.8511111111111102
-0.8355555555555547
-0.8432098765432089
-0.8518518518518511
-0.8296296296296287
-0.8543209876543203
-0.8382716049382712
-0.8553086419753078
-0.8567901234567895
-0.8777777777777773
-0.8792592592592581
-0.8303703703703698
-0.8627160493827154
-0.8837037037037027
-0.8641975308641969
-0.8308641975308635
-0.8555555555555551
-0.8330864197530855
-0.8637037037037032
-0.8543209876543206
-0.8501234567901226
-0.8698765432098758
-0.8612345679012339
-0.8449382716049375
-0.8503703703703696
-0.8599999999999992
-0.8814814814814804
-0.8170370370370366
-0.8701234567901228
-0.8459259259259253
-0.8261728395061723
-0.855061728395061
-0.839753086419752
-0.8367901234567895
-0.8424691358024684
-0.8372839506172833
-0.8553086419753075
-0.8301234567901228
-0.8486419753086412
-0.8209876543209869
-0.8654320987654313
-0.8437037037037028
-0.8676543209876534
-0.851604938271604
-0.8590123456790114
-0.8535802469135797
-0.8296296296296289
-0.8204938271604931
-0.8496296296296287
-0.8641975308641965
-0.8530864197530856
-0.8358024691358019
-0.8548148148148139
-0.8382716049382707
-0.846666666666666
-0.8644444444444435
-0.8417283950617279
-0.8419753086419745
-0.8516049382716043
-0.8441975308641965
-0.8565432098765428
-0.8382716049382708
-0.8493827160493821
-0.832592592592592
-0.8479012345679003
-0.8392592592592586
-0.8325925925925917
-0.8372839506172834
-0.8553086419753078
-0.8422222222222213
-0.8533333333333332
-0.8590123456790115
-0.8696296296296285
-0.8150617283950613
-0.8380246913580242
-0.8506172839506169
-0.846419753086419
-0.8627160493827157
-0.8353086419753083
-0.8328395061728392
-0.8417283950617273
-0.8612345679012339
-0.8330864197530858
-0.8320987654320978
-0.8234567901234562
-0.856543209876543
-0.8530864197530855
-0.8177777777777774
-0.8651851851851841
-0.8674074074074066
-0.8125925925925921
-0.838765432098765
-0.8222222222222215
-0.8597530864197521
-0.8469135802469128
-0.835802469135802
-0.8397530864197525
-0.8666666666666651
-0.842962962962962
-0.8555555555555546
-0.8627160493827157
-0.855061728395061
-0.8476543209876537
-0.8627160493827154
-0.8560493827160487
-0.8666666666666657
-0.8244444444444441
-0.8666666666666657
-0.850123456790123
-0.8518518518518514
-0.849135802469135
-0.8353086419753076
-0.8296296296296292
-0.8461728395061724
-0.8328395061728392
-0.83753086419753
-0.8471604938271596
-0.8565432098765422
-0.8641975308641965
-0.8595061728395054
-0.8580246913580238
-0.8469135802469127
-0.8854320987654313
-0.8323456790123446
-0.8395061728395053
-0.8439506172839497
-0.849382716049382
-0.8637037037037031
-0.8753086419753081
-0.865925925925925
-0.8417283950617275
-0.8476543209876536
-0.8570370370370362
-0.8572839506172831
-0.8437037037037031
-0.8298765432098756
-0.8701234567901223
-0.8466666666666661
-0.8548148148148139
-0.8730864197530854
-0.8439506172839499
-0.8454320987654316
-0.8261728395061724
-0.8461728395061724
-0.8582716049382708
-0.8461728395061723
-0.8464197530864191
-0.8577777777777772
-0.8488888888888882
-0.8508641975308634
-0.8301234567901228
-0.852592592592592
-0.8432098765432089
-0.838765432098765
-0.8365432098765428
-0.8429629629629624
-0.8671604938271595
-0.8291358024691355
-0.8298765432098762
-0.8538271604938265
-0.857037037037036
-0.8597530864197521
-0.8753086419753078
-0.8348148148148141
-0.8543209876543204
-0.8491358024691348
-0.8298765432098759
-0.8293827160493821
-0.8590123456790121
-0.8372839506172833
-0.8555555555555548
-0.8402469135802464
-0.8335802469135793
-0.8441975308641962
-0.8550617283950608
