-0.8834567901234559
-0.8812345679012334
-0.8874074074074061
-0.8916049382716039
-0.8928395061728387
-0.8950617283950614
-0.893086419753086
-0.8953086419753074
-0.8953086419753078
-0.8725925925925918
-0.897777777777777
-0.8817283950617271
-0.8866666666666655
-0.8854320987654313
-0.8876543209876534
-0.8683950617283945
-0.8767901234567889
-0.8849382716049374
-0.8913580246913572
-0.8829629629629625
-0.8728395061728389
-0.891358024691357
-0.8797530864197524
-0.8837037037037029
-0.9049382716049374
-0.8928395061728386
-0.8950617283950606
-0.8837037037037031
-0.8992592592592584
-0.9017283950617276
-0.8639506172839502
-0.8506172839506163
-0.8720987654320983
-0.8891358024691349
-0.8834567901234561
-0.8898765432098756
-0.8928395061728381
-0.8822222222222209
-0.892098765432098
-0.8975308641975298
-0.8767901234567894
-0.8797530864197524
-0.8733333333333324
-0.8676543209876536
-0.8846913580246909
-0.883209876543209
-0.8881481481481478
-0.8881481481481469
-0.8693827160493817
-0.900246913580246
-0.8851851851851842
-0.8587654320987649
-0.88395061728395
-0.8666666666666657
-0.8913580246913572
-0.8795061728395054
-0.9007407407407396
-0.8854320987654315
-0.9076543209876532
-0.8886419753086409
-0.8874074074074063
-0.8767901234567893
-0.9041975308641963
-0.8787654320987647
-0.8965432098765423
-0.8819753086419746
-0.8874074074074066
-0.8970370370370364
-0.8809876543209866
-0.8960493827160485
-0.8824691358024682
-0.8859259259259253
-0.8950617283950605
-0.8577777777777772
-0.8881481481481472
-0.8982716049382706
-0.8982716049382702
-0.8846913580246903
-0.8943209876543199
-0.9017283950617279
-0.8696296296296285
-0.8955555555555547
-0.8906172839506165
-0.8869135802469128
-0.9116049382716036
-0.8945679012345672
-0.8997530864197523
-0.8713580246913573
-0.8923456790123445
-0.8933333333333324
-0.9054320987654311
-0.8716049382716039
-0.8886419753086411
-0.8824691358024682
-0.8955555555555547
-0.9009876543209867
-0.875061728395061
-0.8802469135802463
-0.8888888888888878
-0.8849382716049373
-0.8651851851851846
-0.8671604938271595
-0.8866666666666654
-0.8817283950617273
-0.8950617283950608
-0.8770370370370361
-0.8911111111111103
-0.8706172839506162
-0.8886419753086413
-0.891851851851851
-0.8674074074074071
-0.9108641975308632
-0.8824691358024679
-0.885925925925925
-0.8953086419753078
-0.8876543209876534
-0.8928395061728384
-0.8837037037037029
-0.8935802469135795
-0.8807407407407398
-0.9019753086419743
-0.8879012345679005
-0.9041975308641965
-0.8987654320987645
-0.8790123456790112
-0.8782716049382712
-0.8861728395061721
-0.8807407407407398
-0.8713580246913574
-0.8799999999999992
-0.8809876543209869
-0.8879012345678999
-0.8997530864197523
-0.8795061728395056
-0.8762962962962955
-0.8834567901234559
-0.8854320987654312
-0.8876543209876532
-0.8950617283950608
-0.8844444444444435
-0.8814814814814808
-0.8535802469135797
-0.8785185185185177
-0.9103703703703695
-0.8980246913580237
-0.8787654320987647
-0.8832098765432088
-0.8864197530864186
-0.8775308641975302
-0.8896296296296288
-0.8920987654320978
-0.8935802469135793
-0.8987654320987645
-0.897777777777777
-0.8864197530864194
-0.8879012345679002
-0.8656790123456782
-0.8901234567901223
-0.8819753086419744
-0.848888888888888
-0.8812345679012334
-0.8777777777777765
-0.8861728395061719
-0.8876543209876534
-0.8916049382716041
-0.8634567901234561
-0.8925925925925916
-0.8854320987654309
-0.8834567901234563
-0.8861728395061721
-0.8799999999999989
-0.8814814814814804
-0.8997530864197522
-0.8869135802469127
-0.886419753086419
-0.885185185185184
-0.8898765432098753
-0.8841975308641963
-0.8864197530864188
-0.8972839506172829
-0.8881481481481475
-0.9061728395061722
-0.8772839506172827
-0.8903703703703695
-0.8708641975308634
-0.8698765432098758
-0.8632098765432092
-0.889382716049382
-0.8859259259259243
-0.9054320987654305
-0.875061728395061
-0.8846913580246903
