-0.914567901234567
-0.9116049382716039
-0.9123456790123449
-0.9177777777777768
-0.9093827160493818
-0.9044444444444438
-0.925432098765431
-0.9014814814814808
-0.8980246913580239
-0.8866666666666657
-0.8999999999999996
-0.9177777777777768
-0.8940740740740734
-0.9133333333333323
-0.9261728395061719
-0.9207407407407402
-0.894814814814814
-0.9153086419753077
-0.9081481481481468
-0.9066666666666661
-0.905679012345678
-0.9037037037037029
-0.909135802469135
-0.9081481481481473
-0.9034567901234557
-0.8982716049382709
-0.9074074074074063
-0.9182716049382706
-0.885925925925925
-0.9120987654320976
-0.9076543209876536
-0.9098765432098757
-0.9120987654320978
-0.9027160493827152
-0.8987654320987648
-0.9051851851851848
-0.9150617283950608
-0.9195061728395056
-0.8953086419753074
-0.8997530864197522
-0.9024691358024682
-0.9029629629629619
-0.8995061728395052
-0.8851851851851844
-0.9148148148148139
-0.9150617283950606
-0.9009876543209867
-0.9212345679012337
-0.9022222222222209
-0.9108641975308633
-0.8953086419753078
-0.9209876543209865
-0.9269135802469128
-0.9165432098765421
-0.9195061728395054
-0.8933333333333322
-0.9069135802469128
-0.9076543209876536
-0.9259259259259248
-0.9022222222222219
-0.8940740740740731
-0.8920987654320982
-0.8881481481481472
-0.9138271604938262
-0.9118518518518509
-0.9046913580246901
-0.9190123456790114
-0.92074074074074
-0.9175308641975296
-0.9101234567901226
-0.9153086419753076
-0.8881481481481476
-0.9217283950617273
-0.8960493827160485
-0.9032098765432094
-0.8965432098765423
-0.8893827160493817
-0.9120987654320976
-0.908148148148147
-0.9032098765432088
-0.9049382716049377
-0.9022222222222208
-0.900246913580246
-0.9239506172839498
-0.9054320987654313
-0.911851851851851
-0.917283950617283
-0.9160493827160485
-0.8804938271604927
-0.9091358024691347
-0.9024691358024679
-0.9004938271604929
-0.8997530864197519
-0.9148148148148141
-0.893333333333332
-0.9180246913580239
-0.8891358024691346
-0.9071604938271596
-0.8876543209876534
-0.926172839506172
-0.9138271604938261
-0.9103703703703697
-0.9014814814814808
-0.905185185185184
-0.9029629629629623
-0.9088888888888879
-0.8982716049382704
-0.8933333333333324
-0.9017283950617275
-0.9059259259259248
-0.8879012345679004
-0.9024691358024682
-0.8814814814814805
-0.8859259259259246
-0.9111111111111099
-0.9116049382716039
-0.891358024691357
-0.8948148148148141
-0.8743209876543202
-0.9118518518518507
-0.9071604938271599
-0.8896296296296285
-0.9172839506172831
-0.8995061728395052
-0.9014814814814806
-0.902469135802468
-0.8997530864197523
-0.9138271604938264
-0.9061728395061719
-0.9046913580246906
-0.8967901234567893
-0.9029629629629621
-0.9032098765432088
-0.9029629629629619
-0.9185185185185177
-0.9120987654320976
-0.9150617283950606
-0.8879012345679004
-0.9128395061728389
-0.9009876543209867
-0.9128395061728387
-0.9175308641975298
-0.9009876543209866
-0.9170370370370362
-0.8923456790123445
-0.9034567901234557
-0.899999999999999
-0.9160493827160483
-0.902469135802468
-0.914567901234567
-0.8985185185185177
-0.9034567901234559
-0.9007407407407398
-0.9195061728395054
-0.9106172839506166
-0.8958024691358014
-0.9143209876543202
-0.908148148148147
-0.894814814814814
-0.9254320987654313
-0.8829629629629621
-0.9086419753086409
-0.9076543209876532
-0.9143209876543199
-0.9140740740740732
-0.9069135802469126
-0.8953086419753078
-0.8893827160493812
-0.89111111111111
-0.9113580246913568
-0.9039506172839498
-0.9074074074074064
-0.888395061728394
-0.9019753086419746
-0.9041975308641967
-0.8967901234567891
-0.8849382716049374
-0.8911111111111101
-0.8841975308641967
-0.9034567901234557
-0.9061728395061719
-0.8990123456790112
-0.9229629629629623
-0.8965432098765423
-0.906666666666666
-0.8980246913580237
-0.9197530864197522
-0.8940740740740734
-0.888395061728394
-0.8928395061728389
-0.901481481481481
-0.9012345679012335
