-0.8227160493827157
-0.7999999999999996
-0.8019753086419749
-0.8148148148148141
-0.7997530864197526
-0.768641975308642
-0.812592592592592
-0.8076543209876534
-0.8064197530864196
-0.7995061728395064
-0.7972839506172834
-0.806666666666666
-0.7997530864197531
-0.8212345679012337
-0.7975308641975306
-0.8325925925925917
-0.7948148148148139
-0.812345679012345
-0.8190123456790117
-0.8064197530864192
-0.8234567901234562
-0.8155555555555551
-0.8479012345679003
-0.8192592592592588
-0.804691358024691
-0.8318518518518508
-0.8249382716049376
-0.8177777777777775
-0.7844444444444441
-0.8195061728395052
-0.8246913580246907
-0.7891358024691351
-0.8217283950617283
-0.7933333333333331
-0.7720987654320985
-0.8128395061728392
-0.8148148148148145
-0.8340740740740736
-0.8101234567901229
-0.815555555555555
-0.8197530864197525
-0.7841975308641971
-0.826666666666666
-0.8291358024691351
-0.8219753086419749
-0.8096296296296291
-0.8251851851851848
-0.817777777777777
-0.7846913580246905
-0.7908641975308642
-0.7782716049382714
-0.8074074074074068
-0.8488888888888882
-0.8195061728395057
-0.8091358024691353
-0.8041975308641971
-0.809876543209876
-0.8244444444444439
-0.8306172839506166
-0.7975308641975305
-0.8212345679012342
-0.8224691358024686
-0.8177777777777767
-0.7916049382716047
-0.8214814814814805
-0.8096296296296288
-0.8239506172839504
-0.8064197530864196
-0.8145679012345672
-0.8330864197530857
-0.8076543209876541
-0.8246913580246911
-0.8323456790123456
-0.8256790123456781
-0.7918518518518516
-0.8160493827160488
-0.8140740740740736
-0.815802469135802
-0.7748148148148146
-0.8167901234567897
-0.8125925925925921
-0.8014814814814807
-0.7898765432098761
-0.812345679012345
-0.7982716049382713
-0.8002469135802467
-0.8160493827160492
-0.8123456790123452
-0.7955555555555553
-0.7955555555555549
-0.7950617283950614
-0.789876543209876
-0.8029629629629629
-0.7856790123456788
-0.8138271604938268
-0.838765432098765
-0.7876543209876543
-0.8148148148148141
-0.7908641975308638
-0.8140740740740734
-0.8061728395061725
-0.7950617283950613
-0.8187654320987644
-0.8358024691358016
-0.7975308641975302
-0.810123456790123
-0.8066666666666661
-0.8051851851851847
-0.8034567901234563
-0.8254320987654317
-0.777037037037037
-0.789382716049382
-0.8012345679012337
-0.800987654320987
-0.8177777777777776
-0.8111111111111107
-0.8106172839506172
-0.7916049382716044
-0.8175308641975301
-0.7911111111111108
-0.8182716049382712
-0.7948148148148146
-0.8197530864197528
-0.7940740740740734
-0.7881481481481474
-0.7898765432098762
-0.8308641975308636
-0.7948148148148145
-0.8024691358024685
-0.7938271604938268
-0.8185185185185178
-0.7849382716049378
-0.8177777777777768
-0.8113580246913579
-0.8160493827160487
-0.8202469135802465
-0.8017283950617284
-0.7950617283950613
-0.8192592592592591
-0.8113580246913572
-0.8081481481481473
-0.8091358024691351
-0.8158024691358019
-0.8007407407407401
-0.7824691358024686
-0.8249382716049376
-0.8239506172839497
-0.826172839506172
-0.8185185185185182
-0.8133333333333332
-0.8086419753086412
-0.8069135802469126
-0.7985185185185179
-0.8266666666666659
-0.7999999999999999
-0.811604938271605
-0.8138271604938265
-0.8111111111111108
-0.7711111111111104
-0.7871604938271598
-0.7923456790123453
-0.7925925925925922
-0.8165432098765429
-0.8093827160493824
-0.7844444444444438
-0.8071604938271598
-0.8081481481481478
-0.8197530864197529
-0.7874074074074066
-0.8175308641975303
-0.8387654320987649
-0.8125925925925923
-0.7958024691358019
-0.8241975308641969
-0.7928395061728394
-0.8106172839506169
-0.8037037037037033
-0.8172839506172835
-0.7943209876543204
-0.7807407407407403
-0.8125925925925921
-0.8241975308641966
-0.7958024691358022
-0.8143209876543203
-0.8034567901234563
-0.8034567901234563
-0.8187654320987651
-0.812098765432098
-0.8335802469135796
-0.8377777777777772
-0.8419753086419747
-0.8182716049382712
