-0.7014814814814818
-0.7091358024691355
-0.725432098765432
-0.7429629629629628
-0.7449382716049381
-0.7202469135802465
-0.7088888888888889
-0.6975308641975313
-0.7432098765432099
-0.7259259259259259
-0.714074074074074
-0.7276543209876545
-0.6935802469135806
-0.730864197530864
-0.7646913580246912
-0.7385185185185185
-0.6856790123456789
-0.7454320987654319
-0.7269135802469131
-0.7219753086419749
-0.7553086419753084
-0.7330864197530861
-0.7370370370370369
-0.7483950617283949
-0.7009876543209875
-0.7061728395061729
-0.7530864197530867
-0.7533333333333336
-0.7185185185185184
-0.6967901234567897
-0.7340740740740739
-0.7508641975308641
-0.6866666666666663
-0.7185185185185186
-0.716296296296296
-0.7358024691358024
-0.7274074074074075
-0.7274074074074074
-0.6760493827160494
-0.6913580246913582
-0.717283950617284
-0.7214814814814817
-0.6572839506172843
-0.7449382716049383
-0.7459259259259258
-0.6758024691358023
-0.7227160493827156
-0.7441975308641976
-0.6955555555555557
-0.7437037037037034
-0.6962962962962965
-0.758518518518518
-0.7306172839506171
-0.7209876543209873
-0.7002469135802463
-0.6923456790123459
-0.7222222222222225
-0.730864197530864
-0.7246913580246909
-0.6595061728395063
-0.7362962962962964
-0.7155555555555553
-0.7059259259259258
-0.7375308641975308
-0.7432098765432099
-0.7123456790123458
-0.7780246913580242
-0.7232098765432098
-0.75037037037037
-0.7155555555555554
-0.7274074074074073
-0.7138271604938272
-0.6881481481481486
-0.7659259259259255
-0.7350617283950617
-0.740493827160494
-0.7155555555555554
-0.7155555555555557
-0.7034567901234564
-0.6733333333333333
-0.7397530864197531
-0.704691358024691
-0.7101234567901232
-0.7086419753086417
-0.7167901234567905
-0.7032098765432102
-0.6923456790123449
-0.757530864197531
-0.749876543209877
-0.7175308641975309
-0.7212345679012349
-0.6898765432098766
-0.691851851851852
-0.7279012345679011
-0.731358024691358
-0.7103703703703703
-0.7209876543209875
-0.7004938271604939
-0.7419753086419749
-0.7214814814814812
-0.7219753086419757
-0.7143209876543206
-0.7538271604938268
-0.7318518518518518
-0.7061728395061724
-0.6992592592592596
-0.7708641975308635
-0.7227160493827164
-0.6753086419753083
-0.7377777777777772
-0.7212345679012352
-0.720987654320987
-0.7209876543209877
-0.7106172839506172
-0.7165432098765433
-0.7195061728395062
-0.7459259259259251
-0.7101234567901232
-0.7501234567901229
-0.6938271604938272
-0.7283950617283946
-0.755308641975308
-0.7155555555555554
-0.7358024691358023
-0.7367901234567902
-0.7293827160493823
-0.7182716049382714
-0.7269135802469132
-0.7108641975308647
-0.7456790123456789
-0.733333333333333
-0.7464197530864193
-0.7525925925925928
-0.6335802469135801
-0.7664197530864196
-0.7330864197530859
-0.7454320987654316
-0.6940740740740744
-0.7266666666666665
-0.7397530864197525
-0.7469135802469133
-0.7276543209876538
-0.7508641975308643
-0.7022222222222221
-0.7251851851851854
-0.7108641975308637
-0.7266666666666668
-0.7096296296296292
-0.7022222222222225
-0.7096296296296298
-0.7091358024691354
-0.7318518518518515
-0.7567901234567898
-0.7397530864197529
-0.6925925925925926
-0.7469135802469133
-0.7316049382716049
-0.7190123456790122
-0.7170370370370371
-0.7234567901234569
-0.7185185185185187
-0.7454320987654317
-0.7024691358024688
-0.7118518518518513
-0.7209876543209875
-0.7214814814814814
-0.6916049382716045
-0.7029629629629628
-0.7459259259259255
-0.6874074074074074
-0.7172839506172841
-0.7128395061728392
-0.7399999999999993
-0.7212345679012346
-0.7716049382716047
-0.7451851851851853
-0.735802469135802
-0.7017283950617283
-0.7229629629629628
-0.7187654320987651
-0.7096296296296298
-0.6651851851851853
-0.6945679012345678
-0.7167901234567902
-0.745925925925926
-0.718271604938271
-0.7516049382716047
-0.7009876543209876
-0.7664197530864193
-0.7182716049382715
-0.708148148148148
-0.7239506172839503
