-0.30098765432098773
-0.3318518518518519
-0.20716049382716045
-0.3333333333333334
-0.36246913580246903
-0.26543209876543206
-0.2641975308641975
-0.26024691358024693
-0.2762962962962963
-0.351851851851852
-0.3153086419753086
-0.28691358024691355
-0.27481481481481496
-0.23037037037037034
-0.3177777777777779
-0.3775308641975309
-0.3407407407407407
-0.24172839506172822
-0.28493827160493834
-0.35234567901234576
-0.319506172839506
-0.25629629629629624
-0.32666666666666666
-0.2353086419753086
-0.3701234567901235
-0.28888888888888886
-0.266172839506173
-0.2646913580246914
-0.2960493827160495
-0.27654320987654335
-0.285925925925926
-0.27975308641975316
-0.2787654320987656
-0.29382716049382723
-0.3587654320987655
-0.30716049382716043
-0.3288888888888888
-0.3444444444444444
-0.30740740740740735
-0.26913580246913604
-0.2822222222222223
-0.2834567901234568
-0.22024691358024687
-0.34765432098765403
-0.22567901234567914
-0.35827160493827165
-0.29604938271604947
-0.3204938271604939
-0.2765432098765433
-0.3992592592592593
-0.24024691358024702
-0.2708641975308642
-0.35481481481481486
-0.2720987654320987
-0.29432098765432085
-0.26716049382716067
-0.2486419753086418
-0.33432098765432106
-0.29506172839506173
-0.34765432098765436
-0.2851851851851851
-0.305925925925926
-0.2987654320987653
-0.2190123456790124
-0.20913580246913577
-0.2807407407407406
-0.33283950617283947
-0.2906172839506172
-0.2676543209876544
-0.32641975308641996
-0.32172839506172823
-0.30790123456790114
-0.26962962962962955
-0.24098765432098765
-0.22222222222222218
-0.3740740740740741
-0.31111111111111106
-0.2908641975308641
-0.29259259259259274
-0.32469135802469123
-0.3103703703703704
-0.3735802469135803
-0.30617283950617274
-0.29160493827160483
-0.32098765432098775
-0.3807407407407408
-0.3054320987654322
-0.34641975308641965
-0.27506172839506177
-0.2824691358024692
-0.3135802469135803
-0.28938271604938276
-0.35728395061728413
-0.27283950617283964
-0.2259259259259259
-0.28962962962962974
-0.26864197530864187
-0.2962962962962965
-0.2844444444444445
-0.4204938271604939
-0.29407407407407404
-0.36000000000000004
-0.3469135802469136
-0.2903703703703704
-0.34641975308641954
-0.3370370370370367
-0.3207407407407406
-0.32987654320987675
-0.3782716049382718
-0.2920987654320986
-0.34765432098765436
-0.3113580246913579
-0.2945679012345679
-0.3034567901234567
-0.34049382716049376
-0.3059259259259259
-0.37506172839506147
-0.22790123456790118
-0.2916049382716051
-0.2837037037037036
-0.3002469135802469
-0.34790123456790134
-0.24148148148148144
-0.2676543209876544
-0.29777777777777775
-0.3572839506172839
-0.33827160493827185
-0.21901234567901232
-0.37037037037037024
-0.2930864197530865
-0.32839506172839483
-0.36617283950617313
-0.2585185185185184
-0.3518518518518519
-0.32740740740740754
-0.3125925925925927
-0.24395061728395068
-0.29950617283950626
-0.2861728395061729
-0.23555555555555557
-0.29629629629629634
-0.2785185185185185
-0.25333333333333335
-0.3318518518518518
-0.3328395061728394
-0.2622222222222222
-0.32469135802469146
-0.3187654320987653
-0.2938271604938272
-0.30740740740740746
-0.31555555555555553
-0.36370370370370375
-0.30666666666666664
-0.2869135802469136
-0.26370370370370366
-0.30320987654320986
-0.34814814814814826
-0.2671604938271604
-0.36246913580246914
-0.39481481481481473
-0.32666666666666655
-0.24962962962962956
-0.3249382716049381
-0.3380246913580247
-0.3101234567901234
-0.3177777777777778
-0.314814814814815
-0.3913580246913581
-0.3641975308641975
-0.31506172839506197
-0.3234567901234567
-0.3195061728395063
-0.2879012345679014
-0.2185185185185186
-0.29777777777777814
-0.2891358024691359
-0.3330864197530864
-0.2661728395061728
-0.322716049382716
-0.340493827160494
-0.33901234567901234
-0.2790123456790124
-0.3380246913580247
-0.2688888888888888
-0.29012345679012347
-0.27308641975308634
-0.2893827160493828
-0.30024691358024697
-0.3130864197530865
-0.3064197530864197
-0.447901234567901
-0.2488888888888889
