0.4192592592592592
0.41555555555555534
0.4241975308641974
0.45432098765432094
0.3765432098765432
0.41975308641975306
0.4190123456790123
0.3483950617283951
0.36024691358024685
0.3918518518518519
0.35283950617283966
0.4348148148148146
0.43975308641975297
0.3609876543209875
0.4101234567901236
0.4066666666666665
0.348395061728395
0.437283950617284
0.3251851851851853
0.4419753086419754
0.41580246913580243
0.36271604938271607
0.3158024691358025
0.44567901234567897
0.3496296296296297
0.3170370370370371
0.42740740740740724
0.37259259259259253
0.37382716049382714
0.4246913580246913
0.4130864197530862
0.29209876543209873
0.3664197530864199
0.4634567901234568
0.3661728395061728
0.371851851851852
0.3269135802469136
0.31851851851851837
0.39604938271604945
0.29925925925925934
0.3503703703703705
0.3903703703703704
0.31234567901234567
0.40345679012345664
0.4177777777777777
0.385925925925926
0.38148148148148153
0.3303703703703704
0.4390123456790126
0.35950617283950637
0.442716049382716
0.44320987654321
0.34641975308641976
0.39679012345679016
0.44962962962962943
0.42049382716049394
0.3471604938271605
0.43728395061728376
0.38790123456790115
0.4182716049382716
0.2254320987654321
0.34049382716049387
0.4387654320987654
0.39012345679012334
0.38197530864197515
0.45679012345679015
0.4049382716049385
0.43333333333333324
0.3911111111111112
0.40790123456790117
0.38444444444444426
0.41407407407407376
0.44913580246913587
0.37753086419753074
0.32814814814814813
0.3543209876543212
0.38567901234567886
0.3437037037037037
0.49234567901234566
0.4291358024691358
0.4051851851851851
0.4385185185185186
0.34864197530864205
0.39259259259259266
0.3807407407407409
0.40938271604938253
0.35012345679012347
0.37827160493827156
0.385925925925926
0.37333333333333335
0.39259259259259266
0.43950617283950627
0.45753086419753086
0.4130864197530863
0.43876543209876523
0.3049382716049383
0.414074074074074
0.3533333333333334
0.3503703703703704
0.4237037037037037
0.3293827160493827
0.39283950617283947
0.3192592592592592
0.3562962962962962
0.37407407407407395
0.451358024691358
0.47851851851851845
0.4501234567901234
0.37432098765432115
0.4007407407407408
0.43209876543209874
0.3725925925925923
0.3819753086419752
0.3548148148148147
0.42246913580246914
0.2970370370370371
0.3365432098765432
0.41555555555555557
0.2925925925925927
0.45432098765432083
0.4518518518518521
0.37259259259259275
0.40790123456790095
0.3962962962962963
0.4496296296296299
0.34814814814814815
0.36666666666666675
0.3308641975308644
0.4044444444444445
0.32469135802469135
0.3683950617283951
0.47382716049382717
0.3859259259259259
0.4506172839506171
0.502962962962963
0.3461728395061727
0.37234567901234555
0.3804938271604938
0.32493827160493816
0.4291358024691358
0.3748148148148148
0.45259259259259266
0.43432098765432103
0.4397530864197531
0.4190123456790122
0.4437037037037036
0.3533333333333333
0.4150617283950617
0.38493827160493826
0.43111111111111106
0.3335802469135804
0.3464197530864198
0.4125925925925925
0.33209876543209854
0.34888888888888897
0.35308641975308647
0.4239506172839508
0.368395061728395
0.3930864197530863
0.2906172839506175
0.4753086419753086
0.43135802469135787
0.4819753086419752
0.36320987654320985
0.4135802469135803
0.36987654320987656
0.38888888888888906
0.353827160493827
0.41999999999999965
0.35555555555555535
0.45827160493827146
0.40592592592592597
0.43925925925925924
0.36395061728395084
0.4111111111111112
0.4461728395061728
0.4469135802469136
0.36617283950617285
0.3859259259259259
0.42395061728395034
0.41086419753086423
0.46790123456790117
0.4160493827160495
0.4069135802469137
0.4091358024691356
0.4535802469135802
0.40320987654321006
0.4106172839506172
0.37777777777777777
0.43234567901234583
0.3755555555555555
0.41160493827160505
