0.8822222222222214
0.8965432098765423
0.8787654320987648
0.8992592592592586
0.8908641975308633
0.914567901234567
0.9175308641975303
0.9014814814814808
0.8943209876543202
0.8906172839506168
0.9219753086419747
0.9044444444444436
0.9190123456790116
0.9034567901234559
0.8992592592592586
0.9051851851851844
0.8602469135802465
0.9091358024691352
0.8790123456790118
0.8888888888888882
0.8844444444444438
0.8985185185185179
0.8977777777777776
0.8999999999999992
0.8918518518518517
0.9071604938271601
0.8891358024691355
0.8824691358024688
0.8992592592592584
0.8723456790123453
0.9029629629629623
0.9034567901234561
0.8879012345679005
0.9017283950617281
0.8962962962962958
0.8804938271604931
0.8960493827160485
0.910123456790123
0.9185185185185181
0.9012345679012338
0.8854320987654315
0.9004938271604931
0.8992592592592589
0.8854320987654315
0.8918518518518515
0.8829629629629621
0.909382716049382
0.8651851851851847
0.8829629629629625
0.892592592592592
0.8871604938271596
0.9071604938271599
0.9081481481481475
0.8933333333333325
0.8940740740740736
0.9056790123456786
0.8962962962962955
0.8913580246913578
0.8953086419753081
0.9004938271604929
0.8832098765432093
0.9182716049382708
0.8856790123456784
0.8906172839506162
0.9140740740740735
0.8985185185185177
0.8990123456790118
0.8972839506172832
0.9202469135802461
0.8965432098765426
0.8965432098765429
0.9150617283950611
0.8916049382716041
0.9004938271604934
0.8758024691358024
0.9088888888888884
0.8943209876543207
0.9004938271604934
0.9219753086419747
0.9074074074074069
0.9120987654320983
0.9076543209876536
0.8950617283950606
0.8879012345679004
0.8938271604938264
0.9167901234567895
0.9019753086419746
0.8851851851851847
0.8967901234567893
0.9024691358024685
0.898518518518518
0.9145679012345672
0.8856790123456788
0.8928395061728389
0.892592592592592
0.9160493827160489
0.8834567901234561
0.9209876543209871
0.9187654320987645
0.9101234567901226
0.8923456790123451
0.8940740740740736
0.90074074074074
0.924444444444444
0.8859259259259256
0.9229629629629621
0.9148148148148145
0.901234567901234
0.8962962962962958
0.9138271604938264
0.9074074074074069
0.8977777777777771
0.8874074074074071
0.9197530864197525
0.8923456790123455
0.9012345679012337
0.898518518518518
0.8987654320987645
0.9083950617283943
0.8827160493827155
0.8824691358024682
0.885925925925925
0.8987654320987647
0.861234567901234
0.9007407407407402
0.9059259259259254
0.8990123456790118
0.8948148148148141
0.8992592592592586
0.899999999999999
0.9054320987654313
0.9190123456790119
0.893333333333333
0.8849382716049373
0.8965432098765427
0.9150617283950611
0.8916049382716044
0.9012345679012337
0.9172839506172833
0.9160493827160485
0.9066666666666661
0.91037037037037
0.8967901234567894
0.8916049382716041
0.8972839506172832
0.9032098765432092
0.8925925925925918
0.8953086419753081
0.901481481481481
0.9130864197530857
0.8906172839506167
0.9024691358024685
0.9019753086419748
0.8972839506172832
0.9130864197530858
0.8908641975308633
0.8955555555555551
0.9029629629629621
0.8913580246913572
0.901234567901234
0.8839506172839502
0.9002469135802463
0.9069135802469128
0.8827160493827155
0.9051851851851844
0.9022222222222217
0.9004938271604931
0.9029629629629623
0.9041975308641971
0.9009876543209875
0.8807407407407404
0.901234567901234
0.9214814814814806
0.899506172839506
0.8913580246913576
0.8950617283950613
0.9039506172839502
0.8913580246913574
0.9199999999999995
0.8903703703703697
0.9088888888888884
0.8930864197530857
0.8923456790123447
0.8822222222222217
0.9029629629629623
0.8888888888888882
0.8906172839506168
0.8896296296296288
0.8916049382716047
0.895061728395061
0.8990123456790118
0.903703703703703
