0.9244444444444438
0.913333333333333
0.9125925925925922
0.9140740740740735
0.909382716049382
0.9012345679012337
0.9032098765432092
0.9051851851851848
0.9160493827160485
0.9079012345679005
0.9019753086419746
0.9251851851851843
0.9190123456790119
0.9227160493827156
0.9103703703703697
0.9177777777777771
0.8962962962962958
0.9175308641975303
0.9130864197530855
0.9056790123456783
0.8995061728395057
0.9096296296296293
0.9217283950617279
0.8933333333333324
0.9180246913580242
0.93432098765432
0.9333333333333328
0.8849382716049377
0.9365432098765424
0.931358024691357
0.9209876543209871
0.8987654320987648
0.9232098765432094
0.9034567901234561
0.907407407407407
0.9138271604938266
0.9229629629629623
0.9333333333333323
0.8995061728395056
0.9362962962962958
0.8935802469135795
0.9165432098765427
0.9019753086419746
0.9014814814814811
0.9227160493827153
0.9116049382716045
0.9234567901234559
0.8901234567901228
0.9143209876543205
0.9439506172839498
0.9071604938271601
0.9153086419753081
0.921975308641975
0.8911111111111106
0.9004938271604933
0.9306172839506166
0.9167901234567897
0.9180246913580244
0.9106172839506168
0.8990123456790119
0.9012345679012342
0.9264197530864193
0.9187654320987646
0.909382716049382
0.9333333333333326
0.9204938271604931
0.9264197530864192
0.9044444444444438
0.8987654320987648
0.909629629629629
0.908888888888888
0.909629629629629
0.918271604938271
0.9162962962962956
0.9214814814814806
0.9138271604938268
0.890123456790123
0.9395061728395055
0.9116049382716039
0.927654320987654
0.9333333333333326
0.9135802469135795
0.9167901234567899
0.9222222222222215
0.8792592592592585
0.9276543209876532
0.9227160493827156
0.9113580246913574
0.9145679012345673
0.9125925925925918
0.9283950617283944
0.90395061728395
0.9197530864197523
0.9254320987654313
0.9185185185185181
0.8753086419753079
0.915802469135802
0.8972839506172832
0.9111111111111104
0.892592592592592
0.9044444444444438
0.9118518518518512
0.8928395061728391
0.9098765432098759
0.9165432098765426
0.9108641975308633
0.9128395061728387
0.9214814814814806
0.9108641975308636
0.884197530864197
0.9276543209876535
0.8913580246913572
0.915802469135802
0.9281481481481476
0.9064197530864192
0.9101234567901226
0.9138271604938266
0.9054320987654315
0.9002469135802463
0.9313580246913576
0.9032098765432094
0.8980246913580241
0.9029629629629621
0.921234567901234
0.9254320987654316
0.9286419753086412
0.9162962962962954
0.9101234567901227
0.9054320987654315
0.9009876543209869
0.9338271604938266
0.9209876543209873
0.9244444444444438
0.9029629629629625
0.9019753086419746
0.9185185185185177
0.9123456790123453
0.9061728395061721
0.9187654320987646
0.9113580246913574
0.9074074074074064
0.9279012345679005
0.9148148148148141
0.9116049382716042
0.895802469135802
0.9227160493827152
0.9004938271604933
0.9167901234567897
0.9143209876543208
0.9086419753086414
0.8955555555555551
0.912098765432098
0.8930864197530857
0.9180246913580241
0.943703703703703
0.8985185185185179
0.9019753086419748
0.9167901234567892
0.9069135802469128
0.9199999999999995
0.9113580246913576
0.9120987654320986
0.9308641975308636
0.9155555555555547
0.890617283950617
0.9108641975308638
0.9153086419753079
0.9022222222222217
0.8881481481481476
0.9081481481481475
0.9101234567901227
0.930123456790123
0.9199999999999995
0.9259259259259252
0.92395061728395
0.9130864197530857
0.9034567901234564
0.9197530864197525
0.9195061728395056
0.9241975308641971
0.8923456790123449
0.9054320987654315
0.9027160493827153
0.907407407407407
0.922469135802468
0.9316049382716045
0.8953086419753079
0.9360493827160491
0.9123456790123453
0.9350617283950614
0.9024691358024685
0.9148148148148143
