0.966913580246913
0.9688888888888886
0.9711111111111107
0.9706172839506169
0.9597530864197527
0.9711111111111108
0.9651851851851846
0.9664197530864196
0.958271604938271
0.9703703703703701
0.9758024691358019
0.9599999999999999
0.9674074074074068
0.9632098765432096
0.9639506172839504
0.9683950617283947
0.9580246913580245
0.9720987654320985
0.9770370370370366
0.9698765432098765
0.9807407407407404
0.9533333333333328
0.9656790123456784
0.9617283950617279
0.9770370370370366
0.9755555555555551
0.9753086419753086
0.9681481481481476
0.9758024691358019
0.970617283950617
0.9671604938271602
0.9743209876543206
0.9676543209876539
0.976543209876543
0.9634567901234561
0.9691358024691354
0.9612345679012341
0.9683950617283947
0.9691358024691353
0.973827160493827
0.9693827160493822
0.9614814814814809
0.9743209876543206
0.9646913580246907
0.9728395061728391
0.9609876543209873
0.9683950617283945
0.9466666666666663
0.9651851851851846
0.9753086419753081
0.9683950617283947
0.9661728395061725
0.9706172839506169
0.9637037037037034
0.9718518518518514
0.9728395061728393
0.9750617283950614
0.9725925925925922
0.9624691358024686
0.9755555555555551
0.9661728395061725
0.9740740740740735
0.9770370370370368
0.9780246913580243
0.9624691358024686
0.9691358024691354
0.9582716049382711
0.9750617283950614
0.9686419753086413
0.9570370370370369
0.9602469135802465
0.9730864197530862
0.9696296296296293
0.9740740740740738
0.9570370370370366
0.9728395061728391
0.9617283950617279
0.9525925925925918
0.9753086419753083
0.9683950617283945
0.9748148148148145
0.9656790123456784
0.9649382716049381
0.9686419753086415
0.9538271604938267
0.9651851851851849
0.9604938271604933
0.9624691358024686
0.9703703703703698
0.9599999999999994
0.9797530864197527
0.9716049382716045
0.9627160493827156
0.9666666666666659
0.9758024691358022
0.9612345679012342
0.9661728395061725
0.9753086419753083
0.9666666666666663
0.9493827160493826
0.9488888888888886
0.9674074074074068
0.9733333333333327
0.9649382716049378
0.9767901234567896
0.9661728395061725
0.9661728395061723
0.9627160493827157
0.9523456790123452
0.970617283950617
0.9654320987654319
0.9595061728395056
0.9604938271604937
0.9627160493827156
0.970864197530864
0.9560493827160492
0.9659259259259253
0.9639506172839502
0.9725925925925922
0.9735802469135799
0.9599999999999996
0.9723456790123453
0.9708641975308637
0.9681481481481478
0.9560493827160489
0.9671604938271602
0.9639506172839499
0.9656790123456784
0.9755555555555551
0.9735802469135799
0.9750617283950616
0.9632098765432098
0.976543209876543
0.970123456790123
0.9632098765432096
0.9656790123456787
0.9661728395061725
0.9679012345679009
0.9659259259259255
0.9679012345679009
0.9656790123456784
0.969876543209876
0.9755555555555553
0.9758024691358019
0.9740740740740738
0.9725925925925922
0.9659259259259252
0.9730864197530862
0.9718518518518516
0.9659259259259255
0.964691358024691
0.9656790123456787
0.9686419753086415
0.9713580246913576
0.9637037037037033
0.9691358024691353
0.9706172839506169
0.967407407407407
0.9809876543209873
0.9676543209876539
0.9693827160493824
0.9555555555555553
0.9696296296296292
0.9676543209876538
0.970123456790123
0.9720987654320984
0.9693827160493824
0.9632098765432094
0.9575308641975304
0.9693827160493822
0.9609876543209875
0.9582716049382711
0.9654320987654317
0.9622222222222218
0.9711111111111107
0.9639506172839502
0.9693827160493822
0.9748148148148145
0.9720987654320982
0.9688888888888888
0.9575308641975301
0.961728395061728
0.9651851851851848
0.9674074074074073
0.9750617283950616
0.9679012345679009
0.9730864197530861
0.9671604938271597
0.9617283950617279
0.9772839506172837
0.9750617283950614
0.9582716049382711
