0.9523456790123452
0.9498765432098762
0.9496296296296292
0.9385185185185179
0.9686419753086416
0.949876543209876
0.9456790123456784
0.9434567901234563
0.9498765432098759
0.9456790123456786
0.9614814814814809
0.9481481481481476
0.9476543209876538
0.9486419753086412
0.9496296296296292
0.9486419753086417
0.9471604938271602
0.9355555555555548
0.9582716049382711
0.9414814814814808
0.9454320987654317
0.9516049382716045
0.9459259259259257
0.9328395061728391
0.9577777777777773
0.9506172839506168
0.9622222222222218
0.9587654320987649
0.9459259259259253
0.9360493827160489
0.9414814814814809
0.9503703703703699
0.9572839506172833
0.9446913580246907
0.9530864197530861
0.9316049382716045
0.9441975308641969
0.9548148148148143
0.9264197530864193
0.9427160493827154
0.9533333333333328
0.9553086419753082
0.9587654320987649
0.9535802469135799
0.9520987654320984
0.9612345679012344
0.9533333333333328
0.9365432098765427
0.9582716049382711
0.9375308641975304
0.9535802469135799
0.9355555555555548
0.9471604938271602
0.948888888888888
0.9380246913580239
0.9432098765432092
0.9409876543209871
0.9545679012345674
0.9491358024691351
0.9483950617283945
0.9503703703703698
0.9316049382716043
0.9488888888888883
0.9565432098765427
0.9597530864197525
0.9399999999999996
0.9560493827160489
0.9323456790123452
0.9456790123456784
0.9414814814814809
0.9434567901234562
0.9358024691358023
0.9387654320987646
0.9382716049382712
0.9441975308641971
0.9429629629629624
0.9572839506172834
0.9434567901234562
0.9602469135802464
0.9395061728395054
0.935061728395061
0.9419753086419748
0.9449382716049377
0.9506172839506164
0.9486419753086415
0.958024691358024
0.9419753086419748
0.9382716049382712
0.9323456790123451
0.9488888888888886
0.9577777777777772
0.9333333333333323
0.9538271604938268
0.9622222222222215
0.9372839506172833
0.9311111111111107
0.9525925925925922
0.9483950617283945
0.9404938271604932
0.9449382716049378
0.9350617283950612
0.9444444444444442
0.9595061728395058
0.9434567901234562
0.9419753086419744
0.9545679012345674
0.9143209876543208
0.9222222222222214
0.9496296296296292
0.9367901234567895
0.9412345679012336
0.943456790123456
0.9624691358024686
0.9548148148148141
0.9404938271604935
0.9479012345679003
0.9513580246913576
0.9525925925925922
0.9501234567901232
0.9404938271604932
0.9481481481481476
0.9572839506172834
0.9572839506172833
0.9545679012345676
0.9501234567901228
0.9459259259259255
0.9466666666666659
0.9567901234567896
0.9634567901234563
0.9486419753086412
0.9496296296296289
0.9395061728395058
0.9469135802469132
0.9283950617283944
0.9427160493827157
0.9372839506172833
0.9530864197530856
0.9153086419753081
0.9575308641975304
0.9558024691358021
0.9602469135802464
0.9530864197530861
0.9456790123456784
0.9590123456790117
0.9493827160493824
0.9395061728395055
0.9437037037037033
0.9518518518518511
0.944444444444444
0.94395061728395
0.9325925925925919
0.9434567901234563
0.9449382716049378
0.9474074074074068
0.9471604938271597
0.9439506172839504
0.9533333333333329
0.9540740740740737
0.9496296296296292
0.9520987654320981
0.955061728395061
0.9553086419753083
0.9427160493827157
0.9501234567901228
0.9535802469135797
0.9562962962962956
0.9533333333333329
0.9466666666666659
0.9585185185185183
0.9479012345679005
0.9283950617283946
0.9612345679012341
0.952839506172839
0.9575308641975304
0.9538271604938267
0.9479012345679005
0.9459259259259253
0.9414814814814811
0.9449382716049378
0.9199999999999993
0.9392592592592585
0.9451851851851848
0.9441975308641972
0.9570370370370366
0.9491358024691353
0.93037037037037
0.9437037037037028
0.9595061728395058
0.9439506172839501
0.9476543209876538
0.9543209876543205
0.9461728395061725
