-0.9966666666666667
-0.9969444444444444
-0.9980555555555557
-0.9961111111111112
-0.9958333333333332
-0.9966666666666667
-0.9966666666666667
-0.9961111111111114
-0.9966666666666666
-0.9980555555555556
-0.9961111111111112
-0.9961111111111112
-0.995277777777778
-0.9988888888888888
-0.9963888888888891
-0.9944444444444445
-0.9969444444444445
-0.9977777777777778
-0.9961111111111112
-0.9977777777777779
-0.9977777777777779
-0.9969444444444444
-0.9961111111111112
-0.9966666666666667
-0.9955555555555557
-0.9980555555555556
-0.995555555555556
-0.9938888888888892
-0.9969444444444444
-0.9977777777777779
-0.9955555555555555
-0.996111111111111
-0.9983333333333333
-0.9977777777777778
-0.9966666666666668
-0.993611111111111
-0.9991666666666665
-0.9969444444444444
-0.9975000000000002
-0.9972222222222221
-0.9988888888888888
-0.9958333333333335
-0.9955555555555559
-0.996388888888889
-0.9947222222222223
-0.995
-0.9969444444444443
-0.9958333333333336
-0.9966666666666667
-0.9952777777777778
-0.9930555555555557
-0.995
-0.9958333333333335
-0.9980555555555556
-0.9955555555555555
-0.9977777777777778
-0.9955555555555555
-0.9972222222222221
-0.9969444444444445
-0.9977777777777778
-0.9975
-0.9988888888888888
-0.995
-0.9988888888888892
-0.9972222222222222
-0.9944444444444447
-0.9966666666666668
-0.9975
-0.9947222222222222
-0.9961111111111113
-0.9922222222222223
-0.995277777777778
-0.9947222222222222
-0.9983333333333334
-0.9966666666666667
-0.9988888888888888
-0.9966666666666667
-0.9969444444444447
-0.9947222222222222
-0.9941666666666665
-0.9955555555555555
-0.9975
-0.9966666666666667
-0.997777777777778
-0.9936111111111114
-0.9994444444444445
-0.9966666666666667
-0.9972222222222221
-0.9969444444444445
-0.9975
-0.9925000000000002
-0.9947222222222223
-0.9944444444444447
-0.991388888888889
-0.9958333333333332
-0.9980555555555556
