-0.9855555555555555
-0.9822222222222223
-0.9911111111111116
-0.987777777777778
-0.9844444444444446
-0.9902777777777778
-0.9825
-0.9883333333333333
-0.984166666666667
-0.9775
-0.9866666666666668
-0.9841666666666667
-0.9894444444444446
-0.9833333333333337
-0.9863888888888891
-0.9802777777777777
-0.9869444444444446
-0.9866666666666667
-0.984166666666667
-0.9850000000000001
-0.9844444444444445
-0.9744444444444446
-0.9888888888888892
-0.9852777777777777
-0.9925
-0.9822222222222221
-0.9872222222222221
-0.9875000000000002
-0.9877777777777778
-0.9811111111111114
-0.9827777777777778
-0.9894444444444446
-0.9825
-0.9783333333333334
-0.979722222222222
-0.9875000000000003
-0.9827777777777778
-0.9911111111111112
-0.9861111111111114
-0.9808333333333334
-0.9838888888888891
-0.9836111111111113
-0.9880555555555559
-0.9866666666666668
-0.9819444444444446
-0.9805555555555557
-0.985
-0.981388888888889
-0.9880555555555559
-0.99
-0.9844444444444447
-0.985
-0.9875000000000002
-0.9886111111111113
-0.9780555555555556
-0.9844444444444446
-0.9822222222222224
-0.9822222222222226
-0.9877777777777779
-0.9844444444444446
-0.9875000000000003
-0.9813888888888889
-0.9780555555555557
-0.9794444444444446
-0.9902777777777778
-0.9786111111111114
-0.9858333333333337
-0.9838888888888891
-0.9794444444444446
-0.9808333333333334
-0.9844444444444446
-0.9861111111111112
-0.9900000000000003
-0.986111111111111
-0.986388888888889
-0.9875000000000002
-0.9850000000000005
-0.9877777777777778
-0.9919444444444443
-0.9855555555555557
-0.9819444444444446
-0.9894444444444445
-0.9891666666666669
-0.9869444444444444
-0.991388888888889
-0.9844444444444449
-0.9797222222222224
-0.9844444444444447
-0.9875000000000003
-0.9716666666666667
-0.9752777777777779
-0.982777777777778
-0.985
-0.9786111111111113
-0.9900000000000004
-0.9805555555555556
