-0.9608333333333338
-0.965
-0.9569444444444444
-0.9636111111111112
-0.9650000000000003
-0.9525000000000001
-0.9613888888888892
-0.9436111111111116
-0.9633333333333336
-0.9644444444444447
-0.9608333333333335
-0.9511111111111116
-0.9625
-0.953333333333334
-0.955
-0.9602777777777781
-0.9488888888888891
-0.9663888888888892
-0.9547222222222225
-0.9502777777777779
-0.9633333333333333
-0.9644444444444447
-0.9552777777777777
-0.975277777777778
-0.9652777777777776
-0.9691666666666666
-0.9480555555555553
-0.9752777777777781
-0.9552777777777776
-0.9538888888888892
-0.9658333333333333
-0.961388888888889
-0.9472222222222222
-0.966388888888889
-0.9547222222222226
-0.9580555555555561
-0.9483333333333335
-0.9641666666666667
-0.9497222222222221
-0.9461111111111111
-0.9633333333333333
-0.974166666666667
-0.951111111111111
-0.9638888888888891
-0.9716666666666669
-0.9566666666666671
-0.9561111111111115
-0.9605555555555557
-0.9694444444444446
-0.9683333333333334
-0.9491666666666672
-0.9625000000000002
-0.945277777777778
-0.9494444444444445
-0.9652777777777781
-0.9511111111111112
-0.9525
-0.936388888888889
-0.9641666666666668
-0.9399999999999998
-0.9672222222222221
-0.9586111111111113
-0.9572222222222222
-0.9519444444444445
-0.9672222222222224
-0.9738888888888895
-0.9536111111111114
-0.9619444444444444
-0.9694444444444449
-0.9608333333333333
-0.9611111111111115
-0.9555555555555553
-0.9519444444444446
-0.9488888888888893
-0.9527777777777782
-0.9502777777777777
-0.963888888888889
-0.9472222222222222
-0.9561111111111111
-0.9375
-0.974444444444445
-0.9613888888888888
-0.9558333333333335
-0.9736111111111111
-0.9561111111111112
-0.9611111111111111
-0.9608333333333338
-0.9552777777777781
-0.9683333333333336
-0.9569444444444446
-0.9525000000000001
-0.9752777777777779
-0.9508333333333338
-0.9538888888888892
-0.9663888888888889
-0.9591666666666668
