-0.8691666666666669
-0.867777777777778
-0.8780555555555553
-0.8508333333333333
-0.8825000000000006
-0.888611111111111
-0.8961111111111112
-0.8708333333333337
-0.8755555555555555
-0.8713888888888888
-0.8950000000000001
-0.9111111111111113
-0.8888888888888896
-0.8808333333333337
-0.9005555555555553
-0.8916666666666663
-0.8933333333333331
-0.8961111111111112
-0.8736111111111113
-0.9066666666666668
-0.8702777777777773
-0.8302777777777779
-0.8599999999999999
-0.8683333333333334
-0.886388888888889
-0.8877777777777773
-0.8530555555555557
-0.8802777777777776
-0.8708333333333331
-0.876666666666667
-0.8916666666666666
-0.8916666666666667
-0.8758333333333332
-0.876388888888889
-0.8552777777777777
-0.8616666666666667
-0.8933333333333331
-0.8600000000000001
-0.8927777777777777
-0.8722222222222225
-0.8905555555555555
-0.9072222222222223
-0.8500000000000003
-0.8263888888888886
-0.8916666666666667
-0.8744444444444446
-0.8780555555555556
-0.8769444444444444
-0.9063888888888889
-0.8319444444444446
-0.8772222222222226
-0.91
-0.8563888888888891
-0.8788888888888892
-0.9102777777777775
-0.856111111111111
-0.8744444444444446
-0.887777777777778
-0.8919444444444444
-0.8977777777777782
-0.8669444444444444
-0.8805555555555554
-0.8544444444444441
-0.8663888888888885
-0.8986111111111115
-0.8761111111111108
-0.8936111111111112
-0.8555555555555554
-0.8819444444444443
-0.8769444444444444
-0.908888888888889
-0.8736111111111113
-0.876666666666667
-0.8613888888888891
-0.8833333333333335
-0.8644444444444442
-0.883888888888889
-0.8911111111111112
-0.8641666666666665
-0.863055555555556
-0.872222222222222
-0.8616666666666662
-0.8541666666666665
-0.8802777777777774
-0.8644444444444447
-0.878055555555555
-0.8519444444444447
-0.9008333333333334
-0.8830555555555556
-0.859166666666667
-0.8816666666666668
-0.8972222222222221
-0.8886111111111115
-0.8425000000000006
-0.8450000000000003
-0.8852777777777778
