-0.5119444444444442
-0.4586111111111113
-0.5288888888888891
-0.5972222222222223
-0.55
-0.596111111111111
-0.502222222222222
-0.498888888888889
-0.5036111111111109
-0.5419444444444445
-0.5352777777777777
-0.4574999999999999
-0.3908333333333334
-0.5741666666666666
-0.5527777777777777
-0.5341666666666667
-0.4847222222222222
-0.4922222222222221
-0.4955555555555556
-0.533888888888889
-0.5613888888888888
-0.4574999999999999
-0.526388888888889
-0.6027777777777777
-0.4422222222222221
-0.49722222222222234
-0.48999999999999994
-0.5552777777777775
-0.5461111111111109
-0.5408333333333334
-0.5102777777777776
-0.4716666666666666
-0.5655555555555556
-0.35861111111111105
-0.5361111111111111
-0.5969444444444444
-0.5294444444444445
-0.5227777777777777
-0.47972222222222244
-0.5205555555555554
-0.546388888888889
-0.6041666666666665
-0.5705555555555554
-0.5555555555555556
-0.4505555555555556
-0.576388888888889
-0.5847222222222223
-0.4536111111111113
-0.5947222222222219
-0.485
-0.5286111111111111
-0.5522222222222222
-0.4952777777777779
-0.5630555555555556
-0.4255555555555554
-0.4177777777777778
-0.49583333333333324
-0.5258333333333333
-0.41111111111111126
-0.42944444444444463
-0.5694444444444446
-0.4558333333333334
-0.5577777777777777
-0.48500000000000015
-0.5533333333333332
-0.5213888888888889
-0.5730555555555555
-0.5072222222222225
-0.5588888888888889
-0.5138888888888893
-0.4636111111111112
-0.5308333333333334
-0.5713888888888887
-0.550277777777778
-0.47888888888888914
-0.5774999999999997
-0.433611111111111
-0.5419444444444447
-0.5294444444444443
-0.5097222222222223
-0.5344444444444442
-0.5927777777777778
-0.5041666666666667
-0.562777777777778
-0.5030555555555553
-0.5508333333333332
-0.5561111111111111
-0.4283333333333333
-0.5436111111111109
-0.48472222222222194
-0.4177777777777778
-0.48472222222222194
-0.4022222222222221
-0.4627777777777778
-0.4505555555555557
-0.5388888888888888
