-0.9972222222222222
-0.9902777777777778
-0.9958333333333335
-0.995277777777778
-0.993888888888889
-0.9947222222222223
-0.9916666666666667
-0.9975
-0.997777777777778
-0.9933333333333333
-0.9925000000000003
-0.9916666666666668
-0.9947222222222223
-0.9930555555555556
-0.9936111111111113
-0.9975000000000002
-0.9958333333333332
-0.9969444444444444
-0.9969444444444445
-0.9933333333333334
-0.995
-0.9950000000000001
-0.9952777777777778
-0.9950000000000001
-0.9947222222222226
-0.993888888888889
-0.9905555555555555
-0.9966666666666668
-0.9936111111111111
-0.9961111111111112
-0.9908333333333335
-0.9938888888888892
-0.9966666666666667
-0.993888888888889
-0.9961111111111112
-0.9927777777777779
-0.9950000000000001
-0.9955555555555555
-0.9952777777777778
-0.9941666666666669
-0.993888888888889
-0.9966666666666667
-0.9944444444444446
-0.9958333333333335
-0.9963888888888893
-0.9952777777777777
-0.9952777777777778
-0.9880555555555557
-0.9944444444444445
-0.9919444444444445
-0.9922222222222223
-0.996666666666667
-0.9966666666666667
-0.996111111111111
-0.9980555555555557
-0.995277777777778
-0.9975
-0.9977777777777778
-0.9958333333333335
-0.9952777777777778
-0.995
-0.9944444444444446
-0.9977777777777778
-0.9944444444444446
-0.9922222222222224
-0.9944444444444445
-0.9969444444444445
-0.9958333333333332
-0.995277777777778
-0.9961111111111112
-0.996388888888889
-0.995
-0.9936111111111113
-0.9969444444444444
-0.991666666666667
-0.9961111111111113
-0.995
-0.995
-0.9952777777777777
-0.9933333333333334
-0.9930555555555556
-0.9913888888888889
-0.9933333333333333
-0.9950000000000003
-0.995
-0.9952777777777778
-0.994166666666667
-0.9966666666666666
-0.9955555555555555
-0.9961111111111113
-0.9925
-0.9955555555555555
-0.9922222222222223
-0.9944444444444446
-0.9944444444444446
-0.9933333333333336
