-0.9930555555555556
-0.9930555555555557
-0.9930555555555557
-0.992777777777778
-0.9908333333333332
-0.9922222222222224
-0.9852777777777781
-0.988888888888889
-0.9952777777777777
-0.9886111111111114
-0.9930555555555557
-0.9897222222222224
-0.9922222222222224
-0.9905555555555555
-0.9875000000000002
-0.9925
-0.9933333333333333
-0.9905555555555557
-0.9919444444444444
-0.9905555555555557
-0.9916666666666668
-0.9911111111111114
-0.9975
-0.992777777777778
-0.9961111111111114
-0.990277777777778
-0.9869444444444446
-0.9933333333333336
-0.9933333333333336
-0.993888888888889
-0.993888888888889
-0.9891666666666665
-0.9930555555555556
-0.99
-0.991666666666667
-0.988888888888889
-0.9858333333333336
-0.9925
-0.9925000000000003
-0.9925000000000002
-0.9925000000000002
-0.9902777777777778
-0.9922222222222223
-0.9955555555555555
-0.987777777777778
-0.9894444444444442
-0.9883333333333332
-0.9919444444444444
-0.9955555555555557
-0.9933333333333334
-0.991388888888889
-0.9872222222222224
-0.9900000000000001
-0.9916666666666666
-0.991388888888889
-0.9933333333333334
-0.9938888888888888
-0.9900000000000003
-0.9958333333333332
-0.9916666666666671
-0.9925000000000002
-0.9850000000000003
-0.9869444444444446
-0.9961111111111113
-0.991388888888889
-0.9888888888888892
-0.9938888888888892
-0.993888888888889
-0.9933333333333336
-0.9930555555555558
-0.9916666666666668
-0.9925000000000003
-0.9908333333333336
-0.9919444444444445
-0.9922222222222224
-0.9911111111111112
-0.988888888888889
-0.9916666666666667
-0.993888888888889
-0.9863888888888891
-0.986388888888889
-0.9880555555555556
-0.9908333333333335
-0.9883333333333334
-0.9888888888888888
-0.9927777777777781
-0.9897222222222222
-0.9983333333333334
-0.9900000000000001
-0.991111111111111
-0.9930555555555556
-0.9886111111111116
-0.9905555555555557
-0.9947222222222224
-0.9894444444444446
-0.9919444444444449
