-0.16999999999999996
-0.3424999999999999
-0.21916666666666668
-0.23611111111111105
-0.13388888888888892
-0.27833333333333327
-0.18444444444444447
-0.16194444444444442
-0.17805555555555558
-0.20666666666666664
-0.2822222222222224
-0.11277777777777775
-0.19444444444444448
-0.21444444444444447
-0.2625
-0.18805555555555548
-0.16583333333333333
-0.23499999999999996
-0.21611111111111111
-0.295
-0.24472222222222217
-0.1927777777777778
-0.15583333333333332
-0.22055555555555553
-0.1322222222222222
-0.27666666666666667
-0.23694444444444432
-0.2336111111111111
-0.34722222222222227
-0.11861111111111111
-0.3244444444444443
-0.15694444444444444
-0.20416666666666675
-0.050277777777777796
-0.2288888888888889
-0.23777777777777773
-0.22000000000000014
-0.2669444444444444
-0.23611111111111105
-0.12361111111111114
-0.26416666666666666
-0.19611111111111115
-0.2508333333333334
-0.18638888888888888
-0.040277777777777767
-0.0883333333333333
-0.15499999999999997
-0.3247222222222222
-0.06888888888888896
-0.31888888888888894
-0.34722222222222215
-0.2700000000000001
-0.37416666666666687
-0.1686111111111111
-0.2897222222222222
-0.22638888888888886
-0.23277777777777767
-0.011111111111111089
-0.13138888888888883
-0.1727777777777778
-0.22694444444444448
-0.155
-0.22833333333333336
-0.23500000000000007
-0.31055555555555564
-0.3141666666666667
-0.3886111111111109
-0.2247222222222222
-0.2544444444444445
-0.27333333333333326
-0.13500000000000004
-0.18916666666666665
-0.18638888888888885
-0.24527777777777776
-0.35305555555555557
-0.2761111111111111
-0.25
-0.16055555555555553
-0.20166666666666655
-0.323611111111111
-0.32444444444444465
-0.236388888888889
-0.35972222222222255
-0.0852777777777778
-0.44527777777777805
-0.15000000000000002
-0.22083333333333333
-0.21027777777777779
-0.2505555555555556
-0.3080555555555556
-0.07583333333333334
-0.19527777777777777
-0.23083333333333328
-0.23805555555555563
-0.2594444444444445
-0.1336111111111111
