0.9716666666666667
0.9538888888888891
0.9786111111111119
0.9925
0.9608333333333334
0.968888888888889
0.9716666666666666
0.9833333333333333
0.9811111111111112
0.9755555555555553
0.9736111111111113
0.9588888888888891
0.984722222222222
0.9858333333333336
0.9855555555555555
0.9866666666666668
0.9725000000000001
0.9744444444444446
0.9855555555555557
0.9880555555555559
0.9833333333333333
0.9736111111111111
0.9883333333333336
0.9891666666666665
0.9677777777777777
0.9783333333333336
0.9877777777777779
0.9913888888888891
0.9886111111111111
0.9744444444444444
0.9858333333333333
0.9827777777777779
0.988888888888889
0.9791666666666665
0.9913888888888889
0.9827777777777782
0.9841666666666667
0.9894444444444446
0.9841666666666665
0.9852777777777778
0.9827777777777779
0.9833333333333333
0.9783333333333334
0.9708333333333333
0.9852777777777776
0.9822222222222221
0.9772222222222221
0.9763888888888888
0.985
0.9713888888888892
0.9827777777777775
0.9802777777777778
0.9825
0.978611111111111
0.9908333333333335
0.9847222222222222
0.9697222222222224
0.9858333333333336
0.9686111111111111
0.9766666666666667
0.9833333333333333
0.9491666666666667
0.978888888888889
0.9708333333333333
0.9808333333333334
0.9855555555555557
0.9805555555555556
0.9838888888888888
0.9863888888888889
0.9911111111111112
0.9875
0.9830555555555556
0.9861111111111114
0.9694444444444446
0.9841666666666665
0.9777777777777779
0.9630555555555556
0.983888888888889
0.9869444444444444
0.9872222222222224
0.9816666666666666
0.9691666666666666
0.9805555555555557
0.9847222222222222
0.99
0.9761111111111113
0.9780555555555555
0.9669444444444443
0.9825
0.9855555555555555
0.9897222222222224
0.9583333333333335
0.9811111111111114
0.9800000000000001
0.9877777777777779
0.981388888888889
