-0.9966666666666668
-0.995555555555556
-0.9947222222222222
-0.995277777777778
-0.995
-0.9944444444444445
-0.9977777777777779
-0.9952777777777778
-0.9977777777777779
-0.9950000000000004
-0.9972222222222225
-0.9980555555555557
-0.9955555555555557
-0.9972222222222225
-0.9969444444444445
-0.9983333333333334
-0.992777777777778
-0.9961111111111112
-0.9969444444444445
-0.9927777777777781
-0.9961111111111114
-0.9952777777777778
-0.9933333333333336
-0.9941666666666669
-0.9969444444444444
-0.990277777777778
-0.9922222222222223
-0.9975
-0.995
-0.9952777777777778
-0.9983333333333333
-0.9975000000000002
-0.993888888888889
-0.996388888888889
-0.9966666666666668
-0.9966666666666667
-0.993888888888889
-0.9977777777777778
-0.9952777777777776
-0.9933333333333336
-0.9952777777777777
-0.9983333333333334
-0.9941666666666669
-0.9952777777777778
-0.9997222222222223
-0.9952777777777777
-0.9966666666666667
-0.9947222222222223
-0.9969444444444445
-0.9938888888888888
-0.9952777777777777
-0.995
-0.9961111111111113
-0.9963888888888891
-0.9955555555555555
-0.9991666666666668
-0.9969444444444445
-0.993888888888889
-0.9966666666666666
-0.996388888888889
-0.9955555555555557
-0.9991666666666668
-0.9944444444444445
-0.9977777777777779
-0.9933333333333336
-0.996666666666667
-0.9933333333333334
-0.996388888888889
-0.9958333333333336
-0.9983333333333334
-0.9972222222222222
-0.996388888888889
-0.9961111111111112
-0.9961111111111112
-0.9963888888888889
-0.9944444444444445
-0.9947222222222224
-0.9972222222222222
-0.9961111111111112
-0.9941666666666668
-0.9947222222222223
-0.9969444444444444
-0.9944444444444445
-0.9952777777777777
-0.9963888888888889
-0.9975
-0.9952777777777778
-0.9955555555555555
-0.9950000000000003
-0.9952777777777778
-0.9933333333333333
-0.9922222222222224
-0.996388888888889
-0.9983333333333334
-0.9947222222222222
-0.995
