-0.9644444444444445
-0.9772222222222223
-0.9650000000000002
-0.9716666666666667
-0.973888888888889
-0.9677777777777778
-0.9733333333333334
-0.9708333333333335
-0.9775000000000005
-0.9788888888888891
-0.9758333333333336
-0.968055555555556
-0.9663888888888894
-0.970277777777778
-0.9652777777777779
-0.9661111111111111
-0.9563888888888888
-0.9700000000000005
-0.971388888888889
-0.9675000000000001
-0.966666666666667
-0.9636111111111113
-0.9783333333333332
-0.9644444444444444
-0.9794444444444443
-0.9688888888888891
-0.9769444444444448
-0.971388888888889
-0.9758333333333339
-0.9800000000000001
-0.9725000000000001
-0.9663888888888893
-0.9744444444444444
-0.9644444444444444
-0.9722222222222223
-0.9769444444444443
-0.9658333333333334
-0.9677777777777783
-0.9702777777777779
-0.9702777777777777
-0.9763888888888893
-0.9694444444444444
-0.9725
-0.9730555555555556
-0.973055555555556
-0.9697222222222226
-0.9783333333333334
-0.971666666666667
-0.9750000000000003
-0.976388888888889
-0.9691666666666672
-0.973611111111112
-0.976388888888889
-0.9780555555555557
-0.9755555555555554
-0.9622222222222225
-0.9736111111111114
-0.978055555555556
-0.9702777777777781
-0.9719444444444443
-0.9700000000000008
-0.9786111111111114
-0.9750000000000001
-0.9672222222222225
-0.9755555555555558
-0.9691666666666667
-0.9722222222222224
-0.9672222222222225
-0.9786111111111111
-0.971388888888889
-0.9800000000000003
-0.9725000000000001
-0.9575
-0.9733333333333336
-0.973611111111111
-0.9655555555555559
-0.9802777777777777
-0.9761111111111114
-0.9780555555555559
-0.985277777777778
-0.9719444444444446
-0.9800000000000003
-0.9663888888888892
-0.9752777777777779
-0.9691666666666672
-0.9711111111111113
-0.9711111111111111
-0.9722222222222223
-0.9633333333333336
-0.9794444444444446
-0.971111111111111
-0.967222222222222
-0.9627777777777778
-0.9736111111111114
-0.9688888888888891
-0.9716666666666669
