0.9974999999999998
0.9916666666666666
0.9958333333333335
0.9977777777777779
0.9891666666666667
0.9969444444444444
0.9916666666666667
0.9930555555555555
0.9947222222222223
0.9986111111111113
0.9938888888888888
0.9975000000000002
0.9980555555555556
0.9955555555555554
0.9988888888888888
0.9886111111111111
0.9919444444444444
0.9966666666666667
0.9969444444444444
0.9947222222222223
0.9980555555555556
0.9955555555555555
0.9961111111111112
0.9933333333333334
0.9977777777777778
0.99
0.9925000000000002
0.9961111111111112
0.9941666666666668
0.9941666666666665
0.9944444444444445
0.9966666666666668
0.9977777777777779
0.9941666666666665
0.9980555555555556
0.9936111111111111
0.9952777777777777
0.9966666666666667
0.9866666666666667
0.9911111111111113
0.9955555555555557
0.9841666666666667
0.9944444444444446
0.9802777777777778
0.9944444444444445
0.9863888888888889
0.9997222222222223
0.9955555555555555
0.9930555555555556
0.9983333333333333
0.9805555555555557
0.9913888888888889
0.9963888888888889
0.9955555555555555
0.9933333333333333
0.9941666666666665
0.9886111111111111
0.9986111111111111
0.9877777777777779
0.9925000000000002
0.988888888888889
0.9958333333333335
0.9916666666666666
0.991111111111111
0.9930555555555555
0.9963888888888889
0.9977777777777778
0.9952777777777778
0.9827777777777778
0.9966666666666667
0.986388888888889
0.9936111111111111
0.9969444444444445
0.9952777777777777
0.9955555555555559
0.9811111111111113
0.9941666666666665
0.9961111111111112
0.9883333333333334
0.9961111111111112
0.9955555555555555
0.9963888888888889
0.9955555555555555
0.9899999999999999
0.9969444444444445
0.9930555555555556
0.9930555555555556
0.9888888888888888
0.9936111111111111
0.9947222222222223
0.9944444444444445
0.996388888888889
0.9924999999999998
0.9938888888888888
0.9791666666666667
0.9941666666666668
