0.9997222222222223
1.0
0.9994444444444445
0.9977777777777778
0.9991666666666668
1.0
0.9988888888888888
1.0
1.0
0.9997222222222223
0.9994444444444446
1.0
1.0
0.9983333333333333
0.9997222222222223
1.0
0.9997222222222223
0.9988888888888888
1.0
1.0
0.9997222222222223
1.0
0.9994444444444445
1.0
0.9991666666666665
0.9997222222222223
1.0
0.9997222222222223
1.0
0.9997222222222223
1.0
0.9994444444444445
1.0
1.0
0.9977777777777779
1.0
0.9975
1.0
1.0
1.0
1.0
0.9994444444444445
1.0
0.996388888888889
1.0
1.0
1.0
0.9991666666666668
1.0
1.0
0.9997222222222223
1.0
1.0
1.0
0.9994444444444445
0.9983333333333334
0.9977777777777778
0.9983333333333333
1.0
1.0
1.0
1.0
0.9994444444444445
0.9991666666666665
1.0
0.9947222222222223
0.998888888888889
1.0
1.0
0.9975
0.9980555555555556
1.0
0.9972222222222222
0.9997222222222223
0.998611111111111
1.0
1.0
0.9983333333333334
0.9997222222222223
0.9994444444444445
1.0
0.9991666666666668
0.9994444444444445
1.0
0.9991666666666665
0.9997222222222223
0.9991666666666668
1.0
1.0
0.9991666666666668
0.9997222222222223
1.0
1.0
0.9961111111111112
0.9997222222222223
1.0
