-0.5783333333333331
-0.6347222222222223
-0.6105555555555554
-0.6519444444444443
-0.7208333333333331
-0.6733333333333331
-0.6794444444444444
-0.6541666666666667
-0.6452777777777777
-0.6172222222222223
-0.7191666666666667
-0.6394444444444445
-0.6922222222222223
-0.7527777777777775
-0.6180555555555555
-0.58
-0.6969444444444445
-0.7044444444444445
-0.6627777777777771
-0.6525000000000003
-0.6286111111111111
-0.6786111111111113
-0.7311111111111112
-0.650833333333333
-0.6236111111111113
-0.6830555555555555
-0.7533333333333332
-0.6222222222222221
-0.6333333333333332
-0.6755555555555555
-0.7077777777777778
-0.656388888888889
-0.6655555555555557
-0.660277777777778
-0.5891666666666666
-0.6188888888888887
-0.6455555555555557
-0.7072222222222224
-0.6083333333333334
-0.6605555555555557
-0.6677777777777778
-0.7066666666666666
-0.6794444444444445
-0.6797222222222223
-0.6819444444444441
-0.6341666666666667
-0.5919444444444446
-0.6949999999999998
-0.636111111111111
-0.6511111111111109
-0.6141666666666665
-0.65
-0.6455555555555555
-0.6933333333333331
-0.6311111111111112
-0.5777777777777781
-0.6883333333333335
-0.6816666666666668
-0.6291666666666667
-0.6975
-0.6716666666666665
-0.6347222222222223
-0.6783333333333332
-0.7330555555555555
-0.6680555555555554
-0.6719444444444442
-0.5883333333333334
-0.6441666666666667
-0.6158333333333335
-0.6111111111111113
-0.5841666666666668
-0.6394444444444443
-0.6958333333333335
-0.6327777777777777
-0.7333333333333332
-0.6461111111111109
-0.6911111111111115
-0.6649999999999997
-0.691388888888889
-0.6305555555555556
-0.6019444444444444
-0.651111111111111
-0.6416666666666666
-0.7302777777777778
-0.6752777777777775
-0.6338888888888887
-0.6811111111111116
-0.6930555555555558
-0.6711111111111111
-0.6136111111111109
-0.7288888888888888
-0.6758333333333332
-0.6375000000000001
-0.6708333333333332
-0.6794444444444444
-0.6436111111111109
