-0.9836111111111114
-0.9694444444444447
-0.9850000000000003
-0.9791666666666667
-0.9775000000000001
-0.9783333333333336
-0.9761111111111112
-0.9736111111111113
-0.9736111111111109
-0.9777777777777782
-0.9730555555555556
-0.9780555555555557
-0.9830555555555556
-0.9805555555555558
-0.9783333333333334
-0.9788888888888893
-0.9819444444444447
-0.9816666666666669
-0.9841666666666667
-0.9841666666666672
-0.9869444444444447
-0.9808333333333333
-0.9830555555555557
-0.9875000000000004
-0.9858333333333337
-0.9758333333333331
-0.9861111111111112
-0.9694444444444447
-0.9855555555555559
-0.9794444444444447
-0.9822222222222223
-0.9766666666666669
-0.99
-0.9780555555555559
-0.9830555555555557
-0.9766666666666669
-0.9797222222222223
-0.9758333333333334
-0.9761111111111114
-0.9780555555555561
-0.9783333333333337
-0.9747222222222227
-0.9822222222222221
-0.986666666666667
-0.9786111111111111
-0.9766666666666666
-0.9788888888888893
-0.976388888888889
-0.9883333333333336
-0.9891666666666667
-0.9772222222222223
-0.9794444444444447
-0.986388888888889
-0.9811111111111112
-0.9808333333333336
-0.9830555555555559
-0.9758333333333337
-0.9841666666666667
-0.9838888888888893
-0.9800000000000001
-0.9769444444444446
-0.9772222222222224
-0.9858333333333337
-0.9830555555555557
-0.9713888888888892
-0.9819444444444446
-0.9791666666666669
-0.9752777777777777
-0.978888888888889
-0.9852777777777778
-0.9888888888888892
-0.9800000000000001
-0.9736111111111115
-0.9800000000000003
-0.9744444444444444
-0.9844444444444446
-0.9783333333333334
-0.9766666666666667
-0.9830555555555557
-0.9802777777777778
-0.9847222222222222
-0.9833333333333336
-0.9822222222222224
-0.9813888888888894
-0.9811111111111114
-0.9827777777777779
-0.981388888888889
-0.9830555555555557
-0.9755555555555556
-0.9841666666666669
-0.9819444444444444
-0.9811111111111112
-0.981388888888889
-0.9816666666666669
-0.9816666666666671
-0.9800000000000003
