0.9869444444444444
0.9866666666666666
0.9897222222222224
0.9955555555555555
0.9897222222222222
0.9905555555555557
0.9972222222222222
0.9905555555555557
0.9933333333333333
0.9916666666666667
0.9822222222222223
0.9944444444444445
0.9988888888888888
0.9891666666666669
0.9922222222222221
0.9902777777777778
0.9922222222222221
0.9944444444444446
0.9877777777777779
0.9886111111111111
0.991111111111111
0.991388888888889
0.9800000000000001
0.9891666666666669
0.9905555555555554
0.9950000000000001
0.9969444444444444
0.9905555555555557
0.9847222222222223
0.9869444444444443
0.9922222222222221
0.9916666666666667
0.985
0.9916666666666668
0.9952777777777777
0.9869444444444444
0.983888888888889
0.996388888888889
0.9938888888888888
0.9888888888888892
0.9877777777777779
0.9972222222222221
0.9775
0.9936111111111111
0.9930555555555558
0.9866666666666668
0.9925000000000002
0.9952777777777777
0.9938888888888887
0.9755555555555557
0.9950000000000001
0.9952777777777778
0.9930555555555556
0.9872222222222221
0.9905555555555555
0.9894444444444445
0.9786111111111111
0.9952777777777777
0.9952777777777777
0.9908333333333332
0.9783333333333333
0.9966666666666667
0.990277777777778
0.9869444444444446
0.9952777777777778
0.9899999999999999
0.9916666666666666
0.9905555555555555
0.9944444444444445
0.99
0.9927777777777778
0.9902777777777778
0.9950000000000001
0.9880555555555556
0.9941666666666668
0.992777777777778
0.9902777777777778
0.9816666666666667
0.985
0.9933333333333334
0.9866666666666668
0.988611111111111
0.9841666666666669
0.9975
0.9966666666666666
0.9933333333333336
0.9769444444444443
0.9977777777777779
0.9883333333333332
0.9919444444444445
0.9925
0.9924999999999998
0.9808333333333333
0.992222222222222
0.9875
0.9869444444444443
