-0.9770370370370369
-0.9774074074074071
-0.9696296296296297
-0.978148148148148
-0.9803703703703703
-0.9844444444444443
-0.9803703703703701
-0.9785185185185187
-0.9822222222222224
-0.979259259259259
-0.9803703703703704
-0.9770370370370368
-0.9837037037037036
-0.9803703703703704
-0.9796296296296293
-0.9744444444444443
-0.9677777777777777
-0.9859259259259259
-0.978148148148148
-0.9759259259259258
-0.9748148148148147
-0.982962962962963
-0.9862962962962963
-0.9796296296296293
-0.9792592592592593
-0.9814814814814817
-0.9774074074074073
-0.9744444444444446
-0.9748148148148149
-0.9770370370370371
-0.9807407407407406
-0.9733333333333332
-0.9755555555555556
-0.9844444444444446
-0.9829629629629627
-0.976296296296296
-0.9814814814814815
-0.9740740740740738
-0.9751851851851854
-0.9766666666666667
-0.9814814814814815
-0.9788888888888888
-0.9796296296296293
-0.9833333333333333
-0.9803703703703704
-0.9788888888888886
-0.9833333333333335
-0.9822222222222221
-0.9718518518518516
-0.983703703703704
-0.9748148148148147
-0.9840740740740739
-0.9814814814814813
-0.9788888888888891
-0.9796296296296293
-0.9796296296296293
-0.9848148148148147
-0.9714814814814813
-0.9825925925925928
-0.9825925925925926
-0.9811111111111108
-0.9785185185185187
-0.9766666666666669
-0.9837037037037039
-0.9796296296296297
-0.9737037037037034
-0.971111111111111
-0.9807407407407408
-0.9859259259259258
-0.9851851851851849
-0.9796296296296292
-0.9792592592592594
-0.9714814814814812
-0.98
-0.969259259259259
-0.9803703703703704
-0.9807407407407406
-0.98
-0.9785185185185182
-0.9751851851851849
-0.9829629629629628
-0.9770370370370368
-0.9818518518518519
-0.9829629629629627
-0.9833333333333332
-0.9811111111111108
-0.98
-0.9796296296296295
-0.9777777777777777
-0.9785185185185185
-0.9818518518518519
-0.9788888888888888
-0.9737037037037036
-0.9818518518518516
-0.9762962962962962
-0.9777777777777775
-0.9833333333333333
-0.9796296296296295
-0.9759259259259258
-0.9796296296296295
-0.9837037037037036
-0.9840740740740739
-0.9796296296296295
-0.9762962962962962
-0.9822222222222219
-0.9851851851851849
-0.982962962962963
-0.9803703703703704
-0.9851851851851854
-0.98
-0.9755555555555553
-0.9822222222222223
-0.9818518518518519
-0.9777777777777777
-0.9792592592592593
-0.9851851851851849
-0.9785185185185185
-0.9766666666666669
-0.9799999999999998
-0.9703703703703703
-0.9777777777777779
-0.9818518518518519
-0.9777777777777775
-0.9781481481481478
-0.9822222222222223
-0.981851851851852
-0.9814814814814813
-0.9822222222222223
-0.979259259259259
-0.9792592592592588
-0.9799999999999998
-0.9755555555555556
-0.9814814814814815
-0.9799999999999998
-0.976296296296296
-0.9725925925925923
-0.9751851851851849
-0.9822222222222223
-0.9818518518518519
-0.9825925925925924
-0.9862962962962963
-0.98
-0.9737037037037036
-0.9851851851851849
-0.9818518518518516
-0.9785185185185181
-0.9774074074074078
-0.9774074074074073
-0.9788888888888886
-0.9803703703703703
-0.9792592592592593
-0.981851851851852
-0.9840740740740741
-0.9718518518518519
-0.9788888888888889
-0.9818518518518519
-0.9807407407407408
-0.9770370370370371
-0.9755555555555558
-0.9781481481481478
-0.9803703703703703
-0.9818518518518516
-0.9781481481481482
-0.9755555555555551
-0.9837037037037034
-0.9770370370370369
-0.9825925925925926
-0.9855555555555554
-0.9796296296296297
-0.9807407407407409
-0.9796296296296293
-0.9759259259259258
-0.9707407407407403
-0.9825925925925926
-0.9811111111111113
-0.9800000000000004
-0.978148148148148
-0.9748148148148147
-0.9825925925925926
-0.9781481481481482
-0.9718518518518522
-0.98
-0.9788888888888884
-0.9759259259259259
-0.9825925925925922
-0.9785185185185182
-0.9785185185185182
-0.9807407407407404
-0.9833333333333335
-0.9766666666666669
-0.9755555555555553
-0.9751851851851849
