-0.9725925925925923
-0.9659259259259257
-0.9740740740740738
-0.9740740740740741
-0.9711111111111115
-0.9688888888888888
-0.9751851851851854
-0.9759259259259261
-0.9659259259259259
-0.9618518518518518
-0.9762962962962962
-0.9703703703703701
-0.9696296296296293
-0.9707407407407403
-0.9718518518518516
-0.9744444444444443
-0.9755555555555556
-0.9718518518518519
-0.9733333333333332
-0.9785185185185182
-0.9770370370370369
-0.9777777777777775
-0.9677777777777775
-0.971111111111111
-0.9762962962962963
-0.9737037037037033
-0.9703703703703701
-0.9711111111111108
-0.9696296296296292
-0.9740740740740741
-0.9685185185185183
-0.9766666666666669
-0.9762962962962962
-0.9699999999999999
-0.9744444444444446
-0.9751851851851849
-0.9725925925925923
-0.9774074074074074
-0.9751851851851852
-0.9762962962962962
-0.9718518518518514
-0.9699999999999996
-0.971851851851852
-0.969259259259259
-0.9748148148148152
-0.9688888888888886
-0.9722222222222221
-0.9792592592592594
-0.9770370370370368
-0.9759259259259258
-0.9685185185185184
-0.976666666666667
-0.9725925925925923
-0.9748148148148147
-0.9740740740740738
-0.9762962962962962
-0.9729629629629628
-0.98
-0.9755555555555554
-0.9740740740740739
-0.9737037037037038
-0.9807407407407406
-0.9796296296296293
-0.9714814814814815
-0.9770370370370369
-0.9755555555555558
-0.9711111111111108
-0.9759259259259258
-0.9770370370370369
-0.9670370370370369
-0.9711111111111108
-0.9707407407407406
-0.9740740740740739
-0.9774074074074071
-0.9725925925925923
-0.9796296296296295
-0.9740740740740738
-0.9707407407407403
-0.9722222222222221
-0.9696296296296295
-0.9696296296296297
-0.9681481481481484
-0.9770370370370369
-0.9666666666666663
-0.9688888888888888
-0.9707407407407406
-0.9670370370370368
-0.9622222222222221
-0.97
-0.9699999999999999
-0.9614814814814812
-0.9662962962962962
-0.9785185185185185
-0.9711111111111107
-0.9762962962962962
-0.9774074074074073
-0.9748148148148145
-0.9707407407407406
-0.9751851851851847
-0.9629629629629627
-0.9777777777777777
-0.9796296296296295
-0.9733333333333332
-0.9729629629629628
-0.9777777777777779
-0.9718518518518514
-0.9755555555555554
-0.9699999999999999
-0.9770370370370371
-0.9707407407407406
-0.9707407407407402
-0.9696296296296297
-0.9666666666666667
-0.9755555555555554
-0.9777777777777773
-0.9729629629629628
-0.9748148148148147
-0.9740740740740744
-0.9677777777777773
-0.9788888888888888
-0.9777777777777779
-0.9711111111111108
-0.9748148148148147
-0.9714814814814813
-0.9733333333333334
-0.9785185185185182
-0.9714814814814815
-0.9670370370370368
-0.9707407407407403
-0.9833333333333333
-0.9696296296296297
-0.9770370370370371
-0.9685185185185183
-0.9748148148148147
-0.9733333333333332
-0.9777777777777775
-0.9766666666666665
-0.9748148148148149
-0.9751851851851849
-0.9662962962962958
-0.9718518518518516
-0.9785185185185181
-0.9677777777777773
-0.9681481481481482
-0.9729629629629627
-0.9692592592592593
-0.9796296296296293
-0.9714814814814815
-0.9611111111111108
-0.9711111111111113
-0.9703703703703704
-0.9722222222222221
-0.9707407407407403
-0.9796296296296295
-0.9729629629629628
-0.9740740740740739
-0.967407407407407
-0.9807407407407409
-0.9699999999999996
-0.9781481481481482
-0.9674074074074073
-0.9770370370370371
-0.9696296296296292
-0.9737037037037034
-0.971111111111111
-0.9770370370370371
-0.967407407407407
-0.9799999999999998
-0.9748148148148147
-0.9707407407407409
-0.9737037037037034
-0.9766666666666665
-0.9696296296296295
-0.9770370370370368
-0.9670370370370369
-0.9814814814814815
-0.9733333333333332
-0.9692592592592593
-0.9751851851851852
-0.9729629629629628
-0.9762962962962966
-0.9725925925925926
-0.971111111111111
-0.979259259259259
-0.9685185185185181
-0.9733333333333332
-0.9844444444444443
-0.9707407407407402
-0.98
-0.9733333333333334
-0.9718518518518519
-0.9811111111111113
