-0.17222222222222225
-0.2744444444444445
-0.24481481481481482
-0.2955555555555554
-0.148888888888889
-0.19222222222222224
-0.24370370370370367
-0.18703703703703706
-0.21333333333333335
-0.26407407407407407
-0.18518518518518526
-0.1903703703703704
-0.29037037037037045
-0.23222222222222227
-0.254814814814815
-0.2511111111111111
-0.22666666666666663
-0.1851851851851852
-0.16185185185185186
-0.23111111111111116
-0.20888888888888898
-0.22407407407407415
-0.17370370370370364
-0.2311111111111111
-0.2274074074074074
-0.20703703703703705
-0.29703703703703693
-0.22666666666666663
-0.24185185185185176
-0.21481481481481482
-0.2929629629629631
-0.23148148148148143
-0.22703703703703695
-0.18666666666666668
-0.29666666666666686
-0.19777777777777777
-0.20925925925925928
-0.2766666666666668
-0.2651851851851852
-0.2151851851851852
-0.1455555555555555
-0.17740740740740737
-0.11851851851851856
-0.21962962962962954
-0.22481481481481486
-0.1911111111111111
-0.2703703703703706
-0.13185185185185191
-0.15925925925925918
-0.23259259259259252
-0.2151851851851852
-0.20000000000000004
-0.3099999999999999
-0.0837037037037037
-0.17703703703703705
-0.24666666666666667
-0.26222222222222213
-0.2485185185185186
-0.3062962962962962
-0.2781481481481481
-0.22592592592592586
-0.09148148148148148
-0.17925925925925917
-0.24925925925925932
-0.22222222222222232
-0.20222222222222216
-0.1662962962962963
-0.2711111111111111
-0.2337037037037038
-0.1959259259259259
-0.14407407407407413
-0.22962962962962963
-0.32444444444444454
-0.21222222222222234
-0.2540740740740741
-0.27407407407407397
-0.28962962962962974
-0.20777777777777778
-0.21407407407407406
-0.17444444444444443
-0.20222222222222216
-0.19370370370370374
-0.1696296296296296
-0.2770370370370372
-0.12222222222222222
-0.19111111111111126
-0.11407407407407412
-0.17962962962962964
-0.191111111111111
-0.23703703703703696
-0.1988888888888889
-0.30333333333333345
-0.23740740740740748
-0.1925925925925926
-0.16925925925925925
-0.17629629629629628
-0.22814814814814816
-0.2488888888888891
-0.16629629629629628
-0.21962962962962967
-0.3233333333333333
-0.21740740740740747
-0.2092592592592592
-0.16148148148148167
-0.2237037037037037
-0.24851851851851847
-0.22259259259259256
-0.2148148148148147
-0.2051851851851852
-0.2000000000000001
-0.27814814814814803
-0.26185185185185184
-0.227037037037037
-0.2203703703703703
-0.327777777777778
-0.22666666666666666
-0.23629629629629628
-0.268148148148148
-0.2277777777777778
-0.16851851851851843
-0.23037037037037034
-0.31407407407407434
-0.20518518518518522
-0.2351851851851852
-0.23333333333333334
-0.20222222222222228
-0.24259259259259247
-0.14000000000000004
-0.27555555555555533
-0.17814814814814797
-0.1677777777777777
-0.24925925925925932
-0.21481481481481496
-0.21481481481481476
-0.22296296296296306
-0.2474074074074073
-0.15888888888888902
-0.20555555555555555
-0.21333333333333335
-0.1392592592592592
-0.19925925925925933
-0.16925925925925925
-0.2637037037037038
-0.1688888888888889
-0.19666666666666668
-0.2592592592592591
-0.16999999999999996
-0.15888888888888889
-0.24962962962962953
-0.28333333333333355
-0.20037037037037048
-0.25148148148148164
-0.20518518518518525
-0.1618518518518518
-0.2407407407407408
-0.29407407407407404
-0.2666666666666667
-0.2655555555555556
-0.18555555555555558
-0.17370370370370367
-0.13666666666666663
-0.1855555555555556
-0.18259259259259256
-0.1837037037037037
-0.26481481481481484
-0.27370370370370384
-0.14555555555555555
-0.23851851851851866
-0.2548148148148149
-0.22888888888888886
-0.20222222222222233
-0.15592592592592597
-0.2948148148148149
-0.2737037037037038
-0.12333333333333328
-0.21148148148148144
-0.21370370370370376
-0.1955555555555555
-0.16518518518518518
-0.17777777777777787
-0.23444444444444457
-0.09888888888888894
-0.1674074074074074
-0.2581481481481481
-0.23074074074074077
-0.22555555555555568
-0.21259259259259253
-0.22185185185185194
-0.2125925925925926
-0.19296296296296295
-0.18296296296296297
-0.20444444444444443
