0.7381481481481474
0.7607407407407407
0.7777777777777771
0.7359259259259251
0.7648148148148143
0.7799999999999997
0.7418518518518519
0.8040740740740739
0.7966666666666659
0.7388888888888882
0.787777777777777
0.7618518518518514
0.7299999999999992
0.7840740740740735
0.7703703703703701
0.7581481481481476
0.7618518518518514
0.7662962962962961
0.8107407407407401
0.7629629629629625
0.8081481481481475
0.7648148148148141
0.7981481481481474
0.7611111111111108
0.7648148148148144
0.7922222222222218
0.7207407407407402
0.7692592592592589
0.7792592592592588
0.7651851851851846
0.7888888888888888
0.7596296296296293
0.7729629629629626
0.8166666666666663
0.7570370370370367
0.8140740740740734
0.7696296296296291
0.7870370370370364
0.762592592592592
0.7459259259259254
0.7392592592592588
0.7496296296296291
0.7370370370370367
0.7466666666666664
0.7596296296296291
0.7996296296296294
0.7548148148148143
0.7540740740740737
0.7999999999999994
0.8040740740740738
0.7777777777777776
0.7525925925925921
0.77037037037037
0.8248148148148144
0.7529629629629626
0.794814814814814
0.8114814814814805
0.7877777777777776
0.7818518518518516
0.7399999999999995
0.7874074074074069
0.7496296296296291
0.7659259259259256
0.7499999999999994
0.769259259259259
0.8281481481481474
0.7788888888888886
0.8037037037037031
0.786296296296296
0.8077777777777774
0.7548148148148145
0.7933333333333328
0.7870370370370369
0.778518518518518
0.7681481481481479
0.7503703703703701
0.7699999999999991
0.723333333333333
0.7770370370370364
0.7618518518518516
0.7740740740740738
0.7288888888888887
0.8266666666666665
0.7818518518518515
0.8070370370370364
0.7881481481481479
0.8185185185185179
0.7522222222222216
0.7625925925925922
0.7959259259259255
0.7977777777777773
0.7396296296296293
0.7888888888888883
0.7759259259259254
0.8240740740740737
0.7818518518518516
0.7744444444444439
0.8011111111111107
0.7888888888888882
0.7885185185185181
0.7644444444444439
0.7792592592592587
0.7799999999999995
0.7699999999999996
0.7859259259259255
0.7914814814814811
0.8029629629629627
0.7792592592592588
0.80037037037037
0.7848148148148144
0.801481481481481
0.7555555555555548
0.7662962962962957
0.7585185185185179
0.7999999999999996
0.7081481481481479
0.7648148148148144
0.7899999999999995
0.7944444444444437
0.771851851851851
0.7444444444444441
0.7462962962962957
0.7548148148148147
0.759259259259259
0.762592592592592
0.7648148148148144
0.762592592592592
0.799629629629629
0.7659259259259255
0.7729629629629625
0.8251851851851849
0.7744444444444437
0.8192592592592589
0.7777777777777773
0.757777777777777
0.794444444444444
0.7574074074074068
0.8114814814814809
0.7648148148148145
0.7325925925925926
0.76037037037037
0.7781481481481478
0.7988888888888886
0.7496296296296293
0.7307407407407405
0.7840740740740736
0.7740740740740736
0.778518518518518
0.7125925925925922
0.8037037037037031
0.7859259259259255
0.8040740740740732
0.774444444444444
0.7403703703703699
0.7707407407407404
0.7922222222222218
0.7877777777777775
0.7918518518518514
0.7588888888888882
0.7522222222222216
0.7551851851851848
0.7877777777777772
0.7462962962962958
0.718518518518518
0.756666666666666
0.7737037037037032
0.7448148148148145
0.7781481481481479
0.7477777777777775
0.8081481481481475
0.775555555555555
0.7881481481481474
0.7599999999999997
0.7396296296296292
0.7711111111111106
0.7381481481481479
0.8022222222222218
0.7640740740740737
0.7733333333333327
0.7385185185185181
0.7566666666666663
0.7751851851851845
0.7540740740740742
0.831481481481481
0.7959259259259256
0.7814814814814808
0.7874074074074069
0.8007407407407405
0.8066666666666661
0.772592592592592
0.7825925925925925
0.7933333333333328
