0.9503703703703701
0.955925925925926
0.9414814814814819
0.9274074074074069
0.9388888888888888
0.9266666666666663
0.9507407407407403
0.9451851851851849
0.9388888888888888
0.9544444444444442
0.9270370370370371
0.93037037037037
0.9203703703703701
0.9218518518518518
0.935185185185185
0.9344444444444444
0.9414814814814815
0.947407407407407
0.9281481481481481
0.9325925925925922
0.946296296296296
0.9237037037037032
0.9237037037037035
0.9211111111111107
0.9196296296296291
0.9485185185185179
0.9485185185185181
0.9362962962962962
0.9481481481481479
0.9344444444444444
0.9292592592592589
0.917037037037037
0.9407407407407408
0.93
0.927037037037037
0.9277777777777777
0.9459259259259261
0.9396296296296289
0.9381481481481478
0.9459259259259257
0.9429629629629627
0.9403703703703699
0.9259259259259257
0.93
0.9418518518518518
0.9299999999999994
0.9355555555555553
0.9477777777777777
0.946296296296296
0.93037037037037
0.9444444444444442
0.9433333333333334
0.937407407407407
0.9262962962962962
0.9529629629629627
0.9325925925925925
0.9322222222222221
0.9318518518518516
0.923333333333333
0.9407407407407402
0.9274074074074072
0.9422222222222223
0.9551851851851848
0.9440740740740741
0.9418518518518516
0.9299999999999998
0.9399999999999996
0.9422222222222221
0.9437037037037034
0.9262962962962962
0.9396296296296294
0.9303703703703703
0.93037037037037
0.9248148148148146
0.8937037037037034
0.9233333333333333
0.9329629629629627
0.9233333333333331
0.9244444444444442
0.9318518518518518
0.9492592592592589
0.9307407407407405
0.9318518518518516
0.938888888888889
0.9525925925925924
0.9255555555555555
0.9281481481481478
0.9218518518518513
0.9299999999999996
0.9462962962962959
0.932222222222222
0.9414814814814811
0.9362962962962962
0.9322222222222217
0.9444444444444442
0.9466666666666667
0.9322222222222221
0.9396296296296295
0.9344444444444444
0.9362962962962962
0.9111111111111104
0.9533333333333329
0.92037037037037
0.9303703703703701
0.9533333333333331
0.9396296296296294
0.9381481481481474
0.9433333333333329
0.939259259259259
0.9618518518518518
0.9337037037037033
0.9218518518518515
0.9318518518518516
0.9292592592592592
0.949259259259259
0.9399999999999998
0.9299999999999998
0.9296296296296291
0.9448148148148143
0.937407407407407
0.9377777777777772
0.9348148148148149
0.9370370370370368
0.946296296296296
0.9433333333333331
0.9411111111111109
0.9514814814814815
0.9251851851851846
0.9359259259259257
0.925185185185185
0.9422222222222221
0.9255555555555552
0.9433333333333329
0.9385185185185183
0.9244444444444442
0.9503703703703699
0.9411111111111112
0.9481481481481479
0.9362962962962962
0.9403703703703701
0.9351851851851846
0.9237037037037032
0.9162962962962956
0.9466666666666663
0.9444444444444442
0.9296296296296294
0.9277777777777775
0.934444444444444
0.9537037037037033
0.9529629629629625
0.9314814814814809
0.929259259259259
0.939259259259259
0.9344444444444444
0.944074074074074
0.9337037037037036
0.9262962962962962
0.9329629629629627
0.9211111111111111
0.938888888888889
0.9374074074074075
0.9414814814814809
0.9385185185185185
0.9399999999999994
0.9233333333333333
0.9307407407407402
0.9318518518518514
0.9418518518518514
0.9496296296296292
0.9303703703703701
0.9448148148148147
0.9388888888888883
0.941111111111111
0.9192592592592589
0.9203703703703703
0.9381481481481476
0.9344444444444439
0.9407407407407405
0.9399999999999998
0.9299999999999998
0.9474074074074068
0.9403703703703703
0.9362962962962958
0.9355555555555555
0.9481481481481482
0.9399999999999998
0.9374074074074072
0.9474074074074073
0.9548148148148147
0.9118518518518518
0.9340740740740737
0.9292592592592587
