-0.9855555555555559
-0.9907407407407408
-0.9825925925925926
-0.9833333333333332
-0.9933333333333333
-0.9844444444444442
-0.9870370370370369
-0.9877777777777778
-0.9848148148148148
-0.9881481481481482
-0.988148148148148
-0.9877777777777778
-0.9911111111111113
-0.9848148148148145
-0.9888888888888888
-0.9870370370370367
-0.9851851851851849
-0.9877777777777779
-0.9859259259259259
-0.9822222222222221
-0.9877777777777781
-0.9903703703703702
-0.9866666666666667
-0.9888888888888889
-0.9881481481481482
-0.9877777777777778
-0.988148148148148
-0.9859259259259261
-0.9862962962962963
-0.9903703703703702
-0.9892592592592594
-0.984444444444444
-0.9888888888888889
-0.9855555555555554
-0.9870370370370369
-0.9866666666666667
-0.9840740740740739
-0.9848148148148148
-0.9892592592592593
-0.9851851851851852
-0.9840740740740738
-0.9903703703703701
-0.9877777777777779
-0.9844444444444443
-0.9903703703703705
-0.9870370370370374
-0.9892592592592591
-0.9862962962962962
-0.9844444444444442
-0.9877777777777779
-0.9888888888888888
-0.9892592592592594
-0.9885185185185185
-0.9892592592592593
-0.9837037037037039
-0.9855555555555554
-0.9881481481481483
-0.9874074074074073
-0.9866666666666667
-0.988148148148148
-0.9885185185185185
-0.9862962962962963
-0.9877777777777778
-0.9848148148148147
-0.9781481481481482
-0.9903703703703705
-0.9862962962962963
-0.991851851851852
-0.9922222222222223
-0.9918518518518518
-0.9903703703703705
-0.9848148148148148
-0.99
-0.9851851851851849
-0.9844444444444443
-0.9877777777777778
-0.9888888888888889
-0.9888888888888889
-0.986666666666667
-0.9874074074074071
-0.9859259259259259
-0.9877777777777778
-0.9881481481481483
-0.9840740740740739
-0.9896296296296297
-0.9874074074074074
-0.9818518518518519
-0.9874074074074076
-0.9922222222222223
-0.9837037037037036
-0.9870370370370372
-0.9885185185185185
-0.9900000000000002
-0.9907407407407409
-0.9903703703703702
-0.9877777777777775
-0.9870370370370372
-0.9907407407407406
-0.9903703703703707
-0.9851851851851854
-0.9859259259259259
-0.9866666666666665
-0.9885185185185185
-0.9862962962962963
-0.9851851851851852
-0.9881481481481482
-0.99
-0.9862962962962963
-0.9922222222222223
-0.9918518518518518
-0.9888888888888889
-0.9855555555555554
-0.9833333333333333
-0.9862962962962963
-0.9896296296296295
-0.9848148148148147
-0.9896296296296293
-0.9888888888888888
-0.9888888888888892
-0.9877777777777781
-0.9881481481481482
-0.9859259259259258
-0.9855555555555554
-0.9907407407407406
-0.9866666666666662
-0.9866666666666667
-0.9877777777777778
-0.9859259259259259
-0.9874074074074073
-0.9796296296296293
-0.9840740740740739
-0.9862962962962963
-0.9903703703703702
-0.9862962962962963
-0.9870370370370367
-0.9907407407407408
-0.9892592592592593
-0.9870370370370372
-0.9859259259259258
-0.9885185185185185
-0.9896296296296297
-0.9851851851851852
-0.9907407407407408
-0.9844444444444443
-0.9862962962962963
-0.9862962962962963
-0.9911111111111108
-0.983333333333334
-0.9866666666666665
-0.9885185185185182
-0.9892592592592591
-0.9859259259259261
-0.9881481481481482
-0.9881481481481482
-0.9877777777777779
-0.9859259259259259
-0.9877777777777778
-0.9866666666666667
-0.9859259259259258
-0.9881481481481482
-0.9855555555555556
-0.9888888888888889
-0.99
-0.9799999999999998
-0.9874074074074076
-0.9862962962962963
-0.9866666666666667
-0.9822222222222219
-0.9881481481481482
-0.9892592592592598
-0.9848148148148147
-0.9844444444444443
-0.9881481481481482
-0.9874074074074074
-0.9833333333333332
-0.991851851851852
-0.9888888888888888
-0.984814814814815
-0.9925925925925928
-0.9896296296296295
-0.9870370370370367
-0.9925925925925924
-0.9877777777777778
-0.9903703703703705
-0.9903703703703705
-0.9862962962962963
-0.9851851851851852
-0.9859259259259259
-0.9855555555555554
-0.9881481481481483
-0.9885185185185185
-0.9874074074074073
