1.0
1.0
1.0
1.0
1.0
1.0
1.0
1.0
0.9992592592592593
1.0
1.0
1.0
1.0
1.0
1.0
0.9996296296296298
1.0
1.0
1.0
1.0
1.0
0.9996296296296298
1.0
1.0
0.9992592592592593
1.0
1.0
1.0
0.9996296296296298
1.0
1.0
1.0
1.0
0.9974074074074074
1.0
1.0
1.0
1.0
1.0
1.0
1.0
1.0
1.0
1.0
1.0
1.0
0.9996296296296298
1.0
1.0
1.0
1.0
1.0
1.0
1.0
1.0
1.0
0.9988888888888887
1.0
1.0
0.9992592592592593
1.0
1.0
1.0
1.0
1.0
1.0
1.0
1.0
1.0
1.0
1.0
1.0
1.0
1.0
1.0
1.0
1.0
1.0
1.0
1.0
1.0
1.0
1.0
0.9996296296296298
1.0
1.0
1.0
1.0
1.0
1.0
1.0
0.9996296296296298
1.0
1.0
1.0
1.0
0.9996296296296298
1.0
1.0
1.0
1.0
0.9996296296296298
1.0
1.0
1.0
1.0
1.0
1.0
1.0
1.0
1.0
1.0
1.0
1.0
1.0
1.0
1.0
1.0
1.0
1.0
0.9996296296296298
1.0
0.9996296296296298
1.0
1.0
1.0
1.0
1.0
1.0
1.0
1.0
1.0
1.0
1.0
1.0
1.0
1.0
1.0
1.0
1.0
1.0
0.9996296296296298
1.0
1.0
1.0
1.0
1.0
1.0
1.0
1.0
1.0
1.0
1.0
1.0
1.0
1.0
1.0
1.0
1.0
1.0
1.0
1.0
1.0
1.0
1.0
1.0
1.0
1.0
1.0
1.0
1.0
1.0
1.0
1.0
1.0
1.0
0.9988888888888887
1.0
1.0
1.0
1.0
1.0
1.0
1.0
1.0
1.0
1.0
0.9996296296296298
0.9996296296296298
1.0
1.0
1.0
