0.05209876543209875
0.031111111111111124
-0.08864197530864193
0.007407407407407408
-0.01901234567901235
0.023456790123456767
-0.05012345679012345
0.005432098765432095
-0.06765432098765431
-0.058765432098765454
-0.10271604938271603
0.03777777777777779
0.006913580246913578
0.030370370370370346
-0.10691358024691361
0.0007407407407407855
-0.021728395061728387
-0.053086419753086415
-0.08938271604938276
0.00864197530864196
0.025925925925925932
-0.06271604938271605
0.011604938271604932
0.01851851851851853
-0.14296296296296293
-0.11506172839506178
0.008888888888888875
0.06617283950617284
-0.02592592592592591
-0.0696296296296296
0.049135802469135785
0.049629629629629676
0.04790123456790124
-0.05851851851851851
0.05012345679012348
0.0271604938271605
-0.10370370370370365
-0.011604938271604949
-0.11975308641975303
0.03283950617283948
-0.049382716049382734
0.016790123456790096
0.06666666666666667
-0.017530864197530867
-0.07432098765432098
-0.008395061728395044
-0.028888888888888853
-0.04543209876543209
-0.06271604938271604
-0.011111111111111092
0.009629629629629637
-0.022469135802469148
-0.045925925925925926
0.014567901234567898
-0.015555555555555533
0.023456790123456785
0.0753086419753086
-0.015061728395061718
0.047407407407407384
-0.14370370370370375
-0.10716049382716049
0.00493827160493826
-0.07703703703703697
0.03209876543209877
-0.038518518518518514
-0.08567901234567903
-0.06419753086419744
-0.005185185185185203
-0.044691358024691354
-0.04592592592592593
-0.1024691358024691
-0.059753086419753076
-0.026172839506172826
0.021481481481481497
0.003703703703703704
0.028888888888888863
-0.13333333333333341
-0.01703703703703705
-0.014814814814814807
0.03950617283950618
0.0034567901234567816
-0.1007407407407407
0.011358024691358043
-0.020246913580246904
0.04172839506172842
0.030123456790123425
0.012098765432098762
-0.0387654320987654
-0.0239506172839506
-0.01333333333333334
-0.018765432098765425
0.09135802469135802
-0.03580246913580245
-0.024938271604938254
0.002716049382716039
-0.022716049382716066
-0.01530864197530863
-0.012839506172839509
-0.05851851851851853
0.06074074074074074
-0.0029629629629629554
-0.08864197530864198
0.06296296296296296
0.002469135802469152
-0.06148148148148151
0.02567901234567902
0.012592592592592586
0.012345679012345694
0.08691358024691359
-0.024691358024691343
0.06271604938271602
-0.009876543209876526
-0.04197530864197534
0.037530864197530864
-0.04839506172839509
-0.020987654320987672
-0.04049382716049382
0.021481481481481483
-0.03111111111111118
0.025679012345679014
0.17481481481481495
-0.02567901234567901
-0.10716049382716043
-0.11185185185185181
-0.0641975308641975
-0.000987654320987624
-0.05333333333333331
-0.08814814814814817
-0.0419753086419753
-0.02691358024691355
0.039753086419753114
0.0651851851851852
-0.05382716049382715
-0.03456790123456793
-0.03259259259259261
-0.09950617283950619
0.00543209876543208
0.015802469135802497
-0.03481481481481484
-0.041481481481481466
0.04790123456790121
-0.06469135802469136
0.039753086419753086
-0.12444444444444443
-0.0009876543209876598
-0.03037037037037034
-0.005679012345679009
-0.015061728395061728
-0.1328395061728395
-0.10839506172839511
0.04666666666666666
0.07382716049382715
-0.027407407407407405
0.13901234567901233
0.027901234567901233
-0.04666666666666661
-0.04617283950617284
-0.013333333333333334
-0.06962962962962964
-0.051358024691358
0.0745679012345679
0.05728395061728393
-0.04962962962962967
0.07135802469135806
-0.032345679012345654
0.0029629629629629216
-0.02592592592592592
0.004691358024691358
0.04987654320987662
-0.09802469135802466
0.09728395061728395
0.11259259259259262
-0.02395061728395063
-0.014074074074074072
0.09407407407407409
-0.10098765432098764
0.012098765432098764
-0.017283950617283928
-0.15037037037037035
-0.07580246913580246
-0.014567901234567875
-0.041234567901234566
0.04962962962962963
-0.11925925925925922
-0.0034567901234567816
-0.043209876543209874
0.007160493827160489
-0.024938271604938257
0.026913580246913583
-0.03728395061728396
-0.03530864197530865
-0.0720987654320988
