0.0	53.86666666666667	59.78	63.233333333333334	66.08	67.83333333333333	69.48666666666666	71.23333333333333	72.04666666666667	72.87333333333333	73.28	73.94	74.87333333333333	75.18	75.45333333333333	76.24666666666667	76.65333333333334	76.68666666666667	76.34666666666666	76.36666666666666	76.22	76.19333333333333	75.8	75.48666666666666	75.00666666666666	74.18	73.93333333333334	73.16666666666667	72.28666666666666	71.10666666666667	69.85333333333334	68.14	66.0	63.84	60.013333333333335	53.9	0.0
0.0	53.68666666666667	60.18666666666667	63.92666666666667	66.03333333333333	67.87333333333333	69.55333333333333	70.68666666666667	71.93333333333334	72.72	73.46666666666667	73.73333333333333	74.23333333333333	74.64666666666666	74.82	75.38	75.64666666666666	75.63333333333334	75.66666666666667	75.78666666666666	75.70666666666666	75.4	74.70666666666666	74.79333333333334	74.27333333333333	73.85333333333334	73.34666666666666	72.69333333333333	72.07333333333334	71.42	70.05333333333333	68.34666666666666	66.65333333333334	63.96	60.1	54.04666666666667	0.0
0.0	53.38666666666666	59.973333333333336	63.54666666666667	66.48	68.38666666666667	69.6	70.89333333333333	71.89333333333333	72.79333333333334	73.44	73.99333333333334	74.44	74.94666666666667	75.51333333333334	75.39333333333333	75.52666666666667	75.85333333333334	75.58666666666667	75.62666666666667	75.00666666666666	74.95333333333333	75.0	74.58	74.14	73.54666666666667	72.77333333333333	72.32666666666667	71.53333333333333	70.29333333333334	69.1	67.84666666666666	65.78666666666666	63.26	59.72	53.6	0.0
0.0	53.81333333333333	59.71333333333333	63.6	65.84	67.98	69.62666666666667	70.89333333333333	71.94666666666667	72.38666666666667	73.48	74.60666666666667	74.99333333333334	75.56666666666666	75.40666666666667	75.94666666666667	76.06	75.80666666666667	75.87333333333333	76.02	75.73333333333333	75.60666666666667	75.23333333333333	75.38666666666667	74.67333333333333	73.92	73.24666666666667	72.47333333333333	71.49333333333334	70.72666666666667	69.67333333333333	68.13333333333334	66.28666666666666	63.806666666666665	59.94	53.8	0.0
0.0	53.373333333333335	59.64	63.52	66.25333333333333	67.88	69.48666666666666	71.27333333333333	71.92	72.9	73.7	73.77333333333333	74.64666666666666	75.08666666666667	75.2	75.33333333333333	75.62666666666667	75.87333333333333	75.66666666666667	76.01333333333334	75.99333333333334	75.71333333333334	75.55333333333333	75.22666666666667	74.54	74.14666666666666	73.42	72.9	72.2	71.16666666666667	69.93333333333334	68.05333333333333	65.98	63.36	59.873333333333335	54.04	0.0
0.0	54.11333333333334	60.513333333333335	63.79333333333334	66.16666666666667	67.84666666666666	69.46666666666667	70.5	71.82666666666667	72.46666666666667	73.51333333333334	74.09333333333333	74.83333333333333	74.91333333333333	75.02666666666667	75.52666666666667	75.83333333333333	75.88666666666667	76.14666666666666	76.18	76.01333333333334	75.15333333333334	75.18666666666667	75.23333333333333	74.56	74.47333333333333	73.62666666666667	72.84666666666666	72.04666666666667	70.84	69.45333333333333	68.04666666666667	66.05333333333333	63.86666666666667	59.873333333333335	53.76	0.0
0.0	53.50666666666667	60.22	63.653333333333336	66.12	68.18	69.54666666666667	70.61333333333333	71.50666666666666	72.28666666666666	73.26666666666667	73.64666666666666	74.16666666666667	74.53333333333333	74.77333333333333	75.09333333333333	75.26	75.42666666666666	75.58	75.87333333333333	75.72666666666667	75.48666666666666	75.43333333333334	75.12	75.28666666666666	74.35333333333334	73.71333333333334	72.82	71.88666666666667	71.20666666666666	69.55333333333333	68.48	66.28	63.46	60.26	53.486666666666665	0.0
0.0	54.04666666666667	60.18	64.18	66.3	68.16666666666667	69.70666666666666	71.07333333333334	72.17333333333333	72.84666666666666	73.7	74.68666666666667	74.97333333333333	75.62	75.78666666666666	75.96666666666667	76.24666666666667	76.34	76.55333333333333	76.00666666666666	75.95333333333333	75.88	75.83333333333333	75.56666666666666	74.7	74.39333333333333	74.02	73.30666666666667	72.28	71.24	69.82666666666667	67.98666666666666	66.44	63.906666666666666	60.6	54.07333333333333	0.0
0.0	53.906666666666666	59.7	63.63333333333333	65.86666666666666	68.25333333333333	70.06	71.06	71.62	72.56666666666666	73.49333333333334	73.98	74.76666666666667	74.98	75.01333333333334	75.08	75.81333333333333	76.12	75.54666666666667	75.75333333333333	75.47333333333333	75.40666666666667	75.08	75.19333333333333	74.39333333333333	73.82666666666667	73.15333333333334	72.29333333333334	71.25333333333333	70.39333333333333	69.55333333333333	68.12	65.93333333333334	63.68666666666667	60.0	53.79333333333334	0.0
0.0	53.79333333333334	60.086666666666666	63.64666666666667	66.14	68.1	70.16	71.54	72.32	73.46666666666667	73.91333333333333	74.32666666666667	75.02	74.82666666666667	75.42	75.98666666666666	76.05333333333333	76.18	76.44	76.34666666666666	75.89333333333333	75.48	75.21333333333334	75.07333333333334	74.78666666666666	74.29333333333334	73.98666666666666	73.06	72.26	70.98	69.58	68.15333333333334	66.14666666666666	63.77333333333333	59.873333333333335	53.72666666666667	0.0
0.0	54.48	60.513333333333335	63.98	66.88	68.44666666666667	69.88	71.19333333333333	72.14	73.19333333333333	74.30666666666667	74.64666666666666	75.06666666666666	75.68	75.81333333333333	75.9	76.42666666666666	76.13333333333334	75.84666666666666	76.31333333333333	75.94	75.3	74.94	74.73333333333333	74.73333333333333	74.09333333333333	73.87333333333333	73.16	72.69333333333333	71.32	70.09333333333333	68.60666666666667	66.60666666666667	63.906666666666666	60.22666666666667	54.126666666666665	0.0
0.0	53.9	59.913333333333334	63.553333333333335	65.86666666666666	68.65333333333334	70.00666666666666	71.25333333333333	72.22666666666667	73.14	73.77333333333333	74.18	74.74	74.84666666666666	75.39333333333333	75.22	75.22666666666667	75.68666666666667	75.48	75.52	75.51333333333334	75.52666666666667	75.46666666666667	75.21333333333334	74.6	74.11333333333333	73.30666666666667	72.52666666666667	71.94	70.86	69.36	68.16666666666667	66.03333333333333	63.07333333333333	59.46666666666667	53.526666666666664	0.0
0.0	53.9	60.086666666666666	63.75333333333333	66.24	68.33333333333333	70.1	71.77333333333333	72.49333333333334	73.12666666666667	73.82666666666667	74.97333333333333	74.99333333333334	75.44	75.20666666666666	75.7	75.72666666666667	76.18666666666667	75.87333333333333	76.16666666666667	76.02	75.70666666666666	75.61333333333333	75.36	74.54666666666667	74.41333333333333	73.54666666666667	72.88	71.81333333333333	70.78	69.76666666666667	68.44666666666667	66.34	63.806666666666665	60.266666666666666	53.92	0.0
0.0	53.74666666666667	60.22	64.10666666666667	66.8	68.6	69.75333333333333	71.16666666666667	72.50666666666666	73.18	73.72	74.69333333333333	75.04	75.19333333333333	75.46	75.92	76.02666666666667	75.78666666666666	75.46666666666667	75.74666666666667	75.91333333333333	75.43333333333334	75.16666666666667	74.82666666666667	74.24	74.06666666666666	73.44	73.02666666666667	71.74666666666667	70.63333333333334	69.44	68.66	66.34666666666666	63.873333333333335	60.26	54.06666666666667	0.0
0.0	53.86	60.04	63.62	65.99333333333334	68.06	69.27333333333333	70.35333333333334	71.5	72.4	73.28	74.02	74.30666666666667	74.72	75.14	75.46666666666667	75.81333333333333	75.67333333333333	75.76	75.68666666666667	75.33333333333333	75.78	75.15333333333334	74.87333333333333	74.7	74.11333333333333	73.6	72.54	71.74	70.92	69.91333333333333	68.34666666666666	66.24666666666667	63.72666666666667	59.98	54.56	0.0
0.0	53.74666666666667	60.08	63.74	66.38666666666667	68.39333333333333	69.33333333333333	70.55333333333333	71.76	72.86666666666666	73.59333333333333	74.3	75.1	75.12666666666667	75.42	75.68666666666667	76.09333333333333	76.24	75.74	76.0	75.85333333333334	75.78666666666666	75.32	74.72666666666667	74.47333333333333	73.86666666666666	73.18666666666667	72.43333333333334	72.24666666666667	70.83333333333333	69.59333333333333	67.77333333333333	66.44666666666667	63.74	60.08	53.666666666666664	0.0
0.0	53.85333333333333	60.193333333333335	63.68	66.23333333333333	67.97333333333333	69.30666666666667	70.37333333333333	71.43333333333334	72.90666666666667	73.36	73.74	74.66	75.04	75.38	75.58666666666667	75.42666666666666	75.87333333333333	75.74	75.88	75.56	75.37333333333333	75.16666666666667	75.04	74.33333333333333	73.66	73.12	72.52	71.94666666666667	70.87333333333333	69.78	68.30666666666667	66.55333333333333	64.09333333333333	60.45333333333333	54.27333333333333	0.0
0.0	53.60666666666667	59.733333333333334	63.63333333333333	66.3	68.16666666666667	69.56	70.98	71.86	72.87333333333333	73.64666666666666	73.94	74.96666666666667	75.16666666666667	74.97333333333333	75.53333333333333	75.84	75.62666666666667	75.72	75.54	75.44666666666667	75.43333333333334	75.25333333333333	74.90666666666667	74.68	74.28	73.52666666666667	73.04	72.15333333333334	71.33333333333333	69.75333333333333	68.10666666666667	66.33333333333333	63.76	60.22	53.85333333333333	0.0
0.0	54.13333333333333	60.0	64.04	66.72	67.99333333333334	69.78666666666666	71.27333333333333	72.14666666666666	72.80666666666667	73.46	74.20666666666666	74.46	75.34666666666666	75.32	75.55333333333333	75.87333333333333	76.16	76.17333333333333	76.23333333333333	75.94	75.66666666666667	75.16666666666667	74.97333333333333	74.42	74.16	73.56666666666666	73.09333333333333	71.8	70.69333333333333	69.52	68.36	66.34666666666666	63.84	60.153333333333336	53.82666666666667	0.0
0.0	53.81333333333333	60.29333333333334	63.98	66.38	68.47333333333333	70.12	71.10666666666667	72.05333333333333	72.88	73.89333333333333	74.54	74.94666666666667	75.63333333333334	76.00666666666666	76.07333333333334	76.15333333333334	76.09333333333333	75.8	75.88666666666667	75.9	75.72	75.66666666666667	75.32666666666667	74.7	74.18666666666667	73.48666666666666	72.9	71.96666666666667	70.72666666666667	69.78666666666666	68.27333333333333	66.07333333333334	63.50666666666667	60.473333333333336	54.13333333333333	0.0
0.0	53.71333333333333	60.04666666666667	63.45333333333333	65.71333333333334	67.92	69.25333333333333	70.42	71.44666666666667	72.62	73.53333333333333	74.26666666666667	74.56	74.89333333333333	74.96666666666667	75.39333333333333	75.42666666666666	75.51333333333334	75.55333333333333	75.30666666666667	75.56	75.64	75.32	74.98666666666666	74.55333333333333	74.34666666666666	73.84666666666666	72.91333333333333	71.78666666666666	70.85333333333334	69.84666666666666	68.22	66.12	63.85333333333333	59.88666666666666	53.64666666666667	0.0
0.0	53.906666666666666	60.193333333333335	64.08666666666667	66.49333333333334	68.44666666666667	69.80666666666667	70.77333333333333	72.06666666666666	73.16	73.82	74.24666666666667	74.85333333333334	75.61333333333333	75.87333333333333	75.84	76.17333333333333	76.06666666666666	76.02666666666667	76.15333333333334	76.13333333333334	75.7	75.72666666666667	75.10666666666667	74.86666666666666	74.43333333333334	73.30666666666667	72.81333333333333	72.23333333333333	71.09333333333333	69.74	68.16666666666667	66.37333333333333	63.42666666666667	59.92	53.586666666666666	0.0
0.0	53.86666666666667	60.28	63.64	66.16	67.86	69.40666666666667	70.66666666666667	72.05333333333333	72.57333333333334	73.28666666666666	74.3	74.64666666666666	74.96666666666667	74.94666666666667	75.60666666666667	75.87333333333333	75.63333333333334	75.50666666666666	75.52	75.56666666666666	75.50666666666666	75.19333333333333	74.81333333333333	74.76666666666667	74.28666666666666	73.94	72.88666666666667	72.11333333333333	71.01333333333334	69.79333333333334	68.08	66.40666666666667	63.806666666666665	60.346666666666664	53.74	0.0
0.0	53.67333333333333	60.2	63.63333333333333	66.09333333333333	68.16666666666667	69.39333333333333	70.38	71.82666666666667	72.32	73.04	73.74666666666667	74.40666666666667	74.93333333333334	75.00666666666666	75.09333333333333	75.36666666666666	75.54666666666667	75.40666666666667	75.46666666666667	75.6	75.54	75.08666666666667	75.03333333333333	74.76666666666667	73.92	73.46	72.86	72.08666666666667	71.11333333333333	69.92666666666666	68.52	66.45333333333333	63.75333333333333	60.013333333333335	53.56	0.0
0.0	53.98	60.12	63.58	66.18666666666667	68.14	69.90666666666667	70.97333333333333	72.28	72.86666666666666	73.93333333333334	74.22666666666667	74.74666666666667	74.94666666666667	75.64	75.95333333333333	75.51333333333334	75.82	76.17333333333333	76.06	75.91333333333333	75.65333333333334	75.32666666666667	74.89333333333333	74.49333333333334	74.12	73.25333333333333	72.32666666666667	71.63333333333334	70.92666666666666	69.22666666666667	68.00666666666666	65.84	63.406666666666666	60.06666666666667	53.84	0.0
0.0	53.946666666666665	60.21333333333333	64.34666666666666	66.74666666666667	68.59333333333333	70.23333333333333	71.35333333333334	72.07333333333334	72.99333333333334	73.78	74.28	74.73333333333333	75.07333333333334	75.47333333333333	75.77333333333333	75.92666666666666	75.92	76.08666666666667	76.03333333333333	75.84	75.68666666666667	75.52	75.22	74.90666666666667	74.54666666666667	73.58	72.87333333333333	72.42666666666666	71.32666666666667	69.90666666666667	68.40666666666667	66.58666666666667	63.82	59.99333333333333	53.833333333333336	0.0
0.0	54.02	60.56	64.14	66.12	68.19333333333333	69.78	70.6	71.72666666666667	72.45333333333333	73.56	74.26666666666667	74.69333333333333	74.77333333333333	75.82	75.58666666666667	76.26	76.17333333333333	76.34	76.52	75.96666666666667	75.84	75.96	74.88	74.60666666666667	74.31333333333333	74.14	72.90666666666667	72.35333333333334	70.85333333333334	69.52	68.21333333333334	66.7	63.99333333333333	60.22666666666667	54.14666666666667	0.0
0.0	54.20666666666666	59.93333333333333	63.586666666666666	66.22666666666667	68.08	69.35333333333334	70.46	71.76666666666667	72.3	73.57333333333334	74.08	74.68666666666667	75.04666666666667	75.36666666666666	75.66666666666667	75.78666666666666	76.18666666666667	75.83333333333333	75.86666666666666	76.00666666666666	76.24	75.48	75.54666666666667	75.16666666666667	74.78	73.90666666666667	73.08666666666667	72.28	71.08666666666667	69.66	68.23333333333333	66.36666666666666	64.21333333333334	60.306666666666665	54.11333333333334	0.0
0.0	53.72666666666667	60.333333333333336	64.0	66.72666666666667	68.58666666666667	69.83333333333333	71.12666666666667	72.1	73.30666666666667	73.76666666666667	74.42	74.92666666666666	75.09333333333333	75.78	75.64666666666666	75.92	75.94	75.86	76.05333333333333	75.91333333333333	75.80666666666667	75.44666666666667	75.07333333333334	74.76	74.39333333333333	73.46666666666667	72.5	71.92666666666666	71.17333333333333	70.00666666666666	68.54	66.7	63.95333333333333	60.473333333333336	54.18	0.0
0.0	53.486666666666665	60.03333333333333	63.513333333333335	65.82	67.84666666666666	69.36	70.38666666666667	71.46	72.58666666666667	73.5	73.68666666666667	74.69333333333333	74.65333333333334	75.31333333333333	75.36	75.27333333333333	75.48	75.4	75.36	75.00666666666666	75.39333333333333	75.05333333333333	74.28666666666666	74.04	73.48	72.64666666666666	71.90666666666667	71.42	70.5	68.99333333333334	67.73333333333333	65.83333333333333	63.593333333333334	59.88	53.82666666666667	0.0
0.0	53.63333333333333	59.95333333333333	63.96	66.17333333333333	68.26	69.7	70.76	71.6	72.68	73.03333333333333	73.55333333333333	74.03333333333333	74.52	74.74	75.22666666666667	75.62	75.86	75.56	75.58666666666667	75.58	75.46	75.41333333333333	74.74	74.20666666666666	74.10666666666667	73.48	73.04	71.92666666666666	71.08666666666667	69.87333333333333	68.41333333333333	66.3	64.05333333333333	60.166666666666664	54.026666666666664	0.0
0.0	54.11333333333334	60.43333333333333	63.84	66.36	68.85333333333334	70.06666666666666	71.12	72.29333333333334	73.32666666666667	73.72	74.22666666666667	74.84666666666666	75.52	75.59333333333333	75.82	76.08	75.96	76.1	75.97333333333333	75.98666666666666	75.62666666666667	75.22666666666667	74.77333333333333	74.5	73.92666666666666	73.43333333333334	72.99333333333334	72.20666666666666	71.16666666666667	70.08	68.48666666666666	66.26	63.873333333333335	60.24	53.92	0.0
0.0	53.72666666666667	60.29333333333334	64.24666666666667	66.90666666666667	68.88	70.32666666666667	71.3	72.60666666666667	72.96666666666667	73.64	74.66666666666667	74.98	75.26	75.48	75.19333333333333	75.43333333333334	75.82	75.64666666666666	75.5	75.52666666666667	75.37333333333333	75.26	74.84666666666666	74.4	74.2	73.46666666666667	72.81333333333333	71.97333333333333	71.1	69.75333333333333	68.32	66.39333333333333	63.79333333333334	60.32	54.0	0.0
0.0	54.46	60.766666666666666	64.27333333333333	67.22	69.23333333333333	70.42	71.51333333333334	72.72666666666667	73.18666666666667	73.64666666666666	74.62666666666667	74.91333333333333	75.39333333333333	75.66666666666667	76.3	76.24	75.99333333333334	76.0	75.87333333333333	76.36666666666666	76.22	75.88	76.12	75.52666666666667	74.77333333333333	73.99333333333334	73.00666666666666	72.02	71.03333333333333	70.22666666666667	68.82	66.73333333333333	64.40666666666667	60.74	54.18666666666667	0.0
0.0	53.82	60.086666666666666	63.346666666666664	65.82	67.95333333333333	69.13333333333334	70.52666666666667	71.77333333333333	72.36666666666666	73.24	73.63333333333334	74.24	74.42666666666666	74.62	74.95333333333333	75.10666666666667	75.26666666666667	74.94	75.66	75.35333333333334	75.16	75.30666666666667	75.06	74.12	73.72	72.64	72.38666666666667	72.07333333333334	70.68666666666667	69.5	68.16666666666667	66.12666666666667	63.46666666666667	59.58	53.67333333333333	0.0
0.0	53.833333333333336	60.2	63.973333333333336	66.60666666666667	68.04	69.80666666666667	71.40666666666667	72.09333333333333	73.17333333333333	73.42666666666666	74.19333333333333	74.58	74.98666666666666	75.04666666666667	75.29333333333334	75.48	75.75333333333333	75.78	76.05333333333333	75.59333333333333	75.62666666666667	75.05333333333333	74.59333333333333	74.62666666666667	74.39333333333333	73.70666666666666	72.82666666666667	72.01333333333334	71.04666666666667	69.71333333333334	68.51333333333334	66.28666666666666	63.873333333333335	60.21333333333333	53.72666666666667	0.0
0.0	53.973333333333336	60.26	63.93333333333333	66.46	68.31333333333333	69.86	71.32666666666667	72.16	72.77333333333333	73.52666666666667	74.56	74.84	75.02666666666667	75.46666666666667	76.11333333333333	76.19333333333333	76.17333333333333	76.58666666666667	76.18666666666667	76.02666666666667	75.76	75.89333333333333	75.32666666666667	75.10666666666667	75.0	73.97333333333333	73.04666666666667	72.34666666666666	71.3	70.18	68.68666666666667	66.72666666666667	63.63333333333333	60.126666666666665	53.98	0.0
0.0	53.7	60.13333333333333	63.88666666666666	66.46666666666667	67.91333333333333	69.68666666666667	70.92	72.08666666666667	72.83333333333333	73.2	73.80666666666667	74.63333333333334	74.92666666666666	75.15333333333334	75.59333333333333	75.16666666666667	75.55333333333333	76.12	75.51333333333334	75.82	75.55333333333333	75.00666666666666	74.89333333333333	74.61333333333333	74.09333333333333	73.34666666666666	72.81333333333333	71.88666666666667	70.86666666666666	70.02666666666667	68.36	66.38666666666667	64.04666666666667	60.126666666666665	53.74666666666667	0.0
0.0	53.82666666666667	60.233333333333334	63.6	66.22	68.46666666666667	69.61333333333333	71.11333333333333	71.92	72.73333333333333	73.56	73.90666666666667	74.61333333333333	74.75333333333333	74.85333333333334	75.34666666666666	75.60666666666667	75.63333333333334	75.62666666666667	75.85333333333334	75.46666666666667	75.28	75.06666666666666	74.91333333333333	74.43333333333334	73.97333333333333	73.3	72.63333333333334	71.68666666666667	70.81333333333333	69.51333333333334	68.04	66.36	63.66	60.18666666666667	53.93333333333333	0.0
0.0	53.733333333333334	60.04666666666667	63.54	66.18	68.13333333333334	69.67333333333333	71.12	71.92	73.10666666666667	73.74	74.18666666666667	74.83333333333333	75.12	75.88	75.92666666666666	76.38	76.28	76.52666666666667	76.32	75.90666666666667	75.88	75.26	75.21333333333334	74.84	74.37333333333333	73.81333333333333	73.26	72.12	71.14	70.16666666666667	68.46	66.48666666666666	63.74666666666667	60.28666666666667	54.153333333333336	0.0
0.0	54.153333333333336	60.63333333333333	64.22	66.66	68.41333333333333	70.07333333333334	71.16666666666667	71.92	72.94666666666667	73.40666666666667	74.06	74.51333333333334	75.3	75.76	75.83333333333333	75.75333333333333	76.24666666666667	76.08666666666667	75.83333333333333	76.02666666666667	76.21333333333334	75.59333333333333	75.28	74.56	74.32666666666667	73.7	72.76666666666667	71.85333333333334	71.26666666666667	69.86	68.42666666666666	66.71333333333334	63.973333333333336	60.266666666666666	54.11333333333334	0.0
0.0	53.76	59.78666666666667	63.53333333333333	66.09333333333333	67.67333333333333	69.43333333333334	70.99333333333334	71.88666666666667	72.71333333333334	73.22666666666667	74.36666666666666	74.82666666666667	75.32666666666667	75.46	75.83333333333333	75.94	76.02666666666667	75.84666666666666	75.60666666666667	75.79333333333334	75.23333333333333	75.08	74.82666666666667	74.15333333333334	73.75333333333333	73.08	72.46666666666667	71.74666666666667	70.56666666666666	69.52666666666667	67.71333333333334	65.83333333333333	63.84	60.22666666666667	53.873333333333335	0.0
0.0	53.766666666666666	60.193333333333335	63.85333333333333	66.47333333333333	68.44	70.19333333333333	70.82666666666667	72.34666666666666	73.06666666666666	73.88	74.08	74.95333333333333	75.16666666666667	75.42666666666666	75.52	75.79333333333334	76.05333333333333	76.26666666666667	76.40666666666667	76.08	75.74	75.37333333333333	75.00666666666666	74.30666666666667	74.03333333333333	73.49333333333334	72.72666666666667	71.73333333333333	70.67333333333333	69.86	68.14	66.48	63.85333333333333	60.266666666666666	53.99333333333333	0.0
0.0	53.653333333333336	60.00666666666667	63.626666666666665	66.45333333333333	68.49333333333334	69.58	70.91333333333333	72.44666666666667	73.49333333333334	74.02	74.37333333333333	74.63333333333334	74.87333333333333	75.29333333333334	75.84	76.56	76.32666666666667	76.03333333333333	76.26666666666667	76.18666666666667	75.82666666666667	75.65333333333334	75.09333333333333	74.59333333333333	74.48666666666666	74.04	73.34	72.66	71.32666666666667	70.45333333333333	68.49333333333334	66.54	63.973333333333336	60.17333333333333	53.89333333333333	0.0
0.0	53.973333333333336	60.2	63.88	66.64666666666666	68.25333333333333	70.01333333333334	71.04666666666667	72.12666666666667	73.11333333333333	73.99333333333334	73.94	74.78	75.23333333333333	75.54	75.86666666666666	76.57333333333334	76.57333333333334	76.57333333333334	76.3	76.32	76.12666666666667	75.92666666666666	75.38666666666667	74.89333333333333	74.64666666666666	74.03333333333333	73.38666666666667	72.61333333333333	71.25333333333333	70.01333333333334	68.34666666666666	66.81333333333333	64.25333333333333	60.60666666666667	53.96666666666667	0.0
0.0	53.93333333333333	60.22666666666667	63.913333333333334	66.49333333333334	68.35333333333334	69.66666666666667	71.23333333333333	72.63333333333334	73.19333333333333	74.02666666666667	74.78	75.22	75.25333333333333	75.41333333333333	76.10666666666667	76.41333333333333	76.36	76.62	76.04666666666667	75.96666666666667	75.98666666666666	76.00666666666666	75.81333333333333	75.16666666666667	74.84666666666666	74.18	73.45333333333333	72.36666666666666	71.48666666666666	70.22666666666667	68.62666666666667	66.24666666666667	64.08	60.50666666666667	53.9	0.0
0.0	53.49333333333333	59.71333333333333	63.32	65.98666666666666	67.96666666666667	69.76	71.12	71.36666666666666	72.22	73.02	73.68	74.03333333333333	74.42666666666666	74.79333333333334	75.22666666666667	75.32666666666667	75.77333333333333	75.54	75.59333333333333	75.56	75.5	74.69333333333333	74.54	73.95333333333333	73.85333333333334	73.08	71.81333333333333	71.39333333333333	70.54	69.34	68.14666666666666	66.1	63.46666666666667	60.10666666666667	53.70666666666666	0.0
0.0	54.026666666666664	60.50666666666667	64.2	66.17333333333333	68.25333333333333	69.5	70.74	71.86	72.49333333333334	73.78666666666666	74.38	74.72666666666667	74.96666666666667	75.43333333333334	75.67333333333333	75.8	76.36666666666666	76.32666666666667	76.22	76.32666666666667	75.84666666666666	75.78666666666666	75.25333333333333	75.06	74.63333333333334	73.87333333333333	73.33333333333333	72.64	71.38666666666667	69.86	68.64666666666666	66.54666666666667	64.16666666666667	60.36666666666667	53.93333333333333	0.0
0.0	54.013333333333335	60.04	63.56	66.28666666666666	67.88	69.38	70.44	71.68	72.70666666666666	73.20666666666666	73.82	74.39333333333333	74.66	74.78	74.82666666666667	75.28666666666666	75.36666666666666	75.21333333333334	75.58666666666667	75.20666666666666	75.04666666666667	74.93333333333334	74.6	73.88666666666667	73.46	73.28666666666666	72.69333333333333	72.06	70.9	69.52	68.14666666666666	66.17333333333333	63.63333333333333	60.36	53.74666666666667	0.0
0.0	53.666666666666664	59.806666666666665	63.593333333333334	65.76666666666667	68.0	69.36666666666666	70.80666666666667	71.18666666666667	71.97333333333333	72.98666666666666	73.79333333333334	74.46666666666667	74.79333333333334	74.68	75.22666666666667	75.49333333333334	75.53333333333333	75.47333333333333	75.48	75.42	75.24	75.24666666666667	74.81333333333333	74.43333333333334	73.48666666666666	72.81333333333333	71.98666666666666	71.12666666666667	70.5	69.12	67.85333333333334	66.21333333333334	63.833333333333336	60.26	53.733333333333334	0.0
0.0	54.053333333333335	60.06666666666667	63.733333333333334	66.09333333333333	68.3	69.67333333333333	70.74666666666667	72.02666666666667	72.96666666666667	73.35333333333334	74.68	74.76666666666667	75.14	75.37333333333333	75.84	75.55333333333333	75.48666666666666	75.16	74.9	74.86	74.50666666666666	74.65333333333334	74.31333333333333	74.06	73.78	73.40666666666667	72.48666666666666	71.68666666666667	70.64666666666666	69.34666666666666	67.94666666666667	65.94666666666667	63.81333333333333	59.96666666666667	53.766666666666666	0.0
0.0	53.766666666666666	59.99333333333333	63.36666666666667	66.13333333333334	68.02666666666667	69.52	70.50666666666666	71.74	72.6	73.35333333333334	73.72666666666667	74.10666666666667	75.02666666666667	75.05333333333333	75.28	75.1	75.26666666666667	75.57333333333334	75.26	75.42	75.26666666666667	75.08	74.46666666666667	73.76666666666667	73.32	72.49333333333334	71.92666666666666	71.20666666666666	70.24	68.98	67.54666666666667	65.76	62.94	60.04666666666667	54.02	0.0
0.0	54.00666666666667	60.38	64.14	66.1	68.24666666666667	69.61333333333333	70.98666666666666	71.93333333333334	72.64	73.28	74.00666666666666	74.84666666666666	75.16	75.54666666666667	76.12	76.14666666666666	76.15333333333334	76.01333333333334	75.60666666666667	75.76666666666667	75.52	75.20666666666666	74.96	74.76666666666667	74.12	73.65333333333334	72.84666666666666	71.68666666666667	70.59333333333333	69.47333333333333	68.12	66.26666666666667	63.78666666666667	60.17333333333333	53.906666666666666	0.0
0.0	53.8	60.0	63.82666666666667	66.66666666666667	68.40666666666667	69.4	71.22666666666667	72.05333333333333	72.98	73.77333333333333	74.39333333333333	74.71333333333334	75.38	75.58666666666667	76.22666666666667	75.71333333333334	75.93333333333334	76.2	76.29333333333334	76.08	75.80666666666667	75.35333333333334	75.18	74.38666666666667	73.72666666666667	73.05333333333333	72.32666666666667	71.68666666666667	70.69333333333333	69.56666666666666	68.34666666666666	66.36666666666666	63.96	59.81333333333333	53.74666666666667	0.0
0.0	53.96	59.89333333333333	64.05333333333333	66.3	68.25333333333333	69.76666666666667	71.12666666666667	72.25333333333333	72.66666666666667	73.4	73.88666666666667	74.68666666666667	75.16	75.24666666666667	75.64666666666666	76.04	76.03333333333333	76.23333333333333	76.05333333333333	76.04	75.89333333333333	75.65333333333334	75.48	74.98	74.96	74.1	73.32	72.54	70.93333333333334	69.68666666666667	67.91333333333333	66.58	64.16	60.153333333333336	53.766666666666666	0.0
0.0	53.66	60.28	64.08666666666667	66.5	68.13333333333334	69.84666666666666	71.02666666666667	71.85333333333334	72.54	73.35333333333334	74.18666666666667	74.52666666666667	75.24666666666667	75.21333333333334	75.63333333333334	75.92	75.85333333333334	75.85333333333334	76.07333333333334	75.84666666666666	75.68666666666667	75.44666666666667	75.04	74.62666666666667	74.03333333333333	73.68666666666667	73.04666666666667	72.38666666666667	71.18	69.99333333333334	67.82666666666667	66.26	64.22666666666667	60.78666666666667	54.193333333333335	0.0
0.0	53.873333333333335	60.406666666666666	63.64	65.94666666666667	67.94666666666667	69.73333333333333	70.88	71.82666666666667	72.93333333333334	73.24	73.69333333333333	74.36	74.6	74.88666666666667	74.98	75.44	75.34666666666666	75.74666666666667	75.31333333333333	75.22	75.28	74.78666666666666	74.49333333333334	74.42	73.74	72.93333333333334	72.47333333333333	71.58	70.42	69.35333333333334	67.48	65.50666666666666	63.24666666666667	59.94	53.99333333333333	0.0
0.0	53.946666666666665	59.913333333333334	63.58	66.57333333333334	68.31333333333333	69.80666666666667	71.42666666666666	72.30666666666667	72.68666666666667	73.55333333333333	73.96	74.26666666666667	74.48666666666666	74.75333333333333	75.10666666666667	75.34	75.08666666666667	75.68	75.54666666666667	75.02666666666667	75.06666666666666	74.89333333333333	74.46666666666667	74.34	74.04666666666667	73.6	72.56	71.92666666666666	70.78666666666666	69.60666666666667	67.98666666666666	65.96	63.653333333333336	59.913333333333334	54.03333333333333	0.0
0.0	54.04666666666667	59.733333333333334	63.49333333333333	65.90666666666667	68.05333333333333	69.42666666666666	70.86	71.93333333333334	72.56	73.46666666666667	74.15333333333334	74.76666666666667	74.96666666666667	75.18	75.58666666666667	75.55333333333333	75.81333333333333	75.84666666666666	75.56	75.68	75.57333333333334	75.00666666666666	74.76666666666667	74.25333333333333	73.74666666666667	73.37333333333333	72.52666666666667	71.76	70.59333333333333	69.63333333333334	68.08666666666667	66.17333333333333	63.54	59.96666666666667	53.78	0.0
0.0	53.7	60.10666666666667	63.74666666666667	66.13333333333334	68.37333333333333	70.14666666666666	71.58666666666667	72.28666666666666	73.12	74.25333333333333	74.74666666666667	75.38666666666667	75.64	76.10666666666667	76.25333333333333	76.50666666666666	76.41333333333333	76.38	76.43333333333334	76.52	76.48666666666666	76.06666666666666	75.74	75.36666666666666	74.86666666666666	73.92	73.02666666666667	72.37333333333333	71.30666666666667	69.85333333333334	68.56	66.43333333333334	64.03333333333333	60.3	53.58	0.0
0.0	53.84	60.233333333333334	64.1	66.25333333333333	68.1	69.85333333333334	70.90666666666667	72.03333333333333	72.97333333333333	73.74666666666667	74.13333333333334	74.69333333333333	75.08	75.56666666666666	75.54666666666667	76.04	75.84	75.51333333333334	75.87333333333333	75.58	75.5	75.15333333333334	75.14	74.81333333333333	73.75333333333333	73.38666666666667	72.93333333333334	71.98666666666666	70.85333333333334	69.95333333333333	68.12666666666667	66.27333333333333	63.626666666666665	60.04666666666667	53.46	0.0
0.0	53.56666666666667	59.98	63.36	66.3	68.16	69.47333333333333	71.27333333333333	71.8	72.57333333333334	73.14666666666666	73.92666666666666	74.27333333333333	74.55333333333333	74.8	75.56666666666666	75.50666666666666	75.84666666666666	75.90666666666667	75.76666666666667	75.98	75.76666666666667	75.26	75.02666666666667	74.19333333333333	73.78666666666666	73.38666666666667	72.66666666666667	71.61333333333333	70.63333333333334	69.61333333333333	67.98666666666666	65.86	63.553333333333335	59.906666666666666	53.64666666666667	0.0
0.0	53.76	59.79333333333334	63.35333333333333	66.21333333333334	68.00666666666666	69.43333333333334	70.6	71.58	72.38	73.22	73.64	74.14	74.55333333333333	74.56666666666666	74.88	75.33333333333333	75.28666666666666	75.41333333333333	75.29333333333334	75.20666666666666	75.19333333333333	74.98	74.52666666666667	74.00666666666666	73.84	73.00666666666666	72.36	71.61333333333333	70.58	69.48	68.1	66.18	63.653333333333336	59.806666666666665	53.66	0.0
0.0	53.92	59.84	62.86666666666667	65.72666666666667	67.08	68.98666666666666	70.07333333333334	71.24	72.06	72.66	73.21333333333334	73.8	74.32	74.68666666666667	75.15333333333334	74.98	75.48666666666666	75.49333333333334	75.17333333333333	75.48	74.77333333333333	74.92	74.60666666666667	74.12666666666667	73.40666666666667	73.05333333333333	72.19333333333333	71.57333333333334	70.64666666666666	69.18	67.72	65.77333333333333	63.32	59.873333333333335	53.82666666666667	0.0
0.0	54.166666666666664	60.0	63.54	66.38666666666667	68.2	70.04	71.44	72.2	73.22	73.76666666666667	74.4	75.1	75.38666666666667	75.96666666666667	76.05333333333333	76.38666666666667	76.32666666666667	76.61333333333333	76.4	76.44666666666667	76.24	75.66666666666667	75.20666666666666	74.72	74.25333333333333	74.08666666666667	73.18666666666667	72.62666666666667	71.7	70.34	68.74666666666667	66.54	64.14666666666666	60.3	53.806666666666665	0.0
0.0	53.56	59.78	63.63333333333333	66.06666666666666	67.60666666666667	69.40666666666667	70.66666666666667	71.39333333333333	72.16	73.25333333333333	73.64666666666666	74.10666666666667	74.52666666666667	74.99333333333334	75.26666666666667	75.24666666666667	75.62666666666667	75.38	75.44	75.26	75.38	75.11333333333333	74.87333333333333	74.34	73.32666666666667	72.7	72.29333333333334	71.17333333333333	70.62666666666667	69.50666666666666	67.90666666666667	66.08666666666667	63.62	59.96	53.39333333333333	0.0
0.0	53.733333333333334	59.88666666666666	63.486666666666665	66.20666666666666	67.88666666666667	69.11333333333333	70.46	72.04	72.82	73.15333333333334	73.96666666666667	74.46	74.89333333333333	75.18666666666667	75.18	75.63333333333334	75.78	75.47333333333333	75.38666666666667	75.58	75.06	74.97333333333333	74.60666666666667	74.24666666666667	73.67333333333333	73.27333333333333	72.23333333333333	71.94	70.90666666666667	69.49333333333334	67.93333333333334	66.18	63.653333333333336	59.88	53.64	0.0
0.0	53.68666666666667	59.68	63.553333333333335	66.33333333333333	68.31333333333333	69.32666666666667	70.82	71.39333333333333	72.48	73.01333333333334	73.58	73.94	74.62	74.8	74.81333333333333	75.02666666666667	75.56	75.56666666666666	75.52	75.58	75.66666666666667	75.1	74.45333333333333	74.50666666666666	73.71333333333334	73.02	72.38666666666667	71.38	70.75333333333333	69.26666666666667	67.93333333333334	65.84666666666666	63.486666666666665	59.68	53.60666666666667	0.0
0.0	53.846666666666664	60.22	63.81333333333333	66.25333333333333	67.97333333333333	69.73333333333333	70.84	71.96	72.44666666666667	73.46666666666667	73.80666666666667	74.52666666666667	75.07333333333334	74.93333333333334	75.38666666666667	75.68	75.98666666666666	75.81333333333333	75.84666666666666	75.50666666666666	75.47333333333333	75.22	75.21333333333334	74.81333333333333	74.04	73.49333333333334	72.56	72.39333333333333	70.9	69.79333333333334	68.16	66.3	64.12666666666667	60.266666666666666	53.82	0.0
0.0	53.81333333333333	60.38666666666666	63.71333333333333	66.23333333333333	68.5	70.17333333333333	70.70666666666666	72.00666666666666	72.54	73.52666666666667	74.37333333333333	74.70666666666666	74.78666666666666	75.08666666666667	75.19333333333333	75.50666666666666	75.48	75.46666666666667	75.28	75.06	75.38	74.81333333333333	74.54666666666667	74.0	73.94666666666667	73.9	72.88666666666667	71.99333333333334	71.10666666666667	69.66	68.09333333333333	65.96	63.72	60.03333333333333	53.92666666666667	0.0
0.0	53.86	60.25333333333333	63.94	66.40666666666667	68.00666666666666	69.76666666666667	70.64	71.96	72.84666666666666	73.64	74.61333333333333	74.92	75.62666666666667	75.88666666666667	76.04	76.37333333333333	76.41333333333333	76.33333333333333	76.21333333333334	76.29333333333334	76.18666666666667	76.09333333333333	75.49333333333334	75.21333333333334	74.54	73.60666666666667	72.64666666666666	71.86	71.05333333333333	69.82666666666667	68.6	66.46	63.57333333333333	60.13333333333333	53.95333333333333	0.0
0.0	54.04666666666667	60.04	63.79333333333334	66.29333333333334	68.28	69.82666666666667	70.9	71.76666666666667	73.10666666666667	73.61333333333333	74.34666666666666	74.78	75.66666666666667	75.8	76.56	76.12	76.12	76.40666666666667	75.84	75.72	75.73333333333333	75.4	75.13333333333334	74.86666666666666	74.26666666666667	73.73333333333333	73.06	71.97333333333333	70.75333333333333	69.80666666666667	68.33333333333333	66.56666666666666	63.98	60.24	54.06	0.0
0.0	53.74666666666667	60.0	63.32666666666667	65.98666666666666	67.76	69.22	70.61333333333333	71.68666666666667	72.24	72.78	73.70666666666666	73.82666666666667	74.33333333333333	75.04666666666667	75.32	75.35333333333334	75.32666666666667	75.52666666666667	75.51333333333334	75.21333333333334	75.0	75.30666666666667	74.7	74.21333333333334	73.3	73.39333333333333	72.43333333333334	71.51333333333334	70.73333333333333	69.85333333333334	68.18666666666667	66.06666666666666	63.24666666666667	59.806666666666665	53.9	0.0
0.0	53.89333333333333	59.86	63.5	66.02666666666667	68.16	69.52666666666667	70.87333333333333	71.40666666666667	72.39333333333333	73.56666666666666	73.58	74.1	74.70666666666666	75.22	75.09333333333333	75.04	75.26666666666667	75.39333333333333	75.51333333333334	75.15333333333334	74.86666666666666	74.88666666666667	74.87333333333333	74.54666666666667	73.99333333333334	73.39333333333333	72.79333333333334	71.96	70.67333333333333	69.38	67.61333333333333	65.88666666666667	63.45333333333333	59.873333333333335	53.733333333333334	0.0
0.0	53.89333333333333	59.94	63.6	65.98666666666666	67.94666666666667	69.61333333333333	70.9	72.18	72.32	73.47333333333333	74.16666666666667	74.42666666666666	74.30666666666667	74.66666666666667	74.97333333333333	75.32666666666667	75.2	75.44666666666667	75.20666666666666	75.5	75.05333333333333	74.74666666666667	74.87333333333333	74.52666666666667	74.20666666666666	73.45333333333333	72.58666666666667	72.02	71.2	69.37333333333333	67.90666666666667	66.3	63.79333333333334	59.85333333333333	53.77333333333333	0.0
0.0	53.92666666666667	59.88666666666666	63.68666666666667	66.09333333333333	68.12666666666667	69.90666666666667	71.3	71.90666666666667	72.66	73.46666666666667	73.76	74.67333333333333	75.12666666666667	75.38666666666667	75.58666666666667	75.98	75.89333333333333	75.87333333333333	76.16666666666667	75.88	75.77333333333333	75.71333333333334	74.93333333333334	74.48666666666666	73.64	73.66	72.64666666666666	71.52	71.06	69.58	68.24666666666667	66.3	63.86666666666667	60.346666666666664	54.00666666666667	0.0
0.0	53.913333333333334	60.25333333333333	63.82	66.77333333333333	68.66	70.06	71.1	72.51333333333334	73.06	74.08666666666667	74.34	75.14666666666666	75.47333333333333	75.47333333333333	76.17333333333333	76.28666666666666	76.44666666666667	76.44666666666667	76.33333333333333	76.25333333333333	76.12666666666667	75.81333333333333	75.32	75.17333333333333	74.51333333333334	73.77333333333333	73.21333333333334	72.14	70.82	69.94	68.44	66.4	63.68	60.03333333333333	53.833333333333336	0.0
0.0	53.693333333333335	60.10666666666667	63.54	66.25333333333333	68.20666666666666	69.77333333333333	71.04666666666667	72.26	72.97333333333333	73.57333333333334	73.98	74.54666666666667	74.74	75.02	75.18666666666667	75.42	75.56666666666666	75.50666666666666	75.26666666666667	75.72	75.24666666666667	75.13333333333334	75.01333333333334	74.14	74.27333333333333	73.26	72.23333333333333	71.63333333333334	70.81333333333333	69.70666666666666	67.89333333333333	65.96	63.373333333333335	59.86666666666667	53.74	0.0
0.0	53.586666666666666	59.86	63.25333333333333	66.01333333333334	67.68666666666667	69.43333333333334	71.17333333333333	71.89333333333333	72.88	73.90666666666667	74.34666666666666	74.74666666666667	75.15333333333334	75.26	75.65333333333334	75.58666666666667	75.87333333333333	75.78	76.34	75.75333333333333	75.96	75.23333333333333	75.35333333333334	74.90666666666667	74.68	73.63333333333334	73.23333333333333	72.16666666666667	71.4	69.80666666666667	68.42666666666666	66.56666666666666	63.75333333333333	60.46	53.68666666666667	0.0
0.0	53.526666666666664	59.67333333333333	63.60666666666667	66.39333333333333	68.21333333333334	69.85333333333334	70.78666666666666	72.08666666666667	72.86	73.54	73.95333333333333	74.33333333333333	74.70666666666666	75.38	75.54666666666667	75.47333333333333	75.62666666666667	75.79333333333334	75.46666666666667	75.36	75.29333333333334	74.39333333333333	74.31333333333333	74.2	73.98	73.41333333333333	72.92666666666666	71.62	70.67333333333333	69.90666666666667	68.22666666666667	66.46	63.86666666666667	60.38666666666666	53.84	0.0
0.0	53.693333333333335	59.74	63.306666666666665	66.28	68.29333333333334	69.57333333333334	71.28	72.25333333333333	73.13333333333334	73.54666666666667	74.40666666666667	75.18666666666667	75.34666666666666	75.66666666666667	75.67333333333333	76.12	76.05333333333333	75.82666666666667	76.09333333333333	76.36	76.01333333333334	75.44	75.34666666666666	74.77333333333333	74.28666666666666	73.51333333333334	72.87333333333333	72.44	71.44666666666667	70.0	68.25333333333333	66.00666666666666	63.7	60.013333333333335	54.126666666666665	0.0
0.0	53.88666666666666	60.48	63.88666666666666	66.20666666666666	68.44	69.76	71.1	72.51333333333334	73.0	73.90666666666667	74.39333333333333	74.5	74.59333333333333	75.42666666666666	75.67333333333333	75.71333333333334	75.72666666666667	75.63333333333334	75.52	75.37333333333333	75.36666666666666	74.86666666666666	74.38	74.12666666666667	73.7	73.24	72.62	71.66	70.60666666666667	69.58666666666667	68.08	66.46	63.57333333333333	59.89333333333333	54.026666666666664	0.0
0.0	53.77333333333333	59.78	63.72666666666667	66.04	67.94666666666667	69.10666666666667	70.27333333333333	71.39333333333333	72.46	73.18666666666667	73.93333333333334	74.44	74.8	75.34666666666666	75.16666666666667	75.64	75.36	75.65333333333334	75.88	75.27333333333333	75.74	75.04666666666667	74.75333333333333	74.15333333333334	73.82	73.10666666666667	72.86666666666666	71.82666666666667	70.9	69.54	67.97333333333333	66.18	63.35333333333333	60.14666666666667	53.833333333333336	0.0
0.0	53.873333333333335	60.04	63.95333333333333	66.45333333333333	68.56666666666666	69.69333333333333	71.24666666666667	71.86	72.49333333333334	73.34666666666666	73.99333333333334	74.54	75.05333333333333	75.06666666666666	75.45333333333333	76.15333333333334	76.16666666666667	75.84	75.76666666666667	75.48	75.24	74.99333333333334	74.96	74.51333333333334	73.74666666666667	73.3	72.56666666666666	71.97333333333333	70.81333333333333	69.56666666666666	67.84666666666666	66.14666666666666	63.88	60.25333333333333	53.913333333333334	0.0
0.0	53.72	60.06	63.6	66.14666666666666	67.7	69.61333333333333	71.01333333333334	72.07333333333334	73.06	73.74666666666667	74.75333333333333	74.58	74.96666666666667	75.5	75.57333333333334	75.8	76.09333333333333	75.95333333333333	76.06666666666666	76.04666666666667	75.96	75.73333333333333	75.54666666666667	74.96	74.93333333333334	73.94666666666667	73.28666666666666	72.18666666666667	71.35333333333334	70.0	68.40666666666667	65.92666666666666	63.76	59.93333333333333	53.75333333333333	0.0
0.0	53.79333333333334	59.846666666666664	63.526666666666664	66.06	68.26	69.56666666666666	70.81333333333333	71.96666666666667	72.64666666666666	73.52666666666667	74.07333333333334	74.64666666666666	75.42666666666666	75.2	75.52	75.70666666666666	75.95333333333333	76.04666666666667	75.62666666666667	75.27333333333333	75.64	75.22	75.01333333333334	74.80666666666667	74.66666666666667	74.03333333333333	73.30666666666667	71.86	71.0	69.77333333333333	67.83333333333333	66.11333333333333	63.28	59.7	53.96666666666667	0.0
0.0	53.873333333333335	60.00666666666667	63.96	66.54	68.08	69.54666666666667	71.00666666666666	71.76	72.36666666666666	73.15333333333334	73.66666666666667	74.78666666666666	74.96	74.90666666666667	75.30666666666667	75.36666666666666	75.5	75.83333333333333	75.69333333333333	75.72666666666667	75.47333333333333	74.96666666666667	74.9	74.52666666666667	73.97333333333333	73.31333333333333	72.74	71.88666666666667	70.50666666666666	69.78	68.27333333333333	66.75333333333333	63.68	60.31333333333333	54.03333333333333	0.0
0.0	53.60666666666667	59.78666666666667	63.28	66.08	68.02	69.65333333333334	71.10666666666667	71.96	72.72666666666667	73.44666666666667	73.9	74.56	74.84666666666666	75.10666666666667	75.27333333333333	75.75333333333333	75.68666666666667	75.76666666666667	76.01333333333334	75.39333333333333	75.28666666666666	75.23333333333333	74.9	74.62	74.13333333333334	73.26	72.84666666666666	71.89333333333333	70.71333333333334	70.10666666666667	68.00666666666666	66.48666666666666	63.946666666666665	60.28	53.653333333333336	0.0
0.0	53.666666666666664	59.86	63.50666666666667	66.35333333333334	68.10666666666667	69.56	70.65333333333334	71.94	73.00666666666666	73.48	74.2	74.39333333333333	74.90666666666667	75.75333333333333	75.78666666666666	75.84	76.15333333333334	76.14	76.35333333333334	76.04	75.89333333333333	75.78	74.77333333333333	74.47333333333333	74.34	73.34	72.98666666666666	72.29333333333334	71.32666666666667	70.0	68.14	65.81333333333333	63.626666666666665	59.986666666666665	53.88	0.0
0.0	54.1	60.52	63.846666666666664	66.38666666666667	68.52666666666667	69.86	71.08666666666667	72.35333333333334	72.65333333333334	73.60666666666667	74.15333333333334	74.51333333333334	75.37333333333333	75.56	75.78	76.27333333333333	75.92666666666666	75.86	75.58	75.68	75.04666666666667	75.00666666666666	74.83333333333333	74.09333333333333	73.54666666666667	73.03333333333333	72.38	72.01333333333334	71.07333333333334	70.04	68.09333333333333	66.57333333333334	63.79333333333334	60.346666666666664	54.10666666666667	0.0
0.0	53.88	60.14	63.57333333333333	66.30666666666667	68.03333333333333	69.18666666666667	70.23333333333333	71.11333333333333	72.33333333333333	72.96	73.6	73.86	74.52666666666667	75.15333333333334	75.27333333333333	75.64	75.77333333333333	75.64666666666666	75.62666666666667	75.75333333333333	76.02	75.58666666666667	75.45333333333333	74.96	74.43333333333334	74.24666666666667	73.36	72.39333333333333	71.32666666666667	69.96666666666667	68.16666666666667	66.14	63.766666666666666	60.31333333333333	53.446666666666665	0.0
0.0	53.44	59.96666666666667	63.93333333333333	66.22	68.00666666666666	69.68666666666667	70.47333333333333	71.48	72.64	73.50666666666666	74.43333333333334	75.09333333333333	75.52666666666667	75.54	76.0	76.43333333333334	76.18666666666667	76.40666666666667	76.32	76.47333333333333	76.12	75.78	75.41333333333333	74.85333333333334	74.17333333333333	73.26	72.39333333333333	71.76	70.65333333333334	69.59333333333333	68.52	66.58666666666667	64.0	60.126666666666665	53.946666666666665	0.0
0.0	53.86666666666667	60.46	63.42666666666667	66.14	68.06666666666666	69.46666666666667	70.66	71.55333333333333	72.38	73.18	73.85333333333334	74.38	74.80666666666667	75.35333333333334	75.47333333333333	75.58	75.96666666666667	76.00666666666666	76.1	75.85333333333334	75.50666666666666	75.54666666666667	75.16666666666667	75.1	74.45333333333333	73.66	73.48666666666666	72.22666666666667	71.08666666666667	70.26	69.01333333333334	66.68	63.913333333333334	60.58	53.72666666666667	0.0
0.0	53.68666666666667	60.11333333333334	63.95333333333333	66.38	67.96666666666667	69.67333333333333	71.0	72.02	73.15333333333334	73.74	74.33333333333333	74.50666666666666	75.22666666666667	75.48666666666666	75.85333333333334	75.76666666666667	76.15333333333334	76.43333333333334	76.31333333333333	76.28	75.68666666666667	75.32666666666667	74.54666666666667	74.60666666666667	73.98	73.44	72.65333333333334	71.69333333333333	70.88666666666667	69.45333333333333	68.12	66.14666666666666	63.553333333333335	59.82	53.72666666666667	0.0
0.0	53.78666666666667	60.166666666666664	63.62	66.17333333333333	67.90666666666667	69.78666666666666	71.14	72.03333333333333	73.01333333333334	73.32666666666667	74.00666666666666	74.64666666666666	75.16666666666667	75.3	75.79333333333334	75.49333333333334	75.68666666666667	75.48	75.66	75.82666666666667	75.92	75.68	75.28	74.98	74.25333333333333	73.44	72.66	71.78	70.46666666666667	69.1	67.98666666666666	65.86666666666666	63.18	59.82	53.846666666666664	0.0
0.0	53.76	59.94	63.49333333333333	66.2	68.11333333333333	69.27333333333333	70.78666666666666	71.8	72.40666666666667	73.14	73.56666666666666	74.09333333333333	74.32666666666667	75.1	75.39333333333333	75.12	75.25333333333333	75.57333333333334	75.41333333333333	75.62666666666667	75.30666666666667	74.96666666666667	75.02	74.04666666666667	73.61333333333333	72.86666666666666	72.16	71.34	70.64	69.10666666666667	67.64	66.07333333333334	63.10666666666667	59.64	53.333333333333336	0.0
0.0	54.00666666666667	60.18	64.22666666666667	66.53333333333333	68.59333333333333	69.81333333333333	71.0	72.20666666666666	72.97333333333333	73.69333333333333	73.96666666666667	74.34666666666666	74.98666666666666	74.98	75.48	75.72666666666667	75.98	75.82	75.71333333333334	75.87333333333333	75.82	75.81333333333333	75.16	74.71333333333334	73.87333333333333	73.62666666666667	72.43333333333334	71.58	71.14666666666666	70.11333333333333	68.44	66.79333333333334	64.10666666666667	60.10666666666667	53.81333333333333	0.0
0.0	53.75333333333333	60.53333333333333	63.66	66.42	68.37333333333333	69.66	70.89333333333333	72.13333333333334	73.22666666666667	73.96666666666667	74.64	75.02	75.16	75.22666666666667	75.24	75.64666666666666	75.60666666666667	75.62	75.31333333333333	75.48666666666666	75.36	74.64	74.58666666666667	74.48	74.17333333333333	73.51333333333334	72.64666666666666	72.22666666666667	71.04666666666667	69.78666666666666	68.69333333333333	66.16666666666667	63.64	59.986666666666665	53.473333333333336	0.0
0.0	53.873333333333335	60.12	63.78	66.36	68.0	69.80666666666667	70.9	72.12	72.62	73.45333333333333	73.81333333333333	74.23333333333333	74.96666666666667	75.13333333333334	74.94	75.20666666666666	75.63333333333334	75.63333333333334	75.46666666666667	75.5	75.17333333333333	75.19333333333333	75.09333333333333	74.48	74.08	74.16	73.06666666666666	72.14	70.92666666666666	69.71333333333334	68.06666666666666	65.92666666666666	63.70666666666666	60.08	53.85333333333333	0.0
0.0	54.1	59.92666666666667	63.52	66.12666666666667	67.94666666666667	69.71333333333334	71.06	71.81333333333333	72.55333333333333	73.28	73.92	74.73333333333333	74.86	75.28666666666666	75.57333333333334	76.03333333333333	76.03333333333333	75.81333333333333	75.82666666666667	75.85333333333334	75.38666666666667	75.33333333333333	74.84	74.44	73.42	73.27333333333333	72.48666666666666	71.85333333333334	70.8	69.28	68.10666666666667	66.27333333333333	63.67333333333333	59.86666666666667	53.84	0.0
0.0	53.973333333333336	60.26	63.85333333333333	66.56	68.54666666666667	70.16	71.25333333333333	72.4	72.93333333333334	73.56	74.26666666666667	75.06	75.28666666666666	75.79333333333334	75.78	75.82	75.91333333333333	76.0	76.10666666666667	76.14666666666666	75.45333333333333	75.26	74.99333333333334	74.40666666666667	73.82	73.5	72.94	72.08666666666667	70.84666666666666	69.62666666666667	68.30666666666667	66.29333333333334	63.92	60.14	54.03333333333333	0.0
0.0	54.02	59.973333333333336	63.666666666666664	66.24666666666667	67.93333333333334	69.52666666666667	70.69333333333333	71.93333333333334	72.82	73.38	73.92666666666666	74.48666666666666	75.26	75.63333333333334	75.82	76.38	76.18	75.99333333333334	75.73333333333333	75.88666666666667	75.91333333333333	75.31333333333333	75.04	74.70666666666666	74.34	73.86666666666666	72.74	71.76	71.03333333333333	69.81333333333333	68.38666666666667	66.43333333333334	63.82	60.22666666666667	53.9	0.0
0.0	54.04666666666667	60.193333333333335	63.56666666666667	66.02	68.14	69.44	70.71333333333334	71.67333333333333	72.64	73.53333333333333	74.02	74.55333333333333	75.1	75.6	75.62	75.63333333333334	76.07333333333334	75.78	75.83333333333333	75.67333333333333	75.56	75.64	75.23333333333333	74.88666666666667	74.10666666666667	73.38666666666667	72.60666666666667	71.44	70.82666666666667	69.50666666666666	68.17333333333333	66.06	63.733333333333334	60.02	53.666666666666664	0.0
0.0	54.17333333333333	60.68666666666667	64.38666666666667	66.64	68.3	69.75333333333333	71.52	72.58	73.39333333333333	73.97333333333333	74.43333333333334	74.64666666666666	75.24666666666667	75.54	75.82666666666667	75.88	75.8	76.30666666666667	76.13333333333334	76.06	75.76666666666667	75.8	74.9	74.82666666666667	74.52	74.18666666666667	73.28666666666666	72.17333333333333	71.1	70.06	68.1	66.25333333333333	63.84	60.406666666666666	54.03333333333333	0.0
0.0	53.56666666666667	59.86666666666667	63.5	66.32666666666667	68.25333333333333	69.64666666666666	70.8	72.0	72.93333333333334	73.33333333333333	74.06	74.25333333333333	74.62666666666667	75.01333333333334	75.43333333333334	75.64666666666666	75.91333333333333	75.98	75.72	75.88	75.72	75.64	75.11333333333333	74.48	74.13333333333334	73.4	73.1	72.06	71.0	69.64666666666666	67.93333333333334	66.24666666666667	63.61333333333334	59.973333333333336	53.74666666666667	0.0
0.0	54.34	60.22666666666667	63.98	66.50666666666666	68.34666666666666	69.46	70.9	72.00666666666666	72.4	73.37333333333333	74.00666666666666	74.41333333333333	74.96	75.02	75.52	75.91333333333333	75.63333333333334	75.73333333333333	75.87333333333333	75.36	75.28	75.29333333333334	74.73333333333333	74.45333333333333	74.07333333333334	73.52666666666667	72.54666666666667	71.65333333333334	70.58	69.44	67.96666666666667	66.46666666666667	63.74	59.86	54.10666666666667	0.0
0.0	53.806666666666665	59.913333333333334	63.34	65.94666666666667	67.85333333333334	69.24666666666667	70.43333333333334	71.52	72.44666666666667	73.44666666666667	74.07333333333334	74.36666666666666	74.58	74.77333333333333	75.12666666666667	75.55333333333333	75.65333333333334	75.78	75.92	75.9	75.37333333333333	74.87333333333333	74.81333333333333	74.74666666666667	74.05333333333333	73.37333333333333	72.98666666666666	72.05333333333333	71.07333333333334	69.62666666666667	68.38	66.31333333333333	64.00666666666666	60.46	53.77333333333333	0.0
0.0	53.873333333333335	59.973333333333336	63.76	66.40666666666667	68.04666666666667	69.69333333333333	71.02666666666667	72.42	72.57333333333334	73.28	74.19333333333333	74.54666666666667	75.4	75.23333333333333	75.9	75.78	76.07333333333334	76.23333333333333	75.9	76.28	76.17333333333333	75.66	75.32	75.08666666666667	74.76	73.94	72.96	72.12666666666667	70.9	69.38666666666667	68.16	66.32666666666667	63.946666666666665	60.11333333333334	53.7	0.0
0.0	53.973333333333336	59.6	63.43333333333333	65.90666666666667	67.93333333333334	69.26666666666667	70.25333333333333	71.48	71.87333333333333	73.28	73.86	74.35333333333334	74.68	74.87333333333333	75.12	75.37333333333333	75.38	75.7	75.35333333333334	75.57333333333334	75.44	75.0	74.34	74.17333333333333	74.07333333333334	73.46	72.78666666666666	71.85333333333334	71.19333333333333	69.55333333333333	68.10666666666667	65.99333333333334	63.806666666666665	59.973333333333336	53.7	0.0
0.0	53.42666666666667	59.98	63.25333333333333	65.78666666666666	67.98666666666666	69.70666666666666	70.72	72.02	72.51333333333334	73.34666666666666	73.91333333333333	74.66666666666667	74.7	75.08666666666667	75.28666666666666	75.66666666666667	75.44	75.66666666666667	75.82	75.37333333333333	75.15333333333334	75.05333333333333	74.76666666666667	74.29333333333334	73.91333333333333	73.16666666666667	72.66666666666667	71.45333333333333	70.6	69.17333333333333	67.56	66.04666666666667	63.38	59.82666666666667	53.52	0.0
0.0	53.94	59.98	63.78	66.4	68.16666666666667	69.92666666666666	71.16	72.27333333333333	73.04	73.72	74.01333333333334	74.56	74.66	75.04	75.56	75.42666666666666	75.62	75.9	76.1	75.79333333333334	75.74	75.69333333333333	75.42	75.02666666666667	73.96666666666667	73.81333333333333	73.17333333333333	72.4	71.05333333333333	69.61333333333333	68.4	66.42	63.67333333333333	60.07333333333333	53.8	0.0
0.0	53.593333333333334	60.32666666666667	64.00666666666666	66.62666666666667	68.18666666666667	69.46	71.42666666666666	72.30666666666667	72.73333333333333	73.62	74.34666666666666	74.14666666666666	75.25333333333333	75.65333333333334	75.69333333333333	75.62666666666667	75.52	75.63333333333334	75.31333333333333	75.42666666666666	75.31333333333333	75.06	75.02666666666667	74.57333333333334	74.22666666666667	73.24666666666667	72.73333333333333	71.9	70.88	69.47333333333333	68.16666666666667	66.24	64.02	60.08	54.126666666666665	0.0
0.0	53.766666666666666	60.1	63.846666666666664	66.48	68.48	69.76666666666667	71.11333333333333	72.25333333333333	73.13333333333334	73.83333333333333	74.71333333333334	74.92	75.39333333333333	75.70666666666666	76.04	76.31333333333333	75.97333333333333	76.09333333333333	76.24	76.00666666666666	75.96	75.38666666666667	75.27333333333333	74.82	74.10666666666667	73.46666666666667	72.76666666666667	71.68666666666667	71.25333333333333	70.14	68.66	66.8	64.04666666666667	60.446666666666665	53.64	0.0
0.0	53.78	59.9	63.306666666666665	66.04666666666667	67.97333333333333	69.62666666666667	70.96666666666667	71.54666666666667	72.36666666666666	73.2	73.98	74.54666666666667	75.32	75.48	75.77333333333333	76.09333333333333	75.8	76.12666666666667	75.31333333333333	75.68	75.07333333333334	75.22666666666667	74.78	74.16666666666667	73.93333333333334	73.2	72.65333333333334	72.17333333333333	71.01333333333334	69.41333333333333	68.61333333333333	66.44	63.68666666666667	60.10666666666667	54.18666666666667	0.0
0.0	53.67333333333333	59.46	63.60666666666667	66.08666666666667	68.2	69.38	70.74666666666667	71.44666666666667	72.22666666666667	73.31333333333333	73.39333333333333	74.05333333333333	74.91333333333333	74.98	75.21333333333334	75.3	75.64666666666666	75.86	76.1	75.64666666666666	75.08	74.9	74.62666666666667	74.42666666666666	74.00666666666666	73.34666666666666	72.62	71.84	70.85333333333334	69.46666666666667	68.01333333333334	66.21333333333334	63.5	59.93333333333333	53.5	0.0
0.0	53.84	59.86	63.68666666666667	65.92666666666666	68.23333333333333	69.34666666666666	70.52	71.82666666666667	72.52	72.98666666666666	73.92	74.31333333333333	74.84	75.21333333333334	75.5	75.66	76.18	75.81333333333333	75.71333333333334	75.51333333333334	75.62666666666667	75.24	74.85333333333334	74.59333333333333	74.46	73.66	73.45333333333333	72.22	71.46	70.63333333333334	68.42	66.61333333333333	63.79333333333334	60.18666666666667	53.75333333333333	0.0
0.0	53.96666666666667	60.20666666666666	63.85333333333333	66.13333333333334	68.0	69.29333333333334	70.84	71.44	72.56666666666666	73.50666666666666	74.10666666666667	74.48	74.77333333333333	74.91333333333333	75.3	75.12666666666667	75.52666666666667	75.72666666666667	75.68	75.6	75.26666666666667	75.28666666666666	74.67333333333333	74.65333333333334	74.28666666666666	73.47333333333333	72.75333333333333	72.15333333333334	71.08	69.86666666666666	68.35333333333334	66.41333333333333	63.7	60.28666666666667	53.906666666666666	0.0
0.0	53.986666666666665	59.733333333333334	63.50666666666667	66.06666666666666	68.34	69.5	70.66	71.78666666666666	72.26666666666667	73.28	73.70666666666666	73.88	74.67333333333333	75.26666666666667	75.51333333333334	75.69333333333333	75.98666666666666	76.22	75.97333333333333	75.86666666666666	75.67333333333333	75.53333333333333	75.21333333333334	74.72666666666667	74.15333333333334	73.64666666666666	72.78666666666666	71.43333333333334	70.40666666666667	69.57333333333334	68.14	66.29333333333334	63.72	60.346666666666664	53.88666666666666	0.0
0.0	53.666666666666664	59.71333333333333	63.56666666666667	65.93333333333334	67.93333333333334	69.28	70.70666666666666	71.82	72.44	73.08666666666667	74.01333333333334	74.16666666666667	74.68	75.3	75.37333333333333	75.54	75.84	76.11333333333333	75.91333333333333	75.78666666666666	75.78	75.32	75.32	74.98666666666666	74.02	73.19333333333333	72.51333333333334	71.66	70.64	69.0	67.67333333333333	65.55333333333333	63.39333333333333	59.873333333333335	53.593333333333334	0.0
0.0	53.913333333333334	59.846666666666664	63.62	66.17333333333333	67.87333333333333	69.28	70.96	71.88666666666667	73.02666666666667	73.51333333333334	74.22666666666667	74.90666666666667	75.06666666666666	75.88	75.64	76.09333333333333	76.23333333333333	76.36	75.99333333333334	76.16666666666667	75.73333333333333	75.48666666666666	75.48	75.11333333333333	74.42666666666666	73.73333333333333	72.87333333333333	72.03333333333333	71.16	69.79333333333334	68.26666666666667	66.15333333333334	63.446666666666665	59.693333333333335	53.68666666666667	0.0
0.0	53.70666666666666	60.2	63.74666666666667	66.16	68.26	69.86	70.98	71.96	72.66666666666667	73.54666666666667	74.24666666666667	74.95333333333333	75.64	75.86	75.62	75.96666666666667	76.14	75.95333333333333	75.95333333333333	76.14	75.91333333333333	75.55333333333333	75.04666666666667	74.88666666666667	74.35333333333334	73.77333333333333	72.98	71.87333333333333	71.13333333333334	69.5	68.20666666666666	66.22	63.39333333333333	59.85333333333333	53.8	0.0
0.0	54.013333333333335	59.98	63.8	66.12666666666667	68.41333333333333	69.63333333333334	70.84666666666666	71.6	72.5	72.96	73.99333333333334	74.12666666666667	74.48666666666666	74.95333333333333	75.05333333333333	75.28666666666666	75.58666666666667	75.58	75.48666666666666	75.37333333333333	75.34666666666666	74.88	74.39333333333333	74.24666666666667	73.63333333333334	72.92666666666666	72.18	71.46	70.81333333333333	69.48666666666666	67.78666666666666	66.2	63.46666666666667	59.92666666666667	53.96	0.0
0.0	54.013333333333335	59.96	64.08666666666667	66.30666666666667	68.20666666666666	69.7	70.97333333333333	71.82666666666667	72.46666666666667	73.17333333333333	73.85333333333334	74.63333333333334	74.58666666666667	75.04666666666667	75.28	75.18	75.38	75.56	75.58666666666667	75.60666666666667	74.97333333333333	74.78666666666666	74.62	74.09333333333333	73.9	73.30666666666667	72.98	72.17333333333333	71.37333333333333	70.26	68.58	66.41333333333333	64.16	60.53333333333333	53.85333333333333	0.0
0.0	54.04	60.513333333333335	63.85333333333333	66.24666666666667	67.91333333333333	69.58666666666667	71.07333333333334	72.09333333333333	72.88666666666667	73.67333333333333	74.10666666666667	74.46666666666667	74.49333333333334	75.18666666666667	75.23333333333333	76.00666666666666	75.7	75.79333333333334	75.56	75.67333333333333	75.45333333333333	75.18666666666667	74.9	74.70666666666666	74.27333333333333	73.86	73.04666666666667	71.92666666666666	70.95333333333333	69.75333333333333	68.42	66.20666666666666	63.76	60.22	53.86	0.0
0.0	53.9	60.306666666666665	64.19333333333333	66.93333333333334	68.83333333333333	70.41333333333333	70.87333333333333	71.93333333333334	72.97333333333333	73.84666666666666	74.48666666666666	74.76666666666667	75.39333333333333	75.32666666666667	76.02666666666667	76.13333333333334	76.42666666666666	75.9	75.84	75.87333333333333	75.76666666666667	75.15333333333334	75.22	74.69333333333333	74.28666666666666	73.86	72.72	71.78	70.98666666666666	69.54666666666667	68.34	66.12666666666667	63.986666666666665	60.21333333333333	53.88	0.0
0.0	53.78	59.96	63.64666666666667	66.6	68.38666666666667	69.88666666666667	71.27333333333333	71.94666666666667	72.91333333333333	73.63333333333334	73.98666666666666	74.67333333333333	75.4	75.49333333333334	75.67333333333333	75.62666666666667	75.78666666666666	76.47333333333333	75.92666666666666	75.84666666666666	75.51333333333334	75.02	74.81333333333333	74.69333333333333	74.18666666666667	73.47333333333333	73.0	72.06666666666666	71.20666666666666	70.10666666666667	68.58666666666667	66.55333333333333	64.38	60.18	54.03333333333333	0.0
0.0	53.71333333333333	60.28666666666667	63.906666666666666	66.14666666666666	68.06	69.44	70.42	71.75333333333333	72.35333333333334	73.21333333333334	73.9	74.29333333333334	75.05333333333333	75.08	75.54	75.33333333333333	75.50666666666666	75.48666666666666	75.48	74.96	75.02	74.72	74.63333333333334	74.44	73.9	73.42	72.42	71.56	70.48666666666666	69.36666666666666	68.47333333333333	66.34666666666666	63.626666666666665	60.473333333333336	54.093333333333334	0.0
0.0	53.986666666666665	60.67333333333333	64.09333333333333	67.28666666666666	68.81333333333333	69.74666666666667	71.14	72.62666666666667	73.81333333333333	74.42	74.96	75.48	75.93333333333334	76.24	76.56	76.24666666666667	76.72	76.54666666666667	76.45333333333333	76.72	76.72666666666667	76.13333333333334	75.52666666666667	75.22666666666667	74.72666666666667	74.04	73.34	72.66666666666667	71.51333333333334	70.25333333333333	68.79333333333334	66.57333333333334	63.553333333333335	60.13333333333333	54.333333333333336	0.0
0.0	54.04	60.126666666666665	64.02	66.82666666666667	68.70666666666666	69.90666666666667	70.87333333333333	71.96666666666667	72.83333333333333	73.44666666666667	74.27333333333333	75.06	75.5	75.90666666666667	76.10666666666667	76.14	76.13333333333334	76.22666666666667	76.06	75.96666666666667	75.68	75.43333333333334	75.01333333333334	74.53333333333333	73.78	73.45333333333333	72.58	71.90666666666667	71.06666666666666	69.84666666666666	68.22666666666667	66.35333333333334	64.04666666666667	59.846666666666664	53.92666666666667	0.0
0.0	53.64666666666667	60.43333333333333	63.833333333333336	66.21333333333334	68.42	69.54666666666667	70.5	72.04	72.70666666666666	73.20666666666666	73.95333333333333	74.92	75.38	75.78	75.72666666666667	76.09333333333333	76.32	76.34	76.38666666666667	76.24	75.63333333333334	75.55333333333333	75.01333333333334	75.19333333333333	74.78666666666666	73.97333333333333	73.05333333333333	72.11333333333333	71.32	70.25333333333333	68.65333333333334	66.46	63.94	60.13333333333333	54.24	0.0
0.0	53.81333333333333	60.086666666666666	63.85333333333333	66.61333333333333	68.27333333333333	69.72666666666667	70.94	71.96	72.91333333333333	74.06	74.4	74.64	74.80666666666667	74.95333333333333	75.19333333333333	75.39333333333333	75.62666666666667	75.55333333333333	75.7	75.86	75.62	74.97333333333333	74.89333333333333	74.70666666666666	74.32	73.56666666666666	72.74666666666667	71.74	70.61333333333333	69.79333333333334	68.34666666666666	66.22666666666667	64.12666666666667	59.766666666666666	53.72666666666667	0.0
0.0	53.46666666666667	59.666666666666664	63.20666666666666	66.04	68.17333333333333	69.18666666666667	70.5	71.71333333333334	72.32666666666667	73.13333333333334	73.74666666666667	74.08666666666667	74.68	75.04666666666667	75.30666666666667	75.38	75.72	75.83333333333333	75.36	75.28	75.41333333333333	74.96666666666667	74.52666666666667	74.26	74.04666666666667	73.54666666666667	72.37333333333333	71.66	70.68666666666667	69.42	67.88666666666667	66.11333333333333	63.66	59.72666666666667	53.42	0.0
0.0	53.94	60.18666666666667	64.24666666666667	66.88	69.04	70.58	71.49333333333334	72.56	73.36666666666666	73.76666666666667	74.63333333333334	74.91333333333333	75.34	75.59333333333333	76.06666666666666	76.28	75.92	76.18	76.1	75.92	76.21333333333334	75.80666666666667	75.33333333333333	74.96666666666667	74.42666666666666	73.53333333333333	72.73333333333333	72.1	71.02666666666667	69.61333333333333	68.36	66.65333333333334	64.02666666666667	60.153333333333336	54.22	0.0
0.0	53.86	60.08	63.806666666666665	66.08	68.14666666666666	69.86666666666666	70.75333333333333	72.22	72.8	73.3	73.73333333333333	74.5	75.05333333333333	75.56	75.89333333333333	75.52666666666667	75.88	75.87333333333333	76.12666666666667	75.76	75.55333333333333	75.36	74.42	74.12	73.28666666666666	72.90666666666667	71.97333333333333	71.57333333333334	70.43333333333334	69.59333333333333	67.92666666666666	66.44	63.75333333333333	60.053333333333335	53.78666666666667	0.0
0.0	53.913333333333334	60.16	63.81333333333333	66.34	68.32666666666667	70.10666666666667	71.08666666666667	72.21333333333334	72.71333333333334	73.84	74.20666666666666	74.58666666666667	75.17333333333333	75.46666666666667	75.84666666666666	76.04666666666667	76.34666666666666	76.34	75.80666666666667	75.55333333333333	75.53333333333333	75.46666666666667	75.0	74.82	73.98	73.63333333333334	72.94	71.68	70.91333333333333	69.94666666666667	68.33333333333333	66.70666666666666	63.973333333333336	60.39333333333333	53.56666666666667	0.0
0.0	53.81333333333333	60.32666666666667	64.16	66.67333333333333	68.56	70.30666666666667	71.34	71.68	72.58666666666667	73.3	74.02666666666667	74.33333333333333	74.5	74.89333333333333	74.98666666666666	75.33333333333333	75.25333333333333	75.66	75.54	75.64	75.73333333333333	75.36	75.2	74.7	73.88	73.4	72.92666666666666	71.54666666666667	70.98	69.77333333333333	68.54	66.14666666666666	63.67333333333333	60.34	53.766666666666666	0.0
0.0	53.53333333333333	60.22	63.833333333333336	66.40666666666667	68.34666666666666	69.86666666666666	71.18666666666667	72.24	73.13333333333334	73.74666666666667	74.24666666666667	74.91333333333333	75.14666666666666	75.32666666666667	76.04666666666667	75.67333333333333	76.24666666666667	76.36	76.21333333333334	76.24666666666667	75.88	75.46666666666667	74.99333333333334	74.73333333333333	74.24	73.65333333333334	73.07333333333334	72.00666666666666	71.46	70.45333333333333	68.81333333333333	66.79333333333334	63.9	60.48	53.833333333333336	0.0
0.0	53.833333333333336	60.04666666666667	63.64666666666667	65.97333333333333	67.92666666666666	69.66	70.70666666666666	71.92666666666666	72.58	73.24	74.04666666666667	74.5	75.09333333333333	75.02	75.19333333333333	75.35333333333334	75.44666666666667	75.83333333333333	75.66666666666667	75.74	75.44666666666667	75.34	75.06	74.5	73.94	73.03333333333333	72.42666666666666	71.79333333333334	70.9	69.47333333333333	68.01333333333334	65.99333333333334	63.64666666666667	60.00666666666667	53.32666666666667	0.0
0.0	53.8	60.13333333333333	63.913333333333334	66.62666666666667	68.49333333333334	69.80666666666667	71.20666666666666	71.98	72.91333333333333	73.5	74.06	74.58	75.1	74.90666666666667	75.44	75.69333333333333	75.84	75.68	75.68	75.68	75.28	75.56666666666666	74.97333333333333	74.36	74.01333333333334	73.48	72.82666666666667	71.96666666666667	70.75333333333333	69.47333333333333	67.98666666666666	66.31333333333333	63.82	59.98	53.70666666666666	0.0
0.0	53.84	60.07333333333333	63.43333333333333	66.64	68.24	69.79333333333334	70.71333333333334	71.74	72.58666666666667	73.22666666666667	74.08666666666667	74.56	74.74666666666667	75.26666666666667	75.94666666666667	75.78666666666666	75.47333333333333	75.65333333333334	75.49333333333334	75.26666666666667	74.78	74.8	74.78	74.32	73.92666666666666	72.97333333333333	72.65333333333334	71.77333333333333	70.96666666666667	69.58666666666667	67.72	65.86666666666666	63.653333333333336	59.946666666666665	53.86666666666667	0.0
0.0	53.973333333333336	59.95333333333333	63.24	65.80666666666667	67.61333333333333	69.33333333333333	70.68	71.85333333333334	72.61333333333333	73.62666666666667	74.55333333333333	74.74666666666667	74.7	75.14	75.45333333333333	75.77333333333333	75.67333333333333	76.02	75.72	75.46	75.34	75.14666666666666	74.7	73.95333333333333	73.75333333333333	73.30666666666667	72.65333333333334	71.68	70.48	69.26	67.9	66.12	63.266666666666666	59.54666666666667	53.946666666666665	0.0
0.0	54.32	60.45333333333333	63.92666666666667	66.81333333333333	68.15333333333334	69.78	71.01333333333334	72.24666666666667	73.00666666666666	73.64666666666666	74.19333333333333	74.43333333333334	75.1	75.18666666666667	75.22666666666667	75.38	75.61333333333333	75.23333333333333	75.50666666666666	75.7	75.62666666666667	75.52	75.33333333333333	74.46	73.95333333333333	74.06666666666666	73.21333333333334	72.28666666666666	71.78666666666666	70.2	68.76	66.73333333333333	64.13333333333334	60.36	54.2	0.0
0.0	53.873333333333335	59.98	63.56	66.27333333333333	68.3	70.06	71.34	72.39333333333333	73.14666666666666	73.89333333333333	74.48	75.28	74.95333333333333	75.6	75.90666666666667	76.00666666666666	76.07333333333334	76.22	76.18	76.26666666666667	76.06	75.83333333333333	75.3	75.06666666666666	74.54666666666667	74.19333333333333	73.45333333333333	72.36666666666666	71.32666666666667	70.13333333333334	68.61333333333333	66.50666666666666	64.21333333333334	60.1	53.766666666666666	0.0
0.0	53.96	60.07333333333333	64.17333333333333	66.37333333333333	68.36666666666666	69.85333333333334	71.04	71.80666666666667	72.81333333333333	73.84666666666666	74.36666666666666	74.57333333333334	74.92666666666666	75.35333333333334	75.0	75.33333333333333	75.62	75.82666666666667	75.86	75.62666666666667	75.36	75.31333333333333	75.27333333333333	74.77333333333333	73.81333333333333	73.49333333333334	72.81333333333333	72.06666666666666	70.99333333333334	69.56	68.12666666666667	66.28	63.75333333333333	60.3	53.82666666666667	0.0
0.0	53.64	59.95333333333333	63.79333333333334	66.00666666666666	67.86	69.29333333333334	70.74	71.98	72.69333333333333	73.6	74.04666666666667	74.68666666666667	75.18666666666667	75.53333333333333	75.77333333333333	75.6	76.13333333333334	76.18666666666667	75.74666666666667	76.22	75.94666666666667	75.63333333333334	75.19333333333333	74.48666666666666	74.05333333333333	72.83333333333333	72.70666666666666	72.04666666666667	70.66	69.48666666666666	67.94	66.02666666666667	63.53333333333333	59.913333333333334	54.093333333333334	0.0
0.0	53.81333333333333	60.18	63.75333333333333	66.58	68.08	69.72	70.83333333333333	71.79333333333334	72.86666666666666	73.48	74.12666666666667	74.28666666666666	74.9	75.03333333333333	75.6	75.86	75.83333333333333	75.59333333333333	75.92666666666666	75.34666666666666	75.24	74.81333333333333	74.26666666666667	73.88666666666667	73.64	73.13333333333334	72.38	71.35333333333334	70.81333333333333	69.28	67.77333333333333	65.94	63.57333333333333	59.96	53.56666666666667	0.0
0.0	53.63333333333333	59.846666666666664	64.00666666666666	66.30666666666667	68.43333333333334	69.9	71.11333333333333	72.18666666666667	73.07333333333334	73.66666666666667	74.58	74.94666666666667	75.22666666666667	75.32	76.08	76.38666666666667	76.36	76.16	76.15333333333334	76.14666666666666	76.05333333333333	75.82	75.38666666666667	75.08666666666667	74.92	74.36666666666666	73.50666666666666	72.63333333333334	71.66	70.32	68.8	66.71333333333334	64.02666666666667	60.32	53.95333333333333	0.0
0.0	53.64666666666667	60.2	63.84	66.77333333333333	68.29333333333334	70.02	71.28666666666666	72.63333333333334	73.21333333333334	73.96	74.36	75.05333333333333	75.30666666666667	75.76666666666667	75.7	75.70666666666666	75.66	76.00666666666666	75.58	75.62666666666667	75.54	75.54	74.69333333333333	74.97333333333333	74.10666666666667	73.64	73.32666666666667	72.37333333333333	71.49333333333334	70.20666666666666	68.54666666666667	66.64666666666666	64.22	60.46	54.28666666666667	0.0
0.0	53.71333333333333	60.093333333333334	63.733333333333334	66.26666666666667	68.14666666666666	69.33333333333333	71.16	71.78	72.37333333333333	73.62666666666667	74.14666666666666	74.81333333333333	74.72	75.65333333333334	75.53333333333333	75.68	75.50666666666666	75.7	75.90666666666667	75.98	75.65333333333334	75.13333333333334	75.2	74.46	74.21333333333334	73.48	73.08666666666667	71.68666666666667	71.06	69.72	68.13333333333334	66.04	63.16	59.846666666666664	53.95333333333333	0.0
0.0	53.67333333333333	59.96	63.346666666666664	66.14	68.14666666666666	69.61333333333333	70.78	71.91333333333333	72.72666666666667	73.34666666666666	73.74666666666667	74.32	75.08	75.44	75.45333333333333	75.58666666666667	75.6	75.48666666666666	75.54	75.55333333333333	75.46	75.2	74.67333333333333	74.38666666666667	73.87333333333333	73.47333333333333	72.95333333333333	71.76	70.74666666666667	69.56666666666666	68.02666666666667	66.24	63.52	59.913333333333334	53.76	0.0
0.0	53.42	59.833333333333336	63.346666666666664	65.92666666666666	68.07333333333334	69.87333333333333	70.99333333333334	71.92	72.98666666666666	73.66	74.21333333333334	74.87333333333333	75.4	75.84	75.79333333333334	75.77333333333333	75.66	75.57333333333334	75.48666666666666	75.41333333333333	75.42	75.25333333333333	75.01333333333334	74.45333333333333	73.82666666666667	73.50666666666666	72.53333333333333	71.42666666666666	70.62666666666667	69.07333333333334	67.46	66.12666666666667	63.346666666666664	59.50666666666667	54.013333333333335	0.0
0.0	53.53333333333333	59.68	63.39333333333333	65.62666666666667	67.52666666666667	69.11333333333333	70.18666666666667	71.07333333333334	72.10666666666667	72.92666666666666	73.66666666666667	74.27333333333333	74.58	74.57333333333334	75.62666666666667	75.18666666666667	75.42666666666666	75.42666666666666	75.36666666666666	75.39333333333333	75.27333333333333	75.15333333333334	74.84	74.1	73.14	73.03333333333333	72.43333333333334	71.76666666666667	70.88666666666667	69.83333333333333	67.93333333333334	65.98666666666666	63.373333333333335	59.52	53.513333333333335	0.0
0.0	53.906666666666666	60.3	63.833333333333336	66.72666666666667	68.13333333333334	69.84666666666666	70.98666666666666	72.57333333333334	72.90666666666667	73.82666666666667	74.00666666666666	74.64	75.23333333333333	75.76	76.18	76.16	76.01333333333334	76.14666666666666	75.68	75.72	75.72	75.38666666666667	74.88	74.59333333333333	74.04	73.56	73.15333333333334	72.16	70.74	69.79333333333334	67.92666666666666	65.94	63.346666666666664	59.92	53.906666666666666	0.0
0.0	53.39333333333333	59.88	63.81333333333333	66.28	68.48666666666666	69.66666666666667	71.04	71.90666666666667	72.9	73.38666666666667	74.27333333333333	74.76666666666667	75.56666666666666	75.58666666666667	75.86	76.25333333333333	76.39333333333333	76.60666666666667	76.20666666666666	75.98666666666666	75.38666666666667	75.56666666666666	75.1	75.03333333333333	75.00666666666666	73.94	73.42666666666666	72.51333333333334	71.15333333333334	70.0	68.38	66.08666666666667	63.82	60.38	53.68666666666667	0.0
0.0	54.126666666666665	60.06666666666667	63.58	66.12	67.93333333333334	69.55333333333333	70.97333333333333	71.95333333333333	72.87333333333333	73.39333333333333	74.12	74.53333333333333	74.64666666666666	74.88	75.01333333333334	75.05333333333333	75.02	74.84	75.0	75.24666666666667	75.01333333333334	74.88	74.92	74.46666666666667	73.72666666666667	73.59333333333333	72.78666666666666	71.80666666666667	70.71333333333334	69.35333333333334	68.15333333333334	66.0	63.56666666666667	59.92666666666667	53.76	0.0
0.0	54.013333333333335	60.27333333333333	63.733333333333334	66.31333333333333	67.84	69.75333333333333	70.68	71.77333333333333	72.3	73.42	74.04	74.51333333333334	75.14	75.41333333333333	75.68	75.95333333333333	76.14666666666666	76.19333333333333	76.06	75.95333333333333	76.05333333333333	75.75333333333333	75.65333333333334	74.92	74.17333333333333	73.52	72.67333333333333	71.87333333333333	71.06	69.74	68.22666666666667	66.06666666666666	63.766666666666666	59.913333333333334	54.1	0.0
0.0	54.04666666666667	60.28	64.15333333333334	67.15333333333334	68.86	69.99333333333334	71.53333333333333	72.45333333333333	73.25333333333333	74.08666666666667	74.92	75.30666666666667	75.98	76.23333333333333	76.00666666666666	76.18666666666667	76.44666666666667	76.32666666666667	76.55333333333333	76.46666666666667	76.34666666666666	75.69333333333333	75.41333333333333	75.30666666666667	74.8	74.42666666666666	73.27333333333333	72.78	71.13333333333334	70.27333333333333	68.49333333333334	66.69333333333333	64.49333333333334	60.52	54.126666666666665	0.0
0.0	53.53333333333333	59.92666666666667	63.71333333333333	66.18666666666667	68.11333333333333	69.76666666666667	70.97333333333333	72.18666666666667	72.87333333333333	73.62666666666667	74.16	74.44666666666667	75.07333333333334	75.69333333333333	75.74	75.86666666666666	76.06	75.93333333333334	75.9	75.9	75.64	75.70666666666666	75.02	74.55333333333333	74.28666666666666	73.75333333333333	73.00666666666666	71.99333333333334	71.14	70.02666666666667	68.19333333333333	66.48	63.593333333333334	60.04	53.846666666666664	0.0
0.0	53.68	59.906666666666666	63.63333333333333	66.10666666666667	68.29333333333334	69.78	71.13333333333334	72.31333333333333	73.1	73.77333333333333	74.35333333333334	74.96666666666667	74.98	75.27333333333333	76.02666666666667	75.88666666666667	75.94666666666667	75.57333333333334	75.77333333333333	75.72	75.44666666666667	75.07333333333334	74.92666666666666	74.59333333333333	73.96666666666667	73.26666666666667	72.47333333333333	71.86666666666666	70.81333333333333	69.50666666666666	68.22	66.44	64.06	60.18666666666667	54.04666666666667	0.0
0.0	53.806666666666665	60.04	64.02	66.48666666666666	68.48666666666666	70.09333333333333	71.48	72.33333333333333	73.08666666666667	74.37333333333333	74.64666666666666	75.01333333333334	75.41333333333333	75.35333333333334	75.79333333333334	76.04666666666667	76.1	75.82	75.70666666666666	75.58666666666667	75.67333333333333	75.24	74.79333333333334	74.4	74.19333333333333	73.26666666666667	72.40666666666667	71.76	70.80666666666667	69.84666666666666	68.39333333333333	66.3	63.39333333333333	59.96666666666667	53.31333333333333	0.0
0.0	53.93333333333333	59.906666666666666	63.54	66.26	67.92	69.84	71.08666666666667	71.74	72.22666666666667	73.10666666666667	73.94	74.74	74.93333333333334	75.06	75.34666666666666	75.32	75.4	75.22	75.60666666666667	75.63333333333334	75.4	75.31333333333333	74.80666666666667	74.56	74.06	73.40666666666667	72.62	71.64	70.57333333333334	69.48666666666666	68.07333333333334	66.02666666666667	63.02	60.04666666666667	53.54666666666667	0.0
0.0	53.70666666666666	60.10666666666667	63.50666666666667	66.01333333333334	68.10666666666667	69.32666666666667	70.28666666666666	71.23333333333333	72.36666666666666	73.01333333333334	74.10666666666667	74.25333333333333	74.84666666666666	75.08666666666667	75.3	75.46	75.35333333333334	75.54	75.86	76.15333333333334	75.28	74.81333333333333	74.73333333333333	74.46666666666667	73.74	73.22666666666667	72.69333333333333	71.38666666666667	70.43333333333334	69.54666666666667	67.72	65.74	63.06	59.846666666666664	53.50666666666667	0.0
0.0	54.20666666666666	60.39333333333333	64.18	66.48	68.34666666666666	70.50666666666666	71.40666666666667	72.2	73.24666666666667	74.09333333333333	74.91333333333333	75.28666666666666	75.57333333333334	75.32666666666667	75.62666666666667	76.14	75.72666666666667	76.18	76.27333333333333	76.25333333333333	76.20666666666666	75.74666666666667	75.35333333333334	75.26666666666667	75.01333333333334	73.86666666666666	73.4	72.49333333333334	71.38666666666667	70.22	68.45333333333333	66.83333333333333	63.82666666666667	60.04666666666667	53.70666666666666	0.0
0.0	53.57333333333333	60.346666666666664	63.693333333333335	66.24	67.93333333333334	69.15333333333334	70.73333333333333	71.71333333333334	72.52	73.13333333333334	74.03333333333333	74.13333333333334	74.88666666666667	75.1	75.01333333333334	75.07333333333334	74.96666666666667	75.4	75.64	75.24666666666667	75.27333333333333	74.68	74.33333333333333	74.22666666666667	73.86	73.34	72.56666666666666	72.06	71.10666666666667	69.60666666666667	68.12	66.25333333333333	63.89333333333333	60.553333333333335	54.11333333333334	0.0
0.0	53.86	59.513333333333335	64.00666666666666	66.33333333333333	68.24666666666667	69.77333333333333	70.85333333333334	72.04	72.52666666666667	73.49333333333334	74.48	74.78	74.64666666666666	75.28	75.87333333333333	75.90666666666667	75.92666666666666	76.03333333333333	76.06	75.97333333333333	75.89333333333333	75.51333333333334	74.90666666666667	74.85333333333334	74.36666666666666	73.63333333333334	72.76666666666667	71.93333333333334	71.16	69.92	68.38666666666667	66.28	63.68666666666667	60.193333333333335	53.57333333333333	0.0
0.0	53.626666666666665	60.06	63.99333333333333	66.72666666666667	67.99333333333334	69.70666666666666	70.99333333333334	71.91333333333333	73.04	73.59333333333333	74.18666666666667	74.51333333333334	75.28	75.41333333333333	75.53333333333333	75.9	76.14	76.14666666666666	76.54666666666667	75.9	75.78	75.42	75.31333333333333	74.28666666666666	74.14666666666666	73.59333333333333	73.13333333333334	72.11333333333333	70.9	69.66	68.35333333333334	66.26	63.946666666666665	60.053333333333335	53.68666666666667	0.0
0.0	53.99333333333333	60.35333333333333	64.05333333333333	66.58666666666667	68.68666666666667	70.03333333333333	71.22666666666667	72.2	72.94666666666667	73.52666666666667	73.96	74.49333333333334	75.07333333333334	75.52	75.86	76.05333333333333	75.81333333333333	76.24666666666667	76.30666666666667	75.82	75.76666666666667	75.33333333333333	75.16	74.92666666666666	74.47333333333333	73.57333333333334	73.06666666666666	72.28	71.48	70.03333333333333	68.78666666666666	66.64666666666666	64.14	60.27333333333333	54.14666666666667	0.0
0.0	54.126666666666665	60.34	63.973333333333336	66.36	68.64666666666666	69.58666666666667	71.24	71.86	72.91333333333333	73.94666666666667	74.85333333333334	75.05333333333333	75.32	76.03333333333333	75.89333333333333	76.02666666666667	76.13333333333334	76.60666666666667	76.40666666666667	76.0	75.80666666666667	75.42	75.04666666666667	75.17333333333333	74.67333333333333	73.88	73.16666666666667	72.09333333333333	71.25333333333333	69.71333333333334	68.19333333333333	66.44666666666667	63.666666666666664	60.13333333333333	54.21333333333333	0.0
0.0	53.93333333333333	59.86666666666667	63.92	66.20666666666666	68.32666666666667	69.47333333333333	70.9	71.88	72.59333333333333	73.74	74.22	74.56666666666666	74.81333333333333	75.2	75.7	75.67333333333333	75.58666666666667	76.06666666666666	75.80666666666667	75.48666666666666	75.58666666666667	75.16	74.54	74.81333333333333	74.56	73.95333333333333	73.29333333333334	72.61333333333333	71.52	70.14666666666666	68.6	66.60666666666667	63.946666666666665	59.99333333333333	53.8	0.0
0.0	53.56666666666667	60.04	63.42	66.20666666666666	67.96	69.42	70.56	71.65333333333334	72.56	73.09333333333333	73.74	74.02666666666667	74.42666666666666	74.54	75.31333333333333	75.74	75.43333333333334	75.68	75.6	75.54666666666667	75.58666666666667	75.62	75.17333333333333	74.64	74.1	73.70666666666666	73.1	72.04666666666667	70.72	69.55333333333333	67.98666666666666	66.24	63.52	60.04	54.153333333333336	0.0
0.0	53.666666666666664	60.04	63.22	66.14666666666666	68.26	69.74666666666667	70.88	71.44666666666667	72.64666666666666	73.67333333333333	73.98666666666666	74.58666666666667	74.7	74.93333333333334	75.36	75.46	75.55333333333333	75.94666666666667	75.74666666666667	75.80666666666667	75.30666666666667	75.26	75.02666666666667	74.58	73.97333333333333	73.60666666666667	72.74666666666667	72.4	71.42666666666666	70.05333333333333	68.78	66.38	64.09333333333333	60.45333333333333	53.806666666666665	0.0
0.0	53.63333333333333	59.873333333333335	63.406666666666666	66.42666666666666	68.17333333333333	69.67333333333333	70.70666666666666	71.94	72.8	73.35333333333334	74.03333333333333	74.36	74.74	75.2	75.36666666666666	75.30666666666667	75.74	75.62666666666667	75.96666666666667	75.8	75.47333333333333	75.50666666666666	75.22	74.71333333333334	74.02	73.16666666666667	72.40666666666667	72.08666666666667	71.27333333333333	69.68	67.82	66.38666666666667	63.79333333333334	59.89333333333333	53.52	0.0
0.0	53.486666666666665	59.913333333333334	63.68	66.28	67.83333333333333	69.65333333333334	71.04	71.62666666666667	72.78	73.27333333333333	73.79333333333334	74.56666666666666	74.86	75.27333333333333	75.34666666666666	75.74	75.76	75.39333333333333	75.24666666666667	75.14666666666666	75.36	74.72	74.76666666666667	74.33333333333333	73.8	73.16666666666667	72.38	71.54	70.67333333333333	69.35333333333334	67.56666666666666	65.98666666666666	63.553333333333335	59.95333333333333	53.92666666666667	0.0
0.0	53.68666666666667	59.973333333333336	63.946666666666665	66.32666666666667	68.58	69.54666666666667	70.4	71.32	72.48	73.35333333333334	73.69333333333333	73.84	74.30666666666667	74.01333333333334	74.92	75.18666666666667	75.14666666666666	75.16666666666667	75.20666666666666	74.66666666666667	74.80666666666667	74.70666666666666	74.26666666666667	74.08	73.56	73.16	72.36666666666666	71.89333333333333	70.74	69.53333333333333	67.95333333333333	66.14	63.60666666666667	60.11333333333334	53.85333333333333	0.0
0.0	54.36666666666667	60.22666666666667	64.37333333333333	66.70666666666666	68.94	70.14	71.08666666666667	71.92	72.92666666666666	73.48	74.09333333333333	74.76666666666667	75.18666666666667	75.44666666666667	75.35333333333334	75.46	75.75333333333333	75.87333333333333	76.01333333333334	76.16666666666667	75.6	75.58666666666667	75.22666666666667	75.03333333333333	74.55333333333333	73.88666666666667	73.32	72.48666666666666	71.32	70.24	68.78	66.69333333333333	63.76	60.32	53.99333333333333	0.0
0.0	53.446666666666665	59.76	63.21333333333333	66.01333333333334	67.70666666666666	69.46666666666667	70.18666666666667	71.03333333333333	72.06666666666666	72.47333333333333	73.56	73.85333333333334	74.20666666666666	74.28	74.80666666666667	74.92	75.09333333333333	75.31333333333333	75.04	75.20666666666666	75.28666666666666	75.04	74.54	74.03333333333333	73.92666666666666	73.16	72.36	71.64	70.87333333333333	69.49333333333334	68.11333333333333	66.04666666666667	63.513333333333335	59.906666666666666	53.653333333333336	0.0
0.0	54.266666666666666	60.72666666666667	64.29333333333334	66.49333333333334	68.26666666666667	69.48666666666666	70.92	71.84666666666666	72.59333333333333	73.24666666666667	73.93333333333334	74.42666666666666	75.02666666666667	75.2	75.55333333333333	75.56	75.53333333333333	75.60666666666667	75.58666666666667	75.24666666666667	75.32666666666667	74.92666666666666	74.52	74.44	73.93333333333334	73.23333333333333	72.62	71.74666666666667	71.26	69.63333333333334	68.45333333333333	66.2	63.766666666666666	60.233333333333334	54.08	0.0
0.0	53.88	60.63333333333333	64.36	66.86666666666666	68.34666666666666	70.03333333333333	71.0	72.32	73.05333333333333	73.76666666666667	74.31333333333333	74.50666666666666	74.72	75.3	75.55333333333333	75.94666666666667	76.42	76.30666666666667	76.16	75.96666666666667	75.58666666666667	75.68	75.32	75.13333333333334	74.73333333333333	73.72	73.10666666666667	72.0	71.16	70.12	68.66	66.75333333333333	63.98	60.373333333333335	54.18666666666667	0.0
0.0	54.28666666666667	60.193333333333335	63.553333333333335	66.16	68.22666666666667	70.33333333333333	71.46666666666667	72.21333333333334	73.26666666666667	73.58666666666667	74.5	74.77333333333333	75.28	75.65333333333334	75.80666666666667	76.16666666666667	76.24	76.41333333333333	76.2	76.19333333333333	76.24	75.85333333333334	75.64	75.02	74.18	73.42	72.93333333333334	71.92666666666666	71.04	70.08	68.61333333333333	66.50666666666666	63.66	60.04	54.07333333333333	0.0
0.0	53.84	60.32	63.94	66.15333333333334	68.53333333333333	69.68666666666667	70.98	72.10666666666667	72.79333333333334	73.80666666666667	73.98	74.64	75.17333333333333	75.22	75.08	75.32666666666667	75.13333333333334	75.67333333333333	75.78666666666666	75.55333333333333	75.28666666666666	75.12	75.18666666666667	74.84666666666666	74.06	73.44666666666667	72.58666666666667	72.04666666666667	71.04	69.91333333333333	68.31333333333333	66.89333333333333	64.2	60.1	53.77333333333333	0.0
0.0	53.986666666666665	60.17333333333333	63.766666666666666	66.26666666666667	68.50666666666666	69.60666666666667	70.72	72.22	72.88666666666667	73.52666666666667	74.47333333333333	75.02666666666667	75.06	75.44666666666667	75.96	75.66666666666667	75.60666666666667	75.45333333333333	75.56666666666666	75.48666666666666	75.35333333333334	75.26	74.83333333333333	74.67333333333333	74.45333333333333	73.72666666666667	72.64	71.49333333333334	71.08	69.38666666666667	68.00666666666666	66.12	63.373333333333335	59.93333333333333	54.013333333333335	0.0
0.0	54.10666666666667	60.013333333333335	63.71333333333333	66.07333333333334	67.45333333333333	69.36	70.48666666666666	71.23333333333333	72.50666666666666	73.33333333333333	73.74666666666667	74.18666666666667	74.36	74.64	75.11333333333333	75.19333333333333	75.66	75.54666666666667	75.42	75.1	75.12	74.75333333333333	74.28666666666666	73.72666666666667	73.72	73.04	72.86	71.94666666666667	70.92	69.66666666666667	67.94666666666667	66.11333333333333	63.693333333333335	60.11333333333334	53.733333333333334	0.0
0.0	53.61333333333334	60.00666666666667	63.71333333333333	66.20666666666666	68.38	69.78	71.00666666666666	71.48666666666666	72.69333333333333	73.34666666666666	74.06666666666666	74.4	74.70666666666666	75.04	75.26	75.18	75.11333333333333	75.58	75.18	75.36666666666666	75.07333333333334	75.16666666666667	74.42666666666666	74.33333333333333	73.88666666666667	73.10666666666667	72.70666666666666	71.89333333333333	70.72	69.39333333333333	67.75333333333333	65.97333333333333	63.71333333333333	60.31333333333333	53.66	0.0
0.0	54.10666666666667	60.04666666666667	64.00666666666666	66.29333333333334	68.14	70.06666666666666	71.02	71.83333333333333	72.59333333333333	73.62	73.97333333333333	74.74	74.70666666666666	75.52	75.78666666666666	75.95333333333333	76.21333333333334	76.29333333333334	76.12666666666667	75.54	75.63333333333334	75.06	75.1	75.14	74.69333333333333	74.31333333333333	73.12666666666667	72.56666666666666	71.64	69.9	68.08666666666667	66.53333333333333	64.04	60.193333333333335	53.846666666666664	0.0
0.0	53.85333333333333	59.626666666666665	63.07333333333333	65.86	67.82	69.52	70.54666666666667	71.3	72.14666666666666	72.82666666666667	73.50666666666666	74.13333333333334	74.79333333333334	74.67333333333333	74.83333333333333	74.61333333333333	74.63333333333334	74.90666666666667	74.77333333333333	75.03333333333333	75.03333333333333	74.56666666666666	74.08666666666667	73.7	73.36	72.96666666666667	72.01333333333334	71.36666666666666	70.01333333333334	69.51333333333334	67.52	65.85333333333334	63.38	59.54	53.46	0.0
0.0	53.8	60.18	63.626666666666665	66.36666666666666	68.31333333333333	69.91333333333333	70.89333333333333	71.93333333333334	72.98666666666666	73.76	74.13333333333334	74.66	75.34	75.74	76.06	76.6	76.76	76.65333333333334	76.56666666666666	76.21333333333334	75.77333333333333	75.84	75.58666666666667	75.33333333333333	74.68666666666667	73.79333333333334	73.12666666666667	72.31333333333333	71.62666666666667	70.11333333333333	68.52	66.64	64.18	60.32666666666667	53.8	0.0
0.0	53.8	60.16	63.46	66.06666666666666	68.01333333333334	69.59333333333333	70.8	71.38666666666667	72.23333333333333	73.15333333333334	73.47333333333333	73.92	73.88666666666667	74.52	74.54666666666667	75.59333333333333	75.38	75.47333333333333	75.58	75.44666666666667	75.2	74.84	74.45333333333333	74.05333333333333	73.69333333333333	73.06666666666666	72.65333333333334	72.03333333333333	70.80666666666667	69.38	67.94666666666667	66.04	63.53333333333333	59.806666666666665	53.68	0.0
0.0	53.946666666666665	60.093333333333334	63.72666666666667	66.17333333333333	67.87333333333333	69.72	70.54666666666667	71.99333333333334	72.5	73.56666666666666	74.24666666666667	74.68666666666667	74.83333333333333	75.08666666666667	75.60666666666667	75.72	75.82	75.67333333333333	75.84666666666666	75.83333333333333	75.56666666666666	75.5	75.09333333333333	74.77333333333333	74.17333333333333	73.38666666666667	72.62	71.68	71.0	69.98	67.93333333333334	66.32	63.88666666666666	60.26	54.346666666666664	0.0
0.0	54.586666666666666	60.653333333333336	64.51333333333334	66.64	68.59333333333333	70.55333333333333	71.71333333333334	72.43333333333334	73.53333333333333	74.17333333333333	74.42	75.31333333333333	75.78666666666666	76.26666666666667	76.23333333333333	75.96	76.18666666666667	76.46	76.91333333333333	76.4	76.22	75.96	75.5	74.89333333333333	74.77333333333333	74.24666666666667	73.38666666666667	72.57333333333334	71.74666666666667	70.20666666666666	68.54666666666667	66.76	64.05333333333333	60.50666666666667	54.306666666666665	0.0
0.0	53.44	60.03333333333333	63.70666666666666	66.09333333333333	67.85333333333334	69.21333333333334	70.46	71.94	72.43333333333334	73.18	73.67333333333333	74.0	75.02666666666667	75.21333333333334	75.20666666666666	75.52	75.52666666666667	75.74666666666667	75.58	75.76666666666667	74.91333333333333	74.85333333333334	74.53333333333333	74.52666666666667	73.84666666666666	73.68	73.06666666666666	72.23333333333333	70.98	69.97333333333333	67.99333333333334	66.27333333333333	63.84	60.25333333333333	53.873333333333335	0.0
0.0	54.20666666666666	60.42	64.02666666666667	66.48	68.05333333333333	69.53333333333333	70.94	71.99333333333334	73.05333333333333	73.75333333333333	74.43333333333334	74.6	75.34	75.54666666666667	75.95333333333333	76.2	76.08	76.36	76.22	75.88666666666667	75.78	75.37333333333333	75.32666666666667	75.18666666666667	74.17333333333333	73.54666666666667	73.04666666666667	72.09333333333333	71.5	70.16	68.97333333333333	66.64666666666666	64.35333333333334	60.53333333333333	54.193333333333335	0.0
0.0	54.1	60.36666666666667	64.3	66.97333333333333	68.87333333333333	70.20666666666666	71.88	72.54	73.65333333333334	74.46	74.70666666666666	75.34666666666666	75.96	76.32666666666667	76.58	77.09333333333333	77.08666666666667	76.92666666666666	76.75333333333333	76.53333333333333	76.32666666666667	75.58666666666667	75.32666666666667	74.80666666666667	74.53333333333333	74.10666666666667	73.6	72.71333333333334	71.14666666666666	70.34666666666666	68.40666666666667	66.70666666666666	64.15333333333334	60.43333333333333	53.873333333333335	0.0
