0.0	53.36	59.586666666666666	62.82666666666667	65.14666666666666	67.02	68.72	69.73333333333333	70.77333333333333	71.47333333333333	71.93333333333334	72.58	73.08666666666667	74.03333333333333	74.28666666666666	74.43333333333334	74.39333333333333	74.16666666666667	74.42	74.17333333333333	73.90666666666667	74.1	73.65333333333334	73.42666666666666	73.36666666666666	73.04666666666667	72.78666666666666	72.12	70.9	69.68666666666667	68.69333333333333	66.8	65.13333333333334	62.86	59.21333333333333	53.53333333333333	0.0
0.0	53.38666666666666	59.36	62.79333333333334	65.17333333333333	67.71333333333334	69.12666666666667	70.16666666666667	70.76666666666667	71.95333333333333	72.73333333333333	73.58	73.59333333333333	74.30666666666667	74.23333333333333	74.57333333333334	74.31333333333333	74.49333333333334	74.86	74.72666666666667	74.89333333333333	74.52666666666667	74.29333333333334	74.19333333333333	73.37333333333333	73.18666666666667	72.26	71.81333333333333	71.08	69.84666666666666	68.6	67.42	65.42	63.473333333333336	59.81333333333333	53.98	0.0
0.0	53.92666666666667	60.14	63.62	65.8	67.87333333333333	68.96666666666667	70.00666666666666	71.23333333333333	72.16666666666667	72.71333333333334	73.37333333333333	73.85333333333334	74.34666666666666	74.79333333333334	74.49333333333334	74.98666666666666	75.13333333333334	75.23333333333333	75.06666666666666	74.75333333333333	74.54	74.07333333333334	73.8	73.44	73.09333333333333	72.76	71.94	71.21333333333334	69.98	69.1	67.34	65.44	63.13333333333333	59.78	53.66	0.0
0.0	53.68	60.153333333333336	63.57333333333333	65.45333333333333	67.61333333333333	69.2	70.02	71.08666666666667	71.56666666666666	71.82	72.28666666666666	73.13333333333334	73.48	74.03333333333333	74.68666666666667	74.26	74.45333333333333	74.59333333333333	74.94666666666667	74.52	74.31333333333333	74.09333333333333	73.95333333333333	73.93333333333334	73.02	72.32666666666667	72.05333333333333	71.52	70.43333333333334	69.06666666666666	67.86666666666666	65.70666666666666	63.153333333333336	59.913333333333334	53.62	0.0
0.0	53.66	59.35333333333333	63.12	65.36666666666666	67.34666666666666	69.26	69.96	71.09333333333333	71.92	72.62666666666667	73.22666666666667	73.16666666666667	73.8	74.13333333333334	74.0	74.38666666666667	74.40666666666667	74.08666666666667	74.5	74.26	74.12666666666667	74.03333333333333	73.54666666666667	72.86	72.96	72.27333333333333	71.39333333333333	70.99333333333334	69.50666666666666	68.80666666666667	67.15333333333334	65.64	63.29333333333334	59.50666666666667	53.57333333333333	0.0
0.0	53.36666666666667	59.373333333333335	63.1	65.22666666666667	67.38	68.68	69.84	71.1	71.58666666666667	72.54666666666667	72.86	73.15333333333334	73.5	73.46666666666667	73.64	73.99333333333334	74.34666666666666	74.44	74.15333333333334	74.56	74.67333333333333	74.66	74.12	73.53333333333333	73.28	72.74	72.06666666666666	71.40666666666667	70.28666666666666	68.99333333333334	67.40666666666667	65.66666666666667	63.11333333333334	59.846666666666664	53.72	0.0
0.0	53.44	59.58	63.28	65.70666666666666	67.5	69.01333333333334	69.90666666666667	70.76666666666667	71.68	72.34666666666666	72.92666666666666	72.9	73.58666666666667	74.04	74.40666666666667	74.22	74.46	74.2	74.5	74.14	74.03333333333333	74.07333333333334	73.1	72.91333333333333	72.40666666666667	72.42666666666666	71.67333333333333	70.72	70.10666666666667	68.56	67.20666666666666	65.24666666666667	62.78	59.42666666666667	53.61333333333334	0.0
0.0	53.93333333333333	59.74	63.46666666666667	65.78666666666666	67.70666666666666	69.05333333333333	70.44	71.37333333333333	72.02	72.72666666666667	73.45333333333333	73.98	74.02	74.32	74.92666666666666	75.12	75.17333333333333	75.06	74.78	74.59333333333333	74.54666666666667	74.18666666666667	73.84	73.57333333333334	73.10666666666667	72.55333333333333	71.77333333333333	71.09333333333333	70.27333333333333	69.0	67.50666666666666	66.06	63.8	59.9	53.66	0.0
0.0	53.38666666666666	59.526666666666664	63.373333333333335	65.7	67.34	68.53333333333333	70.06	70.64666666666666	71.70666666666666	72.01333333333334	73.01333333333334	73.24	73.48	74.28666666666666	74.69333333333333	74.65333333333334	74.92666666666666	74.34	74.22	73.93333333333334	73.88666666666667	74.23333333333333	73.76	73.42666666666666	73.00666666666666	72.65333333333334	71.45333333333333	70.5	69.50666666666666	68.72	67.8	65.24	62.88666666666666	59.38	53.96666666666667	0.0
0.0	53.94	60.22666666666667	63.64666666666667	65.78666666666666	67.50666666666666	69.01333333333334	70.07333333333334	70.98666666666666	72.42666666666666	73.2	73.52	74.10666666666667	74.55333333333333	74.88666666666667	74.66	74.50666666666666	74.36	74.84	74.89333333333333	74.53333333333333	74.35333333333334	74.28666666666666	73.40666666666667	73.34	72.84666666666666	72.41333333333333	71.84	71.44666666666667	70.46666666666667	69.15333333333334	67.96	66.02	63.553333333333335	59.95333333333333	54.00666666666667	0.0
0.0	53.373333333333335	59.38666666666666	62.626666666666665	65.06666666666666	66.70666666666666	68.74666666666667	69.80666666666667	70.62666666666667	71.48	72.15333333333334	72.73333333333333	73.14666666666666	73.03333333333333	73.95333333333333	74.14666666666666	74.31333333333333	74.34	74.53333333333333	74.40666666666667	74.26	73.98	73.68	73.43333333333334	72.68666666666667	72.4	72.01333333333334	71.05333333333333	70.31333333333333	69.56666666666666	68.40666666666667	66.74	65.34666666666666	63.10666666666667	59.513333333333335	53.67333333333333	0.0
0.0	53.56666666666667	59.9	62.986666666666665	65.43333333333334	67.18666666666667	68.68666666666667	70.01333333333334	71.20666666666666	71.95333333333333	72.75333333333333	73.03333333333333	73.68	73.74	74.26666666666667	74.24666666666667	74.49333333333334	74.88	74.56	74.45333333333333	74.44	74.03333333333333	73.86	73.64	73.57333333333334	73.18666666666667	72.48	72.18	71.18	70.10666666666667	69.10666666666667	67.42666666666666	65.35333333333334	63.21333333333333	59.906666666666666	53.85333333333333	0.0
0.0	53.833333333333336	59.766666666666666	63.42	65.64	67.52666666666667	68.82666666666667	70.17333333333333	70.52666666666667	71.85333333333334	72.49333333333334	72.80666666666667	73.54666666666667	74.0	73.96	74.31333333333333	74.37333333333333	74.07333333333334	74.16666666666667	73.73333333333333	74.12	73.96	73.52	73.57333333333334	72.98	72.7	72.09333333333333	71.72666666666667	70.58666666666667	69.76666666666667	68.68666666666667	67.3	65.78666666666666	63.086666666666666	59.66	53.806666666666665	0.0
0.0	53.92666666666667	59.98	63.24	65.66	67.44	68.52	69.69333333333333	71.0	71.44666666666667	72.16	72.49333333333334	73.10666666666667	73.68	73.86	74.12666666666667	74.44666666666667	74.22666666666667	74.06	74.46666666666667	74.43333333333334	73.84666666666666	73.98666666666666	73.13333333333334	73.15333333333334	72.84666666666666	72.15333333333334	71.55333333333333	70.72666666666667	69.78666666666666	68.67333333333333	66.60666666666667	65.21333333333334	63.10666666666667	59.56666666666667	53.98	0.0
0.0	53.413333333333334	59.56666666666667	63.233333333333334	64.76666666666667	66.74	68.08666666666667	69.15333333333334	70.26	70.92666666666666	71.56666666666666	72.54	73.05333333333333	73.57333333333334	73.84	73.76666666666667	74.0	73.94	74.4	74.60666666666667	74.47333333333333	73.84666666666666	73.90666666666667	73.38	73.32	72.96	72.38	71.59333333333333	70.8	69.82666666666667	68.30666666666667	66.74666666666667	64.88	62.88666666666666	59.46	53.473333333333336	0.0
0.0	54.053333333333335	59.586666666666666	63.20666666666666	65.76	67.28666666666666	69.14	70.14	71.31333333333333	72.11333333333333	72.51333333333334	73.07333333333334	73.52666666666667	73.97333333333333	74.26	74.70666666666666	74.62666666666667	74.88	74.98666666666666	75.44	74.93333333333334	74.73333333333333	73.93333333333334	73.94	73.44666666666667	73.01333333333334	72.12666666666667	71.7	71.18666666666667	70.15333333333334	68.53333333333333	67.40666666666667	65.46	62.98	59.21333333333333	53.593333333333334	0.0
0.0	53.49333333333333	59.66	63.24666666666667	65.67333333333333	67.74666666666667	69.15333333333334	70.05333333333333	70.92	71.78666666666666	72.54666666666667	73.2	73.39333333333333	73.91333333333333	74.02666666666667	74.42666666666666	74.58666666666667	74.95333333333333	74.92666666666666	74.88666666666667	74.82	74.62666666666667	74.41333333333333	74.09333333333333	73.40666666666667	72.78	72.74666666666667	71.86	70.33333333333333	69.86	68.96	67.43333333333334	65.78666666666666	63.513333333333335	59.946666666666665	53.806666666666665	0.0
0.0	53.67333333333333	59.846666666666664	63.25333333333333	65.66	67.26	68.76666666666667	69.90666666666667	70.74	71.58666666666667	72.27333333333333	72.46666666666667	73.05333333333333	73.64666666666666	73.80666666666667	74.24	74.62	74.58666666666667	74.36	74.5	74.09333333333333	74.51333333333334	74.48	74.12666666666667	73.76	73.18	72.66	72.14	71.14666666666666	70.21333333333334	68.98	67.28	65.59333333333333	63.373333333333335	59.89333333333333	53.96	0.0
0.0	53.82	59.7	63.50666666666667	65.91333333333333	67.3	68.72	70.17333333333333	70.93333333333334	71.99333333333334	72.51333333333334	73.25333333333333	73.78666666666666	73.5	73.93333333333334	73.87333333333333	74.34	74.37333333333333	74.36	74.48666666666666	74.26666666666667	73.86666666666666	74.28	73.98	73.64666666666666	73.24	72.84	71.4	70.80666666666667	69.92	68.50666666666666	67.3	65.29333333333334	62.86666666666667	59.43333333333333	53.64	0.0
0.0	53.67333333333333	59.74666666666667	63.22666666666667	65.54	67.44666666666667	69.26666666666667	70.31333333333333	71.20666666666666	71.98	72.46666666666667	73.28	73.44666666666667	73.38	73.93333333333334	74.20666666666666	74.10666666666667	74.49333333333334	74.52666666666667	74.48666666666666	74.13333333333334	74.12	73.54666666666667	73.43333333333334	72.81333333333333	72.69333333333333	72.10666666666667	71.9	70.90666666666667	69.98	68.57333333333334	67.32	65.38666666666667	63.153333333333336	59.96	53.88	0.0
0.0	53.53333333333333	59.593333333333334	62.873333333333335	65.40666666666667	67.14666666666666	68.71333333333334	70.28	70.83333333333333	71.75333333333333	72.04	72.51333333333334	73.1	73.8	73.98666666666666	74.06666666666666	74.23333333333333	74.08666666666667	73.90666666666667	73.91333333333333	74.04666666666667	74.1	73.89333333333333	73.46	73.17333333333333	72.56666666666666	72.22	71.3	70.93333333333334	69.71333333333334	68.46666666666667	67.11333333333333	65.19333333333333	63.093333333333334	59.3	53.53333333333333	0.0
0.0	53.79333333333334	60.04666666666667	63.36666666666667	66.17333333333333	67.62666666666667	69.01333333333334	70.64	71.66	72.24	72.88	73.3	73.6	74.08	74.15333333333334	74.54666666666667	74.77333333333333	74.90666666666667	74.86666666666666	74.75333333333333	74.66	74.4	74.3	74.26	73.74666666666667	73.2	72.82666666666667	72.0	70.98	70.15333333333334	68.87333333333333	66.95333333333333	65.32666666666667	63.07333333333333	59.98	53.74666666666667	0.0
0.0	53.54666666666667	60.093333333333334	63.446666666666665	65.21333333333334	66.89333333333333	68.49333333333334	69.78	70.31333333333333	71.02	71.78	72.51333333333334	72.81333333333333	73.18	74.11333333333333	74.34	74.54666666666667	74.72666666666667	74.57333333333334	74.36	74.09333333333333	74.37333333333333	74.52666666666667	73.58	73.39333333333333	73.24666666666667	72.29333333333334	71.67333333333333	70.76	69.84	68.32666666666667	67.46666666666667	65.64666666666666	62.89333333333333	59.39333333333333	53.46666666666667	0.0
0.0	53.473333333333336	59.38	63.04666666666667	65.63333333333334	67.08	68.82	70.21333333333334	70.90666666666667	72.02	72.65333333333334	73.11333333333333	73.36666666666666	73.84666666666666	74.54666666666667	74.6	74.8	74.89333333333333	74.98666666666666	74.56	74.42	74.12666666666667	74.12666666666667	73.54	73.22	72.43333333333334	71.96	71.48666666666666	70.96	70.08	68.77333333333333	67.24	65.35333333333334	62.72666666666667	59.446666666666665	53.62	0.0
0.0	53.74666666666667	59.54666666666667	63.06	65.33333333333333	67.12	68.64	69.74666666666667	70.58666666666667	71.07333333333334	72.04666666666667	72.65333333333334	72.94	73.07333333333334	73.23333333333333	73.60666666666667	73.73333333333333	73.71333333333334	73.72	73.8	73.94666666666667	73.43333333333334	73.24	73.09333333333333	72.54	72.01333333333334	71.92666666666666	71.24	70.44666666666667	69.3	68.22	67.62	65.46	62.973333333333336	59.70666666666666	53.66	0.0
0.0	53.8	59.586666666666666	63.346666666666664	65.58666666666667	67.72	69.13333333333334	69.86666666666666	70.88	71.49333333333334	71.81333333333333	72.44	72.75333333333333	73.6	73.24666666666667	73.28666666666666	73.99333333333334	74.14666666666666	74.22	73.78	73.56	73.39333333333333	73.18666666666667	72.98	72.61333333333333	72.11333333333333	71.28	71.06666666666666	70.26666666666667	69.55333333333333	68.60666666666667	67.19333333333333	65.72666666666667	63.16	59.95333333333333	53.95333333333333	0.0
0.0	53.77333333333333	59.333333333333336	62.92666666666667	65.35333333333334	67.27333333333333	68.82666666666667	70.06666666666666	71.34666666666666	71.68666666666667	71.81333333333333	72.48	73.28666666666666	73.7	74.04666666666667	74.13333333333334	74.2	74.66	74.64	74.17333333333333	74.22	74.14	74.02	73.80666666666667	73.44666666666667	72.72666666666667	72.19333333333333	71.61333333333333	71.13333333333334	69.88	68.72666666666667	67.28	65.26	62.94	59.526666666666664	53.666666666666664	0.0
0.0	53.56	59.7	62.946666666666665	65.53333333333333	67.48	69.06	69.98666666666666	71.22666666666667	72.18666666666667	72.54666666666667	73.08666666666667	73.86666666666666	73.83333333333333	74.08	74.0	74.84	74.82	74.56666666666666	74.78666666666666	74.66666666666667	74.56	74.4	74.24	73.78666666666666	73.26	72.82666666666667	72.40666666666667	71.12666666666667	70.15333333333334	68.98666666666666	67.45333333333333	65.86666666666666	63.64	59.64666666666667	53.486666666666665	0.0
0.0	53.57333333333333	59.7	63.36	65.7	67.64	69.08	70.23333333333333	71.23333333333333	71.84	72.66	72.64	73.79333333333334	74.08666666666667	74.12666666666667	74.6	74.28666666666666	74.44666666666667	74.26666666666667	74.11333333333333	74.32	74.12	73.81333333333333	73.24666666666667	73.3	72.56666666666666	71.97333333333333	71.49333333333334	71.00666666666666	69.88	68.46	67.68666666666667	65.50666666666666	63.413333333333334	60.10666666666667	53.56666666666667	0.0
0.0	53.63333333333333	59.46666666666667	62.973333333333336	65.96	67.51333333333334	68.92	70.22	70.80666666666667	71.70666666666666	72.25333333333333	72.81333333333333	73.32666666666667	73.68666666666667	73.72666666666667	74.01333333333334	74.16666666666667	74.28	74.00666666666666	73.82666666666667	74.10666666666667	73.92	73.93333333333334	73.25333333333333	72.78666666666666	72.43333333333334	72.29333333333334	71.38	70.66	69.32	68.4	67.00666666666666	65.53333333333333	62.92666666666667	59.7	53.92666666666667	0.0
0.0	53.86666666666667	59.50666666666667	63.3	65.66666666666667	67.40666666666667	68.96	69.67333333333333	70.97333333333333	71.89333333333333	72.27333333333333	72.90666666666667	73.18666666666667	73.12	73.70666666666666	73.72666666666667	74.3	73.88	74.33333333333333	74.3	74.28666666666666	74.26	73.96	73.36	72.76666666666667	72.26	71.96666666666667	71.34666666666666	70.32666666666667	69.38666666666667	68.49333333333334	67.17333333333333	65.56666666666666	63.04	59.56666666666667	53.52	0.0
0.0	53.806666666666665	59.8	62.82	65.37333333333333	66.85333333333334	68.55333333333333	69.90666666666667	70.65333333333334	71.67333333333333	72.1	72.93333333333334	73.11333333333333	73.73333333333333	73.96666666666667	74.14	74.56	74.80666666666667	74.50666666666666	74.54	74.02	73.82666666666667	73.79333333333334	73.5	73.11333333333333	72.37333333333333	72.27333333333333	71.64666666666666	70.66666666666667	69.83333333333333	68.68666666666667	67.14666666666666	65.3	63.026666666666664	59.62	53.60666666666667	0.0
0.0	53.75333333333333	59.67333333333333	63.333333333333336	65.65333333333334	67.62	69.14666666666666	70.03333333333333	71.12666666666667	71.62	72.43333333333334	72.96666666666667	73.56666666666666	73.82	74.2	74.48	74.53333333333333	74.63333333333334	74.64666666666666	74.66	74.42666666666666	74.52666666666667	73.94666666666667	73.94	73.34666666666666	72.58	71.91333333333333	71.73333333333333	70.77333333333333	69.85333333333334	68.76666666666667	67.16666666666667	65.00666666666666	63.06	59.626666666666665	54.12	0.0
0.0	53.46	59.446666666666665	63.31333333333333	65.70666666666666	67.44666666666667	68.88	69.76666666666667	70.9	71.48666666666666	72.20666666666666	73.03333333333333	73.46	74.04666666666667	74.37333333333333	74.50666666666666	74.46	74.28	74.17333333333333	74.54	74.24666666666667	74.42	74.34666666666666	74.09333333333333	73.44	73.18666666666667	72.17333333333333	71.8	70.91333333333333	69.9	68.78666666666666	67.11333333333333	65.30666666666667	62.99333333333333	59.50666666666667	53.94	0.0
0.0	53.58	59.79333333333334	63.2	65.34666666666666	67.31333333333333	68.44666666666667	69.75333333333333	70.42	71.36	72.21333333333334	72.64666666666666	73.02666666666667	73.52666666666667	73.97333333333333	73.77333333333333	73.86666666666666	73.84	73.94666666666667	74.24666666666667	73.67333333333333	73.41333333333333	73.26	73.56	73.08666666666667	72.96	72.38666666666667	71.7	70.76666666666667	69.78666666666666	68.28666666666666	67.19333333333333	65.5	62.946666666666665	59.25333333333333	53.49333333333333	0.0
0.0	53.76	59.82666666666667	63.06	65.72	67.35333333333334	68.69333333333333	69.92666666666666	70.97333333333333	71.73333333333333	72.12	72.69333333333333	73.74	73.8	74.04	74.38	74.52666666666667	74.54	74.44	74.33333333333333	74.41333333333333	73.78666666666666	73.52666666666667	73.55333333333333	73.02	72.42666666666666	71.91333333333333	71.72666666666667	70.96	69.61333333333333	68.72666666666667	67.18	65.16666666666667	63.14666666666667	59.3	53.373333333333335	0.0
0.0	53.74	59.8	63.20666666666666	65.76	67.46	68.97333333333333	69.69333333333333	70.89333333333333	71.66	71.97333333333333	72.52666666666667	72.7	73.08666666666667	73.58	73.58666666666667	74.51333333333334	74.10666666666667	74.06666666666666	74.40666666666667	74.28666666666666	74.08666666666667	74.00666666666666	73.57333333333334	73.52	72.64666666666666	72.49333333333334	72.08666666666667	70.91333333333333	70.06	68.85333333333334	67.28666666666666	65.32666666666667	62.986666666666665	59.78666666666667	53.54	0.0
0.0	53.74666666666667	59.68	63.126666666666665	65.35333333333334	67.12666666666667	68.48666666666666	69.86666666666666	70.96666666666667	71.87333333333333	72.38666666666667	73.35333333333334	73.18	73.9	74.06	74.51333333333334	74.64	74.56	74.78	74.93333333333334	74.85333333333334	74.94	74.14666666666666	74.11333333333333	73.48	73.25333333333333	72.40666666666667	71.69333333333333	71.04	70.44	68.65333333333334	67.13333333333334	65.34	62.74666666666667	59.373333333333335	53.74666666666667	0.0
0.0	53.81333333333333	59.95333333333333	63.54	65.80666666666667	67.38666666666667	68.90666666666667	69.87333333333333	70.83333333333333	71.44666666666667	71.87333333333333	73.18666666666667	73.51333333333334	74.4	74.37333333333333	74.64666666666666	75.02666666666667	75.02666666666667	74.44	74.80666666666667	74.52	74.60666666666667	73.78666666666666	73.56666666666666	73.16	73.26666666666667	72.77333333333333	71.84	70.99333333333334	70.36	69.03333333333333	67.28666666666666	65.43333333333334	62.82	59.52	53.54666666666667	0.0
0.0	53.74666666666667	59.61333333333334	63.166666666666664	65.68	67.42666666666666	68.61333333333333	69.92666666666666	71.13333333333334	72.02666666666667	72.86666666666666	73.08666666666667	73.36	73.8	74.22	74.16666666666667	74.35333333333334	74.52	74.70666666666666	74.14	74.34	74.09333333333333	73.69333333333333	73.52666666666667	73.21333333333334	73.01333333333334	72.29333333333334	71.97333333333333	71.26	69.85333333333334	68.42666666666666	67.14	65.33333333333333	63.34	60.08	53.626666666666665	0.0
0.0	53.88	59.873333333333335	63.306666666666665	65.67333333333333	67.2	68.99333333333334	70.16	71.08666666666667	71.79333333333334	72.35333333333334	73.21333333333334	73.6	73.77333333333333	74.70666666666666	74.80666666666667	74.55333333333333	74.74666666666667	75.01333333333334	74.97333333333333	74.7	74.28666666666666	73.94666666666667	73.52666666666667	73.34	72.88666666666667	72.36	71.74	70.99333333333334	70.36	69.2	67.90666666666667	65.58666666666667	63.553333333333335	60.013333333333335	54.08	0.0
0.0	53.58	59.46666666666667	62.88666666666666	65.25333333333333	67.12666666666667	68.56	69.94666666666667	70.38666666666667	71.42666666666666	72.54	72.98	73.64666666666666	73.74	73.81333333333333	74.30666666666667	74.18	73.96	73.86	74.38	73.98666666666666	74.02666666666667	73.79333333333334	73.61333333333333	73.16666666666667	72.29333333333334	71.82	71.50666666666666	70.78666666666666	69.58	68.52	67.36	65.30666666666667	62.973333333333336	59.64	53.72	0.0
0.0	53.626666666666665	59.733333333333334	62.89333333333333	65.03333333333333	67.04	68.44666666666667	69.95333333333333	70.88	71.7	72.41333333333333	73.07333333333334	73.33333333333333	73.63333333333334	74.11333333333333	74.62666666666667	74.48	74.92	74.73333333333333	74.56666666666666	74.38666666666667	74.04	73.98666666666666	73.52666666666667	73.43333333333334	72.76666666666667	72.28666666666666	71.12	70.4	69.72666666666667	68.64666666666666	67.0	65.36666666666666	62.99333333333333	59.38666666666666	53.50666666666667	0.0
0.0	53.57333333333333	59.85333333333333	63.153333333333336	65.63333333333334	67.34	68.77333333333333	69.88666666666667	70.74	71.36666666666666	72.1	72.84666666666666	73.64666666666666	73.82666666666667	74.14666666666666	74.46666666666667	74.38	74.22	74.53333333333333	74.44666666666667	74.43333333333334	74.20666666666666	74.14666666666666	73.84	73.26	73.14666666666666	72.37333333333333	71.94666666666667	70.71333333333334	69.53333333333333	68.68	67.24666666666667	65.41333333333333	63.13333333333333	59.8	54.093333333333334	0.0
0.0	53.79333333333334	59.92	63.24666666666667	65.23333333333333	67.43333333333334	68.85333333333334	69.69333333333333	70.74666666666667	71.41333333333333	72.22666666666667	72.70666666666666	73.36	73.53333333333333	74.0	74.0	73.96	74.45333333333333	74.6	73.90666666666667	73.60666666666667	73.59333333333333	73.50666666666666	73.29333333333334	72.71333333333334	72.44666666666667	71.74	71.24	70.66	69.40666666666667	68.36	67.48	65.52	63.1	59.61333333333334	53.71333333333333	0.0
0.0	53.46666666666667	59.513333333333335	62.96666666666667	65.71333333333334	67.4	69.01333333333334	70.06666666666666	71.06666666666666	71.90666666666667	72.78	73.34666666666666	73.62666666666667	73.9	74.36	74.52	74.61333333333333	74.84666666666666	74.66666666666667	74.59333333333333	74.12666666666667	73.86666666666666	73.81333333333333	73.44	73.34666666666666	72.74666666666667	72.01333333333334	71.43333333333334	70.95333333333333	70.04666666666667	68.75333333333333	67.42666666666666	65.57333333333334	63.06	59.58	53.5	0.0
0.0	53.60666666666667	59.36	62.86	65.65333333333334	67.11333333333333	68.94	69.72666666666667	70.76666666666667	71.81333333333333	72.06	72.91333333333333	73.66	73.69333333333333	74.1	74.2	74.67333333333333	74.36	74.22	74.35333333333334	74.28666666666666	74.49333333333334	73.96666666666667	73.71333333333334	73.32666666666667	72.30666666666667	72.0	71.11333333333333	70.32666666666667	69.30666666666667	68.42666666666666	66.78666666666666	65.19333333333333	63.086666666666666	59.413333333333334	53.3	0.0
0.0	53.75333333333333	59.49333333333333	63.22666666666667	65.31333333333333	67.24	68.46666666666667	69.79333333333334	70.87333333333333	71.96666666666667	72.61333333333333	73.31333333333333	73.98666666666666	73.97333333333333	74.39333333333333	74.52	74.08666666666667	74.55333333333333	74.85333333333334	74.78666666666666	74.43333333333334	74.3	74.48	74.20666666666666	73.69333333333333	73.06666666666666	72.72666666666667	71.87333333333333	71.28666666666666	70.45333333333333	69.17333333333333	67.6	65.31333333333333	63.22	59.64666666666667	53.68	0.0
0.0	53.626666666666665	59.44	63.053333333333335	65.5	67.48666666666666	68.82	69.94	70.9	71.41333333333333	72.13333333333334	72.64666666666666	73.2	73.61333333333333	73.53333333333333	73.76	73.7	74.34	74.10666666666667	74.51333333333334	74.37333333333333	74.15333333333334	73.85333333333334	73.46666666666667	72.96666666666667	72.26	71.64666666666666	71.13333333333334	70.33333333333333	69.54666666666667	68.53333333333333	67.12666666666667	65.59333333333333	63.21333333333333	59.593333333333334	53.52	0.0
0.0	53.6	59.29333333333334	63.07333333333333	65.56	67.22	68.47333333333333	69.63333333333334	70.86	71.26666666666667	71.97333333333333	72.72666666666667	73.04	73.62666666666667	73.69333333333333	74.01333333333334	74.36	74.62666666666667	74.89333333333333	74.62666666666667	74.58666666666667	74.51333333333334	74.29333333333334	74.20666666666666	73.46666666666667	73.15333333333334	72.51333333333334	71.65333333333334	71.11333333333333	70.24	69.07333333333334	67.53333333333333	66.04	63.086666666666666	59.34	53.54	0.0
0.0	53.00666666666667	59.406666666666666	63.32666666666667	65.28	67.21333333333334	68.84	69.86	70.72	71.85333333333334	72.35333333333334	72.92666666666666	73.58	73.62666666666667	74.02	74.15333333333334	74.1	74.44	74.56666666666666	74.46666666666667	74.63333333333334	74.40666666666667	73.82	73.74666666666667	73.36	72.89333333333333	72.85333333333334	71.46	71.15333333333334	69.94	68.8	67.28666666666666	65.32666666666667	62.70666666666666	59.35333333333333	53.53333333333333	0.0
0.0	53.75333333333333	59.78666666666667	63.086666666666666	65.56666666666666	67.24	68.78666666666666	69.78	70.85333333333334	71.73333333333333	72.40666666666667	72.81333333333333	73.63333333333334	74.09333333333333	74.28666666666666	74.6	74.53333333333333	74.58	74.52666666666667	74.44666666666667	74.36	74.39333333333333	74.26666666666667	73.72	73.72666666666667	73.28	72.62	71.84666666666666	71.30666666666667	70.24666666666667	68.8	67.43333333333334	65.56666666666666	63.35333333333333	59.846666666666664	53.62	0.0
0.0	53.8	59.99333333333333	63.486666666666665	65.88	67.58	68.72	69.74666666666667	70.83333333333333	71.62	72.3	72.68	72.68666666666667	73.50666666666666	73.86	74.23333333333333	74.52	74.42	74.70666666666666	74.54666666666667	74.39333333333333	74.24	73.94666666666667	73.90666666666667	73.12666666666667	72.65333333333334	72.06	71.5	70.73333333333333	70.05333333333333	69.11333333333333	67.69333333333333	65.76666666666667	63.27333333333333	59.94	54.18666666666667	0.0
0.0	54.00666666666667	59.833333333333336	63.6	65.44	67.25333333333333	68.64	69.50666666666666	70.33333333333333	71.34	72.14	72.64666666666666	72.9	73.38	73.79333333333334	73.74	74.22	74.26	74.14	74.07333333333334	74.28	73.72	73.68666666666667	73.22666666666667	73.12666666666667	72.39333333333333	71.98666666666666	71.48	70.54	69.36	68.73333333333333	67.22	65.4	63.36	59.53333333333333	53.5	0.0
0.0	53.86666666666667	59.61333333333334	63.093333333333334	65.97333333333333	67.73333333333333	69.22666666666667	70.40666666666667	71.38	71.84	72.36666666666666	73.24	73.31333333333333	73.94666666666667	74.39333333333333	74.66	75.18	74.94	74.62	74.72	74.26	74.32666666666667	73.92	73.84666666666666	73.21333333333334	72.67333333333333	72.29333333333334	71.51333333333334	70.68666666666667	69.90666666666667	69.05333333333333	67.36666666666666	65.57333333333334	63.07333333333333	59.62	53.74666666666667	0.0
0.0	53.68666666666667	59.76	62.66	65.23333333333333	66.96666666666667	68.56	69.61333333333333	70.74666666666667	72.18666666666667	72.24	73.4	73.52666666666667	73.90666666666667	74.18666666666667	74.4	74.71333333333334	74.60666666666667	74.31333333333333	74.10666666666667	74.14666666666666	73.98	73.89333333333333	73.65333333333334	73.43333333333334	72.77333333333333	72.54666666666667	71.87333333333333	70.70666666666666	69.54666666666667	68.95333333333333	67.09333333333333	65.11333333333333	62.766666666666666	59.7	53.42666666666667	0.0
0.0	53.39333333333333	59.12	62.973333333333336	65.58	67.30666666666667	68.84	69.85333333333334	70.66666666666667	71.37333333333333	72.64	72.58	73.41333333333333	73.54666666666667	74.04	74.64666666666666	74.73333333333333	74.72666666666667	75.05333333333333	74.51333333333334	74.52666666666667	74.16666666666667	73.54	73.61333333333333	72.99333333333334	72.89333333333333	72.18	71.48666666666666	70.58	69.96	68.57333333333334	67.16666666666667	65.30666666666667	62.66	59.553333333333335	53.446666666666665	0.0
0.0	54.35333333333333	60.14	63.70666666666666	66.0	67.79333333333334	69.58666666666667	70.38666666666667	71.26	71.92666666666666	72.7	73.56	74.03333333333333	74.24	74.67333333333333	75.14	74.86666666666666	74.81333333333333	74.94666666666667	74.97333333333333	74.52666666666667	74.66666666666667	74.45333333333333	73.98666666666666	73.42	73.37333333333333	72.57333333333334	71.98	71.29333333333334	70.54	69.2	68.02666666666667	66.0	63.46666666666667	59.86	53.88	0.0
0.0	53.586666666666666	60.153333333333336	63.56666666666667	65.60666666666667	67.57333333333334	69.13333333333334	70.16	71.23333333333333	71.86	72.65333333333334	73.19333333333333	73.62666666666667	73.58	74.30666666666667	74.61333333333333	74.8	74.76666666666667	74.52666666666667	74.80666666666667	74.34	74.48666666666666	74.33333333333333	74.08666666666667	73.06	72.94	72.59333333333333	71.53333333333333	70.71333333333334	70.01333333333334	68.78666666666666	67.41333333333333	65.82	63.32	60.026666666666664	53.8	0.0
0.0	53.693333333333335	59.78	63.14666666666667	65.39333333333333	67.17333333333333	68.42666666666666	69.88	70.87333333333333	71.24666666666667	72.15333333333334	72.6	73.04666666666667	73.09333333333333	73.64	73.85333333333334	73.96666666666667	74.32	74.20666666666666	74.34	73.98666666666666	74.04	73.96	73.66	73.32666666666667	72.9	72.2	71.32	70.84	69.66666666666667	68.83333333333333	67.71333333333334	65.76666666666667	63.32666666666667	59.63333333333333	53.806666666666665	0.0
0.0	53.7	60.086666666666666	63.266666666666666	65.62666666666667	67.25333333333333	68.76	70.18666666666667	71.17333333333333	71.99333333333334	72.24	73.06666666666666	73.39333333333333	73.86666666666666	74.10666666666667	74.2	74.65333333333334	74.6	74.64666666666666	74.51333333333334	74.66	74.4	74.05333333333333	73.54666666666667	73.30666666666667	72.74	72.40666666666667	71.43333333333334	70.5	69.73333333333333	68.99333333333334	67.59333333333333	65.38	62.79333333333334	59.78	53.486666666666665	0.0
0.0	53.586666666666666	59.52	63.266666666666666	65.41333333333333	67.04	68.62666666666667	69.46	70.87333333333333	71.65333333333334	72.27333333333333	73.01333333333334	73.53333333333333	74.19333333333333	74.22	73.96	74.60666666666667	74.55333333333333	74.51333333333334	74.58666666666667	74.36666666666666	74.25333333333333	73.66	73.93333333333334	73.32666666666667	72.71333333333334	71.98	71.25333333333333	70.38	69.60666666666667	68.52666666666667	67.51333333333334	65.26	63.28666666666667	59.72	53.56	0.0
0.0	53.92	60.053333333333335	63.63333333333333	65.76666666666667	67.37333333333333	69.13333333333334	70.34666666666666	70.54666666666667	71.76	72.3	73.27333333333333	73.26666666666667	73.84	73.99333333333334	74.18	74.61333333333333	74.57333333333334	74.50666666666666	74.60666666666667	74.48	74.1	73.98666666666666	73.61333333333333	73.64666666666666	73.18	72.57333333333334	72.04666666666667	71.26	70.16	69.29333333333334	67.37333333333333	65.46666666666667	63.63333333333333	59.95333333333333	53.46666666666667	0.0
0.0	53.96666666666667	60.08	63.6	65.88	67.62666666666667	69.10666666666667	70.00666666666666	70.97333333333333	71.39333333333333	72.44	73.15333333333334	73.38666666666667	73.61333333333333	73.51333333333334	74.13333333333334	74.2	74.26	74.21333333333334	74.14	74.14666666666666	74.32666666666667	74.09333333333333	73.69333333333333	73.22666666666667	72.61333333333333	72.24	71.64	70.58	69.70666666666666	68.78666666666666	67.59333333333333	65.50666666666666	63.17333333333333	59.68	53.58	0.0
0.0	53.57333333333333	59.78	63.526666666666664	66.05333333333333	67.74666666666667	69.26666666666667	70.28	71.3	72.07333333333334	72.62	73.15333333333334	74.01333333333334	74.12	74.44666666666667	75.01333333333334	75.01333333333334	74.68	74.54	74.74666666666667	74.96	74.64	74.45333333333333	73.64	73.36666666666666	72.90666666666667	72.50666666666666	72.03333333333333	70.82	70.12666666666667	68.74666666666667	67.16	65.68	63.36	59.63333333333333	53.693333333333335	0.0
0.0	53.60666666666667	59.75333333333333	63.166666666666664	65.66666666666667	67.45333333333333	68.9	70.16666666666667	70.61333333333333	71.76666666666667	72.4	73.06666666666666	73.40666666666667	73.72	74.10666666666667	74.64	74.54666666666667	74.56666666666666	74.53333333333333	74.74	74.71333333333334	74.5	74.43333333333334	74.29333333333334	74.02666666666667	73.48	72.48	71.56	71.01333333333334	70.28666666666666	68.61333333333333	67.59333333333333	65.96666666666667	63.32666666666667	59.88666666666666	53.89333333333333	0.0
0.0	53.513333333333335	60.06	63.70666666666666	65.9	67.80666666666667	69.22666666666667	70.13333333333334	71.36	71.8	73.0	73.49333333333334	73.86	73.88666666666667	74.52	74.67333333333333	74.74666666666667	74.86	75.20666666666666	74.78666666666666	74.95333333333333	74.58	74.52666666666667	74.52666666666667	73.9	73.49333333333334	73.06666666666666	71.9	71.68666666666667	70.57333333333334	69.22666666666667	67.86	65.92	63.56666666666667	59.74666666666667	53.74666666666667	0.0
0.0	53.4	59.71333333333333	63.486666666666665	65.56666666666666	66.97333333333333	68.5	69.56	70.8	71.78	72.00666666666666	72.50666666666666	73.06	73.48666666666666	73.86	74.03333333333333	74.52666666666667	74.46	74.62	74.26666666666667	74.88666666666667	74.54666666666667	74.18	73.62666666666667	73.22	72.92666666666666	72.4	71.54666666666667	70.68666666666667	69.88	68.88	67.52	65.44666666666667	63.06	59.82	53.76	0.0
0.0	53.74666666666667	60.026666666666664	63.14666666666667	66.03333333333333	67.7	69.02	69.86666666666666	70.85333333333334	71.48	72.29333333333334	72.51333333333334	73.28	73.43333333333334	73.94666666666667	74.26	74.36666666666666	74.74666666666667	74.73333333333333	74.63333333333334	74.43333333333334	74.33333333333333	73.87333333333333	73.70666666666666	73.26666666666667	72.72	72.31333333333333	71.54666666666667	70.72	69.82	68.78666666666666	67.03333333333333	65.46	62.77333333333333	59.6	53.61333333333334	0.0
0.0	53.766666666666666	59.54666666666667	63.28	65.54	67.43333333333334	68.7	69.88	70.80666666666667	71.14	72.17333333333333	72.38666666666667	72.82666666666667	73.00666666666666	74.04666666666667	73.74666666666667	74.08	74.1	74.48666666666666	74.24666666666667	74.34	74.03333333333333	73.98	73.74666666666667	72.94666666666667	72.66666666666667	72.03333333333333	71.7	70.67333333333333	70.02	68.61333333333333	67.23333333333333	66.09333333333333	63.126666666666665	59.53333333333333	53.61333333333334	0.0
0.0	53.28	59.22666666666667	62.74	65.29333333333334	67.2	68.92666666666666	70.1	70.92	71.59333333333333	72.47333333333333	73.06	73.18666666666667	73.78666666666666	74.16666666666667	74.62	74.63333333333334	74.31333333333333	74.90666666666667	74.51333333333334	74.66666666666667	74.29333333333334	73.72666666666667	73.60666666666667	72.94	72.84	71.88	70.96666666666667	70.19333333333333	69.22666666666667	68.26666666666667	66.91333333333333	65.0	62.64666666666667	59.44	53.36	0.0
0.0	53.52	59.76	63.04	65.54666666666667	67.25333333333333	68.65333333333334	69.82	70.94666666666667	71.64	72.44666666666667	73.11333333333333	73.45333333333333	73.93333333333334	74.12666666666667	74.12	74.21333333333334	74.18	74.31333333333333	74.21333333333334	74.02666666666667	73.85333333333334	73.87333333333333	73.52666666666667	72.8	72.45333333333333	72.14666666666666	71.44	70.88	69.64	68.63333333333334	67.12666666666667	65.49333333333334	63.02	59.82	54.02	0.0
0.0	53.82666666666667	59.72	63.026666666666664	65.42666666666666	67.7	68.76666666666667	70.08	70.84666666666666	71.58	72.5	72.68	73.30666666666667	73.93333333333334	74.10666666666667	74.12	74.60666666666667	74.14666666666666	74.56	74.40666666666667	74.26666666666667	73.85333333333334	73.97333333333333	73.53333333333333	73.70666666666666	72.79333333333334	72.46	71.45333333333333	70.81333333333333	70.04	68.84666666666666	67.1	65.38	63.25333333333333	59.846666666666664	53.626666666666665	0.0
0.0	53.766666666666666	59.58	62.75333333333333	65.25333333333333	67.09333333333333	68.6	69.86	70.46	71.68	72.21333333333334	73.14666666666666	73.66666666666667	73.81333333333333	73.76	73.97333333333333	74.3	74.34	74.40666666666667	74.54666666666667	73.93333333333334	73.94666666666667	73.44	73.24666666666667	73.01333333333334	72.82	72.68666666666667	71.97333333333333	71.00666666666666	69.6	68.51333333333334	67.48666666666666	65.79333333333334	63.32666666666667	59.766666666666666	53.8	0.0
0.0	53.233333333333334	59.766666666666666	63.20666666666666	65.84	67.78666666666666	68.90666666666667	70.34	70.96	71.95333333333333	72.48666666666666	72.73333333333333	72.94666666666667	73.60666666666667	74.19333333333333	74.18666666666667	74.32666666666667	74.57333333333334	74.70666666666666	74.30666666666667	74.00666666666666	73.93333333333334	73.82666666666667	73.72	73.04666666666667	72.73333333333333	72.20666666666666	71.75333333333333	70.56666666666666	69.65333333333334	68.55333333333333	67.20666666666666	65.65333333333334	63.193333333333335	59.64	53.63333333333333	0.0
0.0	53.57333333333333	59.70666666666666	63.10666666666667	65.68	67.10666666666667	68.81333333333333	69.96	70.8	71.56666666666666	72.1	72.82666666666667	72.84666666666666	73.73333333333333	73.74	73.97333333333333	74.21333333333334	74.08666666666667	73.86	74.02666666666667	73.74	73.71333333333334	73.57333333333334	73.9	73.01333333333334	72.89333333333333	71.98666666666666	71.45333333333333	71.16	70.08666666666667	68.65333333333334	67.22666666666667	65.58666666666667	62.93333333333333	59.74	53.94	0.0
0.0	53.6	59.92666666666667	63.39333333333333	65.66666666666667	67.49333333333334	69.13333333333334	70.44	71.24	71.72666666666667	72.40666666666667	73.00666666666666	73.62	73.97333333333333	74.24666666666667	74.98	74.78	74.77333333333333	74.66666666666667	75.08666666666667	74.54	74.46	74.40666666666667	74.05333333333333	73.20666666666666	72.95333333333333	72.56	71.47333333333333	70.31333333333333	69.63333333333334	68.89333333333333	67.4	65.54666666666667	63.04666666666667	59.78666666666667	53.56	0.0
0.0	53.95333333333333	59.906666666666666	63.586666666666666	66.04	68.01333333333334	69.23333333333333	70.16666666666667	70.78	72.04666666666667	72.78666666666666	73.50666666666666	73.85333333333334	74.08	74.36	74.80666666666667	74.8	75.16666666666667	75.04666666666667	75.28666666666666	74.86666666666666	75.02666666666667	74.41333333333333	74.08	73.32	73.48666666666666	72.76	72.24	71.54666666666667	70.74666666666667	69.80666666666667	67.92	66.16	63.666666666666664	59.96666666666667	54.06666666666667	0.0
0.0	53.68	59.62	62.96	65.53333333333333	67.52666666666667	68.97333333333333	69.8	71.08666666666667	71.94666666666667	72.51333333333334	73.08666666666667	73.14666666666666	73.98	73.63333333333334	74.18	74.28666666666666	74.68666666666667	74.59333333333333	74.71333333333334	74.74	74.92666666666666	74.1	73.88666666666667	73.52	72.91333333333333	72.14666666666666	71.68	70.48666666666666	69.96666666666667	68.62	67.3	65.57333333333334	63.13333333333333	59.42666666666667	53.666666666666664	0.0
0.0	53.413333333333334	59.946666666666665	63.28666666666667	65.62	67.70666666666666	69.04666666666667	69.93333333333334	70.92666666666666	71.84	72.16	72.93333333333334	73.28	73.76	73.88666666666667	74.03333333333333	74.18666666666667	74.22	74.10666666666667	73.98666666666666	74.10666666666667	74.14666666666666	74.12666666666667	73.66	73.39333333333333	72.78	72.56666666666666	72.1	71.42	70.22	69.22666666666667	67.42666666666666	65.8	63.42666666666667	59.766666666666666	54.1	0.0
0.0	53.85333333333333	59.57333333333333	63.17333333333333	65.59333333333333	67.41333333333333	69.02	69.94666666666667	70.64	71.41333333333333	72.26666666666667	72.51333333333334	72.84666666666666	73.55333333333333	73.47333333333333	73.66	73.94	74.23333333333333	74.5	73.88666666666667	74.06	73.68	73.88666666666667	73.14666666666666	73.02	72.55333333333333	71.98	71.35333333333334	71.0	69.75333333333333	68.66	67.48666666666666	65.46	62.85333333333333	59.88	53.70666666666666	0.0
0.0	53.48	59.96	62.9	66.12	68.02666666666667	68.94	70.02	71.11333333333333	71.68666666666667	72.24	73.08	73.14666666666666	73.67333333333333	73.82666666666667	74.4	74.4	74.80666666666667	74.8	74.50666666666666	74.72	74.38	74.12	73.9	73.30666666666667	72.66	72.32	71.77333333333333	70.72666666666667	69.91333333333333	68.74	67.44666666666667	65.91333333333333	63.62	60.22	53.45333333333333	0.0
0.0	53.71333333333333	59.586666666666666	62.94	65.56	67.28666666666666	68.72666666666667	69.78666666666666	70.83333333333333	71.82666666666667	72.43333333333334	73.34	73.59333333333333	73.69333333333333	73.90666666666667	74.36666666666666	74.08	74.22666666666667	74.0	74.34	74.18	74.03333333333333	73.50666666666666	73.19333333333333	72.72666666666667	72.36666666666666	72.12	71.66666666666667	71.13333333333334	69.98666666666666	69.07333333333334	67.48	65.69333333333333	63.4	60.03333333333333	53.8	0.0
0.0	53.766666666666666	59.653333333333336	63.053333333333335	65.57333333333334	67.72666666666667	69.26	70.18	71.12666666666667	71.83333333333333	72.67333333333333	73.27333333333333	73.45333333333333	74.06666666666666	74.04	74.16	74.24666666666667	74.42666666666666	74.58666666666667	74.62	74.72666666666667	74.57333333333334	74.43333333333334	74.05333333333333	73.18	73.15333333333334	72.89333333333333	71.90666666666667	71.28666666666666	70.27333333333333	68.66666666666667	67.63333333333334	65.92	63.513333333333335	59.44	53.74	0.0
0.0	53.9	59.82666666666667	63.27333333333333	65.61333333333333	67.22666666666667	68.80666666666667	70.06666666666666	70.82	71.66666666666667	72.40666666666667	72.66	73.08666666666667	73.2	73.86	73.90666666666667	74.22666666666667	74.41333333333333	74.14666666666666	74.4	74.48	74.04666666666667	73.98	74.1	73.61333333333333	72.92666666666666	72.14666666666666	71.72	70.78	69.81333333333333	68.96	67.81333333333333	65.78666666666666	63.093333333333334	59.913333333333334	53.986666666666665	0.0
0.0	53.82666666666667	59.906666666666666	63.28	65.9	67.6	68.94666666666667	70.16666666666667	71.03333333333333	71.97333333333333	72.62	73.21333333333334	73.55333333333333	73.87333333333333	74.36666666666666	74.54666666666667	74.0	74.34	74.44	74.77333333333333	74.34666666666666	74.11333333333333	73.89333333333333	73.28666666666666	73.31333333333333	72.72666666666667	72.84666666666666	71.84666666666666	71.45333333333333	70.08666666666667	69.06	67.51333333333334	65.72666666666667	63.03333333333333	59.96	53.986666666666665	0.0
0.0	53.666666666666664	59.46666666666667	62.60666666666667	65.04	67.30666666666667	68.51333333333334	69.58666666666667	70.6	71.10666666666667	71.65333333333334	72.55333333333333	72.84	73.28666666666666	73.6	73.59333333333333	74.16	74.15333333333334	73.94	74.26	74.05333333333333	74.34666666666666	73.83333333333333	74.01333333333334	73.25333333333333	72.98	72.36	71.16	70.96	69.64666666666666	69.04	67.78	65.92666666666666	63.52	60.093333333333334	53.98	0.0
0.0	53.98	59.473333333333336	63.11333333333334	65.39333333333333	66.92	68.7	69.77333333333333	70.88	71.64666666666666	72.0	72.83333333333333	72.95333333333333	73.34	73.76	74.02	74.18666666666667	74.36	74.24666666666667	74.13333333333334	74.35333333333334	73.88666666666667	73.94666666666667	73.9	73.04	72.35333333333334	72.21333333333334	70.92	70.12	69.30666666666667	68.43333333333334	67.19333333333333	65.47333333333333	63.20666666666666	59.22666666666667	53.44	0.0
0.0	53.36	59.233333333333334	62.913333333333334	65.30666666666667	67.2	68.52	69.68	70.4	71.07333333333334	71.75333333333333	72.5	72.78666666666666	73.35333333333334	73.56	74.04666666666667	74.19333333333333	74.54666666666667	74.56	73.85333333333334	73.97333333333333	73.87333333333333	73.4	73.56666666666666	72.94	72.34	71.80666666666667	71.36	70.37333333333333	69.73333333333333	68.32666666666667	67.15333333333334	65.43333333333334	62.86666666666667	59.4	53.7	0.0
0.0	53.82	59.82666666666667	63.473333333333336	66.28666666666666	67.82	69.06	69.89333333333333	70.96666666666667	71.92666666666666	72.62	73.23333333333333	73.79333333333334	74.16	74.63333333333334	74.74	74.84666666666666	74.74	74.84	74.61333333333333	74.67333333333333	74.52666666666667	74.3	74.46666666666667	73.78666666666666	73.54666666666667	72.55333333333333	72.13333333333334	71.28	70.88666666666667	69.18666666666667	67.62666666666667	65.81333333333333	63.45333333333333	59.96	53.973333333333336	0.0
0.0	53.36666666666667	59.43333333333333	62.96	65.25333333333333	67.16	68.48	69.74666666666667	70.92666666666666	71.74666666666667	71.86	72.32666666666667	73.06666666666666	73.21333333333334	73.28666666666666	73.79333333333334	73.82666666666667	74.03333333333333	74.6	74.42666666666666	74.5	74.38666666666667	73.89333333333333	73.85333333333334	73.13333333333334	72.81333333333333	72.24	71.67333333333333	70.72666666666667	69.83333333333333	69.00666666666666	67.29333333333334	65.99333333333334	63.42666666666667	59.85333333333333	53.473333333333336	0.0
0.0	53.32666666666667	59.74	62.99333333333333	65.36	67.11333333333333	68.48	69.68666666666667	70.64	71.83333333333333	72.52	72.87333333333333	73.44666666666667	73.92666666666666	74.16	74.46	74.46666666666667	74.14666666666666	74.44	74.17333333333333	74.02666666666667	74.22666666666667	73.99333333333334	74.19333333333333	73.62	73.02	72.48	72.18	71.56	70.19333333333333	68.79333333333334	67.61333333333333	65.86666666666666	63.29333333333334	59.973333333333336	54.0	0.0
0.0	53.586666666666666	59.86	63.12	65.04666666666667	66.86	68.51333333333334	69.92666666666666	70.66666666666667	71.49333333333334	72.02666666666667	72.18666666666667	72.88666666666667	73.14	73.74	73.77333333333333	73.58	73.78	74.1	73.84666666666666	73.74	73.55333333333333	73.18	73.14666666666666	72.92	72.63333333333334	72.21333333333334	71.51333333333334	70.8	69.44666666666667	68.34	67.41333333333333	65.50666666666666	63.5	59.52	53.74	0.0
0.0	53.74666666666667	59.66	63.24	65.53333333333333	67.20666666666666	68.87333333333333	69.72	71.15333333333334	72.04	72.59333333333333	73.12666666666667	73.28	74.12666666666667	74.04	74.56666666666666	74.56666666666666	74.67333333333333	74.76	74.68666666666667	74.46	74.54	73.77333333333333	73.35333333333334	73.29333333333334	72.24	71.66	71.44	70.79333333333334	69.78666666666666	68.50666666666666	67.15333333333334	65.39333333333333	62.7	59.346666666666664	53.626666666666665	0.0
0.0	54.153333333333336	59.986666666666665	63.32666666666667	65.6	67.34666666666666	69.16666666666667	70.12666666666667	71.48666666666666	72.22	72.36	73.26666666666667	73.48666666666666	74.01333333333334	74.29333333333334	74.20666666666666	74.37333333333333	74.15333333333334	74.52	74.19333333333333	74.16	74.02	74.0	73.68	73.31333333333333	73.06666666666666	72.44666666666667	71.68	70.8	69.99333333333334	68.90666666666667	67.3	65.72666666666667	63.24	60.0	53.82	0.0
0.0	53.88666666666666	60.03333333333333	63.76	65.86	67.71333333333334	68.88	69.91333333333333	70.92	71.16666666666667	71.72	72.61333333333333	73.09333333333333	73.56	74.02	74.08666666666667	74.30666666666667	74.44666666666667	74.72	74.7	74.52666666666667	74.58666666666667	74.16666666666667	73.79333333333334	73.47333333333333	72.76666666666667	72.44	71.37333333333333	70.71333333333334	69.83333333333333	68.70666666666666	67.10666666666667	65.64	63.29333333333334	59.86	53.70666666666666	0.0
0.0	53.63333333333333	60.126666666666665	63.36	66.16666666666667	67.86	69.0	70.57333333333334	71.32	72.21333333333334	72.98	73.3	73.66	74.34	74.42	74.40666666666667	74.63333333333334	74.48	74.47333333333333	74.73333333333333	74.82	74.39333333333333	74.1	74.44	73.52	73.03333333333333	72.50666666666666	72.10666666666667	70.92666666666666	70.24	68.89333333333333	67.18	65.41333333333333	63.29333333333334	59.98	53.85333333333333	0.0
0.0	53.4	59.486666666666665	63.053333333333335	65.57333333333334	67.14666666666666	68.3	69.67333333333333	70.64666666666666	71.92666666666666	72.04666666666667	72.76	73.25333333333333	73.40666666666667	73.95333333333333	74.33333333333333	74.30666666666667	73.98	74.13333333333334	74.19333333333333	74.51333333333334	73.89333333333333	74.01333333333334	73.60666666666667	73.48	73.07333333333334	72.46	71.79333333333334	71.18666666666667	70.14666666666666	68.84666666666666	67.48	65.52	63.14666666666667	60.053333333333335	53.68	0.0
0.0	53.88666666666666	60.026666666666664	63.31333333333333	65.86	67.79333333333334	69.35333333333334	70.56	71.21333333333334	72.16666666666667	72.46666666666667	73.49333333333334	73.39333333333333	73.61333333333333	74.13333333333334	74.58	74.48666666666666	74.77333333333333	74.92	74.60666666666667	74.91333333333333	74.68	74.65333333333334	74.20666666666666	73.64666666666666	72.64	72.60666666666667	71.88	70.92666666666666	69.58	68.71333333333334	67.30666666666667	65.63333333333334	63.306666666666665	59.913333333333334	53.806666666666665	0.0
0.0	53.833333333333336	59.526666666666664	62.92	65.38	67.31333333333333	68.55333333333333	69.53333333333333	70.74666666666667	71.46	72.40666666666667	73.15333333333334	73.4	73.47333333333333	73.97333333333333	74.34	74.34	74.34	74.32	74.49333333333334	74.04666666666667	74.2	73.79333333333334	74.02666666666667	73.68666666666667	72.98	72.47333333333333	71.86	71.02666666666667	70.28	69.19333333333333	67.41333333333333	65.54666666666667	63.39333333333333	60.026666666666664	53.79333333333334	0.0
0.0	53.973333333333336	59.906666666666666	63.373333333333335	65.72	67.49333333333334	68.73333333333333	69.72	70.19333333333333	71.34666666666666	72.23333333333333	72.9	73.38	73.52	74.46666666666667	74.58	74.72	74.69333333333333	74.84	75.02	74.63333333333334	74.50666666666666	73.88	73.58	72.96666666666667	72.79333333333334	72.18	71.59333333333333	70.82666666666667	69.78666666666666	68.57333333333334	67.4	65.83333333333333	63.14666666666667	59.52	53.46	0.0
0.0	53.693333333333335	59.74666666666667	63.0	65.49333333333334	66.89333333333333	68.51333333333334	69.87333333333333	70.66	71.22666666666667	72.31333333333333	72.80666666666667	73.16666666666667	73.62	73.62666666666667	74.25333333333333	74.2	74.12666666666667	74.28666666666666	74.06	74.0	73.78666666666666	73.28	72.85333333333334	72.62	72.24	71.64	71.14666666666666	70.48	69.22	68.44	67.12666666666667	65.33333333333333	62.9	59.74666666666667	53.413333333333334	0.0
0.0	53.43333333333333	59.42	63.346666666666664	65.42666666666666	67.06	68.72666666666667	69.95333333333333	70.81333333333333	71.42666666666666	72.42666666666666	72.74666666666667	73.42666666666666	73.77333333333333	73.96666666666667	74.26666666666667	74.59333333333333	74.63333333333334	74.90666666666667	74.64666666666666	74.67333333333333	74.59333333333333	73.95333333333333	73.49333333333334	73.11333333333333	72.35333333333334	71.93333333333334	71.19333333333333	71.17333333333333	69.80666666666667	68.92	67.11333333333333	65.27333333333333	62.88666666666666	59.38666666666666	53.586666666666666	0.0
0.0	53.62	59.29333333333334	62.70666666666666	65.7	67.57333333333334	68.99333333333334	69.7	71.1	71.91333333333333	72.64	72.88	73.14	73.37333333333333	73.69333333333333	73.86666666666666	74.05333333333333	74.23333333333333	74.09333333333333	74.32666666666667	74.06	74.02	74.16	73.94666666666667	73.20666666666666	72.79333333333334	72.28666666666666	71.10666666666667	70.76	70.16	68.80666666666667	67.29333333333334	65.37333333333333	63.24	59.54666666666667	53.526666666666664	0.0
0.0	53.593333333333334	59.64	63.1	65.54	67.36666666666666	68.55333333333333	69.58666666666667	70.36666666666666	71.18	71.87333333333333	72.38666666666667	73.22666666666667	73.42666666666666	73.88	73.82	74.04	74.58	74.1	74.24	74.40666666666667	73.97333333333333	73.80666666666667	73.61333333333333	73.34	72.76666666666667	72.45333333333333	71.64	70.72	69.73333333333333	68.81333333333333	67.50666666666666	65.9	63.806666666666665	59.56	53.77333333333333	0.0
0.0	53.9	60.093333333333334	63.62	66.23333333333333	68.12	69.5	70.26	71.44	72.60666666666667	72.97333333333333	73.40666666666667	73.72666666666667	74.81333333333333	74.68666666666667	75.06666666666666	74.49333333333334	74.96666666666667	74.41333333333333	74.56666666666666	74.95333333333333	74.78	74.56666666666666	73.93333333333334	73.36666666666666	73.24	72.48	71.45333333333333	71.17333333333333	70.12666666666667	69.30666666666667	67.45333333333333	65.44666666666667	63.18666666666667	59.74	53.9	0.0
0.0	53.653333333333336	59.34	62.85333333333333	65.59333333333333	67.31333333333333	68.50666666666666	69.84666666666666	70.84	71.58666666666667	72.17333333333333	72.55333333333333	73.28666666666666	73.39333333333333	73.68	73.96	74.09333333333333	74.31333333333333	74.58	74.38666666666667	74.4	73.93333333333334	74.07333333333334	73.52666666666667	72.94	72.47333333333333	72.02	71.33333333333333	70.41333333333333	69.87333333333333	68.69333333333333	67.32	65.64	62.92	59.68666666666667	53.486666666666665	0.0
0.0	53.986666666666665	59.48	63.24	65.66	67.32	69.08666666666667	69.92666666666666	70.88666666666667	71.55333333333333	72.58666666666667	73.16	73.60666666666667	74.13333333333334	74.28666666666666	74.52666666666667	74.64	74.7	74.69333333333333	74.43333333333334	74.24666666666667	74.14666666666666	74.20666666666666	73.84666666666666	73.74	73.33333333333333	72.78666666666666	72.06	71.02	70.08	68.83333333333333	67.50666666666666	65.46666666666667	63.42666666666667	59.74666666666667	53.49333333333333	0.0
0.0	53.70666666666666	59.96	63.36	65.8	67.31333333333333	68.76666666666667	70.31333333333333	71.14	72.14	72.52	73.27333333333333	73.22666666666667	73.67333333333333	73.98	74.28666666666666	74.4	74.5	74.42666666666666	74.72	74.3	74.51333333333334	74.15333333333334	73.71333333333334	73.28	72.45333333333333	71.78	70.79333333333334	70.62666666666667	69.48	69.01333333333334	67.38	65.62	62.99333333333333	59.39333333333333	53.553333333333335	0.0
0.0	53.82	59.70666666666666	63.34	65.46666666666667	67.1	68.76	69.9	70.94	71.81333333333333	72.62	73.05333333333333	73.48	74.10666666666667	74.32666666666667	75.01333333333334	74.52	74.72	74.70666666666666	74.52666666666667	74.62666666666667	74.5	74.12	74.05333333333333	73.52666666666667	73.13333333333334	72.78	71.99333333333334	70.85333333333334	70.05333333333333	69.0	67.37333333333333	65.74666666666667	63.333333333333336	59.78666666666667	53.846666666666664	0.0
0.0	53.68666666666667	59.846666666666664	63.31333333333333	65.4	67.46666666666667	68.77333333333333	69.88	71.14	71.66	72.39333333333333	72.92	73.48666666666666	73.98	73.97333333333333	74.17333333333333	74.52	74.82666666666667	74.96	75.07333333333334	74.31333333333333	74.34	74.08666666666667	73.88666666666667	73.66	73.29333333333334	72.71333333333334	72.35333333333334	71.23333333333333	70.04666666666667	69.18	67.58	65.75333333333333	63.22	59.593333333333334	53.78	0.0
0.0	53.88	59.86	63.08	65.54	67.22	69.28666666666666	70.12666666666667	70.86666666666666	71.68	72.42666666666666	72.6	73.33333333333333	74.09333333333333	73.92666666666666	74.36666666666666	74.45333333333333	74.67333333333333	74.75333333333333	75.23333333333333	74.88	74.39333333333333	74.21333333333334	74.09333333333333	73.42666666666666	72.46	72.28666666666666	71.51333333333334	70.85333333333334	69.64	68.37333333333333	67.14	65.67333333333333	63.28666666666667	59.806666666666665	53.39333333333333	0.0
0.0	53.44	59.63333333333333	63.193333333333335	65.6	67.2	68.40666666666667	69.52666666666667	70.78666666666666	72.04	72.48666666666666	72.71333333333334	73.34666666666666	73.83333333333333	73.66	74.05333333333333	74.70666666666666	74.50666666666666	74.96	75.0	74.93333333333334	74.97333333333333	74.24	73.8	73.19333333333333	72.66666666666667	72.06666666666666	71.05333333333333	70.53333333333333	69.89333333333333	68.76	67.23333333333333	65.82	63.06666666666667	59.38666666666666	53.64666666666667	0.0
0.0	53.79333333333334	59.986666666666665	63.34	65.66	67.72	69.10666666666667	70.32666666666667	70.81333333333333	71.63333333333334	72.06	72.31333333333333	73.32	73.69333333333333	73.90666666666667	74.4	74.46	74.52	74.6	74.47333333333333	74.32666666666667	73.82	73.98666666666666	73.68666666666667	73.66666666666667	73.23333333333333	72.64666666666666	71.73333333333333	71.38666666666667	70.2	68.87333333333333	67.24666666666667	65.33333333333333	63.22	60.08	53.906666666666666	0.0
0.0	53.54666666666667	60.03333333333333	63.21333333333333	65.62	67.28666666666666	68.87333333333333	69.98	71.18	71.86666666666666	72.52	73.07333333333334	73.52666666666667	73.60666666666667	73.98666666666666	74.17333333333333	74.14666666666666	74.26666666666667	74.18	74.20666666666666	74.23333333333333	73.83333333333333	74.26	73.98	73.42	73.30666666666667	72.53333333333333	71.76	71.02	69.73333333333333	68.87333333333333	67.45333333333333	65.78666666666666	63.77333333333333	60.00666666666667	54.10666666666667	0.0
0.0	53.42666666666667	59.9	63.35333333333333	65.36666666666666	67.54666666666667	68.56	69.94666666666667	70.90666666666667	71.64666666666666	72.38666666666667	72.86	73.52	73.86	73.91333333333333	74.08	74.62666666666667	74.71333333333334	74.44666666666667	74.42	74.04	73.94666666666667	73.48	73.56666666666666	73.36666666666666	72.70666666666666	72.06666666666666	71.32	70.58666666666667	69.6	68.52666666666667	67.14	65.00666666666666	62.946666666666665	59.49333333333333	53.35333333333333	0.0
0.0	53.806666666666665	59.82	62.946666666666665	65.76	67.35333333333334	68.97333333333333	70.03333333333333	70.77333333333333	71.71333333333334	72.09333333333333	72.88	73.05333333333333	73.46	74.30666666666667	74.12	74.36666666666666	74.22666666666667	74.55333333333333	74.39333333333333	74.33333333333333	74.34	74.22666666666667	73.74	73.24666666666667	72.47333333333333	72.04	71.44	70.21333333333334	69.47333333333333	68.32666666666667	66.72	65.5	63.193333333333335	59.88	53.58	0.0
0.0	54.02	59.96	63.66	65.94	67.63333333333334	69.15333333333334	70.41333333333333	71.05333333333333	71.97333333333333	72.8	73.44	74.20666666666666	74.34	74.45333333333333	74.36	74.64666666666666	74.66	74.69333333333333	74.79333333333334	74.44666666666667	74.29333333333334	73.88	73.62666666666667	73.57333333333334	73.36	72.56666666666666	72.02	70.88	69.95333333333333	69.03333333333333	67.86	65.96666666666667	63.473333333333336	59.84	53.92	0.0
0.0	53.586666666666666	59.86666666666667	62.913333333333334	65.65333333333334	67.6	69.10666666666667	69.87333333333333	70.94666666666667	71.59333333333333	72.34	72.70666666666666	73.21333333333334	73.76	73.81333333333333	74.2	74.13333333333334	74.18	74.32666666666667	74.26666666666667	74.1	74.05333333333333	74.05333333333333	73.82666666666667	73.92	72.82	72.32	71.81333333333333	71.08	69.8	68.49333333333334	67.29333333333334	65.51333333333334	62.88	59.473333333333336	53.70666666666666	0.0
0.0	53.71333333333333	59.72666666666667	63.153333333333336	65.77333333333333	67.94	69.24	70.12	71.11333333333333	72.27333333333333	72.82666666666667	73.23333333333333	73.76	74.12666666666667	74.25333333333333	74.5	74.88	74.82	75.32666666666667	75.15333333333334	74.78	74.98666666666666	74.78	74.39333333333333	74.06	73.76666666666667	72.7	72.20666666666666	71.06	70.40666666666667	69.05333333333333	67.86666666666666	66.02666666666667	63.22666666666667	60.11333333333334	54.10666666666667	0.0
0.0	53.44	59.873333333333335	63.2	65.45333333333333	67.34	69.12	70.14666666666666	70.71333333333334	71.76	73.06	73.53333333333333	73.39333333333333	73.64666666666666	73.76	74.17333333333333	74.39333333333333	74.2	74.2	74.53333333333333	74.07333333333334	73.71333333333334	73.59333333333333	73.25333333333333	72.85333333333334	72.2	72.11333333333333	71.37333333333333	71.07333333333334	70.04666666666667	68.72666666666667	67.74	65.66	63.03333333333333	59.66	54.0	0.0
0.0	54.06	59.906666666666666	63.586666666666666	66.02666666666667	67.94666666666667	69.19333333333333	70.14666666666666	70.91333333333333	72.15333333333334	72.69333333333333	73.37333333333333	74.12	74.20666666666666	74.85333333333334	74.86666666666666	74.98	75.06	75.22	75.35333333333334	74.82666666666667	74.87333333333333	74.38	73.98	74.16	73.58	73.10666666666667	72.16666666666667	71.28666666666666	70.19333333333333	68.85333333333334	67.82	65.82666666666667	63.846666666666664	60.093333333333334	53.846666666666664	0.0
0.0	53.98	59.72	63.413333333333334	65.05333333333333	67.62	68.49333333333334	69.80666666666667	71.22666666666667	71.46	71.86	72.82	73.31333333333333	73.68	73.84666666666666	74.20666666666666	74.54666666666667	74.96666666666667	75.36	74.88	74.87333333333333	74.52	74.07333333333334	73.83333333333333	73.36	72.70666666666666	72.46666666666667	71.86	70.95333333333333	69.96	68.76666666666667	67.3	65.26666666666667	63.16	59.666666666666664	53.42	0.0
0.0	53.806666666666665	59.98	63.14666666666667	65.36666666666666	67.23333333333333	68.72666666666667	70.20666666666666	70.67333333333333	71.47333333333333	72.04666666666667	72.62	73.54666666666667	73.82	74.48666666666666	74.33333333333333	74.23333333333333	74.58666666666667	74.71333333333334	74.18666666666667	74.42666666666666	74.40666666666667	74.04666666666667	73.68	73.36	73.20666666666666	72.48	71.60666666666667	71.05333333333333	69.94	68.78666666666666	67.62	65.72	63.28666666666667	59.85333333333333	54.18	0.0
0.0	53.78666666666667	60.35333333333333	63.21333333333333	65.6	68.01333333333334	69.20666666666666	70.24666666666667	71.0	71.92	72.80666666666667	72.87333333333333	73.27333333333333	74.10666666666667	73.88	74.55333333333333	74.38	74.38	74.56666666666666	74.97333333333333	74.58666666666667	74.19333333333333	74.51333333333334	74.13333333333334	74.22	73.36	72.98	72.48666666666666	71.28666666666666	70.03333333333333	69.08	67.36666666666666	65.98666666666666	63.61333333333334	59.78	54.04666666666667	0.0
0.0	53.9	59.85333333333333	63.54	65.79333333333334	67.87333333333333	69.39333333333333	70.26666666666667	71.33333333333333	71.88666666666667	72.38666666666667	73.33333333333333	73.28666666666666	73.38666666666667	73.26	74.12	73.88666666666667	74.15333333333334	74.16666666666667	74.14666666666666	73.87333333333333	73.76	73.7	73.00666666666666	72.67333333333333	72.52666666666667	71.99333333333334	71.00666666666666	70.40666666666667	69.60666666666667	68.44666666666667	67.27333333333333	65.23333333333333	63.2	59.63333333333333	53.8	0.0
0.0	53.28666666666667	59.333333333333336	62.71333333333333	65.22666666666667	66.80666666666667	68.35333333333334	69.66666666666667	70.74666666666667	71.48	72.24	72.63333333333334	73.04	73.42	73.68666666666667	74.34	74.40666666666667	74.77333333333333	74.42	74.37333333333333	74.45333333333333	74.44666666666667	74.66	73.89333333333333	73.49333333333334	72.94666666666667	72.21333333333334	71.95333333333333	70.7	69.62666666666667	68.92	67.02	65.06666666666666	62.95333333333333	59.36666666666667	53.64	0.0
0.0	53.75333333333333	59.846666666666664	63.10666666666667	65.49333333333334	67.4	69.02666666666667	69.78	70.82666666666667	71.25333333333333	72.07333333333334	72.16	72.84666666666666	73.24	73.4	73.61333333333333	73.94666666666667	74.0	73.84666666666666	73.73333333333333	74.02666666666667	74.1	73.51333333333334	73.36666666666666	73.21333333333334	72.82666666666667	71.86666666666666	71.66666666666667	70.72	70.06666666666666	69.0	67.36	65.66666666666667	63.50666666666667	59.653333333333336	54.026666666666664	0.0
0.0	53.82666666666667	59.70666666666666	63.53333333333333	65.55333333333333	67.07333333333334	68.52	69.82	70.92666666666666	71.39333333333333	72.24666666666667	72.37333333333333	72.92	73.22666666666667	73.97333333333333	74.26666666666667	74.43333333333334	74.20666666666666	74.18666666666667	74.30666666666667	74.50666666666666	74.40666666666667	74.22	74.11333333333333	73.49333333333334	72.82	72.42	71.78	70.69333333333333	69.82666666666667	68.45333333333333	67.39333333333333	65.84	62.78	59.60666666666667	54.013333333333335	0.0
0.0	53.626666666666665	59.84	63.34	65.52	67.16	68.91333333333333	69.98	71.06666666666666	71.56	72.31333333333333	72.98	73.18	73.46	74.06	74.12	74.45333333333333	74.24	74.48666666666666	74.63333333333334	74.16666666666667	74.09333333333333	74.1	73.36666666666666	73.19333333333333	72.76	72.11333333333333	71.58666666666667	70.57333333333334	69.74	68.78666666666666	67.09333333333333	65.54666666666667	63.39333333333333	59.53333333333333	54.03333333333333	0.0
0.0	53.46666666666667	59.92666666666667	63.26	65.75333333333333	67.62666666666667	69.26	70.15333333333334	71.10666666666667	72.07333333333334	72.72666666666667	72.95333333333333	73.18666666666667	73.34	74.07333333333334	74.1	74.35333333333334	74.59333333333333	74.11333333333333	74.08666666666667	74.38666666666667	73.90666666666667	74.07333333333334	73.85333333333334	73.38666666666667	72.89333333333333	72.06	71.7	70.78	70.03333333333333	68.64	67.26666666666667	65.57333333333334	63.35333333333333	59.96666666666667	54.093333333333334	0.0
0.0	53.62	59.64666666666667	63.04	65.12	67.37333333333333	68.48	69.60666666666667	70.58666666666667	71.2	72.01333333333334	72.72666666666667	73.12666666666667	73.32	73.73333333333333	74.06666666666666	74.05333333333333	73.69333333333333	74.09333333333333	73.68	73.54	73.36	73.23333333333333	73.3	72.81333333333333	72.62666666666667	71.76666666666667	70.98666666666666	70.53333333333333	69.72	68.82	67.28	65.46666666666667	62.846666666666664	59.36	53.486666666666665	0.0
0.0	53.46	59.50666666666667	63.28666666666667	65.66	67.75333333333333	68.75333333333333	69.88666666666667	70.95333333333333	71.02	72.02	72.87333333333333	73.49333333333334	73.52	73.96666666666667	74.03333333333333	74.83333333333333	74.84666666666666	74.44666666666667	74.68	74.64666666666666	74.68	74.41333333333333	74.32	73.51333333333334	73.29333333333334	72.75333333333333	71.98	71.11333333333333	69.76	68.48	67.32666666666667	65.57333333333334	63.586666666666666	59.513333333333335	53.593333333333334	0.0
0.0	53.71333333333333	59.586666666666666	63.14666666666667	65.72	67.30666666666667	68.50666666666666	69.77333333333333	70.56	71.68	72.46666666666667	73.2	73.46	74.08666666666667	74.25333333333333	74.08666666666667	74.4	74.22	74.18666666666667	74.24666666666667	74.17333333333333	74.13333333333334	74.12666666666667	73.32	73.23333333333333	72.65333333333334	72.13333333333334	71.70666666666666	70.72666666666667	69.87333333333333	68.84	67.34666666666666	65.67333333333333	63.22	59.61333333333334	53.906666666666666	0.0
0.0	54.153333333333336	60.053333333333335	63.48	65.80666666666667	67.75333333333333	69.12	70.12	71.2	71.84	72.52	73.03333333333333	73.78	73.9	74.49333333333334	74.20666666666666	74.64666666666666	74.90666666666667	75.16666666666667	75.06	74.7	74.36666666666666	74.49333333333334	73.96666666666667	73.52666666666667	72.92666666666666	72.71333333333334	72.2	71.67333333333333	70.22	68.94	67.22	65.92	63.233333333333334	59.77333333333333	53.8	0.0
0.0	53.78	59.733333333333334	63.586666666666666	65.83333333333333	67.37333333333333	69.12666666666667	70.33333333333333	71.38666666666667	71.52	72.38666666666667	72.71333333333334	73.32	73.92666666666666	74.22666666666667	74.32666666666667	74.44	74.34	74.84	74.24666666666667	74.18666666666667	74.35333333333334	73.87333333333333	73.56	72.91333333333333	72.88	72.21333333333334	71.42666666666666	71.20666666666666	70.10666666666667	68.82666666666667	67.43333333333334	65.34	63.22	59.42	54.03333333333333	0.0
0.0	53.88	59.66	63.16	65.55333333333333	67.08666666666667	68.83333333333333	69.96666666666667	70.74666666666667	71.68666666666667	72.43333333333334	72.94666666666667	73.22666666666667	73.33333333333333	74.15333333333334	74.09333333333333	74.56	74.28	74.48666666666666	74.42	74.52	74.37333333333333	73.68	73.46666666666667	73.02666666666667	72.82	72.60666666666667	71.54666666666667	70.89333333333333	69.83333333333333	69.0	67.88666666666667	65.78666666666666	63.13333333333333	59.513333333333335	53.5	0.0
0.0	54.06666666666667	59.473333333333336	63.21333333333333	65.46	67.6	68.69333333333333	69.62666666666667	70.42	71.3	72.20666666666666	72.84666666666666	72.91333333333333	73.52666666666667	73.68	74.71333333333334	74.21333333333334	74.34666666666666	74.54	74.32	74.41333333333333	74.46	74.56666666666666	73.77333333333333	73.54	73.13333333333334	72.33333333333333	71.77333333333333	71.04666666666667	69.52666666666667	68.6	67.60666666666667	66.02	63.18666666666667	59.666666666666664	53.82	0.0
0.0	53.733333333333334	59.64	63.2	65.62	67.35333333333334	68.30666666666667	69.17333333333333	70.54666666666667	70.98666666666666	71.47333333333333	72.2	72.84666666666666	73.07333333333334	73.44	74.0	74.29333333333334	74.76666666666667	74.48666666666666	74.65333333333334	74.4	74.38	74.07333333333334	73.78	73.12	73.08666666666667	72.77333333333333	71.72	70.78	70.4	68.92666666666666	67.54	65.51333333333334	63.44	59.64	53.54	0.0
0.0	53.553333333333335	59.68	63.11333333333334	65.16666666666667	66.91333333333333	68.54	69.44666666666667	70.25333333333333	71.3	71.62	73.02	73.15333333333334	73.44666666666667	74.05333333333333	73.83333333333333	73.96	74.15333333333334	74.31333333333333	74.25333333333333	74.3	73.8	73.53333333333333	73.56666666666666	72.93333333333334	72.56	71.81333333333333	71.27333333333333	70.62	69.84	68.54666666666667	67.72	65.65333333333334	63.593333333333334	60.04666666666667	53.846666666666664	0.0
0.0	53.42	59.57333333333333	62.86	64.99333333333334	67.04666666666667	68.16	69.2	70.69333333333333	71.38666666666667	72.37333333333333	73.08666666666667	73.31333333333333	73.68	73.85333333333334	74.22666666666667	74.28	74.48666666666666	74.46	74.22	74.15333333333334	74.07333333333334	73.78	73.4	73.43333333333334	72.97333333333333	72.51333333333334	71.4	70.90666666666667	69.63333333333334	68.66	66.94666666666667	65.30666666666667	63.10666666666667	59.693333333333335	53.553333333333335	0.0
0.0	53.46	59.486666666666665	63.086666666666666	65.35333333333334	67.16666666666667	68.84666666666666	69.92	70.60666666666667	71.51333333333334	72.31333333333333	72.40666666666667	73.38666666666667	73.42666666666666	73.69333333333333	74.0	73.96666666666667	74.55333333333333	74.19333333333333	74.04666666666667	74.1	73.61333333333333	73.26	73.20666666666666	72.86	71.94	71.66666666666667	71.05333333333333	70.55333333333333	69.81333333333333	68.38	67.03333333333333	65.27333333333333	63.07333333333333	59.586666666666666	53.46666666666667	0.0
0.0	53.86	59.593333333333334	63.10666666666667	65.44666666666667	67.08	68.68	69.72	70.48666666666666	71.18666666666667	72.42666666666666	72.94	73.06666666666666	73.78	73.86	74.13333333333334	74.42666666666666	74.41333333333333	74.65333333333334	74.60666666666667	74.58666666666667	74.49333333333334	74.14	73.62	73.2	72.68666666666667	72.54	71.48666666666666	70.88666666666667	69.57333333333334	68.37333333333333	67.11333333333333	65.21333333333334	62.9	59.46666666666667	53.653333333333336	0.0
0.0	53.626666666666665	59.446666666666665	63.06	65.68666666666667	67.11333333333333	68.66666666666667	70.02666666666667	70.48666666666666	71.76	72.46	73.12666666666667	73.23333333333333	73.3	73.68	73.62666666666667	73.77333333333333	74.36666666666666	73.98666666666666	74.33333333333333	74.44	73.88666666666667	74.05333333333333	73.36	73.1	72.43333333333334	72.02666666666667	71.46666666666667	70.50666666666666	69.78	68.44666666666667	66.97333333333333	65.76666666666667	62.986666666666665	59.44	53.54	0.0
0.0	53.413333333333334	59.766666666666666	62.9	65.70666666666666	67.67333333333333	69.36666666666666	70.06666666666666	71.13333333333334	71.52	72.22666666666667	73.20666666666666	73.16	73.88666666666667	74.11333333333333	74.59333333333333	74.57333333333334	74.7	74.71333333333334	74.59333333333333	74.94	74.68666666666667	74.28666666666666	74.27333333333333	73.33333333333333	72.58	72.53333333333333	71.68666666666667	71.24666666666667	70.58	68.92666666666666	67.61333333333333	66.08666666666667	63.57333333333333	60.07333333333333	53.94	0.0
0.0	53.64	59.60666666666667	63.02	65.26666666666667	67.37333333333333	68.87333333333333	69.83333333333333	71.42666666666666	71.93333333333334	72.27333333333333	72.62	72.94	73.95333333333333	73.88666666666667	73.94666666666667	74.02	74.33333333333333	74.66666666666667	74.23333333333333	74.1	73.91333333333333	73.43333333333334	73.22666666666667	73.00666666666666	72.74	71.97333333333333	71.14	70.22666666666667	69.21333333333334	68.46	66.94666666666667	65.47333333333333	63.126666666666665	59.38666666666666	53.586666666666666	0.0
0.0	53.53333333333333	59.46666666666667	62.96	65.54666666666667	67.11333333333333	68.09333333333333	69.72	70.32666666666667	71.23333333333333	71.8	72.46666666666667	73.02	73.22666666666667	73.45333333333333	73.93333333333334	74.06	74.36	74.28666666666666	74.26666666666667	74.23333333333333	74.05333333333333	73.82	73.52	73.01333333333334	72.72666666666667	72.1	71.79333333333334	70.62	69.95333333333333	68.90666666666667	67.4	65.58	63.50666666666667	59.44	53.72	0.0
0.0	53.4	59.473333333333336	63.13333333333333	65.45333333333333	67.39333333333333	68.53333333333333	69.86666666666666	70.62666666666667	71.40666666666667	72.08	72.66666666666667	73.50666666666666	73.7	73.96666666666667	73.86666666666666	74.34	74.37333333333333	74.23333333333333	74.24666666666667	73.99333333333334	73.89333333333333	73.78	73.48	73.17333333333333	72.61333333333333	71.94	71.24666666666667	70.63333333333334	69.66	68.37333333333333	67.06666666666666	64.93333333333334	62.75333333333333	59.5	53.4	0.0
0.0	53.77333333333333	59.93333333333333	63.16	66.06	67.08666666666667	68.62666666666667	69.96666666666667	70.68	71.47333333333333	72.44666666666667	73.08666666666667	73.56	73.84666666666666	74.28	74.49333333333334	74.6	74.62	74.34666666666666	74.53333333333333	74.45333333333333	74.08666666666667	73.94666666666667	73.43333333333334	73.1	72.74	72.33333333333333	71.47333333333333	70.6	69.55333333333333	68.31333333333333	66.97333333333333	65.56666666666666	63.16	59.62	53.873333333333335	0.0
0.0	53.48	59.513333333333335	63.193333333333335	65.54666666666667	67.71333333333334	68.98666666666666	70.14	70.86666666666666	71.67333333333333	72.35333333333334	72.94	73.06	73.46	73.60666666666667	73.74666666666667	73.80666666666667	73.70666666666666	73.80666666666667	73.62	74.04666666666667	73.64666666666666	73.78666666666666	73.11333333333333	72.96	72.64	71.98	71.64	70.74	69.45333333333333	68.76	67.52666666666667	65.8	63.29333333333334	59.42666666666667	53.88666666666666	0.0
0.0	53.53333333333333	59.46666666666667	63.00666666666667	65.27333333333333	67.06	68.9	69.84	70.74666666666667	71.38	71.97333333333333	72.53333333333333	72.87333333333333	73.11333333333333	73.34	74.11333333333333	74.42666666666666	74.44666666666667	74.62666666666667	74.4	74.32666666666667	73.7	73.45333333333333	73.13333333333334	73.08	72.66	71.94666666666667	71.30666666666667	70.72666666666667	69.67333333333333	68.64666666666666	67.36	65.56666666666666	62.74	59.74666666666667	53.6	0.0
0.0	53.61333333333334	59.81333333333333	63.48	65.28	67.2	68.77333333333333	69.86666666666666	70.86666666666666	71.6	71.98666666666666	72.34666666666666	73.17333333333333	73.56666666666666	74.06	74.16	74.16666666666667	74.25333333333333	74.58	74.6	74.8	74.66666666666667	74.25333333333333	73.91333333333333	73.22666666666667	73.04	72.60666666666667	71.87333333333333	70.94666666666667	70.36	68.92	67.41333333333333	65.82666666666667	63.166666666666664	59.60666666666667	53.586666666666666	0.0
0.0	54.02	59.76	63.553333333333335	65.67333333333333	67.13333333333334	68.74	70.01333333333334	70.70666666666666	71.62	72.71333333333334	73.08666666666667	73.59333333333333	74.02	74.61333333333333	74.64666666666666	74.81333333333333	75.12666666666667	75.30666666666667	75.07333333333334	74.86	74.86	74.35333333333334	74.34666666666666	73.85333333333334	73.44666666666667	72.5	71.90666666666667	71.34	70.01333333333334	68.82666666666667	67.42	65.42666666666666	63.13333333333333	59.67333333333333	53.66	0.0
0.0	53.88666666666666	60.013333333333335	63.76	65.98666666666666	67.74666666666667	69.08	70.24	71.22666666666667	71.78666666666666	72.68	73.18	73.5	74.14666666666666	74.37333333333333	74.70666666666666	74.95333333333333	74.91333333333333	75.18	74.94666666666667	74.70666666666666	74.52	74.29333333333334	74.14	73.55333333333333	73.20666666666666	72.57333333333334	72.08666666666667	71.37333333333333	70.04666666666667	68.59333333333333	67.86	65.86666666666666	63.346666666666664	59.733333333333334	53.806666666666665	0.0
0.0	53.513333333333335	59.88	63.46	65.49333333333334	67.36666666666666	68.77333333333333	70.08	70.71333333333334	71.37333333333333	71.93333333333334	72.87333333333333	73.21333333333334	74.03333333333333	74.06	74.23333333333333	74.23333333333333	74.5	74.70666666666666	74.35333333333334	74.16666666666667	73.96666666666667	74.06666666666666	73.96	73.16666666666667	72.49333333333334	72.42666666666666	71.84666666666666	70.84	69.96666666666667	68.74666666666667	67.63333333333334	66.00666666666666	63.0	59.77333333333333	53.68666666666667	0.0
0.0	53.54	59.126666666666665	62.95333333333333	66.04666666666667	67.36666666666666	68.72666666666667	69.74666666666667	71.11333333333333	71.58	72.19333333333333	73.10666666666667	73.31333333333333	73.58666666666667	73.35333333333334	73.88	73.96666666666667	73.78666666666666	74.08	74.08	73.68666666666667	73.60666666666667	73.41333333333333	73.04	72.90666666666667	72.31333333333333	71.85333333333334	71.28666666666666	70.64	69.43333333333334	68.44666666666667	67.19333333333333	65.24666666666667	63.08	59.586666666666666	53.74666666666667	0.0
0.0	53.66	59.94	63.18	65.7	66.98666666666666	68.68666666666667	69.68666666666667	70.55333333333333	71.78	72.32	72.72	73.22666666666667	73.85333333333334	74.17333333333333	74.52	74.72	74.96666666666667	74.85333333333334	74.84666666666666	74.67333333333333	74.16	73.78	73.55333333333333	73.44666666666667	72.81333333333333	72.61333333333333	71.56666666666666	70.46	69.84	68.71333333333334	67.03333333333333	65.48666666666666	63.04	60.12	53.74	0.0
0.0	53.70666666666666	59.99333333333333	63.3	65.86666666666666	67.50666666666666	69.31333333333333	70.18	71.05333333333333	71.73333333333333	72.54	73.00666666666666	73.12	73.77333333333333	74.24	74.6	75.04666666666667	74.99333333333334	74.64	74.61333333333333	74.44	74.68	74.38	73.8	73.20666666666666	72.98	72.3	71.64	71.24666666666667	70.00666666666666	68.89333333333333	67.43333333333334	65.86666666666666	63.28666666666667	59.86666666666667	53.833333333333336	0.0
0.0	53.8	59.62	63.36666666666667	65.53333333333333	67.4	68.96	69.81333333333333	70.86666666666666	71.62666666666667	72.14666666666666	72.76666666666667	73.02666666666667	73.66666666666667	74.0	74.02666666666667	74.30666666666667	73.96666666666667	74.12666666666667	74.42666666666666	74.24666666666667	74.1	74.08	73.94666666666667	73.6	73.34666666666666	72.74	71.70666666666666	71.20666666666666	70.14	69.20666666666666	67.26666666666667	65.65333333333334	63.14666666666667	60.06	53.86	0.0
0.0	53.486666666666665	59.8	63.24666666666667	65.57333333333334	67.10666666666667	68.69333333333333	69.72666666666667	70.7	71.64	71.96	72.63333333333334	73.53333333333333	73.75333333333333	73.83333333333333	74.39333333333333	74.46666666666667	74.67333333333333	75.12	75.0	74.57333333333334	74.31333333333333	74.39333333333333	73.74	73.28666666666666	72.68666666666667	72.06	71.58666666666667	70.89333333333333	69.97333333333333	68.78666666666666	67.18	65.16666666666667	62.93333333333333	59.70666666666666	53.84	0.0
0.0	53.666666666666664	59.486666666666665	63.026666666666664	65.68	67.21333333333334	68.57333333333334	69.56	70.74666666666667	71.85333333333334	72.9	73.16666666666667	73.36666666666666	73.6	74.1	74.34	74.60666666666667	74.90666666666667	74.9	74.51333333333334	74.86	74.72666666666667	74.34666666666666	74.04	73.51333333333334	73.15333333333334	72.58	71.89333333333333	71.15333333333334	70.06	68.79333333333334	67.18666666666667	65.70666666666666	62.95333333333333	59.44	53.45333333333333	0.0
0.0	53.72	59.92	63.42666666666667	65.82	67.36	68.58666666666667	69.57333333333334	70.22	71.33333333333333	71.76666666666667	72.47333333333333	72.42	73.4	73.72	73.96666666666667	73.98	74.30666666666667	74.06666666666666	73.92	74.25333333333333	74.04	73.7	73.33333333333333	73.40666666666667	72.92666666666666	72.36666666666666	71.55333333333333	70.59333333333333	69.68666666666667	68.63333333333334	67.03333333333333	65.48	62.93333333333333	59.513333333333335	53.49333333333333	0.0
0.0	53.413333333333334	59.52	63.373333333333335	65.4	67.40666666666667	68.75333333333333	69.58	70.62	71.84	72.00666666666666	72.6	73.11333333333333	73.52	74.04	74.15333333333334	74.18	73.97333333333333	74.45333333333333	74.62666666666667	74.64666666666666	74.47333333333333	73.87333333333333	73.91333333333333	73.29333333333334	72.73333333333333	72.06	71.47333333333333	70.66666666666667	69.84666666666666	68.48	67.14666666666666	65.68666666666667	63.06666666666667	59.31333333333333	53.56	0.0
0.0	53.72	59.95333333333333	63.666666666666664	66.24	67.83333333333333	68.94666666666667	70.49333333333334	71.50666666666666	72.54	73.21333333333334	73.74666666666667	74.04666666666667	74.28	74.78	74.86	74.92	75.29333333333334	75.30666666666667	75.14	75.04666666666667	74.8	74.6	74.19333333333333	73.92666666666666	73.29333333333334	72.04666666666667	71.63333333333334	71.22	70.25333333333333	69.08666666666667	67.62666666666667	65.85333333333334	63.266666666666666	59.78	53.96666666666667	0.0
0.0	53.57333333333333	59.553333333333335	62.92666666666667	65.49333333333334	67.16666666666667	68.55333333333333	69.80666666666667	70.46	71.41333333333333	72.20666666666666	72.55333333333333	73.00666666666666	73.49333333333334	73.67333333333333	74.3	73.95333333333333	74.42666666666666	74.22666666666667	74.04	74.46	74.06	74.03333333333333	73.17333333333333	72.52	72.7	71.95333333333333	71.49333333333334	70.94666666666667	69.52666666666667	68.36666666666666	66.73333333333333	64.92	62.84	59.54	53.68666666666667	0.0
0.0	53.8	60.18	63.43333333333333	65.69333333333333	67.51333333333334	69.07333333333334	70.54666666666667	71.36666666666666	72.31333333333333	72.69333333333333	73.41333333333333	73.54666666666667	73.65333333333334	73.9	74.4	74.76	74.76666666666667	75.12666666666667	74.89333333333333	74.61333333333333	74.24	74.63333333333334	74.26666666666667	73.92	73.32666666666667	72.56	71.68666666666667	71.01333333333334	70.09333333333333	69.02666666666667	67.70666666666666	66.06	63.486666666666665	59.973333333333336	53.7	0.0
0.0	53.733333333333334	59.57333333333333	63.0	65.14666666666666	67.26	68.38	70.19333333333333	71.02	71.75333333333333	72.14666666666666	72.78	73.41333333333333	73.6	73.78666666666666	73.89333333333333	74.28666666666666	74.25333333333333	74.28	74.17333333333333	73.71333333333334	74.09333333333333	73.60666666666667	73.49333333333334	73.18666666666667	72.71333333333334	71.81333333333333	71.24	70.63333333333334	69.5	68.66666666666667	67.48666666666666	65.42666666666666	63.06	59.38666666666666	53.24	0.0
0.0	53.62	59.693333333333335	63.233333333333334	65.54666666666667	67.24666666666667	68.84666666666666	69.50666666666666	70.46666666666667	71.4	72.10666666666667	72.82666666666667	72.96	73.21333333333334	73.44666666666667	73.88666666666667	73.67333333333333	73.88	73.92666666666666	74.04666666666667	73.88666666666667	73.53333333333333	73.41333333333333	73.23333333333333	72.65333333333334	72.66666666666667	71.82	71.16	70.56	69.54	68.26	66.87333333333333	65.16666666666667	62.75333333333333	59.38	53.64	0.0
0.0	53.77333333333333	59.28	62.58	65.51333333333334	67.24666666666667	68.86666666666666	69.54	70.7	71.44	72.14	72.72	73.45333333333333	73.93333333333334	74.06	74.50666666666666	74.8	74.98666666666666	74.86666666666666	74.55333333333333	74.26	73.98666666666666	73.69333333333333	73.71333333333334	73.35333333333334	72.66666666666667	71.85333333333334	71.65333333333334	70.46666666666667	69.74666666666667	68.30666666666667	67.0	65.56	62.92666666666667	59.333333333333336	53.38	0.0
0.0	53.82666666666667	59.72666666666667	63.42666666666667	65.66	67.55333333333333	69.19333333333333	70.02666666666667	71.0	71.99333333333334	72.31333333333333	73.44	73.41333333333333	73.82	74.52666666666667	74.54	74.7	74.75333333333333	74.76	74.32666666666667	74.35333333333334	74.36	74.06666666666666	74.23333333333333	73.69333333333333	73.22	72.54666666666667	71.82	71.04	70.31333333333333	68.96	67.68666666666667	65.71333333333334	63.0	59.67333333333333	53.64	0.0
0.0	53.626666666666665	59.50666666666667	62.82666666666667	65.44666666666667	67.3	68.56666666666666	69.62	70.42	71.31333333333333	72.03333333333333	72.91333333333333	72.96	73.10666666666667	73.48	73.72666666666667	73.72	73.41333333333333	73.96666666666667	73.44666666666667	73.2	73.72	73.54666666666667	73.3	72.90666666666667	72.46	71.71333333333334	70.86	70.02	69.59333333333333	68.52	66.95333333333333	64.96	62.82	59.75333333333333	53.26	0.0
0.0	53.666666666666664	59.64	63.3	65.40666666666667	66.88	68.74	69.63333333333334	70.73333333333333	71.62	72.05333333333333	72.44666666666667	73.2	73.39333333333333	74.14666666666666	74.05333333333333	73.76666666666667	74.19333333333333	74.34666666666666	74.42	74.53333333333333	73.88666666666667	73.97333333333333	73.24	73.12	72.75333333333333	72.09333333333333	71.15333333333334	70.52	69.58666666666667	68.84	67.48666666666666	65.87333333333333	63.18666666666667	59.44	53.586666666666666	0.0
0.0	53.48	59.666666666666664	63.08	65.33333333333333	67.36666666666666	68.83333333333333	69.84666666666666	70.76	71.34666666666666	72.12	72.24	72.93333333333334	73.38666666666667	74.06	74.0	73.76666666666667	74.14666666666666	74.30666666666667	74.06	74.27333333333333	74.74666666666667	73.91333333333333	73.87333333333333	73.74	72.73333333333333	72.1	71.44	70.65333333333334	69.48666666666666	68.48	67.05333333333333	65.08	63.0	59.56	53.68	0.0
0.0	53.74666666666667	59.86666666666667	63.43333333333333	65.66	67.32	68.44	69.70666666666666	70.30666666666667	71.46	72.2	72.66666666666667	73.40666666666667	73.61333333333333	73.94666666666667	74.12666666666667	74.47333333333333	74.62	74.61333333333333	74.61333333333333	74.87333333333333	74.44666666666667	74.46	73.7	73.60666666666667	73.34666666666666	72.73333333333333	71.72	71.33333333333333	70.27333333333333	68.64666666666666	67.42666666666666	65.43333333333334	63.25333333333333	59.82	53.766666666666666	0.0
0.0	53.77333333333333	59.56	63.35333333333333	65.48	67.49333333333334	68.69333333333333	69.77333333333333	71.09333333333333	71.64666666666666	72.38	73.40666666666667	73.54666666666667	74.30666666666667	74.48666666666666	74.22666666666667	74.38	74.35333333333334	74.86666666666666	74.86666666666666	74.85333333333334	74.49333333333334	74.01333333333334	73.51333333333334	73.15333333333334	72.90666666666667	72.42666666666666	71.95333333333333	71.04666666666667	70.09333333333333	69.20666666666666	67.44666666666667	65.42	63.48	60.29333333333334	54.1	0.0
0.0	53.92	60.13333333333333	63.68	65.82666666666667	67.83333333333333	68.89333333333333	70.27333333333333	71.06666666666666	72.0	72.56	72.98	73.38666666666667	73.74666666666667	74.45333333333333	74.98666666666666	74.58	74.96666666666667	74.92666666666666	75.02	75.04666666666667	74.54	74.47333333333333	74.34666666666666	73.85333333333334	73.30666666666667	72.93333333333334	71.68666666666667	71.0	69.9	69.14666666666666	67.36	65.42	63.446666666666665	59.72	53.806666666666665	0.0
0.0	53.8	60.14666666666667	63.68666666666667	66.04	67.84666666666666	68.85333333333334	70.22	71.04	72.09333333333333	72.58666666666667	73.21333333333334	73.7	74.19333333333333	74.48666666666666	74.37333333333333	74.66666666666667	74.82	74.53333333333333	74.82	74.75333333333333	74.86666666666666	74.83333333333333	74.51333333333334	74.36666666666666	74.05333333333333	73.09333333333333	72.41333333333333	71.48	70.47333333333333	69.43333333333334	68.17333333333333	65.90666666666667	63.413333333333334	60.026666666666664	53.86666666666667	0.0
0.0	53.653333333333336	59.71333333333333	63.406666666666666	65.7	67.19333333333333	68.62666666666667	70.13333333333334	70.75333333333333	71.36666666666666	72.47333333333333	73.00666666666666	73.38	73.47333333333333	74.23333333333333	74.37333333333333	74.48666666666666	74.58666666666667	74.52	74.4	74.38	74.16666666666667	74.14666666666666	73.46666666666667	73.02	72.63333333333334	72.06666666666666	71.79333333333334	70.56666666666666	69.73333333333333	68.52666666666667	67.06	65.36666666666666	63.086666666666666	60.026666666666664	53.78	0.0
0.0	53.653333333333336	59.986666666666665	63.36	65.62	67.50666666666666	68.94666666666667	70.47333333333333	71.41333333333333	72.55333333333333	72.8	73.12666666666667	73.50666666666666	73.95333333333333	74.22666666666667	74.58	74.66666666666667	74.81333333333333	74.71333333333334	74.53333333333333	74.44666666666667	74.40666666666667	74.17333333333333	74.04666666666667	73.42	72.94666666666667	72.41333333333333	71.86666666666666	71.1	70.46	69.00666666666666	67.56	66.08	63.266666666666666	60.02	53.53333333333333	0.0
0.0	53.7	59.62	63.13333333333333	65.64	67.90666666666667	69.58666666666667	70.59333333333333	71.76666666666667	72.56	73.16666666666667	73.45333333333333	73.71333333333334	73.86	74.30666666666667	74.5	74.74666666666667	74.73333333333333	74.68	74.6	74.48666666666666	74.6	74.55333333333333	73.95333333333333	73.77333333333333	73.38666666666667	72.56	71.91333333333333	71.09333333333333	69.73333333333333	69.07333333333334	67.74	65.86666666666666	63.60666666666667	59.94	53.906666666666666	0.0
0.0	53.513333333333335	60.02	63.49333333333333	65.78	67.52	68.82	70.12666666666667	71.12	72.06	72.82	73.53333333333333	74.05333333333333	74.56666666666666	74.7	74.67333333333333	74.78666666666666	75.57333333333334	75.21333333333334	74.68666666666667	74.5	74.57333333333334	74.0	73.88	73.62	73.28	72.7	72.10666666666667	71.03333333333333	70.1	68.96666666666667	67.42	65.76666666666667	63.2	59.74	53.24	0.0
0.0	53.6	59.82666666666667	63.233333333333334	65.50666666666666	67.16666666666667	68.62666666666667	69.76	70.77333333333333	71.36666666666666	71.97333333333333	72.67333333333333	73.42	73.73333333333333	73.87333333333333	74.10666666666667	74.67333333333333	74.60666666666667	74.9	74.55333333333333	74.17333333333333	73.75333333333333	73.96	73.6	73.5	73.04	72.56	71.57333333333334	70.72	70.1	68.55333333333333	67.34666666666666	65.48	62.76	59.53333333333333	53.66	0.0
0.0	53.82	59.82	63.693333333333335	66.06	67.90666666666667	69.22	69.52666666666667	70.84	71.86666666666666	72.20666666666666	72.82666666666667	73.41333333333333	73.47333333333333	73.51333333333334	73.89333333333333	73.98	74.06	73.90666666666667	73.81333333333333	73.49333333333334	73.45333333333333	73.56666666666666	73.14	73.16666666666667	72.86	72.31333333333333	71.37333333333333	70.42666666666666	69.63333333333334	68.56	66.92666666666666	65.28666666666666	63.1	59.42	53.346666666666664	0.0
0.0	53.986666666666665	60.07333333333333	63.31333333333333	65.76	67.13333333333334	69.06666666666666	70.54	71.12	72.19333333333333	72.54	73.09333333333333	73.34	73.66666666666667	73.83333333333333	74.03333333333333	74.1	74.39333333333333	74.14666666666666	74.27333333333333	73.66666666666667	73.59333333333333	73.57333333333334	73.42666666666666	73.12	72.72666666666667	72.51333333333334	71.74	70.60666666666667	70.04	68.94	67.39333333333333	65.54	63.22666666666667	59.71333333333333	53.88	0.0
0.0	53.473333333333336	59.626666666666665	63.086666666666666	65.9	67.36666666666666	68.88	70.5	71.18666666666667	71.75333333333333	72.36666666666666	72.74666666666667	73.46	73.81333333333333	74.06	74.21333333333334	74.38666666666667	74.7	74.67333333333333	74.64666666666666	74.48	74.36666666666666	74.18	73.64666666666666	73.61333333333333	73.12	72.41333333333333	71.53333333333333	70.96	69.86	68.58666666666667	67.36	65.8	63.22	59.74	53.78	0.0
0.0	53.593333333333334	59.7	62.95333333333333	65.58	67.54666666666667	69.09333333333333	70.48666666666666	71.04	71.98	72.44	73.3	73.92	74.04666666666667	74.54666666666667	74.71333333333334	74.88666666666667	74.92	74.62	75.0	74.81333333333333	74.72	74.32666666666667	74.22666666666667	74.03333333333333	73.7	72.71333333333334	72.16	71.22666666666667	70.46	69.02666666666667	67.82666666666667	65.78	63.373333333333335	60.053333333333335	54.20666666666666	0.0
0.0	53.526666666666664	59.66	63.68666666666667	65.88666666666667	67.18	68.72666666666667	70.24666666666667	70.78	71.69333333333333	72.42666666666666	72.92	73.70666666666666	74.14	74.07333333333334	74.19333333333333	74.22666666666667	74.29333333333334	74.46666666666667	74.24	74.58666666666667	74.04	73.78	73.47333333333333	73.03333333333333	72.94666666666667	72.44666666666667	71.68666666666667	71.02	70.22	69.13333333333334	67.33333333333333	65.52666666666667	63.21333333333333	59.846666666666664	53.68666666666667	0.0
0.0	53.21333333333333	59.38666666666666	62.86	65.06666666666666	66.71333333333334	68.54	69.82	70.73333333333333	71.48	72.12666666666667	72.44	73.06666666666666	73.63333333333334	74.08666666666667	74.12666666666667	74.56	74.83333333333333	74.83333333333333	74.70666666666666	74.45333333333333	74.50666666666666	73.92666666666666	73.86666666666666	73.27333333333333	73.02	72.38	71.93333333333334	71.11333333333333	70.6	68.87333333333333	67.03333333333333	65.26666666666667	63.153333333333336	59.78	53.54666666666667	0.0
0.0	53.39333333333333	59.93333333333333	63.17333333333333	65.23333333333333	67.37333333333333	68.81333333333333	69.92	70.76666666666667	71.78666666666666	72.41333333333333	72.90666666666667	73.44666666666667	73.72666666666667	73.96	74.38666666666667	74.5	74.32666666666667	74.32666666666667	74.44666666666667	74.52	74.34666666666666	74.1	73.44666666666667	73.7	73.04666666666667	72.41333333333333	71.96	71.28	70.46	69.2	67.66666666666667	66.15333333333334	63.333333333333336	60.08	53.98	0.0
0.0	53.75333333333333	59.413333333333334	63.06666666666667	65.32	67.61333333333333	69.07333333333334	69.95333333333333	70.78666666666666	72.01333333333334	72.6	73.52666666666667	73.48666666666666	73.68666666666667	73.86666666666666	74.35333333333334	74.3	74.90666666666667	74.74	74.95333333333333	74.48666666666666	74.26666666666667	73.97333333333333	73.50666666666666	73.51333333333334	72.86666666666666	72.24	71.98	71.01333333333334	70.04	69.03333333333333	67.58	65.86	63.586666666666666	60.18666666666667	53.71333333333333	0.0
0.0	53.68	59.85333333333333	63.086666666666666	65.87333333333333	67.36	68.72	69.95333333333333	71.22	71.81333333333333	72.48	73.01333333333334	73.48666666666666	73.86666666666666	74.01333333333334	74.24	74.44666666666667	74.54	74.64666666666666	74.53333333333333	74.27333333333333	74.08666666666667	74.01333333333334	73.30666666666667	73.41333333333333	72.91333333333333	72.09333333333333	71.64666666666666	70.64666666666666	69.80666666666667	68.94	67.14	65.49333333333334	63.32	59.56	53.86	0.0
0.0	54.026666666666664	59.81333333333333	63.57333333333333	65.72666666666667	67.88	68.73333333333333	70.04	71.10666666666667	71.64666666666666	72.04666666666667	73.02666666666667	73.6	74.1	74.3	74.35333333333334	74.32666666666667	74.54666666666667	74.26666666666667	74.47333333333333	74.03333333333333	74.17333333333333	73.64	73.04666666666667	73.02666666666667	72.74	71.92	71.49333333333334	70.82	69.70666666666666	68.68	67.23333333333333	65.36666666666666	63.126666666666665	59.94	53.78666666666667	0.0
