-0.6115873015873008
-0.6082539682539685
-0.44857142857142873
-0.5853968253968252
-0.5246031746031744
-0.511111111111111
-0.5761904761904763
-0.612857142857143
-0.6566666666666665
-0.5766666666666668
-0.6285714285714287
-0.5688888888888889
-0.5679365079365074
-0.6147619047619045
-0.5899999999999999
-0.5214285714285715
-0.6414285714285715
-0.6074603174603175
-0.5584126984126986
-0.6219047619047615
-0.6574603174603173
-0.6449206349206348
-0.6139682539682538
-0.5734920634920638
-0.523174603174603
-0.6447619047619046
-0.6125396825396824
-0.6123809523809524
-0.5377777777777778
-0.5369841269841272
-0.5626984126984129
-0.5728571428571427
-0.6184126984126984
-0.6457142857142859
-0.5342857142857144
-0.6236507936507938
-0.5787301587301588
-0.4925396825396826
-0.5479365079365077
-0.613968253968254
-0.6041269841269842
-0.5573015873015873
-0.5690476190476191
-0.5825396825396824
-0.5953968253968253
-0.6388888888888886
-0.5826984126984127
-0.5831746031746033
-0.5766666666666667
-0.6265079365079361
-0.5857142857142859
-0.5777777777777776
-0.6447619047619048
-0.6004761904761903
-0.6465079365079368
-0.6268253968253968
-0.5561904761904765
-0.5903174603174602
-0.5776190476190476
-0.6390476190476189
-0.6209523809523813
-0.5739682539682539
-0.702698412698412
-0.5871428571428571
-0.5573015873015871
-0.6125396825396826
-0.6020634920634922
-0.5906349206349205
-0.5534920634920636
-0.5925396825396823
-0.4985714285714286
-0.6058730158730157
-0.626190476190476
-0.5952380952380952
-0.5739682539682537
-0.6096825396825399
-0.6336507936507934
-0.6268253968253973
-0.6280952380952373
-0.5977777777777777
-0.6611111111111113
-0.6036507936507934
-0.5473015873015873
-0.6055555555555553
-0.6279365079365079
-0.657936507936508
-0.550952380952381
-0.5041269841269842
-0.6450793650793651
-0.5515873015873015
-0.6088888888888889
-0.6144444444444445
-0.5588888888888887
-0.6290476190476191
-0.5938095238095236
-0.5557142857142857
-0.6955555555555557
-0.6096825396825394
-0.611111111111111
-0.5353968253968255
-0.603809523809524
-0.5568253968253969
-0.605555555555556
-0.6085714285714287
-0.6258730158730157
-0.6393650793650791
-0.5742857142857144
-0.6106349206349205
-0.6374603174603173
-0.609047619047619
-0.5914285714285715
-0.6369841269841271
-0.6466666666666666
-0.5844444444444444
-0.5434920634920636
-0.61968253968254
-0.6187301587301586
-0.5468253968253965
-0.6647619047619052
-0.6455555555555558
-0.6531746031746026
-0.6704761904761908
-0.5093650793650792
-0.5904761904761906
-0.5912698412698414
-0.5201587301587303
-0.616031746031746
-0.4830158730158732
-0.6284126984126982
-0.5269841269841273
-0.6146031746031747
-0.5734920634920635
-0.6544444444444445
-0.6590476190476192
-0.6306349206349208
-0.6173015873015875
-0.612380952380952
-0.5750793650793652
-0.6236507936507936
-0.5499999999999998
-0.6438095238095238
-0.5834920634920633
-0.5634920634920634
-0.6166666666666667
-0.6199999999999999
-0.5579365079365077
-0.5839682539682541
-0.6236507936507937
-0.6312698412698412
-0.5620634920634924
-0.5644444444444441
-0.6049206349206346
-0.5620634920634918
-0.5831746031746036
-0.6612698412698407
-0.5961904761904764
-0.5401587301587304
-0.5907936507936508
-0.6619047619047617
-0.5423809523809523
-0.637142857142857
-0.5634920634920637
-0.5506349206349207
-0.6285714285714287
-0.5623809523809523
-0.6649206349206348
-0.5607936507936506
-0.6084126984126983
-0.6244444444444447
-0.5484126984126987
-0.4966666666666666
-0.531904761904762
-0.6295238095238098
-0.6452380952380949
-0.5747619047619046
-0.5636507936507936
-0.6026984126984128
-0.5763492063492066
-0.5538095238095238
-0.5726984126984126
-0.575079365079365
-0.5906349206349206
-0.6176190476190472
-0.5611111111111112
-0.5568253968253971
-0.5439682539682539
-0.5322222222222219
-0.5684126984126987
-0.5858730158730161
-0.5684126984126986
-0.49285714285714277
-0.6296825396825397
