-0.9595238095238097
-0.966984126984127
-0.9419047619047615
-0.959365079365079
-0.9379365079365075
-0.9626984126984126
-0.9631746031746032
-0.9404761904761904
-0.9546031746031743
-0.9450793650793654
-0.9599999999999996
-0.9522222222222219
-0.9504761904761906
-0.9373015873015873
-0.9412698412698414
-0.9458730158730153
-0.9522222222222221
-0.9560317460317461
-0.949365079365079
-0.9577777777777781
-0.9441269841269844
-0.9601587301587301
-0.9614285714285713
-0.9604761904761904
-0.9526984126984128
-0.9463492063492064
-0.9606349206349208
-0.9519047619047617
-0.9541269841269836
-0.9544444444444444
-0.9466666666666664
-0.9611111111111115
-0.9512698412698409
-0.9482539682539687
-0.9604761904761904
-0.9542857142857141
-0.9422222222222223
-0.9504761904761904
-0.938571428571429
-0.9550793650793651
-0.9439682539682537
-0.9530158730158733
-0.9603174603174606
-0.9614285714285719
-0.956825396825397
-0.952063492063492
-0.938571428571428
-0.9490476190476195
-0.9565079365079363
-0.949047619047619
-0.9465079365079365
-0.9547619047619048
-0.9553968253968257
-0.9585714285714285
-0.9434920634920633
-0.9479365079365082
-0.9487301587301586
-0.9504761904761901
-0.9401587301587297
-0.9406349206349203
-0.9325396825396823
-0.9406349206349205
-0.9587301587301582
-0.9507936507936509
-0.949047619047619
-0.9563492063492061
-0.9542857142857138
-0.9592063492063492
-0.9519047619047623
-0.9596825396825396
-0.9569841269841275
-0.9574603174603179
-0.9458730158730161
-0.9577777777777775
-0.9542857142857143
-0.948730158730159
-0.9525396825396824
-0.9514285714285713
-0.9569841269841267
-0.9528571428571432
-0.9493650793650793
-0.9403174603174597
-0.9419047619047617
-0.9414285714285711
-0.9542857142857146
-0.9450793650793646
-0.9465079365079365
-0.9611111111111112
-0.9626984126984126
-0.9544444444444451
-0.9366666666666663
-0.9560317460317463
-0.9442857142857144
-0.9547619047619045
-0.9561904761904763
-0.9452380952380952
-0.9536507936507937
-0.9673015873015873
-0.9592063492063494
-0.9617460317460317
-0.9579365079365082
-0.9525396825396824
-0.9561904761904759
-0.9500000000000002
-0.9539682539682538
-0.9512698412698409
-0.9493650793650793
-0.9566666666666667
-0.9503174603174602
-0.9576190476190479
-0.94015873015873
-0.9582539682539685
-0.9468253968253968
-0.9555555555555558
-0.9576190476190476
-0.9542857142857146
-0.9496825396825396
-0.9471428571428566
-0.9504761904761909
-0.9482539682539681
-0.93984126984127
-0.9441269841269841
-0.9552380952380952
-0.94984126984127
-0.9344444444444445
-0.9552380952380952
-0.956984126984127
-0.9571428571428571
-0.9577777777777781
-0.9496825396825399
-0.9385714285714283
-0.9488888888888883
-0.9569841269841265
-0.9515873015873016
-0.9512698412698414
-0.9619047619047618
-0.9469841269841269
-0.9415873015873016
-0.95047619047619
-0.9434920634920635
-0.9369841269841267
-0.9460317460317458
-0.9387301587301579
-0.9460317460317462
-0.9499999999999996
-0.9350793650793651
-0.9476190476190479
-0.94
-0.9500000000000004
-0.948095238095238
-0.9407936507936508
-0.9612698412698414
-0.9604761904761902
-0.9522222222222219
-0.9496825396825398
-0.9444444444444442
-0.9614285714285713
-0.9455555555555555
-0.9547619047619048
-0.94015873015873
-0.9553968253968251
-0.9642857142857141
-0.9476190476190473
-0.9496825396825396
-0.9417460317460321
-0.9495238095238097
-0.9546031746031745
-0.9519047619047618
-0.9525396825396827
-0.933174603174603
-0.9447619047619046
-0.9636507936507932
-0.9574603174603172
-0.9415873015873011
-0.9380952380952382
-0.9446031746031746
-0.9577777777777775
-0.9598412698412703
-0.9446031746031741
-0.9512698412698412
-0.9530158730158731
-0.9363492063492064
-0.9506349206349207
-0.9430158730158731
-0.9658730158730161
-0.9612698412698414
-0.9520634920634918
-0.9514285714285711
-0.9330158730158727
-0.9488888888888886
-0.9450793650793651
-0.953968253968254
