-0.7109523809523809
-0.727142857142857
-0.7007936507936509
-0.7444444444444448
-0.7038095238095238
-0.7141269841269842
-0.7073015873015869
-0.6747619047619051
-0.7444444444444442
-0.7088888888888887
-0.7290476190476193
-0.7444444444444447
-0.6774603174603174
-0.6928571428571428
-0.6965079365079361
-0.6625396825396825
-0.7014285714285713
-0.7063492063492063
-0.6849206349206349
-0.7328571428571428
-0.7249206349206349
-0.77047619047619
-0.7860317460317461
-0.7544444444444445
-0.6923809523809527
-0.635396825396825
-0.7101587301587301
-0.707936507936508
-0.7323809523809526
-0.7719047619047614
-0.6852380952380956
-0.7187301587301582
-0.7139682539682541
-0.767142857142857
-0.7293650793650792
-0.6790476190476189
-0.7152380952380951
-0.6973015873015873
-0.7392063492063491
-0.7449206349206345
-0.7388888888888888
-0.733809523809524
-0.748888888888889
-0.7571428571428567
-0.7817460317460315
-0.6969841269841269
-0.7790476190476192
-0.687142857142857
-0.6988888888888888
-0.7128571428571426
-0.7041269841269842
-0.684920634920635
-0.7176190476190477
-0.6550793650793647
-0.7758730158730158
-0.7380952380952379
-0.7160317460317458
-0.7393650793650794
-0.7315873015873019
-0.7388888888888888
-0.7273015873015873
-0.750952380952381
-0.7141269841269842
-0.7750793650793655
-0.6996825396825398
-0.6898412698412697
-0.7577777777777778
-0.6693650793650793
-0.7346031746031749
-0.7461904761904763
-0.7288888888888885
-0.7588888888888892
-0.675396825396825
-0.6995238095238091
-0.7623809523809519
-0.7611111111111111
-0.7019047619047618
-0.7544444444444444
-0.7377777777777775
-0.6649206349206352
-0.7099999999999999
-0.7104761904761902
-0.7638095238095239
-0.7034920634920634
-0.736984126984127
-0.7060317460317459
-0.7306349206349207
-0.7450793650793655
-0.7614285714285713
-0.6980952380952381
-0.7428571428571429
-0.7144444444444442
-0.7106349206349211
-0.7480952380952379
-0.749047619047619
-0.7099999999999997
-0.7347619047619047
-0.707142857142857
-0.7122222222222223
-0.681269841269841
-0.7014285714285708
-0.664126984126984
-0.7458730158730157
-0.7050793650793648
-0.7147619047619046
-0.7841269841269843
-0.6861904761904765
-0.6831746031746028
-0.7312698412698413
-0.6715873015873014
-0.6806349206349206
-0.7220634920634917
-0.7114285714285714
-0.6555555555555554
-0.7003174603174602
-0.716825396825397
-0.7606349206349204
-0.6861904761904764
-0.692380952380952
-0.6728571428571428
-0.7185714285714281
-0.7115873015873017
-0.64984126984127
-0.7514285714285718
-0.7003174603174604
-0.7471428571428571
-0.7731746031746033
-0.6673015873015867
-0.6988888888888883
-0.7553968253968253
-0.7430158730158726
-0.6653968253968253
-0.7385714285714284
-0.7231746031746026
-0.7268253968253966
-0.705396825396825
-0.7253968253968246
-0.7025396825396826
-0.7215873015873016
-0.7096825396825396
-0.7123809523809524
-0.7577777777777779
-0.6906349206349208
-0.7041269841269837
-0.7196825396825397
-0.6982539682539682
-0.6773015873015871
-0.7201587301587302
-0.7085714285714287
-0.7533333333333335
-0.7307936507936507
-0.6039682539682542
-0.7165079365079365
-0.7887301587301585
-0.7417460317460317
-0.7547619047619045
-0.7026984126984125
-0.6479365079365084
-0.6982539682539681
-0.757460317460317
-0.6917460317460312
-0.7133333333333332
-0.7104761904761903
-0.7085714285714282
-0.7144444444444444
-0.7261904761904758
-0.7546031746031746
-0.6857142857142855
-0.6898412698412697
-0.7073015873015873
-0.7574603174603173
-0.7152380952380953
-0.7409523809523806
-0.7076190476190477
-0.7158730158730162
-0.7184126984126986
-0.7292063492063493
-0.731904761904762
-0.6696825396825394
-0.707936507936508
-0.6785714285714287
-0.6920634920634918
-0.721428571428571
-0.6855555555555558
-0.7173015873015873
-0.7392063492063492
-0.7247619047619049
-0.7457142857142859
-0.7301587301587299
-0.6668253968253965
-0.7322222222222221
-0.6814285714285714
