0.9996825396825397
0.9998412698412699
1.0
1.0
1.0
0.9990476190476191
1.0
0.9977777777777779
0.9998412698412699
0.9993650793650793
1.0
1.0
0.9995238095238096
1.0
1.0
1.0
0.9998412698412699
0.9993650793650793
1.0
0.9998412698412699
1.0
1.0
1.0
1.0
1.0
0.9998412698412699
1.0
1.0
1.0
1.0
1.0
1.0
1.0
0.9998412698412699
0.9992063492063492
1.0
1.0
0.9998412698412699
0.9993650793650793
1.0
1.0
1.0
1.0
0.9995238095238096
0.9993650793650795
1.0
1.0
0.9998412698412699
1.0
1.0
0.9996825396825397
0.9996825396825397
1.0
0.9998412698412699
1.0
0.9998412698412699
0.9998412698412699
0.9993650793650793
1.0
1.0
0.9998412698412699
1.0
0.9996825396825397
1.0
0.9998412698412699
1.0
1.0
1.0
1.0
1.0
1.0
1.0
1.0
0.9998412698412699
1.0
1.0
1.0
1.0
0.9982539682539683
0.9998412698412699
0.9996825396825397
1.0
0.9996825396825397
1.0
1.0
1.0
0.9996825396825397
1.0
1.0
0.9995238095238096
1.0
0.9998412698412699
0.9988888888888887
0.9992063492063492
1.0
0.9995238095238096
0.9992063492063494
0.9998412698412699
0.9998412698412699
0.9990476190476191
1.0
0.9995238095238096
1.0
0.9990476190476191
0.9998412698412699
1.0
0.9996825396825397
0.9996825396825397
1.0
0.9990476190476191
1.0
0.9977777777777779
0.9995238095238096
1.0
1.0
1.0
0.9995238095238096
0.9985714285714287
1.0
1.0
0.9998412698412699
1.0
0.9995238095238095
0.9990476190476191
1.0
1.0
0.9995238095238096
1.0
0.9996825396825397
1.0
1.0
0.9998412698412699
0.9992063492063492
1.0
1.0
1.0
1.0
1.0
1.0
1.0
1.0
0.9996825396825397
1.0
1.0
0.9980952380952381
1.0
0.9993650793650793
0.9998412698412699
1.0
1.0
1.0
1.0
1.0
0.9995238095238096
1.0
1.0
0.9998412698412699
1.0
1.0
1.0
0.9998412698412699
0.9996825396825397
1.0
1.0
0.9998412698412699
0.9996825396825397
1.0
1.0
1.0
1.0
1.0
0.9998412698412699
1.0
1.0
1.0
1.0
1.0
1.0
1.0
1.0
0.9992063492063492
1.0
1.0
1.0
1.0
1.0
1.0
0.9985714285714286
0.9987301587301587
1.0
1.0
0.9977777777777779
