-0.5472222222222222
-0.9055555555555556
-0.9666666666666666
-0.9
-0.8666666666666668
-0.8805555555555555
-0.986111111111111
-0.9694444444444444
-0.9972222222222221
-0.875
-0.8138888888888889
-0.95
-0.8777777777777777
-0.9444444444444444
-0.9083333333333332
-0.8694444444444445
-0.9972222222222221
-0.6666666666666666
-0.888888888888889
-0.7666666666666667
-0.8305555555555555
-0.8111111111111111
-0.9472222222222222
-0.6361111111111111
-0.9833333333333332
-0.9111111111111111
-0.9888888888888889
-0.6666666666666666
-0.9444444444444444
-0.9916666666666668
-0.9472222222222223
-0.7833333333333334
-0.875
-0.875
-0.9027777777777777
-0.961111111111111
-0.9666666666666666
-0.711111111111111
-0.9972222222222221
-0.8527777777777779
-0.9833333333333334
-0.9888888888888889
-0.9027777777777777
-0.7722222222222223
-0.9055555555555556
-0.961111111111111
-0.9888888888888889
-0.9944444444444445
-0.8805555555555555
-0.9083333333333334
-1.0
-0.9194444444444445
-0.875
-0.9666666666666668
-1.0
-0.888888888888889
-0.7833333333333332
-0.6305555555555555
-0.6666666666666666
-0.8527777777777779
-0.8083333333333332
-0.9027777777777777
-0.9166666666666667
-0.9722222222222223
-0.8944444444444445
-0.9888888888888889
-0.9305555555555556
-0.9222222222222222
-0.9583333333333333
-0.9222222222222222
-0.9583333333333334
-0.9055555555555556
-0.85
-0.8972222222222221
-0.9416666666666668
-0.7833333333333333
-0.8972222222222224
-0.8916666666666666
-0.825
-0.6861111111111111
-0.825
-0.725
-0.925
-0.8555555555555555
-0.8972222222222224
-0.925
-0.9777777777777779
-0.9805555555555555
-0.8388888888888889
-0.7055555555555556
-0.9444444444444444
-0.8277777777777777
-0.8388888888888889
-0.7416666666666667
-0.9666666666666666
-0.8777777777777779
