-0.8916666666666668
-0.9694444444444444
-0.9416666666666667
-0.9361111111111111
-0.8972222222222221
-0.8638888888888889
-0.8694444444444445
-0.8944444444444445
-0.9805555555555557
-0.9222222222222223
-0.6555555555555556
-0.8111111111111111
-0.8722222222222221
-0.9555555555555555
-0.9388888888888889
-0.8638888888888889
-0.9416666666666668
-0.9666666666666668
-0.9972222222222221
-0.8777777777777779
-0.95
-0.9888888888888889
-0.9416666666666667
-0.9305555555555556
-0.7777777777777778
-0.9472222222222222
-0.9944444444444445
-0.9361111111111111
-0.9833333333333332
-0.8388888888888889
-0.95
-0.836111111111111
-0.9555555555555555
-0.9472222222222223
-0.9416666666666667
-0.986111111111111
-0.9527777777777778
-0.861111111111111
-0.8305555555555555
-0.9638888888888889
-0.9638888888888889
-0.9583333333333334
-0.8194444444444444
-0.9666666666666668
-1.0
-0.8944444444444445
-0.9305555555555556
-0.925
-0.9027777777777779
-0.6888888888888889
-0.6972222222222222
-0.7666666666666666
-0.8833333333333332
-0.925
-0.8277777777777778
-0.711111111111111
-0.8138888888888888
-0.9666666666666666
-0.8722222222222223
-0.9722222222222221
-0.861111111111111
-0.9833333333333334
-0.8555555555555555
-0.9972222222222221
-0.8111111111111111
-0.7194444444444444
-0.6416666666666667
-0.8277777777777778
-0.8111111111111111
-0.9583333333333333
-0.9944444444444445
-0.8388888888888889
-0.9972222222222221
-0.8166666666666668
-0.8694444444444445
-0.9722222222222223
-0.9666666666666666
-0.9194444444444445
-0.7972222222222223
-0.8916666666666666
-0.9027777777777777
-0.9722222222222223
-0.8722222222222221
-0.9194444444444443
-0.8916666666666666
-0.9916666666666668
-0.775
-0.8694444444444442
-0.9666666666666668
-0.7861111111111111
-0.9361111111111112
-0.8944444444444445
-0.9194444444444445
-0.9916666666666668
-0.9111111111111111
-0.925
