-0.9194444444444445
-0.9694444444444444
-0.9055555555555556
-0.7972222222222223
-0.8277777777777778
-0.9583333333333334
-0.8388888888888889
-0.8638888888888889
-0.9555555555555555
-0.7777777777777778
-0.6055555555555555
-0.9472222222222222
-0.8444444444444443
-0.8111111111111111
-0.975
-0.7805555555555556
-0.8555555555555555
-0.9972222222222221
-0.888888888888889
-0.9888888888888889
-0.7861111111111111
-0.9972222222222221
-0.8666666666666668
-0.9277777777777777
-0.8666666666666668
-0.7722222222222223
-0.7555555555555555
-0.7694444444444445
-0.9055555555555557
-0.7250000000000001
-0.9888888888888889
-0.9777777777777779
-0.6916666666666667
-0.8555555555555555
-0.7722222222222223
-0.8666666666666666
-0.6194444444444445
-0.9555555555555555
-0.9083333333333334
-0.9166666666666666
-0.8777777777777779
-0.9694444444444444
-0.8138888888888889
-0.9583333333333334
-0.7805555555555557
-0.8638888888888889
-0.9944444444444445
-0.9027777777777779
-0.8944444444444445
-0.6583333333333333
-1.0
-0.9333333333333333
-0.9638888888888889
-0.7472222222222223
-0.986111111111111
-0.9111111111111111
-0.8666666666666666
-0.7555555555555555
-0.961111111111111
-0.9972222222222221
-0.8083333333333333
-0.9666666666666666
-0.9111111111111111
-0.9805555555555557
-0.763888888888889
-0.9527777777777778
-0.8333333333333334
-0.7166666666666667
-0.925
-0.9527777777777778
-0.9583333333333334
-0.9
-0.8555555555555555
-0.9833333333333334
-0.975
-0.9472222222222222
-0.9055555555555556
-1.0
-0.9444444444444446
-0.8444444444444444
-0.9416666666666668
-0.9277777777777778
-0.9833333333333334
-0.8416666666666668
-0.9638888888888889
-0.6888888888888889
-0.6111111111111112
-0.6861111111111111
-0.8972222222222224
-0.875
-0.825
-0.9916666666666666
-0.8555555555555555
-0.725
-0.8722222222222221
-0.8194444444444444
