0.5055555555555556
0.15833333333333333
0.3666666666666666
0.9416666666666667
-0.10555555555555556
-0.22222222222222224
0.2972222222222222
0.513888888888889
0.6277777777777779
0.6416666666666666
0.09444444444444444
-0.3166666666666667
0.6666666666666667
0.37777777777777777
0.01944444444444444
-0.15277777777777776
0.13055555555555556
0.17777777777777776
0.3
0.37222222222222223
-0.5638888888888889
0.3638888888888889
0.8527777777777779
-0.29722222222222217
0.6666666666666666
-0.21388888888888893
-0.18333333333333332
0.6888888888888889
0.06111111111111113
-0.6694444444444445
0.05277777777777778
-0.19444444444444442
0.37777777777777777
0.43611111111111106
0.6
0.5361111111111111
0.6277777777777778
0.10833333333333332
0.5416666666666666
0.19999999999999998
0.9277777777777777
0.7333333333333333
-2.7755575615628915e-18
-0.18611111111111112
0.28055555555555556
0.23055555555555557
0.26111111111111107
-0.04722222222222222
0.37777777777777777
0.08611111111111111
-0.011111111111111108
0.788888888888889
0.5833333333333334
-0.2722222222222222
-0.5944444444444443
-0.35555555555555557
0.7472222222222222
0.4527777777777778
0.9166666666666666
0.7166666666666666
0.5555555555555556
0.125
0.21388888888888888
-0.10555555555555554
0.4222222222222222
0.2972222222222222
0.7861111111111111
0.45
0.45555555555555555
-0.058333333333333334
-0.3277777777777778
-0.13055555555555556
-0.06388888888888888
0.586111111111111
0.763888888888889
0.8694444444444442
0.5027777777777779
0.11666666666666667
0.47777777777777775
0.09166666666666666
-0.20277777777777778
-0.01388888888888889
-0.14444444444444443
0.3
-0.08055555555555556
-0.18055555555555555
0.2611111111111111
0.26111111111111107
0.08055555555555556
0.25833333333333336
-0.04444444444444444
0.04444444444444447
0.18055555555555552
-0.18055555555555552
0.4333333333333333
-0.030555555555555558
