0.7555555555555555
0.825
0.8833333333333334
0.2111111111111111
0.5111111111111111
-0.0027777777777777735
0.861111111111111
0.09166666666666667
0.8555555555555555
0.6555555555555556
0.8944444444444445
0.5583333333333333
0.6833333333333333
0.5666666666666667
0.5111111111111111
0.888888888888889
0.14166666666666666
0.6500000000000001
0.95
0.7694444444444444
0.9722222222222221
0.49444444444444446
0.055555555555555546
0.45555555555555555
0.7388888888888888
0.8111111111111111
0.05
0.26388888888888895
0.9027777777777779
0.6388888888888888
0.5583333333333333
0.9166666666666667
0.6694444444444444
0.6222222222222223
0.3583333333333333
0.8166666666666667
0.85
0.9694444444444444
0.43611111111111117
0.3472222222222222
0.4777777777777777
0.8972222222222224
0.9916666666666666
0.5944444444444444
0.5333333333333332
0.8083333333333333
0.5611111111111111
0.14166666666666666
0.8916666666666668
0.4583333333333333
0.5166666666666666
0.8277777777777777
0.4083333333333334
0.02222222222222222
0.45555555555555555
0.5166666666666667
0.475
0.46111111111111114
0.6472222222222223
0.6416666666666666
0.9472222222222222
0.21388888888888888
0.8527777777777779
0.46944444444444444
0.4666666666666667
0.6166666666666666
0.8083333333333333
0.675
0.7194444444444444
0.888888888888889
0.6305555555555555
0.7472222222222223
0.48611111111111116
0.31388888888888894
0.8472222222222223
0.8083333333333332
0.9111111111111111
0.425
0.5888888888888889
0.24722222222222223
0.47777777777777775
0.6972222222222222
0.16388888888888892
0.4333333333333333
0.9361111111111111
0.5444444444444445
0.7833333333333333
0.175
0.7611111111111111
0.7166666666666666
0.4833333333333333
0.7138888888888889
0.611111111111111
0.575
0.5972222222222221
0.4444444444444445
