0.4805555555555555
0.6722222222222223
0.24166666666666664
0.5638888888888889
0.2333333333333333
0.5055555555555555
0.22777777777777777
0.663888888888889
0.005555555555555552
0.17500000000000004
0.10555555555555556
0.35
0.3555555555555555
-0.02777777777777778
-0.1277777777777778
0.5111111111111111
0.3333333333333333
0.7083333333333333
-0.22222222222222224
0.35833333333333334
0.5750000000000001
-0.005555555555555558
0.19444444444444442
0.425
0.9194444444444445
0.17777777777777776
0.45
0.39722222222222225
0.586111111111111
0.47222222222222215
0.7166666666666667
0.825
0.1527777777777778
-0.1972222222222222
0.7972222222222223
0.5916666666666668
0.8388888888888889
-0.5
0.5111111111111112
-0.13055555555555556
0.0027777777777777722
-0.3055555555555555
0.4583333333333333
0.4305555555555555
0.18888888888888888
0.6833333333333333
0.055555555555555546
0.6805555555555556
0.22222222222222224
-0.18055555555555555
0.46944444444444444
0.5472222222222223
0.5194444444444444
0.04444444444444445
0.9416666666666668
0.15277777777777776
0.06388888888888888
0.7027777777777777
0.025
-0.25
0.6805555555555556
0.33055555555555555
-0.075
0.6333333333333333
0.6444444444444444
0.7083333333333333
0.058333333333333334
0.08333333333333333
0.38611111111111107
-0.07777777777777775
0.39166666666666666
0.3833333333333333
0.7222222222222222
0.39166666666666666
0.75
0.17500000000000002
-0.2777777777777778
0.375
0.8055555555555556
0.775
-0.14444444444444443
0.37222222222222223
0.6611111111111111
-0.15277777777777776
-0.3388888888888889
-0.35277777777777775
-0.3111111111111111
0.5361111111111112
0.8
0.5722222222222222
0.28055555555555556
0.9
0.18888888888888888
0.7916666666666667
0.49722222222222223
0.13055555555555556
