0.3638888888888888
0.4444444444444445
0.36666666666666664
-0.08333333333333333
0.2972222222222222
-0.08888888888888888
-0.1638888888888889
-0.10555555555555556
0.9305555555555556
-0.7666666666666667
0.42777777777777776
0.20277777777777778
-0.075
0.23888888888888893
0.23888888888888887
0.32222222222222224
0.3305555555555556
-0.2111111111111111
0.4416666666666667
0.02222222222222222
0.836111111111111
0.06388888888888888
-0.5361111111111111
0.525
0.2777777777777778
-0.07777777777777777
0.425
0.19999999999999998
0.15555555555555556
-0.061111111111111116
-0.30000000000000004
-0.34444444444444444
0.1138888888888889
0.061111111111111116
0.7694444444444445
0.41666666666666663
0.5666666666666667
0.37777777777777777
0.475
0.7166666666666666
0.45555555555555555
0.08611111111111111
0.65
0.13333333333333333
0.6222222222222222
0.25555555555555554
-0.275
0.4916666666666666
0.29166666666666663
-0.019444444444444448
-0.04722222222222222
-0.10833333333333332
-0.030555555555555565
0.12222222222222223
0.1861111111111111
-0.39166666666666666
-0.02222222222222222
0.5916666666666666
-0.28055555555555556
-0.1361111111111111
0.7416666666666666
0.15833333333333333
0.29444444444444445
0.26111111111111107
0.2888888888888889
0.21666666666666665
-0.34444444444444444
0.8083333333333333
-0.5611111111111111
0.20833333333333334
-0.5388888888888889
0.7694444444444445
0.2555555555555556
0.17777777777777778
0.37777777777777777
0.21388888888888888
-0.3416666666666667
-0.24722222222222223
0.5666666666666667
-0.13611111111111113
-0.4722222222222222
-0.08611111111111111
0.46944444444444444
0.3611111111111111
0.513888888888889
0.2861111111111111
0.8416666666666666
0.09722222222222222
0.3166666666666667
0.13888888888888887
0.1583333333333333
0.03333333333333334
0.25555555555555554
-0.14444444444444446
0.6222222222222222
0.09722222222222221
