0.4638888888888889
0.8722222222222223
0.8694444444444445
0.6222222222222221
0.961111111111111
0.9361111111111112
0.861111111111111
0.9888888888888889
0.875
0.8777777777777779
0.9194444444444445
0.9111111111111111
0.6694444444444445
0.8472222222222221
0.9666666666666668
0.9638888888888889
0.7944444444444444
0.7944444444444445
0.9916666666666666
0.9361111111111111
0.8111111111111111
0.95
0.7055555555555556
0.6916666666666667
0.986111111111111
0.8972222222222221
0.9694444444444444
0.9972222222222221
0.9916666666666668
0.8972222222222221
0.9777777777777779
0.43611111111111106
0.9777777777777779
0.9944444444444445
0.6333333333333333
0.925
0.875
0.9666666666666666
0.9027777777777779
0.8861111111111111
0.9833333333333332
0.8861111111111111
0.7805555555555556
0.5083333333333333
0.7777777777777778
0.9027777777777777
0.9333333333333332
1.0
0.9666666666666668
0.9305555555555557
0.9444444444444444
0.9277777777777778
0.888888888888889
0.8027777777777778
0.6666666666666667
0.7750000000000001
0.7638888888888888
0.9444444444444444
0.961111111111111
0.25277777777777777
0.8277777777777778
0.9388888888888889
1.0
0.986111111111111
0.538888888888889
0.7916666666666667
0.9805555555555555
0.3388888888888889
0.961111111111111
0.8194444444444444
0.8527777777777779
0.9361111111111111
0.9361111111111111
0.9305555555555556
0.6805555555555555
0.8916666666666668
0.9944444444444445
0.8277777777777778
0.8638888888888889
0.9111111111111111
0.986111111111111
0.8305555555555555
0.8916666666666666
0.8944444444444445
0.9833333333333334
0.9416666666666667
0.9583333333333334
1.0
0.7222222222222222
0.675
0.9722222222222223
0.8027777777777778
0.5111111111111111
0.4611111111111111
0.8194444444444444
0.9805555555555555
