0.6444444444444445
0.9805555555555555
0.736111111111111
0.9555555555555557
0.8333333333333334
0.7166666666666667
0.8333333333333334
0.7944444444444444
0.75
0.9638888888888889
0.9944444444444445
0.8416666666666668
0.9638888888888889
0.7694444444444445
0.8666666666666666
0.9888888888888889
0.9888888888888889
0.888888888888889
0.7583333333333334
0.9
1.0
0.8722222222222221
0.9555555555555555
0.8972222222222224
0.9972222222222221
0.9444444444444444
1.0
0.9944444444444445
0.9666666666666668
0.9527777777777778
0.8083333333333333
0.9416666666666667
0.8944444444444445
0.8638888888888889
0.47777777777777775
0.986111111111111
0.8861111111111111
0.975
0.8555555555555555
0.6944444444444444
0.33055555555555555
0.9833333333333332
0.9638888888888889
0.9805555555555555
0.6250000000000001
0.7277777777777777
0.925
0.8
0.9888888888888889
0.9527777777777778
0.9916666666666668
0.7277777777777779
1.0
0.9777777777777779
0.8305555555555557
1.0
0.5444444444444445
0.9333333333333333
0.48611111111111105
0.9
0.7750000000000001
0.9583333333333334
0.961111111111111
0.85
0.888888888888889
0.9194444444444445
0.6166666666666666
1.0
0.9555555555555555
0.9027777777777777
0.961111111111111
0.8194444444444444
0.39444444444444443
0.6416666666666666
0.7916666666666666
0.5777777777777778
0.85
1.0
0.5944444444444443
0.9388888888888889
0.9138888888888888
0.975
0.9944444444444445
0.6166666666666666
0.6694444444444445
1.0
0.9222222222222222
0.6111111111111112
0.9777777777777779
0.7555555555555555
0.9111111111111111
0.825
0.6416666666666667
0.9916666666666668
0.9388888888888889
0.9055555555555553
