0.6
0.8444444444444444
0.5333333333333333
0.8305555555555555
0.26388888888888895
0.5777777777777778
0.8444444444444444
0.625
0.775
0.9694444444444444
0.9944444444444445
0.5805555555555555
0.13333333333333336
0.6333333333333334
0.8083333333333332
0.8472222222222221
0.8777777777777779
0.7583333333333334
0.375
0.9416666666666667
0.663888888888889
0.775
0.7
0.7555555555555555
0.6694444444444445
0.8944444444444445
0.7333333333333333
0.8527777777777776
0.8722222222222221
0.7055555555555555
0.9722222222222223
0.6805555555555556
0.5833333333333333
0.9638888888888889
0.5416666666666667
1.0
0.48888888888888893
0.5166666666666666
0.9833333333333334
0.8972222222222221
0.7499999999999999
0.5444444444444445
0.9361111111111111
0.7027777777777777
0.5166666666666666
0.9000000000000001
0.47777777777777786
0.39166666666666666
0.3111111111111111
0.04166666666666667
0.6694444444444445
0.6944444444444444
0.7833333333333334
0.8861111111111111
0.4555555555555556
0.9638888888888889
0.2861111111111111
0.6583333333333333
0.8805555555555555
0.6055555555555555
0.18333333333333335
0.961111111111111
0.3416666666666667
0.3138888888888889
0.8805555555555555
0.9305555555555557
0.7
0.9833333333333334
0.8777777777777779
0.9194444444444445
0.7138888888888889
0.9055555555555556
0.9416666666666667
0.33888888888888885
0.45555555555555555
0.6444444444444445
0.7277777777777777
0.7861111111111111
0.8333333333333334
0.8027777777777777
0.9111111111111111
0.7388888888888889
0.6277777777777778
0.9527777777777778
0.9444444444444443
0.6666666666666667
0.4083333333333334
0.6333333333333334
0.9666666666666668
0.7722222222222223
0.8972222222222221
0.7027777777777778
0.29166666666666663
0.7722222222222224
1.0
0.33611111111111114
