0.961111111111111
0.975
0.7833333333333334
0.6555555555555556
0.5694444444444444
0.8305555555555557
0.20555555555555555
0.9305555555555556
0.861111111111111
0.9833333333333334
0.9694444444444444
0.9333333333333332
0.9444444444444444
0.5055555555555555
0.15833333333333333
0.7750000000000001
0.8916666666666666
0.8388888888888889
-0.1638888888888889
0.7833333333333333
0.5916666666666667
0.8277777777777778
0.4305555555555555
0.6722222222222222
0.8916666666666668
0.18333333333333335
0.7055555555555555
0.7861111111111112
0.3111111111111111
0.3333333333333333
0.6611111111111111
0.9638888888888889
0.6777777777777777
0.8638888888888889
0.8305555555555557
0.8277777777777777
0.7611111111111112
0.9555555555555557
0.7194444444444444
0.8861111111111111
0.825
0.925
0.9833333333333334
0.7777777777777779
0.6722222222222222
0.45833333333333337
0.9305555555555556
0.2416666666666667
0.9472222222222222
0.37777777777777777
0.7083333333333334
0.8472222222222221
0.825
0.6333333333333334
0.9722222222222221
0.7055555555555555
0.21666666666666665
0.8138888888888889
0.7972222222222223
0.9944444444444445
0.8944444444444445
0.6555555555555556
0.9027777777777779
0.9305555555555556
0.7583333333333333
0.8416666666666668
0.9722222222222223
0.9944444444444445
0.8277777777777778
0.9305555555555556
0.9166666666666666
0.9416666666666668
0.8277777777777778
0.8916666666666668
0.538888888888889
0.6194444444444445
0.6666666666666666
0.03888888888888889
0.6833333333333333
0.9777777777777779
0.5194444444444445
0.9555555555555555
0.8916666666666666
0.75
0.5888888888888889
0.9388888888888889
0.8777777777777777
0.6083333333333333
0.3583333333333333
0.20833333333333334
0.8972222222222221
0.9472222222222222
0.5083333333333333
0.31388888888888894
0.7583333333333333
0.9
