0.7833333333333333
0.9916666666666668
1.0
0.9972222222222221
0.9916666666666666
0.7666666666666667
0.961111111111111
0.9916666666666668
0.986111111111111
0.9777777777777779
0.5861111111111111
0.9888888888888889
0.9944444444444445
0.6083333333333333
0.8194444444444444
0.9527777777777778
0.8833333333333334
1.0
0.9166666666666666
0.9666666666666666
0.8777777777777779
0.9416666666666668
1.0
0.8333333333333334
0.8833333333333334
0.9
0.8222222222222222
0.7944444444444445
0.9333333333333333
0.875
0.986111111111111
0.75
0.9722222222222221
1.0
0.9722222222222221
0.8083333333333333
0.9916666666666666
0.9916666666666668
1.0
0.9833333333333334
1.0
0.8416666666666666
0.9527777777777778
0.9527777777777778
0.8666666666666666
0.9972222222222221
0.9944444444444445
0.9694444444444444
0.6583333333333334
0.7055555555555555
0.9944444444444445
1.0
0.9416666666666667
0.8666666666666666
0.9888888888888889
0.9555555555555555
0.8916666666666666
0.7277777777777779
0.9277777777777777
0.9333333333333332
0.788888888888889
0.9472222222222222
0.9805555555555555
0.9916666666666666
0.861111111111111
0.9805555555555555
1.0
0.8472222222222221
0.9777777777777779
0.7666666666666666
0.9777777777777779
0.9972222222222221
0.9194444444444445
0.775
0.7666666666666667
0.9527777777777777
0.9638888888888889
0.9388888888888889
0.8027777777777778
0.9833333333333334
0.95
0.9888888888888889
0.9972222222222221
0.625
0.8083333333333332
0.8694444444444445
0.986111111111111
0.7027777777777777
0.8861111111111113
0.9083333333333334
0.9666666666666668
1.0
0.925
0.9416666666666667
0.9833333333333334
0.8666666666666666
