-0.9775555555555561
-0.9740000000000005
-0.9780000000000005
-0.9764444444444452
-0.9753333333333336
-0.9802222222222226
-0.9751111111111116
-0.9764444444444447
-0.9744444444444448
-0.9791111111111114
-0.970444444444445
-0.9700000000000004
-0.9782222222222229
-0.9682222222222227
-0.9773333333333337
-0.9826666666666669
-0.9760000000000002
-0.9797777777777782
-0.9726666666666672
-0.9815555555555561
-0.9813333333333336
-0.9731111111111115
-0.9760000000000006
-0.9715555555555561
-0.9686666666666671
-0.9773333333333338
-0.9817777777777782
-0.9688888888888891
-0.9780000000000001
-0.9800000000000004
-0.9771111111111113
-0.9806666666666672
-0.9744444444444448
-0.9777777777777781
-0.9817777777777782
-0.9748888888888888
-0.9673333333333338
-0.9820000000000004
-0.9764444444444448
-0.9775555555555558
-0.976666666666667
-0.9760000000000006
-0.9713333333333338
-0.9853333333333336
-0.9713333333333336
-0.9784444444444451
-0.9748888888888894
-0.9728888888888895
-0.9780000000000003
-0.9720000000000003
-0.9695555555555562
-0.9788888888888894
-0.9786666666666674
-0.9755555555555562
-0.976888888888889
-0.976666666666667
-0.9737777777777782
-0.9722222222222224
-0.9775555555555561
-0.9753333333333338
-0.9715555555555556
-0.9771111111111115
-0.9755555555555558
-0.9748888888888891
-0.9726666666666671
-0.9764444444444448
-0.9797777777777784
-0.9780000000000003
-0.9766666666666672
-0.9704444444444446
-0.9802222222222226
-0.9717777777777784
-0.9795555555555557
-0.9793333333333336
-0.975777777777778
-0.9780000000000003
-0.9740000000000003
-0.9777777777777783
-0.9775555555555558
-0.9780000000000005
-0.9777777777777781
-0.975555555555556
-0.9680000000000006
-0.9773333333333338
-0.9708888888888894
-0.9817777777777784
-0.9771111111111115
-0.9811111111111116
-0.9804444444444448
-0.9777777777777785
-0.970444444444445
-0.9784444444444447
-0.975555555555556
-0.9788888888888891
-0.9760000000000002
-0.9786666666666671
-0.9786666666666674
-0.973555555555556
-0.9691111111111116
-0.9775555555555563
-0.9664444444444449
-0.9753333333333338
-0.9780000000000006
-0.9764444444444447
-0.974888888888889
-0.9804444444444448
-0.9784444444444447
-0.9808888888888896
-0.9762222222222228
-0.9717777777777783
-0.9731111111111115
-0.9775555555555558
-0.9786666666666671
-0.9775555555555558
-0.9722222222222229
-0.9742222222222225
-0.9720000000000006
-0.9688888888888895
-0.975555555555556
-0.9782222222222227
-0.9797777777777782
-0.9822222222222227
-0.9771111111111117
-0.9742222222222225
-0.9728888888888895
-0.974444444444445
-0.966666666666667
-0.9773333333333335
-0.9751111111111114
-0.970222222222223
-0.970666666666667
-0.9777777777777783
-0.9728888888888892
-0.974666666666667
-0.9775555555555561
-0.9811111111111114
-0.9795555555555557
-0.9757777777777784
-0.9800000000000005
-0.9788888888888895
-0.9782222222222223
-0.9780000000000001
-0.9775555555555561
-0.9853333333333338
-0.9742222222222225
-0.9808888888888893
-0.9728888888888897
-0.9775555555555557
-0.979555555555556
-0.9737777777777783
-0.9820000000000004
-0.970666666666667
-0.9788888888888891
-0.975555555555556
-0.9813333333333336
-0.9731111111111115
-0.9780000000000005
-0.976888888888889
-0.9755555555555558
-0.9697777777777782
-0.9802222222222224
-0.9751111111111116
-0.9760000000000006
-0.9717777777777784
-0.9762222222222224
-0.9731111111111113
-0.9757777777777786
-0.9764444444444452
-0.9791111111111117
-0.9740000000000005
-0.976888888888889
-0.9715555555555558
-0.9791111111111115
-0.980444444444445
-0.973555555555556
-0.9804444444444446
-0.970222222222223
-0.9766666666666672
-0.9788888888888891
-0.9777777777777781
-0.976666666666667
-0.9786666666666671
-0.976444444444445
-0.9711111111111115
-0.9737777777777782
-0.9766666666666669
-0.9724444444444444
-0.9748888888888894
-0.9720000000000004
-0.9711111111111116
-0.9666666666666672
-0.9777777777777783
