-0.9313333333333342
-0.9266666666666665
-0.9242222222222225
-0.9326666666666671
-0.920444444444445
-0.9406666666666674
-0.940444444444445
-0.9488888888888896
-0.9395555555555564
-0.9420000000000011
-0.9335555555555554
-0.9157777777777778
-0.9320000000000006
-0.9346666666666673
-0.9226666666666669
-0.9380000000000008
-0.936222222222223
-0.9313333333333342
-0.9451111111111116
-0.9302222222222232
-0.937333333333334
-0.9342222222222227
-0.9337777777777777
-0.9251111111111118
-0.9455555555555561
-0.9182222222222229
-0.9428888888888891
-0.9304444444444449
-0.9248888888888893
-0.9317777777777786
-0.9355555555555561
-0.9457777777777782
-0.9388888888888891
-0.9226666666666673
-0.9420000000000006
-0.9437777777777783
-0.9371111111111117
-0.9328888888888897
-0.9335555555555562
-0.94088888888889
-0.9300000000000007
-0.9191111111111113
-0.9373333333333337
-0.9437777777777779
-0.9197777777777786
-0.9175555555555561
-0.9384444444444451
-0.940666666666667
-0.9462222222222229
-0.930444444444445
-0.9408888888888894
-0.9266666666666666
-0.9366666666666672
-0.931777777777778
-0.9395555555555558
-0.9264444444444451
-0.9193333333333338
-0.9286666666666673
-0.9351111111111112
-0.9408888888888896
-0.9371111111111115
-0.9335555555555561
-0.9326666666666674
-0.9291111111111116
-0.9215555555555557
-0.9308888888888895
-0.944222222222223
-0.9366666666666676
-0.9388888888888897
-0.9475555555555559
-0.9333333333333342
-0.9437777777777783
-0.9442222222222225
-0.9262222222222224
-0.9304444444444446
-0.9435555555555559
-0.9364444444444446
-0.9331111111111117
-0.9382222222222227
-0.9362222222222228
-0.925111111111111
-0.9208888888888892
-0.9215555555555558
-0.9306666666666674
-0.9324444444444446
-0.9220000000000005
-0.9335555555555562
-0.9453333333333338
-0.9477777777777785
-0.9317777777777783
-0.9322222222222228
-0.9315555555555557
-0.9355555555555561
-0.9286666666666671
-0.9217777777777783
-0.930666666666667
-0.9340000000000005
-0.9448888888888893
-0.9428888888888894
-0.9248888888888893
-0.931777777777778
-0.9515555555555564
-0.9435555555555557
-0.9297777777777781
-0.9444444444444451
-0.9364444444444454
-0.9331111111111117
-0.9300000000000006
-0.9251111111111116
-0.9264444444444446
-0.9435555555555561
-0.9182222222222227
-0.9346666666666672
-0.9180000000000005
-0.9435555555555559
-0.9355555555555561
-0.9384444444444451
-0.9395555555555559
-0.9402222222222232
-0.930888888888889
-0.9477777777777783
-0.9331111111111116
-0.9237777777777779
-0.9240000000000002
-0.9300000000000002
-0.9451111111111116
-0.9340000000000004
-0.9477777777777783
-0.9391111111111118
-0.9395555555555561
-0.9302222222222227
-0.9340000000000004
-0.9335555555555557
-0.9375555555555563
-0.9353333333333336
-0.934444444444445
-0.9388888888888896
-0.9293333333333338
-0.9351111111111116
-0.941777777777778
-0.946000000000001
-0.9484444444444449
-0.9171111111111114
-0.9424444444444451
-0.947333333333334
-0.9515555555555558
-0.9366666666666676
-0.9357777777777782
-0.9302222222222227
-0.9357777777777782
-0.9413333333333344
-0.940666666666667
-0.9277777777777783
-0.9262222222222228
-0.944666666666667
-0.9144444444444447
-0.9384444444444451
-0.9337777777777784
-0.940444444444445
-0.9204444444444454
-0.9200000000000006
-0.9180000000000005
-0.9364444444444451
-0.9377777777777783
-0.9344444444444445
-0.935555555555556
-0.9144444444444444
-0.9255555555555558
-0.9340000000000005
-0.9333333333333339
-0.9373333333333335
-0.9208888888888896
-0.9348888888888893
-0.9444444444444448
-0.9311111111111118
-0.9482222222222227
-0.9368888888888897
-0.9482222222222225
-0.9368888888888894
-0.9297777777777781
-0.9331111111111113
-0.9191111111111113
-0.9295555555555559
-0.9175555555555557
-0.9155555555555558
-0.9342222222222227
-0.9400000000000004
-0.9280000000000002
-0.9253333333333338
-0.9331111111111113
-0.9308888888888894
-0.9497777777777784
