0.3422222222222221
0.30666666666666653
0.1577777777777778
0.17866666666666667
0.09844444444444445
0.17111111111111107
0.33599999999999997
0.19044444444444436
0.12222222222222226
0.24955555555555545
0.1302222222222222
0.22488888888888875
0.2442222222222221
0.18066666666666664
0.20888888888888893
0.118
0.09622222222222222
0.16422222222222227
0.16844444444444456
0.23888888888888885
0.18444444444444447
0.18800000000000006
0.32755555555555554
0.19444444444444434
0.2077777777777777
0.2733333333333334
0.19533333333333325
0.16777777777777786
0.12466666666666666
0.2808888888888889
0.2253333333333334
0.1117777777777778
0.13400000000000006
0.16711111111111115
0.30022222222222233
0.13377777777777772
0.2673333333333333
0.23088888888888892
0.25044444444444425
0.22333333333333333
0.1615555555555555
0.1651111111111111
0.14888888888888885
0.061777777777777786
0.23599999999999993
0.12555555555555556
0.3015555555555556
0.2526666666666668
0.2104444444444445
0.16866666666666671
0.22822222222222227
0.2533333333333333
0.26688888888888884
0.34955555555555556
0.30377777777777765
0.21266666666666667
0.11488888888888885
0.18266666666666662
0.170888888888889
0.2075555555555555
0.25133333333333346
0.1235555555555555
0.16111111111111118
0.24422222222222217
0.28733333333333316
0.2553333333333333
0.24999999999999992
0.1748888888888888
0.18355555555555558
0.1228888888888889
0.2288888888888889
0.16622222222222224
0.2884444444444444
0.14799999999999994
0.20777777777777773
0.16488888888888895
0.37800000000000006
0.13088888888888892
0.136
0.1682222222222222
0.11200000000000003
0.20933333333333334
0.2613333333333333
0.3364444444444445
0.11955555555555555
0.2653333333333333
0.22977777777777783
0.2446666666666666
0.20177777777777764
0.1822222222222223
0.26533333333333325
0.15933333333333327
0.13866666666666663
0.1555555555555555
0.23866666666666655
0.11044444444444444
0.17244444444444434
0.30066666666666664
0.15199999999999997
0.24266666666666667
0.20888888888888885
0.14244444444444448
0.30688888888888904
0.13799999999999998
0.176
0.2517777777777778
0.1642222222222222
0.21555555555555547
0.046666666666666655
0.25066666666666665
0.19711111111111113
0.15755555555555556
0.21666666666666676
0.22711111111111112
0.13177777777777783
0.07666666666666666
0.11644444444444448
0.2837777777777778
0.2266666666666667
0.17577777777777778
0.18977777777777777
0.2975555555555553
0.04088888888888889
0.18555555555555553
0.1653333333333333
0.1908888888888889
0.1937777777777777
0.2040000000000001
0.23800000000000007
0.18688888888888877
0.12888888888888878
0.11688888888888885
0.03666666666666665
0.17177777777777767
0.2955555555555556
0.16688888888888886
0.30199999999999994
0.16733333333333333
0.13688888888888887
0.13622222222222216
0.2584444444444443
0.2995555555555557
0.2786666666666667
0.2588888888888888
0.07666666666666667
0.13577777777777778
0.30733333333333346
0.1895555555555556
0.23133333333333325
0.08977777777777778
0.24022222222222225
0.298
0.3104444444444445
0.26222222222222213
0.10399999999999998
0.12599999999999995
0.17911111111111108
0.23688888888888887
0.16288888888888897
0.3195555555555555
0.20422222222222214
0.04111111111111111
0.29022222222222194
0.23533333333333342
0.2575555555555556
0.24533333333333346
0.18311111111111106
0.21955555555555548
0.17133333333333342
0.16311111111111115
0.17422222222222228
0.07777777777777778
0.18599999999999997
0.12022222222222222
0.15911111111111118
0.15933333333333333
0.18644444444444447
0.17488888888888893
0.2693333333333332
0.1522222222222223
0.29911111111111094
0.14488888888888887
0.08177777777777775
0.24266666666666648
0.25844444444444453
0.08866666666666669
0.18688888888888877
0.2651111111111111
0.25555555555555554
0.2260000000000001
0.22022222222222226
0.1697777777777778
