0.007555555555555552
-0.06088888888888891
0.017111111111111105
-0.01377777777777777
0.11888888888888888
-0.08177777777777774
0.03311111111111114
-0.07200000000000002
0.05
-0.0717777777777777
0.037111111111111095
-0.16711111111111115
-0.0017777777777778156
-0.0826666666666667
-0.0511111111111111
-0.07733333333333332
-0.024666666666666656
0.09066666666666666
0.004888888888888874
-0.0888888888888889
-0.03755555555555553
-0.05177777777777776
0.045111111111111116
0.0008888888888889009
0.06555555555555556
0.05044444444444445
0.03511111111111113
-0.0851111111111111
0.04600000000000002
0.05399999999999997
-0.08577777777777783
-0.05133333333333334
-0.06933333333333334
-0.013777777777777772
-0.06511111111111106
-0.05799999999999998
-0.008666666666666656
-0.040666666666666684
0.054444444444444406
-0.00044444444444445027
0.04422222222222225
-0.07377777777777775
-0.04733333333333331
-0.0813333333333333
-0.023777777777777783
0.08
0.05533333333333334
0.0042222222222222106
0.08333333333333333
-0.12599999999999997
-0.07044444444444443
-0.02822222222222222
-0.04066666666666666
-0.0648888888888889
-0.11822222222222213
-0.045777777777777764
0.026444444444444458
-0.12066666666666674
-0.012444444444444484
-0.11288888888888887
0.03555555555555557
0.1295555555555556
-0.1355555555555555
-0.05911111111111115
-0.0102222222222222
-0.07444444444444444
-0.010666666666666685
-0.03733333333333335
-0.14644444444444446
-0.0046666666666666905
-0.07755555555555556
-0.06911111111111111
-0.05
0.017555555555555536
-0.04533333333333334
0.12888888888888894
-0.010444444444444432
-0.02622222222222224
-0.03577777777777779
-0.04888888888888888
-0.006888888888888898
-0.08288888888888889
-0.01133333333333334
-0.004444444444444442
-0.020222222222222176
0.021333333333333336
0.034444444444444465
0.016222222222222228
0.006222222222222217
-0.08911111111111115
0.00044444444444444506
-0.046666666666666703
0.05311111111111111
-0.06199999999999997
-0.003111111111111097
-0.1459999999999999
-0.044666666666666674
-0.08155555555555556
-0.09911111111111111
-0.05222222222222223
-0.020666666666666663
-0.1651111111111111
0.0022222222222222374
-0.05711111111111111
-0.00777777777777777
-0.10666666666666669
0.011333333333333332
0.07711111111111112
0.054444444444444476
0.036444444444444446
-0.016222222222222214
-0.14799999999999996
-0.0693333333333333
-0.027555555555555524
-0.07599999999999998
0.008222222222222223
0.05022222222222223
-0.031999999999999994
0.030444444444444455
0.11199999999999997
0.0917777777777778
-0.07288888888888889
-0.027999999999999994
-0.022222222222222213
-0.004222222222222211
-0.019999999999999966
0.030444444444444448
-0.0091111111111111
0.10066666666666664
-0.04311111111111112
-0.0013333333333333318
-0.05844444444444444
-0.11599999999999996
0.05644444444444447
-0.015777777777777793
-0.03844444444444443
0.007555555555555538
0.03999999999999999
-0.09755555555555552
-0.01844444444444444
0.021111111111111112
-0.08733333333333336
0.06088888888888889
-0.01111111111111109
0.018000000000000006
-0.06600000000000003
0.015111111111111122
0.010888888888888884
-0.08244444444444446
-0.013777777777777783
0.032888888888888884
0.034666666666666665
-0.09622222222222222
0.08377777777777778
0.04955555555555558
0.15422222222222223
0.035333333333333335
-0.01933333333333334
-0.06733333333333333
-0.08799999999999998
-0.010000000000000021
-0.1082222222222222
-0.01644444444444444
0.11288888888888889
-0.08199999999999998
-0.013333333333333332
-0.045555555555555544
0.008888888888888875
0.00044444444444441546
-0.03422222222222217
0.0217777777777778
0.06066666666666667
0.0033333333333333296
-0.026666666666666644
-0.0877777777777778
0.08266666666666665
-0.07111111111111104
-0.007555555555555555
-0.0402222222222222
0.022222222222222254
-0.08533333333333334
-0.018666666666666675
-0.034222222222222216
-0.05799999999999998
-0.03288888888888889
-0.10866666666666674
-0.05444444444444443
0.05288888888888888
-0.12244444444444452
-0.012222222222222237
0.009999999999999988
0.006444444444444454
