0.9573333333333335
0.9422222222222225
0.9548888888888888
0.9613333333333333
0.9313333333333335
0.9397777777777779
0.9311111111111112
0.9642222222222225
0.9460000000000004
0.931555555555556
0.9431111111111111
0.9531111111111114
0.9540000000000003
0.9435555555555556
0.9391111111111111
0.9340000000000002
0.9140000000000004
0.9682222222222229
0.9491111111111113
0.9573333333333338
0.9511111111111112
0.9400000000000004
0.9368888888888891
0.9508888888888892
0.9544444444444445
0.9371111111111115
0.928666666666667
0.9384444444444447
0.9535555555555557
0.934888888888889
0.931777777777778
0.9462222222222224
0.947777777777778
0.9562222222222224
0.938666666666667
0.9342222222222227
0.9508888888888894
0.9675555555555558
0.9333333333333333
0.9122222222222223
0.9526666666666669
0.9342222222222224
0.9531111111111114
0.9426666666666667
0.956888888888889
0.954888888888889
0.9462222222222223
0.9415555555555563
0.9515555555555558
0.9284444444444445
0.9395555555555559
0.9517777777777778
0.9582222222222225
0.9393333333333331
0.9471111111111115
0.9562222222222224
0.9435555555555556
0.9415555555555558
0.9388888888888891
0.9471111111111112
0.9542222222222225
0.9442222222222224
0.956666666666667
0.9304444444444446
0.9580000000000001
0.9648888888888888
0.9400000000000004
0.95
0.9260000000000004
0.9644444444444445
0.9484444444444448
0.9611111111111115
0.9495555555555559
0.9531111111111115
0.9624444444444447
0.947777777777778
0.9624444444444449
0.9524444444444449
0.9624444444444449
0.9480000000000001
0.9522222222222229
0.9544444444444448
0.9406666666666669
0.9577777777777775
0.9280000000000002
0.9620000000000003
0.9135555555555558
0.9380000000000002
0.9466666666666671
0.9264444444444446
0.9640000000000002
0.958
0.9573333333333337
0.9320000000000005
0.9573333333333337
0.9380000000000002
0.9291111111111113
0.9268888888888891
0.9473333333333332
0.9366666666666671
0.94
0.9384444444444443
0.9544444444444444
0.945777777777778
0.9457777777777782
0.9588888888888888
0.9484444444444448
0.9577777777777777
0.9324444444444449
0.9253333333333335
0.9504444444444446
0.9375555555555559
0.9473333333333335
0.9602222222222226
0.9671111111111113
0.9391111111111111
0.9551111111111114
0.9404444444444447
0.9353333333333335
0.963777777777778
0.9513333333333333
0.940888888888889
0.9551111111111114
0.9411111111111116
0.9591111111111114
0.9355555555555555
0.9446666666666668
0.9517777777777778
0.9564444444444447
0.9517777777777778
0.9277777777777779
0.9560000000000002
0.9455555555555558
0.9553333333333336
0.940666666666667
0.9391111111111111
0.9355555555555556
0.9460000000000002
0.9324444444444446
0.9553333333333334
0.9568888888888895
0.9680000000000001
0.9397777777777776
0.9417777777777777
0.9491111111111111
0.9388888888888891
0.9266666666666669
0.9499999999999998
0.9560000000000001
0.9226666666666669
0.9517777777777781
0.9393333333333334
0.9417777777777778
0.9540000000000002
0.9473333333333337
0.944888888888889
0.9555555555555554
0.9431111111111115
0.9471111111111112
0.9522222222222229
0.9333333333333336
0.9404444444444446
0.9431111111111117
0.9373333333333337
0.9308888888888889
0.9537777777777776
0.9500000000000004
0.9437777777777779
0.9564444444444449
0.9326666666666669
0.9560000000000002
0.9440000000000002
0.935777777777778
0.964444444444445
0.9546666666666666
0.9446666666666672
0.9562222222222226
0.9588888888888891
0.9624444444444445
0.9435555555555561
0.9506666666666668
0.9493333333333336
0.9531111111111114
0.9453333333333334
0.9397777777777776
0.9362222222222224
0.932
0.9500000000000002
0.9655555555555562
0.9473333333333335
0.9480000000000003
0.9437777777777783
