-0.9962222222222225
-0.9953333333333336
-0.9953333333333334
-0.9931111111111113
-0.995777777777778
-0.9955555555555556
-0.9953333333333334
-0.9966666666666668
-0.996
-0.9953333333333336
-0.993777777777778
-0.9944444444444444
-0.9946666666666668
-0.9946666666666668
-0.9957777777777779
-0.9944444444444448
-0.993777777777778
-0.9920000000000001
-0.9951111111111112
-0.9977777777777779
-0.9964444444444445
-0.9944444444444446
-0.9942222222222223
-0.9922222222222224
-0.9942222222222223
-0.9937777777777781
-0.9971111111111113
-0.9953333333333334
-0.994888888888889
-0.993555555555556
-0.9911111111111114
-0.994888888888889
-0.9926666666666669
-0.9940000000000003
-0.996888888888889
-0.9931111111111113
-0.9931111111111112
-0.9935555555555557
-0.9940000000000001
-0.9931111111111113
-0.9933333333333335
-0.9946666666666668
-0.9953333333333336
-0.9966666666666668
-0.994888888888889
-0.9955555555555556
-0.996888888888889
-0.9962222222222222
-0.9933333333333333
-0.9973333333333333
-0.9935555555555557
-0.9953333333333334
-0.996
-0.9955555555555556
-0.993777777777778
-0.9962222222222222
-0.9946666666666668
-0.9962222222222222
-0.9942222222222223
-0.9928888888888892
-0.9968888888888888
-0.9928888888888892
-0.9937777777777778
-0.9973333333333335
-0.9966666666666668
-0.9946666666666669
-0.9951111111111114
-0.994
-0.9944444444444448
-0.996888888888889
-0.996888888888889
-0.9946666666666668
-0.9964444444444447
-0.996888888888889
-0.9933333333333335
-0.9962222222222225
-0.9940000000000001
-0.994888888888889
-0.9977777777777779
-0.9957777777777779
-0.9935555555555555
-0.9964444444444445
-0.9933333333333333
-0.9946666666666668
-0.9957777777777779
-0.9935555555555557
-0.9944444444444446
-0.9951111111111114
-0.9940000000000001
-0.9968888888888888
-0.9946666666666668
-0.9955555555555559
-0.9946666666666668
-0.9966666666666668
-0.9966666666666667
-0.9971111111111113
-0.9960000000000002
-0.9962222222222225
-0.9928888888888889
-0.9955555555555556
-0.9937777777777778
-0.9955555555555556
-0.9957777777777779
-0.993777777777778
-0.9962222222222222
-0.9931111111111113
-0.994888888888889
-0.9964444444444447
-0.9944444444444446
-0.9946666666666668
-0.994888888888889
-0.9946666666666666
-0.9946666666666668
-0.9935555555555555
-0.9946666666666668
-0.9957777777777779
-0.9951111111111112
-0.9926666666666667
-0.993777777777778
-0.9944444444444448
-0.9964444444444447
-0.9960000000000002
-0.9928888888888892
-0.9975555555555556
-0.9940000000000001
-0.9957777777777779
-0.9953333333333334
-0.9951111111111114
-0.9953333333333336
-0.9979999999999999
-0.9971111111111113
-0.9953333333333334
-0.996888888888889
-0.9944444444444446
-0.9955555555555559
-0.9966666666666668
-0.9940000000000001
-0.9940000000000001
-0.9966666666666668
-0.996
-0.9953333333333336
-0.9973333333333335
-0.9971111111111113
-0.9940000000000001
-0.993777777777778
-0.9935555555555557
-0.9955555555555559
-0.9940000000000001
-0.994
-0.9942222222222223
-0.9937777777777781
-0.9951111111111112
-0.994
-0.993777777777778
-0.9964444444444445
-0.9948888888888892
-0.9946666666666668
-0.9946666666666666
-0.9940000000000001
-0.9953333333333334
-0.9971111111111111
-0.9944444444444448
-0.9944444444444446
-0.9933333333333335
-0.9931111111111113
-0.9933333333333335
-0.9951111111111112
-0.9935555555555557
-0.9924444444444447
-0.9968888888888888
-0.9955555555555556
-0.9922222222222223
-0.9964444444444447
-0.9955555555555559
-0.9951111111111112
-0.9942222222222223
-0.9946666666666668
-0.9955555555555556
-0.9953333333333336
-0.9933333333333335
-0.9931111111111113
-0.9955555555555556
-0.994888888888889
-0.9971111111111111
-0.9962222222222222
-0.9964444444444447
-0.994888888888889
-0.9933333333333335
-0.9946666666666668
-0.9946666666666668
-0.9957777777777779
-0.9968888888888888
