0.9902222222222222
0.9928888888888889
0.9957777777777779
0.9946666666666666
0.9917777777777776
0.990888888888889
0.9928888888888889
0.9873333333333335
0.9928888888888889
0.9942222222222223
0.9922222222222223
0.9877777777777779
0.9951111111111114
0.9964444444444445
0.9928888888888889
0.9917777777777779
0.9893333333333335
0.99
0.9944444444444446
0.9897777777777778
0.9853333333333332
0.9942222222222223
0.9817777777777779
0.9897777777777778
0.9935555555555555
0.9915555555555556
0.9931111111111115
0.9900000000000003
0.9942222222222221
0.9891111111111114
0.9913333333333333
0.9857777777777779
0.9935555555555555
0.9955555555555556
0.9933333333333333
0.9913333333333334
0.9906666666666668
0.9957777777777779
0.9895555555555556
0.9960000000000002
0.9917777777777779
0.9920000000000002
0.99
0.9840000000000001
0.9877777777777781
0.9937777777777778
0.9784444444444443
0.9928888888888889
0.9920000000000002
0.9917777777777779
0.9886666666666666
0.9966666666666668
0.9940000000000001
0.9944444444444446
0.9895555555555554
0.9875555555555555
0.9877777777777781
0.9886666666666667
0.9880000000000001
0.9935555555555557
0.9906666666666668
0.9857777777777776
0.9891111111111112
0.9955555555555556
0.9922222222222221
0.9924444444444445
0.9924444444444445
0.9904444444444446
0.994888888888889
0.9913333333333334
0.9968888888888888
0.9877777777777781
0.9924444444444445
0.9864444444444445
0.9942222222222223
0.9937777777777778
0.9822222222222221
0.9928888888888889
0.9897777777777776
0.9900000000000002
0.9946666666666666
0.9902222222222222
0.9946666666666666
0.9951111111111112
0.9884444444444446
0.9937777777777778
0.9917777777777779
0.9935555555555557
0.9906666666666668
0.9953333333333334
0.9933333333333335
0.9857777777777779
0.9928888888888889
0.9871111111111115
0.9895555555555556
0.9964444444444445
0.9946666666666666
0.99
0.9893333333333337
0.9944444444444446
0.9857777777777776
0.9937777777777778
0.9922222222222223
0.993777777777778
0.9924444444444445
0.9951111111111112
0.9855555555555556
0.9942222222222223
0.9902222222222222
0.9897777777777778
0.9873333333333335
0.993777777777778
0.9917777777777779
0.9851111111111114
0.996888888888889
0.9928888888888889
0.9888888888888892
0.9900000000000002
0.9893333333333335
0.993777777777778
0.9942222222222223
0.9931111111111112
0.9873333333333335
0.9962222222222222
0.9906666666666668
0.990888888888889
0.9942222222222226
0.9955555555555556
0.991111111111111
0.9913333333333336
0.9906666666666668
0.9915555555555559
0.9913333333333334
0.9926666666666667
0.9915555555555556
0.9926666666666665
0.9933333333333335
0.9904444444444446
0.9933333333333335
0.9886666666666667
0.9862222222222222
0.9884444444444447
0.9924444444444445
0.9891111111111112
0.9842222222222223
0.9908888888888886
0.99
0.9951111111111112
0.9891111111111114
0.9915555555555556
0.9893333333333335
0.9888888888888889
0.9980000000000001
0.9922222222222224
0.9877777777777778
0.991111111111111
0.983777777777778
0.9957777777777779
0.9900000000000002
0.995777777777778
0.9891111111111112
0.9920000000000002
0.994888888888889
0.9893333333333334
0.9933333333333335
0.9873333333333337
0.9855555555555559
0.994888888888889
0.9873333333333333
0.9922222222222223
0.9924444444444445
0.9922222222222223
0.9906666666666668
0.994888888888889
0.9928888888888889
0.9906666666666668
0.9964444444444445
0.9953333333333334
0.9957777777777779
0.9964444444444445
0.9906666666666668
0.9897777777777778
0.9953333333333334
0.9906666666666668
0.991111111111111
0.9911111111111113
0.990888888888889
0.9917777777777779
0.9879999999999999
0.9888888888888892
0.995777777777778
0.9875555555555559
