0.9986666666666667
0.9977777777777779
0.9991111111111112
0.9991111111111112
0.9966666666666665
0.9993333333333334
0.9975555555555555
0.9997777777777778
0.9995555555555555
0.9995555555555555
0.9993333333333334
0.9997777777777778
0.9975555555555555
0.9984444444444446
0.9995555555555555
0.9991111111111112
0.9982222222222221
0.9991111111111112
0.9971111111111111
0.9993333333333334
0.9995555555555555
1.0
0.9953333333333334
0.9984444444444444
0.9995555555555555
0.9991111111111112
0.9993333333333334
0.9982222222222223
0.9955555555555554
0.9995555555555555
0.9964444444444447
0.9993333333333334
0.9988888888888887
0.9997777777777778
0.9995555555555555
0.9973333333333335
0.9993333333333334
0.9991111111111112
0.9979999999999999
0.9988888888888889
0.9997777777777778
0.9986666666666667
0.9995555555555555
0.9997777777777778
0.9984444444444444
0.9995555555555555
0.9988888888888889
1.0
0.9986666666666666
0.9966666666666667
0.9986666666666666
0.9955555555555556
0.9959999999999999
0.9973333333333335
0.9973333333333335
0.9995555555555555
0.9979999999999999
0.9993333333333334
0.9984444444444446
0.9982222222222223
0.9997777777777778
0.9993333333333334
0.9997777777777778
0.9982222222222221
0.9993333333333334
0.9980000000000001
0.9962222222222222
0.9995555555555555
0.9968888888888888
0.9986666666666667
0.9988888888888889
0.9975555555555555
0.9973333333333333
0.9995555555555555
0.9991111111111112
0.9988888888888889
1.0
0.9986666666666666
0.9986666666666667
0.9997777777777778
0.9986666666666667
0.9993333333333334
0.9993333333333334
0.9995555555555555
1.0
0.9993333333333334
0.9979999999999999
1.0
0.9995555555555555
0.9997777777777778
0.9991111111111112
0.9997777777777778
0.9993333333333334
0.9993333333333334
0.9968888888888888
0.9988888888888889
0.9986666666666667
0.9986666666666667
0.9977777777777779
0.9988888888888889
0.9986666666666667
0.9997777777777778
0.996888888888889
0.9988888888888887
0.9995555555555555
0.9993333333333334
0.9991111111111112
0.9986666666666667
0.9993333333333334
0.9975555555555555
0.9975555555555555
0.9982222222222223
0.9988888888888889
0.9991111111111112
0.9997777777777778
0.9988888888888887
0.9986666666666667
0.9995555555555555
0.9997777777777778
0.9971111111111111
0.9997777777777778
0.9993333333333334
0.9986666666666667
0.9988888888888889
0.9995555555555555
0.9966666666666667
0.9988888888888889
0.9995555555555555
0.9991111111111112
0.9988888888888889
0.9997777777777778
0.9993333333333334
0.9993333333333334
0.9997777777777778
0.9979999999999999
1.0
0.9993333333333334
0.9991111111111112
0.9997777777777778
0.9993333333333334
0.9979999999999999
0.9984444444444444
0.9982222222222221
0.9975555555555556
0.9997777777777778
0.9995555555555555
0.9993333333333334
0.9995555555555555
0.9988888888888889
0.9955555555555554
0.9986666666666667
0.9995555555555555
0.9997777777777778
0.9991111111111112
0.996
1.0
0.9995555555555555
0.9980000000000001
0.9975555555555556
0.9971111111111111
0.9984444444444446
0.9982222222222221
0.9984444444444444
0.9966666666666667
0.9986666666666667
0.9988888888888887
0.9988888888888887
1.0
1.0
0.9997777777777778
0.9991111111111112
0.9975555555555556
0.9988888888888889
0.9995555555555555
0.9995555555555555
0.9991111111111112
0.9982222222222223
0.9984444444444446
0.9980000000000001
1.0
0.9995555555555555
0.9995555555555555
0.9984444444444444
0.9953333333333336
0.9964444444444447
0.9982222222222223
0.9995555555555555
0.9991111111111112
0.9979999999999999
0.9984444444444446
0.9991111111111112
0.9991111111111112
