-0.9897777777777782
-0.986666666666667
-0.9864444444444447
-0.9884444444444447
-0.984666666666667
-0.986888888888889
-0.9884444444444446
-0.9880000000000003
-0.986888888888889
-0.9864444444444447
-0.989555555555556
-0.9922222222222224
-0.9893333333333335
-0.9915555555555556
-0.9913333333333336
-0.9891111111111114
-0.9884444444444447
-0.9877777777777781
-0.9842222222222228
-0.9902222222222224
-0.9864444444444447
-0.9882222222222226
-0.9884444444444446
-0.9897777777777782
-0.9888888888888892
-0.9895555555555557
-0.9922222222222227
-0.9884444444444447
-0.9873333333333337
-0.990666666666667
-0.9904444444444446
-0.9908888888888893
-0.9851111111111116
-0.9922222222222223
-0.986888888888889
-0.9895555555555557
-0.989777777777778
-0.9884444444444446
-0.9871111111111115
-0.9900000000000002
-0.9917777777777779
-0.9911111111111113
-0.9928888888888892
-0.9880000000000003
-0.9920000000000004
-0.9886666666666667
-0.9884444444444447
-0.9900000000000002
-0.9911111111111113
-0.9888888888888892
-0.9897777777777782
-0.9877777777777779
-0.9877777777777781
-0.9846666666666671
-0.9873333333333338
-0.9893333333333337
-0.989777777777778
-0.9793333333333339
-0.9884444444444447
-0.989777777777778
-0.989777777777778
-0.9873333333333337
-0.9904444444444446
-0.9891111111111115
-0.9851111111111114
-0.9864444444444447
-0.9908888888888893
-0.9920000000000002
-0.9880000000000003
-0.9855555555555559
-0.9897777777777778
-0.9888888888888892
-0.9893333333333335
-0.9886666666666667
-0.9880000000000005
-0.9868888888888893
-0.9868888888888893
-0.9900000000000002
-0.9891111111111115
-0.9888888888888892
-0.9871111111111113
-0.9891111111111112
-0.9897777777777782
-0.983555555555556
-0.989555555555556
-0.9922222222222224
-0.9922222222222224
-0.9853333333333336
-0.9893333333333337
-0.9891111111111115
-0.9891111111111112
-0.983555555555556
-0.9862222222222227
-0.9886666666666669
-0.9886666666666669
-0.9862222222222227
-0.9895555555555557
-0.9868888888888893
-0.9917777777777779
-0.9891111111111115
-0.9906666666666668
-0.9917777777777781
-0.9857777777777782
-0.9875555555555559
-0.9920000000000001
-0.9900000000000002
-0.9873333333333335
-0.9913333333333334
-0.9893333333333335
-0.985777777777778
-0.9862222222222224
-0.9853333333333336
-0.9873333333333337
-0.9826666666666669
-0.9884444444444446
-0.9844444444444446
-0.9873333333333337
-0.986444444444445
-0.9888888888888894
-0.9873333333333337
-0.9877777777777781
-0.9897777777777782
-0.9946666666666668
-0.989555555555556
-0.986666666666667
-0.9835555555555561
-0.9873333333333337
-0.9844444444444448
-0.9886666666666669
-0.9864444444444447
-0.9895555555555557
-0.9926666666666669
-0.9922222222222224
-0.9860000000000002
-0.9922222222222224
-0.984666666666667
-0.9862222222222224
-0.9862222222222224
-0.9873333333333335
-0.9880000000000003
-0.9853333333333338
-0.9877777777777779
-0.9855555555555559
-0.9886666666666669
-0.9842222222222226
-0.9891111111111114
-0.9928888888888892
-0.9893333333333337
-0.9882222222222227
-0.9915555555555559
-0.9877777777777781
-0.9888888888888892
-0.987111111111111
-0.9864444444444448
-0.9893333333333335
-0.9882222222222226
-0.9873333333333337
-0.9864444444444448
-0.989777777777778
-0.9888888888888892
-0.9853333333333336
-0.9877777777777781
-0.9880000000000003
-0.9871111111111113
-0.9891111111111114
-0.9920000000000002
-0.9882222222222223
-0.9884444444444449
-0.9884444444444447
-0.9897777777777782
-0.9895555555555557
-0.9857777777777782
-0.9866666666666668
-0.9857777777777782
-0.9848888888888891
-0.9880000000000003
-0.989777777777778
-0.9906666666666668
-0.9906666666666668
-0.9911111111111114
-0.9893333333333337
-0.9862222222222222
-0.9895555555555557
-0.9886666666666669
-0.9895555555555557
-0.9853333333333338
-0.9873333333333335
-0.9848888888888894
-0.9900000000000002
-0.9853333333333338
-0.9913333333333336
-0.9915555555555556
