-0.3164444444444444
-0.31125925925925896
-0.32918518518518536
-0.3857777777777777
-0.09896296296296296
-0.32725925925925914
-0.2517037037037038
-0.2339259259259258
-0.4976296296296294
-0.35525925925925944
-0.27585185185185196
-0.2686666666666666
-0.2542222222222221
-0.28311111111111104
-0.36533333333333323
-0.30740740740740735
-0.20044444444444434
-0.19022222222222226
-0.29362962962962963
-0.2551111111111112
-0.1623703703703703
-0.20607407407407427
-0.36192592592592576
-0.3025185185185185
-0.3768888888888889
-0.2964444444444444
-0.2709629629629628
-0.3105185185185183
-0.31318518518518507
-0.30651851851851847
-0.40222222222222215
-0.3066666666666667
-0.39644444444444427
-0.2945185185185184
-0.3554074074074073
-0.4324444444444444
-0.24844444444444444
-0.2779999999999998
-0.20814814814814805
-0.2897777777777777
-0.36607407407407405
-0.33585185185185185
-0.30962962962962987
-0.2831111111111109
-0.2795555555555555
-0.35481481481481497
-0.34725925925925905
-0.3743703703703703
-0.37244444444444447
-0.2733333333333331
-0.40555555555555545
-0.18251851851851839
-0.32237037037037064
-0.2577777777777776
-0.32533333333333336
-0.2481481481481481
-0.36474074074074053
-0.24622222222222212
-0.27629629629629643
-0.3909629629629629
-0.3275555555555558
-0.4333333333333331
-0.25985185185185167
-0.3753333333333334
-0.21066666666666664
-0.32199999999999973
-0.26666666666666655
-0.21511111111111092
-0.3127407407407408
-0.2615555555555553
-0.2471111111111109
-0.34266666666666656
-0.33125925925925914
-0.33066666666666666
-0.3297777777777777
-0.2748148148148149
-0.3191111111111109
-0.33037037037037037
-0.2734814814814817
-0.391851851851852
-0.28429629629629616
-0.35303703703703715
-0.3441481481481481
-0.22533333333333327
-0.24666666666666653
-0.2619259259259257
-0.3197777777777777
-0.37244444444444424
-0.29955555555555546
-0.250814814814815
-0.2680000000000001
-0.2086666666666666
-0.38977777777777783
-0.33051851851851866
-0.19881481481481486
-0.2595555555555553
-0.32866666666666666
-0.30785185185185193
-0.40740740740740783
-0.1908148148148147
-0.22118518518518518
-0.14555555555555544
-0.3727407407407409
-0.16355555555555557
-0.29377777777777764
-0.18637037037037038
-0.2394074074074075
-0.2691851851851852
-0.2731851851851852
-0.33659259259259244
-0.4086666666666666
-0.15999999999999998
-0.1128888888888889
-0.257925925925926
-0.23762962962962955
-0.3474074074074076
-0.42844444444444413
-0.35851851851851846
-0.40400000000000014
-0.30288888888888893
-0.4536296296296294
-0.26911111111111097
-0.32503703703703707
-0.38711111111111096
-0.31799999999999984
-0.32103703703703707
-0.15303703703703703
-0.25333333333333324
-0.25777777777777755
-0.43614814814814795
-0.2879999999999999
-0.3684444444444446
-0.4202962962962965
-0.27718518518518515
-0.3106666666666666
-0.24370370370370367
-0.19422222222222216
-0.18533333333333343
-0.3622222222222222
-0.2108148148148148
-0.3008888888888888
-0.19718518518518527
-0.25466666666666643
-0.2877037037037038
-0.3493333333333334
-0.19466666666666657
-0.26814814814814814
-0.17022222222222225
-0.22444444444444434
-0.25481481481481466
-0.22385185185185183
-0.3851111111111112
-0.16911111111111116
-0.39111111111111113
-0.2862222222222223
-0.34385185185185196
-0.3330370370370371
-0.25925925925925924
-0.27711111111111103
-0.396
-0.31866666666666665
-0.20237037037037028
-0.37311111111111117
-0.35022222222222216
-0.261111111111111
-0.3926666666666668
-0.3405925925925926
-0.43355555555555547
-0.24222222222222217
-0.288
-0.31511111111111134
-0.3820740740740741
-0.29644444444444434
-0.3696296296296297
-0.40644444444444444
-0.16548148148148148
-0.29822222222222244
-0.25437037037037025
-0.2468148148148147
-0.2525925925925926
-0.25525925925925924
-0.30696296296296294
-0.4391111111111112
-0.3326666666666668
-0.3271111111111111
-0.31718518518518524
-0.35407407407407393
-0.3202962962962965
-0.3145185185185185
-0.2774814814814813
-0.17881481481481465
-0.21081481481481465
