-0.9114074074074064
-0.9195555555555548
-0.9257777777777764
-0.9411851851851842
-0.9253333333333329
-0.886222222222221
-0.9032592592592584
-0.9146666666666661
-0.9343703703703691
-0.9008888888888881
-0.9291851851851843
-0.9199999999999996
-0.9066666666666662
-0.9106666666666661
-0.9293333333333326
-0.9020740740740737
-0.9379259259259254
-0.9109629629629622
-0.9173333333333321
-0.9239999999999992
-0.8948148148148137
-0.9271111111111103
-0.936666666666666
-0.8902222222222217
-0.9039999999999986
-0.8959999999999987
-0.9155555555555549
-0.9148148148148141
-0.9198518518518509
-0.9457777777777768
-0.9100740740740731
-0.8939259259259251
-0.9185185185185181
-0.9322962962962953
-0.9128888888888883
-0.8911111111111107
-0.9383703703703696
-0.8915555555555548
-0.9136296296296289
-0.9271111111111106
-0.8957777777777776
-0.9282222222222214
-0.9048888888888881
-0.9174814814814805
-0.9201481481481473
-0.9051851851851845
-0.896444444444444
-0.9094814814814803
-0.9213333333333326
-0.9198518518518508
-0.9131851851851845
-0.9047407407407396
-0.9231111111111102
-0.9231111111111103
-0.8968888888888883
-0.9091851851851843
-0.9182222222222216
-0.8802222222222218
-0.9204444444444435
-0.9286666666666658
-0.9286666666666661
-0.9226666666666655
-0.9317037037037029
-0.9299259259259253
-0.9182222222222219
-0.9075555555555544
-0.9066666666666662
-0.9251851851851846
-0.9186666666666662
-0.8964444444444437
-0.9297777777777774
-0.9384444444444437
-0.9468148148148142
-0.9262222222222218
-0.932592592592592
-0.9133333333333326
-0.9232592592592582
-0.916666666666666
-0.9253333333333326
-0.9291851851851841
-0.897925925925925
-0.9405925925925915
-0.9260740740740736
-0.8980740740740731
-0.933925925925925
-0.9464444444444433
-0.9165925925925917
-0.9166666666666657
-0.9106666666666658
-0.9072592592592585
-0.9131851851851843
-0.9106666666666656
-0.9164444444444435
-0.9414814814814806
-0.9145185185185176
-0.9179999999999993
-0.918666666666666
-0.9293333333333326
-0.9473333333333325
-0.906666666666666
-0.918962962962962
-0.9346666666666659
-0.9471111111111106
-0.9217777777777769
-0.9197037037037031
-0.9180740740740735
-0.913777777777777
-0.9082222222222214
-0.9411111111111099
-0.9152592592592587
-0.9291851851851841
-0.9213333333333324
-0.913777777777777
-0.928888888888888
-0.8935555555555547
-0.8762222222222218
-0.9057777777777765
-0.8985185185185175
-0.915999999999999
-0.9417777777777772
-0.92074074074074
-0.921925925925925
-0.950444444444444
-0.9279999999999992
-0.9291851851851846
-0.9197037037037035
-0.9262222222222215
-0.9300740740740732
-0.909185185185184
-0.9202962962962952
-0.9066666666666656
-0.9241481481481473
-0.9057777777777769
-0.9237037037037029
-0.9290370370370359
-0.906074074074073
-0.9342222222222214
-0.9257777777777767
-0.9355555555555543
-0.9059999999999995
-0.8871111111111105
-0.9268148148148134
-0.900592592592592
-0.9197777777777764
-0.9044444444444438
-0.9342222222222216
-0.9192592592592583
-0.9328888888888883
-0.9137777777777769
-0.9297777777777767
-0.8997777777777768
-0.9097777777777767
-0.9273333333333327
-0.918666666666666
-0.8823703703703694
-0.8997777777777771
-0.9248888888888881
-0.9306666666666659
-0.9260740740740734
-0.9028148148148141
-0.9155555555555547
-0.9226666666666656
-0.9119999999999994
-0.9300740740740729
-0.912888888888888
-0.9415555555555547
-0.9082222222222214
-0.9274074074074067
-0.9122222222222214
-0.9084444444444439
-0.9373333333333327
-0.9346666666666656
-0.9285925925925922
-0.9368888888888881
-0.9193333333333328
-0.9059259259259248
-0.9188148148148136
-0.8937777777777768
-0.9125925925925916
-0.9148888888888881
-0.8928888888888882
-0.9250370370370361
-0.9352592592592586
-0.9154074074074066
-0.9151111111111101
-0.9250370370370359
-0.92074074074074
-0.9303703703703692
-0.9213333333333324
-0.9127407407407399
-0.9324444444444443
-0.921037037037036
