0.9822222222222219
0.9706666666666662
0.9857777777777776
0.977185185185185
0.9767407407407402
0.974444444444444
0.9663703703703698
0.9757037037037037
0.9797777777777776
0.9708148148148144
0.9724444444444443
0.9702222222222217
0.9762222222222218
0.9695555555555552
0.9806666666666666
0.9662222222222219
0.9835555555555552
0.9733333333333329
0.9675555555555552
0.9877037037037034
0.9674074074074073
0.992296296296296
0.9835555555555554
0.983259259259259
0.9835555555555551
0.9755555555555553
0.9882962962962961
0.9770370370370368
0.9845925925925921
0.9744444444444441
0.9833333333333332
0.9777777777777773
0.981111111111111
0.9802962962962961
0.9677037037037034
0.9720000000000001
0.967407407407407
0.9826666666666665
0.9792592592592593
0.9802222222222219
0.9674074074074073
0.9890370370370368
0.9739259259259256
0.9755555555555554
0.9742222222222218
0.9859259259259258
0.9831111111111109
0.9669629629629626
0.9682222222222218
0.9761481481481481
0.968444444444444
0.9854814814814813
0.9730370370370368
0.9759999999999998
0.9768888888888887
0.9757037037037031
0.9737777777777777
0.9570370370370368
0.9548148148148143
0.9804444444444442
0.9697777777777776
0.9857777777777775
0.9859259259259255
0.9639999999999997
0.9660740740740736
0.9762962962962958
0.9807407407407406
0.9865185185185188
0.978222222222222
0.9819259259259258
0.987259259259259
0.983555555555555
0.9765925925925926
0.9604444444444444
0.9718518518518516
0.972592592592592
0.9811851851851846
0.9700740740740735
0.9820740740740739
0.9780740740740737
0.9795555555555552
0.9736296296296295
0.9662222222222221
0.967111111111111
0.9808888888888885
0.9484444444444441
0.9792592592592593
0.9543703703703701
0.9776296296296294
0.9842962962962958
0.9648888888888885
0.9486666666666663
0.9808888888888885
0.9828888888888889
0.9839999999999995
0.9678518518518513
0.9866666666666665
0.9589629629629625
0.9871111111111109
0.9626666666666666
0.9647407407407406
0.9777777777777775
0.969037037037037
0.9718518518518516
0.9722222222222214
0.9746666666666662
0.9759999999999996
0.9742222222222219
0.9722962962962962
0.9857777777777773
0.9759999999999996
0.9839999999999995
0.9860740740740738
0.9406666666666662
0.9544444444444443
0.9727407407407402
0.9912592592592592
0.9644444444444442
0.9785185185185185
0.97837037037037
0.9726666666666666
0.9783703703703702
0.9801481481481482
0.9611851851851848
0.9706666666666665
0.9857777777777779
0.9767407407407405
0.9800000000000001
0.9730370370370366
0.9939999999999998
0.9739259259259259
0.9528888888888887
0.9606666666666664
0.9801481481481477
0.9761481481481478
0.9588148148148147
0.9740740740740735
0.9682962962962957
0.9567407407407406
0.980222222222222
0.984888888888889
0.9722222222222221
0.9837037037037034
0.9810370370370372
0.9886666666666667
0.977185185185185
0.9650370370370364
0.9748888888888888
0.9917777777777776
0.9885925925925925
0.9739259259259259
0.9771851851851846
0.9591111111111108
0.9758518518518517
0.9833333333333328
0.987111111111111
0.9604444444444441
0.9650370370370367
0.9768888888888889
0.9688888888888884
0.9850370370370365
0.983259259259259
0.9702222222222221
0.9875555555555551
0.9766666666666665
0.9726666666666666
0.9564444444444443
0.9795555555555553
0.991407407407407
0.9817777777777775
0.9791111111111106
0.9622222222222218
0.9863703703703703
0.9757037037037035
0.9922222222222221
0.9845925925925925
0.9646666666666665
0.973111111111111
0.9728888888888889
0.9834074074074076
0.9882962962962961
0.9602962962962958
0.984
0.9804444444444442
0.9795555555555554
0.9831111111111107
0.979555555555555
0.9835555555555554
0.975407407407407
0.9848888888888886
0.9797037037037035
0.9829629629629627
