0.993925925925926
0.9875555555555553
0.9965925925925924
0.9918518518518517
0.9977777777777778
0.9946666666666666
0.9936296296296295
0.9922962962962962
0.9921481481481478
0.9700740740740738
0.9954074074074074
0.9919999999999999
0.9854814814814815
0.9937777777777778
0.992296296296296
0.9918518518518517
0.9882222222222221
0.9868888888888888
0.9964444444444445
0.9961481481481481
0.9974814814814815
0.9844444444444442
0.9957037037037035
0.9845925925925922
0.9962962962962962
0.9922222222222221
0.9933333333333333
0.9918518518518518
0.9934814814814814
0.9967407407407408
0.9922222222222221
0.9912592592592592
0.9946666666666666
0.9915555555555554
0.9828148148148148
0.9928888888888887
0.9964444444444441
0.9905185185185186
0.9882962962962961
0.9973333333333333
0.9855555555555553
0.9924444444444441
0.9799999999999996
0.9908148148148144
0.9893333333333332
0.9899259259259261
0.9966666666666666
0.9868148148148146
0.9879999999999998
0.9961481481481481
0.9905185185185184
0.9854814814814815
0.9935555555555555
0.9897777777777774
0.9928888888888885
0.9949629629629632
0.9953333333333332
0.9976296296296296
0.9917777777777778
0.9985185185185187
0.990074074074074
0.9964444444444445
0.9894814814814814
0.9841481481481479
0.9753333333333333
0.9933333333333333
0.9851851851851852
0.9965925925925926
0.9859999999999997
0.9937777777777775
0.9877037037037032
0.9962962962962962
0.996296296296296
0.9959999999999999
0.9971851851851852
0.9945185185185185
0.9965925925925926
0.9925925925925926
0.9971851851851852
0.9954074074074074
0.9946666666666666
0.9897777777777774
0.9885925925925925
0.9865185185185184
0.9853333333333332
0.9945185185185185
0.9976296296296296
0.9917037037037033
0.9984444444444442
0.9939999999999999
0.9942222222222221
0.9872592592592588
0.9948148148148147
0.9871111111111109
0.9946666666666666
0.9913333333333333
0.9927407407407405
0.9976296296296296
0.9912592592592593
0.9961481481481481
0.9945185185185185
0.9884444444444443
0.992296296296296
0.9927407407407408
0.9967407407407406
0.9874074074074073
0.9962962962962963
0.9893333333333334
0.9936296296296295
0.9826666666666661
0.9973333333333331
0.9952592592592591
0.9847407407407406
0.9924444444444444
0.9866666666666667
0.9964444444444445
0.9893333333333334
0.9922222222222221
0.991111111111111
0.988148148148148
0.9925925925925924
0.9964444444444442
0.9949629629629627
0.988148148148148
0.9970370370370367
0.9908148148148149
0.9970370370370369
0.9868148148148144
0.9951111111111112
0.9888888888888888
0.9905185185185186
0.9962222222222222
0.9961481481481479
0.9918518518518518
0.9919999999999999
0.995851851851852
0.9820740740740737
0.9931111111111108
0.9946666666666668
0.9975555555555556
0.9949629629629627
0.9958518518518518
0.9826666666666664
0.9865185185185182
0.9953333333333331
0.9900740740740741
0.9869629629629628
0.9939259259259259
0.9940740740740739
0.9841481481481479
0.9934814814814814
0.9953333333333332
0.9959999999999997
0.9909629629629628
0.9893333333333334
0.9895555555555555
0.9942222222222221
0.9933333333333333
0.9797777777777773
0.996222222222222
0.9946666666666664
0.9955555555555554
0.9940740740740739
0.9931111111111111
0.9925925925925924
0.9859999999999998
0.9899259259259259
0.9794074074074073
0.9965925925925926
0.9862222222222221
0.9951111111111111
0.9970370370370369
0.9882222222222219
0.9875555555555556
0.9873333333333331
0.9957037037037036
0.9967407407407406
0.9903703703703702
0.9899259259259259
0.9979259259259258
0.9887407407407407
0.9933333333333332
0.9935555555555553
0.9896296296296293
0.9942222222222221
0.9951111111111111
0.9919999999999997
0.9955555555555554
0.9905185185185184
0.9891111111111112
0.9831111111111109
0.9871111111111109
