0.952222222222222
0.9657777777777771
0.9708148148148147
0.9656296296296294
0.9715555555555551
0.9677777777777777
0.9551111111111108
0.9536296296296293
0.9586666666666662
0.9545185185185183
0.9746666666666663
0.9628148148148145
0.975333333333333
0.9727407407407401
0.9558518518518514
0.9675555555555553
0.9368888888888882
0.9728888888888884
0.9527407407407404
0.9727407407407402
0.9479999999999994
0.9695555555555554
0.9648888888888886
0.9755555555555551
0.9559999999999996
0.9697777777777774
0.9302222222222216
0.9856296296296294
0.946444444444444
0.9713333333333332
0.9665185185185182
0.9715555555555551
0.9364444444444441
0.9629629629629629
0.9554074074074068
0.9549629629629629
0.9699999999999998
0.941185185185185
0.9794074074074072
0.9624444444444441
0.9666666666666669
0.9614814814814812
0.9515555555555554
0.962814814814814
0.9605925925925921
0.9597037037037031
0.945333333333333
0.9334814814814812
0.9712592592592592
0.9705185185185182
0.9526666666666666
0.957629629629629
0.9557037037037033
0.9565925925925923
0.9515555555555553
0.9768888888888886
0.9647407407407403
0.9608888888888882
0.9742222222222218
0.9290370370370369
0.9708148148148141
0.9531851851851852
0.9462222222222216
0.9611111111111107
0.960222222222222
0.9669629629629628
0.9457777777777775
0.9712592592592592
0.9835555555555554
0.9797777777777776
0.9631111111111107
0.9471111111111107
0.9599999999999994
0.9517037037037035
0.9616296296296291
0.9619259259259254
0.9733333333333332
0.9715555555555551
0.9761481481481475
0.9669629629629626
0.972148148148148
0.9651851851851848
0.9445925925925919
0.9552592592592591
0.9853333333333331
0.957185185185185
0.9481481481481474
0.9617777777777775
0.9782222222222218
0.9611111111111108
0.9709629629629623
0.9450370370370367
0.9468148148148143
0.9313333333333331
0.9644444444444442
0.933481481481481
0.934444444444444
0.9585185185185181
0.9552592592592589
0.9663703703703703
0.9719999999999996
0.9628888888888885
0.9588888888888886
0.9659259259259257
0.9675555555555553
0.9522962962962961
0.961333333333333
0.9648888888888888
0.9668888888888886
0.9525925925925924
0.9300740740740739
0.9759999999999996
0.970222222222222
0.9577777777777777
0.9513333333333328
0.9479999999999995
0.9857777777777774
0.9591111111111111
0.9712592592592589
0.964222222222222
0.9598518518518515
0.976296296296296
0.9831111111111107
0.9431111111111108
0.9577777777777775
0.8917037037037031
0.948148148148148
0.9582222222222218
0.9711111111111103
0.9503703703703701
0.932592592592592
0.9706666666666662
0.9774814814814808
0.9798518518518515
0.9471111111111108
0.9519999999999995
0.9605925925925921
0.9585185185185181
0.9637037037037033
0.9193333333333327
0.9724444444444444
0.9422222222222219
0.961333333333333
0.9255555555555556
0.9736296296296295
0.9539259259259258
0.9517037037037032
0.9651851851851854
0.954
0.976296296296296
0.9805925925925923
0.9528888888888883
0.9512592592592587
0.9580740740740739
0.9573333333333334
0.9592592592592593
0.9675555555555553
0.952444444444444
0.9591111111111108
0.923555555555555
0.9639999999999996
0.9799999999999998
0.9736296296296291
0.9713333333333332
0.9399999999999997
0.9474074074074068
0.9691851851851845
0.9757777777777775
0.9813333333333331
0.9632592592592586
0.9482962962962959
0.9319999999999996
0.968592592592592
0.9517037037037034
0.9708888888888886
0.9682962962962955
0.9605925925925921
0.982074074074074
0.9597777777777776
0.9533333333333331
0.9715555555555553
0.9651851851851848
0.9645925925925921
0.9599999999999999
0.973037037037037
0.9631111111111107
0.9645925925925919
0.9579259259259256
0.9648888888888884
0.9799999999999998
0.9580740740740741
0.9619259259259255
