0.9757777777777775
0.9865185185185182
0.984148148148148
0.990074074074074
0.9725925925925923
0.9946666666666666
0.9832592592592594
0.9857777777777776
0.984148148148148
0.9638518518518518
0.982222222222222
0.9911111111111113
0.9939999999999998
0.97837037037037
0.9795555555555557
0.9755555555555554
0.9873333333333334
0.973185185185185
0.9725925925925926
0.9737777777777775
0.9853333333333328
0.9624444444444442
0.990222222222222
0.9737777777777774
0.976296296296296
0.9761481481481481
0.9780740740740739
0.9730370370370368
0.9675555555555553
0.984148148148148
0.9777777777777779
0.9791111111111114
0.9708148148148144
0.9846666666666664
0.9822222222222221
0.9875555555555553
0.9853333333333331
0.9859259259259258
0.9834074074074071
0.9610370370370367
0.9644444444444442
0.9854814814814813
0.9902222222222218
0.9773333333333327
0.9817777777777777
0.978666666666666
0.963259259259259
0.9795555555555552
0.9847407407407406
0.9733333333333335
0.9918518518518518
0.9797037037037036
0.9854814814814813
0.9905185185185186
0.987259259259259
0.9816296296296294
0.9848888888888886
0.9816296296296292
0.9814814814814815
0.9754074074074072
0.9731851851851849
0.9904444444444443
0.9780740740740742
0.9638518518518515
0.9859259259259255
0.9804444444444442
0.9709629629629628
0.9869629629629628
0.9868888888888888
0.977333333333333
0.9757777777777773
0.9888888888888888
0.9708888888888885
0.98237037037037
0.9785185185185185
0.9837037037037034
0.9855555555555552
0.9794074074074072
0.9831111111111109
0.9897777777777773
0.9776296296296293
0.977185185185185
0.9808888888888888
0.9946666666666664
0.9900740740740738
0.9844444444444441
0.9887407407407409
0.9853333333333332
0.9799999999999996
0.9850370370370367
0.97837037037037
0.9835555555555552
0.9808888888888886
0.9697777777777776
0.9817777777777776
0.9893333333333331
0.9930370370370368
0.9795555555555552
0.9801481481481479
0.9614814814814814
0.9779259259259256
0.9678518518518516
0.9748148148148147
0.9659999999999996
0.9804444444444446
0.9860740740740738
0.976296296296296
0.9822222222222221
0.9831111111111109
0.9789629629629629
0.9706666666666662
0.9878518518518516
0.9764444444444441
0.9537777777777776
0.9822222222222221
0.9780740740740737
0.9789629629629625
0.978222222222222
0.9847407407407406
0.9842962962962963
0.981481481481481
0.9828148148148146
0.9879999999999998
0.983259259259259
0.990222222222222
0.9709629629629626
0.9832592592592586
0.9766666666666665
0.9735555555555553
0.9877037037037035
0.9777777777777772
0.9808888888888885
0.9799999999999998
0.9811851851851852
0.9733333333333332
0.9826666666666665
0.9765925925925923
0.9887407407407405
0.9784444444444443
0.9810370370370372
0.9811851851851849
0.9877037037037035
0.9868148148148146
0.9921481481481481
0.9872592592592594
0.982074074074074
0.9802962962962961
0.9662222222222218
0.9911111111111108
0.9810370370370367
0.9862222222222219
0.9810370370370367
0.9893333333333332
0.9857777777777776
0.9845925925925921
0.9871111111111106
0.9909629629629628
0.9896296296296292
0.9911111111111108
0.9761481481481479
0.9808888888888885
0.9824444444444442
0.9706666666666662
0.9691111111111108
0.9862222222222221
0.9862222222222219
0.9825185185185182
0.9810370370370365
0.9906666666666666
0.9654814814814813
0.9846666666666666
0.9665185185185184
0.9842962962962958
0.9835555555555555
0.9546666666666662
0.9737777777777775
0.9914074074074072
0.976
0.98237037037037
0.9777777777777777
0.986
0.9679999999999997
0.9798518518518518
0.9822222222222217
0.98
0.9895555555555551
0.9705185185185182
0.9733333333333329
0.978222222222222
0.9727407407407402
0.988148148148148
0.9771111111111109
