0.9850370370370367
0.9782222222222221
0.9810370370370367
0.9878518518518516
0.9868888888888888
0.9754074074074072
0.9734814814814812
0.9740740740740741
0.9822222222222223
0.9708148148148145
0.977333333333333
0.9799999999999996
0.9838518518518516
0.9786666666666665
0.9808888888888889
0.9799999999999998
0.9882222222222222
0.9882962962962959
0.9884444444444441
0.9782222222222221
0.9860740740740735
0.9886666666666665
0.9817777777777775
0.9902222222222221
0.9820740740740739
0.980222222222222
0.9682962962962963
0.9914074074074072
0.9884444444444445
0.9869629629629628
0.9859999999999998
0.9816296296296296
0.9936296296296295
0.9725925925925923
0.9773333333333329
0.9826666666666664
0.9768888888888885
0.9783703703703702
0.980296296296296
0.9953333333333333
0.9822222222222223
0.9743703703703701
0.9869629629629628
0.9733333333333332
0.9820740740740739
0.9828148148148148
0.9730370370370366
0.9899999999999998
0.9885925925925925
0.9764444444444442
0.9817777777777776
0.975259259259259
0.9617777777777775
0.9918518518518517
0.9624444444444441
0.9764444444444443
0.978222222222222
0.9886666666666665
0.9835555555555552
0.9798518518518513
0.9823703703703698
0.9900740740740738
0.9845925925925921
0.9825185185185182
0.9854814814814813
0.9842962962962959
0.9802962962962961
0.9853333333333331
0.9770370370370368
0.9780740740740739
0.9786666666666664
0.9845925925925922
0.9755555555555554
0.9891111111111109
0.9798518518518515
0.9841481481481479
0.9810370370370369
0.962222222222222
0.9842962962962961
0.9844444444444443
0.981333333333333
0.9897777777777774
0.9874074074074073
0.9893333333333332
0.9727407407407407
0.9651851851851849
0.9822222222222223
0.9794074074074073
0.9939999999999998
0.9639999999999997
0.9786666666666664
0.9854814814814815
0.9884444444444446
0.9791111111111106
0.9807407407407404
0.9822222222222219
0.979259259259259
0.9829629629629628
0.9900740740740738
0.9853333333333332
0.9933333333333332
0.9879999999999999
0.9776296296296296
0.9875555555555555
0.9739259259259253
0.9871111111111109
0.9868888888888887
0.9864444444444443
0.9788888888888886
0.972222222222222
0.9879999999999999
0.9768888888888885
0.9786666666666664
0.9744444444444443
0.9831111111111109
0.9758518518518516
0.9866666666666665
0.9834074074074071
0.9853333333333328
0.9648888888888888
0.9814814814814812
0.9797777777777776
0.9811851851851848
0.984148148148148
0.9816296296296294
0.988148148148148
0.9868148148148144
0.9868888888888887
0.9773333333333333
0.9937777777777778
0.9854814814814815
0.9785185185185185
0.9848888888888888
0.9805925925925923
0.9872592592592592
0.9758518518518514
0.9931851851851851
0.9893333333333334
0.9662222222222221
0.9906666666666666
0.9869629629629626
0.9808888888888885
0.9820740740740739
0.9401481481481478
0.9891851851851851
0.965333333333333
0.9740740740740739
0.9896296296296297
0.9779259259259254
0.9841481481481479
0.9724444444444443
0.9825185185185185
0.988444444444444
0.9740740740740738
0.9808888888888887
0.9865185185185186
0.9733333333333332
0.9734814814814814
0.9799999999999999
0.9844444444444441
0.9739259259259254
0.9799999999999996
0.9771851851851846
0.9837037037037032
0.9691851851851851
0.9899259259259261
0.9896296296296295
0.988148148148148
0.98237037037037
0.9739259259259254
0.9668888888888888
0.9888888888888886
0.9924444444444444
0.9788148148148145
0.980222222222222
0.990074074074074
0.987259259259259
0.9829629629629628
0.9713333333333328
0.9808888888888887
0.9937777777777778
0.9884444444444443
0.9764444444444442
0.9890370370370368
0.984
0.9951111111111108
0.9805925925925921
0.9682962962962961
0.982518518518518
0.9895555555555553
0.9746666666666666
0.9888888888888887
