0.9979999999999998
0.9919999999999997
0.9882962962962961
0.9942222222222221
0.9965925925925927
0.9952592592592593
0.9964444444444441
0.9837037037037034
0.9961481481481481
0.9888888888888886
0.9945185185185184
0.9974814814814814
0.9964444444444445
0.9955555555555554
0.9959999999999999
0.997111111111111
0.9943703703703705
0.9940740740740741
0.9925925925925926
0.9957037037037035
0.9933333333333333
0.9970370370370369
0.9974814814814814
0.9937777777777775
0.9939999999999999
0.9951111111111112
0.9905185185185184
0.9962962962962963
0.9965925925925926
0.9952592592592593
0.9937777777777778
0.9946666666666666
0.9811851851851849
0.9948148148148147
0.9967407407407406
0.9959999999999998
0.9952592592592591
0.9982222222222221
0.9917037037037035
0.9925925925925926
0.9948148148148148
0.9971111111111111
0.9911111111111108
0.9897777777777774
0.9955555555555554
0.9940740740740741
0.9937777777777776
0.9976296296296296
0.9946666666666666
0.9906666666666666
0.9919999999999999
0.9964444444444445
0.9942222222222218
0.9942222222222221
0.9983703703703704
0.9943703703703702
0.9975555555555554
0.9964444444444442
0.9982222222222221
0.9968888888888887
0.9967407407407406
0.9975555555555556
0.9975555555555556
0.998
0.9949629629629632
0.995111111111111
0.994222222222222
0.9945185185185184
0.9973333333333333
0.9959999999999998
0.9924444444444447
0.9902222222222221
0.9897777777777776
0.9928888888888887
0.996
0.9924444444444442
0.991111111111111
0.9988148148148146
0.9965925925925927
0.9961481481481481
0.9877777777777778
0.9957037037037036
0.9906666666666665
0.9948888888888888
0.9965925925925926
0.996222222222222
0.998074074074074
0.9976296296296296
0.9933333333333333
0.9984444444444444
0.9983703703703702
0.9831111111111109
0.9989629629629629
0.9931111111111111
0.9967407407407408
0.9974814814814814
0.9952592592592591
0.9939259259259259
0.9866666666666667
0.9957037037037035
0.9958518518518518
0.9921481481481483
0.9948888888888888
0.9940740740740739
0.999111111111111
0.9964444444444445
0.9928888888888887
0.9877037037037038
0.9958518518518518
0.9946666666666668
0.9890370370370368
0.9949629629629626
0.9957037037037033
0.9927407407407405
0.9940740740740741
0.9973333333333331
0.9959999999999999
0.9826666666666665
0.9948148148148148
0.9864444444444441
0.9977777777777778
0.9958518518518518
0.9959999999999998
0.9924444444444445
0.9896296296296295
0.9939999999999998
0.9975555555555554
0.9924444444444444
0.9951111111111111
0.997111111111111
0.9937777777777774
0.9894814814814813
0.9976296296296296
0.9964444444444444
0.9955555555555556
0.9952592592592591
0.998
0.9864444444444441
0.9954074074074074
0.9928888888888887
0.9949629629629627
0.9909629629629626
0.9959999999999999
0.989037037037037
0.9957777777777779
0.9949629629629629
0.9930370370370369
0.9958518518518518
0.9896296296296293
0.9933333333333332
0.9959999999999998
0.9948148148148147
0.9954074074074074
0.9962962962962963
0.9939999999999998
0.9886666666666665
0.9970370370370369
0.9848888888888888
0.9977777777777779
0.9976296296296294
0.9942222222222221
0.9957037037037036
0.9844444444444443
0.9928888888888892
0.9912592592592592
0.9966666666666666
0.9913333333333331
0.9939259259259259
0.9859259259259258
0.9918518518518518
0.9851111111111109
0.9877777777777778
0.998962962962963
0.9952592592592591
0.9949629629629629
0.9862222222222222
0.9943703703703702
0.9838518518518516
0.9939259259259257
0.998074074074074
0.9868148148148146
0.9906666666666666
0.9919999999999999
0.9948888888888888
0.9944444444444442
0.9925925925925926
0.9957777777777777
0.9945185185185184
0.9922222222222221
0.9903703703703702
0.9968888888888888
0.9906666666666665
