0.9995555555555555
0.9967407407407408
0.9989629629629629
0.9964444444444445
0.9983703703703704
0.9982222222222222
0.9985185185185185
0.9995555555555555
0.9994074074074075
0.9975555555555556
0.9878518518518516
0.9968888888888888
0.9995555555555555
0.9973333333333335
0.9976296296296296
0.9973333333333331
0.9931851851851853
0.9979259259259258
0.9985185185185185
0.9985185185185185
0.9971851851851852
0.9945185185185184
0.9986666666666667
0.9964444444444444
0.9995555555555555
0.9964444444444442
0.9954074074074074
0.9971851851851852
0.9955555555555554
0.9945185185185185
0.9967407407407408
0.9977777777777778
0.9971851851851852
0.9971111111111111
0.9986666666666666
0.9965925925925926
1.0
0.9928888888888888
0.9995555555555555
0.9985185185185187
0.9979259259259258
0.9974814814814814
0.9991111111111112
0.9995555555555555
0.9957037037037036
0.9967407407407406
0.9976296296296296
0.9970370370370369
0.9970370370370369
0.9943703703703702
0.9970370370370369
0.9977777777777778
0.9940000000000001
0.9998518518518518
0.9973333333333335
0.9977777777777778
0.9985185185185185
0.998074074074074
0.9953333333333333
0.9962222222222222
0.9964444444444442
0.9985185185185185
0.9982222222222222
0.9985185185185185
0.9968888888888887
0.9967407407407408
0.997925925925926
0.9976296296296299
0.9983703703703702
0.9958518518518518
0.9973333333333335
0.9997037037037036
0.9985185185185185
0.9995555555555554
0.9995555555555555
0.9992592592592593
0.9986666666666667
0.9991111111111112
0.9991111111111112
0.9986666666666666
0.9985185185185185
0.9995555555555555
0.9995555555555555
0.9994074074074073
0.9964444444444444
0.9993333333333332
0.9985185185185185
0.9967407407407408
0.9998518518518519
0.9971851851851851
0.9957037037037036
0.9988148148148146
0.9961481481481481
0.9977777777777775
0.9976296296296296
0.997925925925926
0.9991111111111112
0.9991111111111112
0.9937777777777776
0.9988888888888888
1.0
0.998962962962963
0.9993333333333332
0.9973333333333333
0.9988148148148148
0.9964444444444442
0.9994074074074073
0.9988148148148146
0.9976296296296296
1.0
0.9952592592592593
0.9991111111111112
0.9979999999999998
0.9992592592592591
0.9988148148148146
0.9965925925925926
0.9977777777777778
0.9961481481481481
0.9988148148148148
0.9993333333333334
0.9965925925925926
0.9970370370370369
0.9967407407407408
0.9986666666666666
0.9988148148148148
0.9986666666666667
0.9993333333333332
0.9992592592592593
0.9985185185185185
0.9980740740740739
0.9971851851851852
0.998
0.9994074074074073
0.9921481481481481
0.9997037037037039
0.9970370370370369
0.9986666666666667
0.9949629629629626
0.9985185185185185
0.9986666666666666
0.9964444444444442
0.9991111111111111
0.9934814814814814
0.9998518518518518
0.9980000000000001
0.9986666666666666
0.9985185185185185
0.9988148148148148
0.9915555555555554
0.9971111111111111
0.9973333333333333
0.9991111111111112
0.9961481481481481
0.9983703703703704
0.996222222222222
0.9971851851851852
0.9946666666666666
0.9997037037037036
0.9985185185185185
0.997925925925926
0.9957037037037036
0.998
0.9995555555555555
0.9949629629629629
0.9983703703703704
0.9974814814814815
0.9991111111111112
0.9968888888888888
0.9961481481481481
0.9957037037037036
0.9968888888888888
0.9989629629629629
0.9997037037037036
0.9975555555555554
0.9985185185185187
0.9943703703703705
0.9997037037037039
0.9977777777777778
0.9971111111111111
0.9992592592592593
0.9997037037037036
0.9992592592592593
0.9971851851851852
0.9995555555555555
0.9989629629629629
0.9994074074074073
0.9948148148148148
0.9976296296296296
0.9975555555555553
0.9995555555555555
0.9988148148148146
0.9977777777777778
