1.0
0.9997037037037036
0.9997037037037036
0.9997777777777778
0.9977777777777778
0.9997037037037036
0.9984444444444444
0.999111111111111
0.9995555555555555
0.9991111111111112
0.9983703703703702
0.9995555555555555
0.9977777777777778
0.9989629629629629
0.9995555555555555
1.0
0.9986666666666667
0.9985185185185185
0.9986666666666667
0.9986666666666667
0.9993333333333334
0.9994074074074075
0.9995555555555555
0.998074074074074
0.9979259259259258
0.995851851851852
0.9992592592592593
0.9995555555555555
0.9986666666666667
1.0
0.9995555555555555
0.9986666666666666
0.9989629629629629
0.9988148148148146
0.9995555555555555
0.9983703703703702
0.9984444444444445
1.0
0.9979259259259258
0.9986666666666667
0.9995555555555555
0.9998518518518519
0.9997037037037036
0.9991111111111112
0.998962962962963
1.0
0.9995555555555555
0.9968888888888888
0.9995555555555555
1.0
0.9992592592592593
0.9988888888888887
0.9997777777777778
0.9992592592592593
0.9998518518518518
0.9988148148148148
0.9992592592592593
1.0
0.9939999999999998
0.9998518518518518
0.9992592592592593
0.9995555555555555
0.9989629629629629
0.998962962962963
0.9984444444444444
0.9998518518518518
0.9997777777777778
0.9991111111111111
0.9983703703703702
0.9993333333333334
1.0
0.9971111111111111
0.9988148148148148
1.0
0.9986666666666667
1.0
0.9991111111111112
0.9994074074074073
0.9989629629629629
0.9994074074074075
0.9973333333333333
1.0
0.997925925925926
0.9962222222222222
0.9991111111111111
1.0
1.0
0.9979999999999998
0.9995555555555555
0.9998518518518518
0.9977777777777778
0.9979259259259258
1.0
0.9992592592592593
0.9989629629629629
0.9955555555555554
0.9994074074074073
0.9998518518518518
0.9993333333333334
0.9991111111111112
0.9937777777777778
0.9998518518518518
0.9995555555555555
0.9968888888888888
0.998
0.9995555555555555
0.9976296296296296
0.9995555555555555
0.9997777777777778
0.9993333333333334
1.0
0.9953333333333333
0.9997037037037036
0.9995555555555555
0.9973333333333335
0.9995555555555555
0.9994074074074073
0.9959999999999999
0.9985185185185185
0.9992592592592593
1.0
0.9982222222222222
1.0
1.0
0.9970370370370369
0.9989629629629629
0.9992592592592593
0.9983703703703702
0.9995555555555555
0.9995555555555555
0.9997037037037036
0.9995555555555555
0.9995555555555555
0.9991111111111112
0.9982222222222222
0.9998518518518518
0.9995555555555555
0.9998518518518518
0.9994074074074073
0.9988148148148148
0.9968888888888888
0.9997037037037036
0.9977777777777775
0.9991111111111111
1.0
0.9995555555555555
0.9989629629629629
0.9995555555555555
0.9991111111111112
0.9971111111111111
0.9953333333333333
0.9995555555555555
0.9998518518518518
0.9977777777777779
0.9973333333333331
0.9995555555555555
1.0
0.9991111111111112
0.9992592592592593
1.0
0.9994074074074073
0.9994074074074073
1.0
0.9973333333333333
0.9994074074074075
0.9974814814814814
1.0
0.9986666666666667
1.0
0.9995555555555555
1.0
0.9993333333333334
0.9997037037037036
0.9989629629629629
0.9993333333333334
1.0
0.9974814814814814
0.9967407407407406
0.9986666666666667
0.9997037037037036
0.9995555555555555
0.9998518518518518
0.9988148148148148
0.9997777777777778
0.9998518518518518
0.9976296296296296
0.9977777777777779
0.9971111111111113
0.9997777777777778
0.9986666666666666
0.9977777777777779
0.999111111111111
