1.0
0.9984444444444444
0.9982222222222219
0.9985185185185187
0.9985185185185182
0.9998518518518518
0.9973333333333333
0.9986666666666667
0.9954074074074074
0.9998518518518518
1.0
0.9998518518518518
0.9977777777777778
0.998
0.9971111111111111
0.9992592592592593
0.9986666666666666
0.9997037037037036
0.9995555555555555
0.9989629629629629
0.998
0.9992592592592593
1.0
0.9988148148148148
0.9976296296296296
1.0
0.9992592592592591
0.9995555555555555
0.9992592592592593
0.9986666666666667
1.0
1.0
0.9984444444444444
1.0
0.9992592592592593
1.0
0.9994074074074073
1.0
0.9995555555555555
0.9998518518518519
0.9997037037037036
0.9991111111111112
0.9988888888888888
0.9991111111111112
1.0
0.9942222222222223
0.9991111111111112
0.999111111111111
1.0
0.9983703703703702
0.9995555555555555
0.9988148148148146
0.9986666666666665
1.0
0.9992592592592593
1.0
0.9995555555555555
0.9998518518518518
1.0
0.9998518518518518
1.0
1.0
0.9991111111111112
1.0
0.9995555555555555
0.9998518518518518
0.9989629629629629
1.0
0.9995555555555555
0.9994074074074073
1.0
0.9935555555555555
0.9998518518518518
0.9982222222222221
0.9997777777777778
0.9954074074074074
1.0
0.998074074074074
0.9974814814814814
0.9994074074074073
0.9988888888888888
1.0
1.0
0.9988148148148148
0.9991111111111112
0.9997037037037036
0.9994074074074073
0.9977777777777778
0.9998518518518518
0.9997037037037036
0.9991111111111112
0.9995555555555555
1.0
0.9997777777777778
0.9997037037037036
0.9992592592592593
0.9989629629629629
0.9997777777777778
0.9995555555555555
1.0
1.0
0.9991111111111112
0.9995555555555555
0.9992592592592593
1.0
0.9995555555555555
0.9988148148148148
0.9995555555555555
0.9997037037037036
0.9982222222222223
0.9952592592592593
1.0
0.9998518518518518
1.0
0.9997037037037036
0.9976296296296296
0.9983703703703702
0.9982222222222222
0.9994074074074073
0.9992592592592593
0.9991111111111112
1.0
0.9986666666666667
0.9997037037037036
0.9995555555555555
1.0
0.9989629629629629
0.9985185185185185
0.9995555555555554
1.0
0.9976296296296294
0.9997037037037036
0.998074074074074
1.0
0.9995555555555555
0.9998518518518518
0.9974814814814815
1.0
0.9998518518518518
0.9997037037037036
0.9984444444444444
0.9997037037037036
1.0
0.9994074074074073
0.9992592592592593
0.9982222222222222
0.9985185185185185
0.9991111111111111
0.9997037037037036
0.9988888888888887
0.9997777777777778
0.9995555555555555
0.9991111111111112
0.9965925925925926
0.9977777777777775
0.9992592592592593
0.9992592592592593
0.9989629629629629
0.9994074074074075
0.9997777777777778
0.9985185185185185
0.9983703703703704
0.9994074074074073
1.0
1.0
1.0
0.9992592592592593
0.9993333333333334
0.9997037037037036
0.9993333333333334
0.9971851851851851
0.9993333333333334
1.0
0.9992592592592593
0.9995555555555555
0.9983703703703704
0.9998518518518519
1.0
0.9997037037037036
0.9994074074074073
1.0
0.9992592592592593
0.9939259259259259
0.9985185185185185
1.0
1.0
0.9946666666666666
0.9946666666666666
0.9989629629629629
0.9994074074074073
0.9994074074074073
0.9988148148148148
