1.0
1.0
0.9998518518518518
0.9979259259259258
1.0
0.9992592592592593
1.0
1.0
0.9998518518518518
1.0
1.0
0.9998518518518518
1.0
1.0
0.9997037037037036
0.9998518518518519
1.0
1.0
1.0
0.9997037037037036
0.9991111111111111
0.9998518518518518
1.0
0.9998518518518518
1.0
1.0
0.9998518518518518
1.0
1.0
0.9998518518518518
1.0
0.999111111111111
0.9992592592592593
0.9991111111111112
0.9998518518518519
1.0
1.0
0.9994074074074073
1.0
0.9998518518518518
0.9985185185185185
1.0
1.0
1.0
0.998074074074074
0.9995555555555555
0.9995555555555555
0.9985185185185185
0.9997777777777778
0.9998518518518518
0.9997777777777778
0.9989629629629629
1.0
0.9997037037037036
1.0
0.9992592592592593
0.9982222222222223
0.9991111111111111
1.0
0.9982222222222223
0.9995555555555555
1.0
0.9997037037037036
0.9997037037037036
1.0
1.0
0.9992592592592593
1.0
1.0
0.9991111111111111
1.0
1.0
0.9992592592592593
0.9997777777777778
1.0
0.9995555555555555
0.9997777777777778
1.0
1.0
0.9992592592592593
1.0
0.9998518518518518
0.9983703703703704
0.9994074074074073
0.9998518518518518
0.9993333333333334
0.9984444444444444
0.9998518518518518
1.0
1.0
0.9989629629629629
1.0
0.9995555555555555
0.9995555555555555
0.9977777777777778
0.9991111111111112
0.9998518518518519
1.0
0.9991111111111111
1.0
0.9998518518518518
0.9993333333333334
1.0
0.9998518518518518
1.0
0.9991111111111111
1.0
1.0
1.0
0.9994074074074073
0.9997777777777778
0.9995555555555555
1.0
0.9995555555555555
0.9992592592592593
0.999111111111111
0.9984444444444444
1.0
0.9998518518518518
1.0
0.9991111111111112
1.0
0.9991111111111112
1.0
0.9997037037037036
1.0
0.9998518518518518
0.997925925925926
0.9998518518518518
0.9976296296296296
1.0
0.9998518518518518
1.0
0.9998518518518518
0.9998518518518518
0.9994074074074073
1.0
0.9997777777777778
0.9998518518518518
1.0
1.0
1.0
1.0
1.0
0.9997037037037036
1.0
1.0
1.0
0.9992592592592593
1.0
0.9995555555555555
0.9973333333333332
0.9992592592592593
0.9995555555555555
1.0
0.9997037037037036
1.0
1.0
1.0
0.9994074074074073
1.0
1.0
1.0
0.9997037037037036
1.0
0.9997777777777778
0.9991111111111112
1.0
0.9998518518518518
0.9995555555555555
1.0
1.0
1.0
0.9994074074074073
0.9998518518518518
1.0
1.0
1.0
1.0
0.9997037037037036
0.9998518518518518
0.9982222222222223
1.0
0.9982222222222221
0.9995555555555555
1.0
0.9998518518518518
1.0
1.0
0.9998518518518518
0.9998518518518519
1.0
