-0.8391111111111108
-0.7754074074074071
-0.8268888888888881
-0.810814814814814
-0.8370370370370362
-0.7955555555555549
-0.8253333333333329
-0.8014814814814808
-0.7731851851851845
-0.8013333333333326
-0.8268148148148143
-0.7967407407407399
-0.8422222222222214
-0.7564444444444441
-0.7946666666666655
-0.8111111111111103
-0.7580740740740738
-0.7928888888888876
-0.7878518518518518
-0.7746666666666657
-0.7857777777777772
-0.7894814814814806
-0.7918518518518514
-0.8175555555555549
-0.8265185185185179
-0.7770370370370362
-0.8211851851851845
-0.8199999999999995
-0.7860740740740735
-0.8167407407407398
-0.8062222222222216
-0.7391111111111107
-0.7989629629629623
-0.8435555555555552
-0.8162222222222217
-0.7948888888888882
-0.8063703703703697
-0.8041481481481478
-0.8284444444444442
-0.822962962962962
-0.802666666666666
-0.8146666666666661
-0.7662222222222218
-0.8374814814814804
-0.8045925925925917
-0.8182222222222214
-0.8004444444444442
-0.8162962962962954
-0.8039999999999995
-0.8173333333333327
-0.7712592592592586
-0.7986666666666663
-0.8282222222222217
-0.7965925925925919
-0.8344444444444439
-0.8162222222222217
-0.7737777777777772
-0.7496296296296293
-0.7962962962962956
-0.7842962962962955
-0.7749629629629625
-0.7724444444444437
-0.8031111111111106
-0.811777777777777
-0.7925925925925915
-0.803555555555555
-0.8002962962962957
-0.8168888888888884
-0.7948148148148142
-0.8115555555555549
-0.8090370370370363
-0.7788148148148145
-0.8037037037037035
-0.8405925925925918
-0.8425185185185177
-0.7848888888888882
-0.7753333333333329
-0.7854814814814812
-0.7515555555555552
-0.8185185185185175
-0.7788148148148142
-0.770666666666666
-0.8586666666666661
-0.7248888888888888
-0.8202222222222215
-0.8199999999999997
-0.8435555555555552
-0.8367407407407399
-0.7955555555555551
-0.8311111111111102
-0.7977777777777773
-0.8029629629629623
-0.8019259259259252
-0.8195555555555549
-0.797777777777777
-0.7751111111111105
-0.7479999999999999
-0.8342222222222214
-0.811703703703703
-0.8158518518518514
-0.8063703703703691
-0.8368888888888883
-0.7437777777777774
-0.7906666666666657
-0.8115555555555551
-0.8029629629629624
-0.8094814814814805
-0.7524444444444442
-0.7805925925925923
-0.8111111111111106
-0.8176296296296289
-0.8079999999999994
-0.8142222222222212
-0.8226666666666658
-0.841925925925925
-0.8020740740740735
-0.8077037037037027
-0.8045925925925922
-0.8305185185185181
-0.7906666666666662
-0.7811851851851848
-0.7832592592592585
-0.7229629629629628
-0.7931851851851843
-0.7722962962962964
-0.7837037037037035
-0.7967407407407401
-0.824666666666666
-0.7684444444444442
-0.8016296296296285
-0.7388148148148144
-0.8042962962962961
-0.8031111111111107
-0.8186666666666662
-0.7999999999999993
-0.8322222222222215
-0.8001481481481475
-0.8531111111111109
-0.7976296296296289
-0.7736296296296288
-0.7891111111111105
-0.7737777777777773
-0.8260740740740736
-0.8162962962962957
-0.817481481481481
-0.8182222222222215
-0.7921481481481476
-0.805185185185185
-0.8393333333333329
-0.7974814814814807
-0.7937777777777776
-0.8117037037037033
-0.7884444444444441
-0.8117037037037029
-0.765555555555555
-0.7841481481481476
-0.7958518518518515
-0.7992592592592584
-0.782222222222222
-0.8268888888888886
-0.7974814814814806
-0.7493333333333324
-0.7874074074074067
-0.8333333333333326
-0.7903703703703695
-0.7739259259259252
-0.7797777777777776
-0.7641481481481475
-0.7854814814814809
-0.8481481481481478
-0.7911111111111102
-0.757333333333333
-0.7757037037037031
-0.7897777777777774
-0.784444444444444
-0.7746666666666663
-0.8171111111111107
-0.8106666666666663
-0.7604444444444443
-0.7945185185185181
-0.8259999999999996
-0.828
-0.7893333333333322
-0.7339999999999997
-0.757777777777777
-0.7805925925925921
-0.8157037037037033
-0.8048888888888883
-0.7951111111111108
-0.8606666666666656
-0.7319999999999997
-0.8299999999999996
