-0.8888888888888883
-0.8916666666666662
-0.8922222222222217
-0.8983333333333328
-0.8822222222222217
-0.8933333333333325
-0.9011111111111104
-0.9022222222222215
-0.9122222222222213
-0.8961111111111104
-0.8894444444444438
-0.9094444444444438
-0.9066666666666658
-0.8922222222222215
-0.9061111111111103
-0.8933333333333325
-0.886666666666666
-0.901666666666666
-0.887777777777777
-0.9111111111111104
-0.8999999999999992
-0.9005555555555551
-0.9116666666666663
-0.886666666666666
-0.9155555555555546
-0.9077777777777771
-0.912777777777777
-0.8766666666666658
-0.8933333333333325
-0.9038888888888882
-0.919444444444444
-0.8972222222222215
-0.8838888888888886
-0.9088888888888883
-0.8933333333333324
-0.9083333333333325
-0.9005555555555549
-0.9172222222222216
-0.9005555555555546
-0.8866666666666658
-0.9038888888888883
-0.9049999999999991
-0.915555555555555
-0.8927777777777769
-0.8838888888888881
-0.9022222222222213
-0.8766666666666658
-0.9033333333333325
-0.8977777777777775
-0.8855555555555554
-0.8861111111111104
-0.913888888888888
-0.8983333333333329
-0.8933333333333329
-0.8899999999999992
-0.8777777777777774
-0.8822222222222216
-0.8927777777777773
-0.893333333333333
-0.9183333333333326
-0.8911111111111104
-0.9038888888888882
-0.8922222222222216
-0.9055555555555547
-0.8922222222222215
-0.8916666666666658
-0.9311111111111106
-0.903888888888888
-0.8933333333333323
-0.8916666666666658
-0.8838888888888884
-0.8822222222222215
-0.902777777777777
-0.8849999999999991
-0.9005555555555553
-0.869444444444444
-0.8888888888888883
-0.8994444444444436
-0.8783333333333329
-0.8872222222222216
-0.8738888888888883
-0.8861111111111104
-0.8894444444444436
-0.9116666666666658
-0.9016666666666662
-0.8849999999999996
-0.9038888888888882
-0.9183333333333324
-0.8827777777777769
-0.8905555555555549
-0.8688888888888884
-0.894999999999999
-0.8933333333333325
-0.8999999999999996
-0.8944444444444437
-0.8827777777777768
