-0.938888888888888
-0.9333333333333327
-0.9299999999999994
-0.9372222222222216
-0.946666666666666
-0.9333333333333327
-0.9311111111111104
-0.9333333333333329
-0.9322222222222216
-0.9127777777777776
-0.9172222222222214
-0.9399999999999993
-0.9494444444444438
-0.9172222222222216
-0.9222222222222217
-0.9222222222222213
-0.9305555555555547
-0.9349999999999994
-0.9322222222222217
-0.9261111111111104
-0.9361111111111101
-0.922777777777777
-0.9288888888888881
-0.9444444444444434
-0.9088888888888882
-0.9199999999999992
-0.9244444444444437
-0.9227777777777771
-0.9127777777777767
-0.9316666666666662
-0.9244444444444438
-0.908888888888888
-0.9238888888888884
-0.934444444444444
-0.936666666666666
-0.9377777777777766
-0.9244444444444438
-0.9288888888888881
-0.9372222222222216
-0.9311111111111103
-0.9144444444444437
-0.9433333333333326
-0.9361111111111101
-0.9316666666666659
-0.9199999999999993
-0.9238888888888881
-0.9199999999999997
-0.9344444444444439
-0.9283333333333325
-0.9255555555555552
-0.9344444444444437
-0.920555555555555
-0.9399999999999993
-0.9261111111111104
-0.9083333333333325
-0.9066666666666656
-0.9249999999999993
-0.9244444444444437
-0.9283333333333326
-0.9238888888888883
-0.9427777777777773
-0.9288888888888885
-0.925555555555555
-0.9099999999999991
-0.9211111111111104
-0.9261111111111104
-0.9294444444444436
-0.9366666666666658
-0.9322222222222216
-0.9366666666666658
-0.9294444444444439
-0.9205555555555549
-0.932777777777777
-0.9322222222222216
-0.931666666666666
-0.9394444444444437
-0.9388888888888881
-0.9294444444444436
-0.9283333333333326
-0.9266666666666658
-0.9155555555555549
-0.9305555555555547
-0.9294444444444434
-0.9344444444444439
-0.929999999999999
-0.9299999999999993
-0.935555555555555
-0.916666666666666
-0.927777777777777
-0.9361111111111103
-0.9233333333333327
-0.9288888888888883
-0.928888888888888
-0.9222222222222216
-0.9272222222222213
-0.9322222222222216
