-0.8811111111111104
-0.921666666666666
-0.9288888888888883
-0.9327777777777773
-0.9205555555555547
-0.898888888888888
-0.9172222222222214
-0.909999999999999
-0.9372222222222214
-0.9122222222222217
-0.9322222222222216
-0.9338888888888881
-0.9144444444444437
-0.8961111111111103
-0.9238888888888883
-0.9172222222222216
-0.9438888888888881
-0.9155555555555547
-0.9344444444444437
-0.9283333333333329
-0.9155555555555549
-0.9194444444444433
-0.9172222222222214
-0.9249999999999992
-0.9105555555555551
-0.919999999999999
-0.9216666666666662
-0.9144444444444437
-0.9133333333333323
-0.9149999999999995
-0.9133333333333327
-0.925555555555555
-0.9216666666666655
-0.9244444444444437
-0.9327777777777772
-0.9294444444444437
-0.9233333333333327
-0.9283333333333329
-0.9338888888888879
-0.9233333333333325
-0.9161111111111105
-0.9144444444444438
-0.9272222222222218
-0.9338888888888881
-0.9138888888888882
-0.9022222222222217
-0.9022222222222213
-0.9216666666666657
-0.9194444444444436
-0.9133333333333324
-0.9383333333333329
-0.9177777777777772
-0.9155555555555547
-0.9177777777777771
-0.9194444444444438
-0.9311111111111103
-0.912777777777777
-0.9305555555555547
-0.9299999999999992
-0.9311111111111104
-0.9133333333333327
-0.9244444444444434
-0.9066666666666662
-0.916666666666666
-0.9288888888888883
-0.9338888888888881
-0.9161111111111104
-0.9033333333333324
-0.9066666666666662
-0.9077777777777771
-0.9105555555555553
-0.920555555555555
-0.9244444444444434
-0.936111111111111
-0.9272222222222216
-0.923888888888888
-0.91111111111111
-0.9122222222222214
-0.9294444444444439
-0.9022222222222218
-0.9033333333333329
-0.919999999999999
-0.9305555555555549
-0.9111111111111104
-0.9083333333333324
-0.913888888888888
-0.9111111111111104
-0.9333333333333331
-0.9094444444444438
-0.9294444444444437
-0.916666666666666
-0.9127777777777771
-0.9011111111111105
-0.9288888888888881
-0.9044444444444438
-0.9099999999999991
