-0.2455555555555555
-0.2555555555555556
-0.24444444444444435
-0.24944444444444444
-0.2544444444444444
-0.24055555555555544
-0.24999999999999986
-0.23388888888888879
-0.2305555555555555
-0.22722222222222224
-0.23611111111111094
-0.24111111111111108
-0.2433333333333332
-0.2438888888888889
-0.23944444444444446
-0.2555555555555556
-0.25722222222222224
-0.2483333333333334
-0.24777777777777768
-0.2294444444444444
-0.2249999999999999
-0.24388888888888874
-0.24333333333333335
-0.2427777777777778
-0.24555555555555553
-0.24722222222222215
-0.2461111111111109
-0.23333333333333325
-0.2649999999999999
-0.24166666666666653
-0.2322222222222222
-0.25166666666666665
-0.23888888888888885
-0.25888888888888884
-0.23888888888888882
-0.23777777777777775
-0.25333333333333324
-0.2627777777777778
-0.24888888888888888
-0.25888888888888884
-0.27166666666666656
-0.22166666666666657
-0.2266666666666666
-0.24666666666666653
-0.26277777777777767
-0.2499999999999999
-0.25499999999999995
-0.2638888888888888
-0.2394444444444444
-0.23999999999999996
-0.22555555555555554
-0.22888888888888875
-0.24722222222222204
-0.2455555555555555
-0.24222222222222214
-0.24611111111111106
-0.24499999999999983
-0.24277777777777768
-0.22944444444444445
-0.2544444444444444
-0.25222222222222224
-0.25111111111111106
-0.26499999999999985
-0.22055555555555562
-0.24222222222222217
-0.2333333333333333
-0.2555555555555555
-0.24944444444444436
-0.2683333333333333
-0.24166666666666667
-0.24444444444444446
-0.23555555555555546
-0.2583333333333333
-0.22611111111111115
-0.2544444444444445
-0.25888888888888884
-0.25166666666666654
-0.25055555555555553
-0.2288888888888888
-0.2244444444444445
-0.24611111111111103
-0.2511111111111111
-0.23166666666666663
-0.23388888888888887
-0.24722222222222207
-0.22222222222222218
-0.26277777777777767
-0.24555555555555542
-0.23
-0.25500000000000006
-0.24888888888888885
-0.24722222222222226
-0.24
-0.23999999999999996
-0.2338888888888888
-0.2338888888888888
