-0.9638888888888881
-0.9555555555555548
-0.9533333333333326
-0.9733333333333328
-0.9594444444444441
-0.9599999999999994
-0.9699999999999995
-0.9566666666666661
-0.9583333333333328
-0.964444444444444
-0.9677777777777773
-0.9472222222222217
-0.9622222222222215
-0.9738888888888882
-0.9622222222222218
-0.9522222222222219
-0.963333333333333
-0.9577777777777773
-0.9627777777777772
-0.9644444444444439
-0.9649999999999994
-0.9577777777777773
-0.9599999999999995
-0.9599999999999995
-0.9661111111111106
-0.960555555555555
-0.9561111111111102
-0.9649999999999994
-0.9711111111111106
-0.9599999999999995
-0.963333333333333
-0.9616666666666661
-0.934444444444444
-0.9622222222222215
-0.9655555555555551
-0.9572222222222218
-0.9588888888888881
-0.9599999999999994
-0.9611111111111105
-0.950555555555555
-0.9611111111111105
-0.9449999999999994
-0.9627777777777774
-0.9638888888888881
-0.958333333333333
-0.9416666666666661
-0.9566666666666661
-0.966666666666666
-0.9533333333333326
-0.9522222222222219
-0.957777777777777
-0.9688888888888881
-0.9566666666666659
-0.961666666666666
-0.9588888888888882
-0.9616666666666661
-0.9655555555555552
-0.9661111111111106
-0.9683333333333328
-0.9561111111111105
-0.9655555555555553
-0.955555555555555
-0.9649999999999994
-0.9583333333333328
-0.9616666666666661
-0.9599999999999993
-0.9561111111111106
-0.9649999999999994
-0.9466666666666661
-0.9622222222222218
-0.9466666666666663
-0.9716666666666661
-0.9688888888888886
-0.9661111111111105
-0.9655555555555551
-0.9677777777777772
-0.9677777777777774
-0.9611111111111106
-0.9666666666666663
-0.9727777777777773
-0.953333333333333
-0.9744444444444439
-0.9655555555555551
-0.9649999999999995
-0.9499999999999992
-0.9677777777777773
-0.9577777777777774
-0.9716666666666662
-0.9633333333333327
-0.9666666666666661
-0.9688888888888886
-0.9499999999999996
-0.9611111111111106
-0.9649999999999994
-0.9588888888888885
-0.961666666666666
