-0.37333333333333335
-0.40944444444444444
-0.30999999999999994
-0.2972222222222223
-0.39555555555555566
-0.25666666666666677
-0.3633333333333331
-0.32000000000000006
-0.3838888888888888
-0.3911111111111112
-0.2661111111111112
-0.33333333333333326
-0.2677777777777776
-0.3733333333333333
-0.3455555555555557
-0.2866666666666667
-0.35333333333333355
-0.3744444444444445
-0.3033333333333333
-0.32388888888888906
-0.3883333333333333
-0.28888888888888886
-0.3294444444444445
-0.40222222222222237
-0.33777777777777773
-0.2927777777777778
-0.3105555555555556
-0.27
-0.3094444444444443
-0.2994444444444444
-0.39777777777777784
-0.40055555555555544
-0.3827777777777779
-0.3483333333333332
-0.22277777777777774
-0.39166666666666666
-0.36555555555555563
-0.39388888888888873
-0.3872222222222223
-0.2977777777777779
-0.3205555555555557
-0.33555555555555566
-0.2894444444444446
-0.32555555555555565
-0.33111111111111086
-0.2861111111111111
-0.29944444444444435
-0.3155555555555556
-0.2905555555555556
-0.36277777777777787
-0.3638888888888889
-0.2722222222222222
-0.3955555555555555
-0.31388888888888894
-0.37111111111111106
-0.2972222222222223
-0.3705555555555554
-0.376111111111111
-0.36888888888888893
-0.3044444444444444
-0.3572222222222222
-0.34055555555555567
-0.2772222222222222
-0.31166666666666665
-0.3205555555555554
-0.35888888888888887
-0.28888888888888875
-0.3161111111111111
-0.34722222222222227
-0.3583333333333333
-0.3794444444444443
-0.37499999999999994
-0.38388888888888895
-0.28388888888888886
-0.2744444444444444
-0.345
-0.29277777777777775
-0.30944444444444447
-0.39500000000000024
-0.2983333333333333
-0.3727777777777777
-0.2822222222222223
-0.31499999999999995
-0.36500000000000016
-0.33000000000000007
-0.3944444444444445
-0.29666666666666663
-0.31166666666666687
-0.35388888888888914
-0.40388888888888885
-0.3572222222222222
-0.38611111111111107
-0.31000000000000005
-0.3216666666666667
-0.39944444444444444
-0.3644444444444444
