-0.9177777777777772
-0.9183333333333329
-0.9283333333333327
-0.9388888888888881
-0.9211111111111103
-0.9238888888888879
-0.9344444444444439
-0.9299999999999992
-0.9233333333333327
-0.9288888888888883
-0.9327777777777773
-0.9166666666666659
-0.9388888888888884
-0.9338888888888883
-0.9344444444444437
-0.8916666666666662
-0.908888888888888
-0.8983333333333323
-0.9288888888888883
-0.9183333333333327
-0.9349999999999994
-0.9249999999999992
-0.9133333333333326
-0.920555555555555
-0.9222222222222216
-0.9322222222222214
-0.9188888888888882
-0.9094444444444436
-0.9111111111111101
-0.9122222222222214
-0.933888888888888
-0.9255555555555549
-0.9133333333333326
-0.9249999999999994
-0.9166666666666662
-0.9288888888888881
-0.9483333333333326
-0.9088888888888882
-0.9244444444444438
-0.9327777777777773
-0.9249999999999992
-0.9133333333333326
-0.924999999999999
-0.9194444444444434
-0.9288888888888879
-0.9199999999999995
-0.9144444444444436
-0.9272222222222214
-0.9161111111111103
-0.9549999999999996
-0.9199999999999993
-0.924444444444444
-0.918888888888888
-0.9172222222222214
-0.9327777777777772
-0.9122222222222216
-0.9299999999999994
-0.9322222222222216
-0.904999999999999
-0.8961111111111103
-0.916666666666666
-0.9333333333333327
-0.9499999999999994
-0.9299999999999994
-0.9127777777777767
-0.927777777777777
-0.931666666666666
-0.9144444444444442
-0.9233333333333326
-0.9222222222222212
-0.9122222222222213
-0.9211111111111104
-0.915555555555555
-0.9244444444444438
-0.9233333333333321
-0.9305555555555547
-0.9272222222222217
-0.9122222222222218
-0.9255555555555547
-0.9294444444444439
-0.923888888888888
-0.9183333333333327
-0.9105555555555547
-0.907777777777777
-0.9249999999999996
-0.9127777777777767
-0.9322222222222214
-0.9116666666666657
-0.9388888888888883
-0.891666666666666
-0.9272222222222214
-0.9316666666666658
-0.9066666666666662
-0.9366666666666661
-0.9172222222222214
-0.9072222222222216
