-0.19333333333333336
-0.2
-0.16111111111111107
-0.22499999999999992
-0.18833333333333324
-0.21833333333333338
-0.17333333333333337
-0.14222222222222225
-0.18666666666666665
-0.1255555555555555
-0.09111111111111113
-0.18277777777777776
-0.1988888888888889
-0.15777777777777774
-0.1944444444444445
-0.22333333333333338
-0.16611111111111115
-0.23111111111111118
-0.18611111111111103
-0.17111111111111113
-0.17222222222222217
-0.2155555555555556
-0.16333333333333339
-0.1622222222222222
-0.21611111111111111
-0.23277777777777783
-0.27500000000000013
-0.22444444444444456
-0.135
-0.13000000000000006
-0.10222222222222221
-0.16777777777777775
-0.1894444444444445
-0.23166666666666663
-0.11722222222222216
-0.1866666666666667
-0.15055555555555558
-0.10944444444444443
-0.10944444444444451
-0.20000000000000004
-0.17666666666666664
-0.17999999999999997
-0.17500000000000004
-0.19722222222222222
-0.12611111111111117
-0.14777777777777776
-0.22222222222222215
-0.1688888888888888
-0.13277777777777774
-0.13611111111111115
-0.1433333333333333
-0.21722222222222234
-0.1805555555555555
-0.11722222222222217
-0.1699999999999999
-0.0938888888888889
-0.19722222222222224
-0.19277777777777774
-0.17611111111111122
-0.1544444444444444
-0.16388888888888883
-0.14277777777777773
-0.11388888888888891
-0.1899999999999999
-0.10888888888888887
-0.23666666666666675
-0.17555555555555558
-0.17222222222222225
-0.26
-0.2505555555555557
-0.18444444444444447
-0.23388888888888887
-0.18388888888888888
-0.16222222222222224
-0.1788888888888889
-0.17111111111111105
-0.15722222222222226
-0.10944444444444441
-0.1833333333333333
-0.16277777777777774
-0.1916666666666667
-0.13722222222222225
-0.1777777777777777
-0.09777777777777777
-0.1577777777777778
-0.15611111111111106
-0.23888888888888896
-0.2122222222222222
-0.2444444444444445
-0.15333333333333335
-0.18055555555555552
-0.15166666666666664
-0.13055555555555556
-0.21666666666666676
-0.16499999999999995
-0.22166666666666668
