-0.942777777777777
-0.9205555555555547
-0.938888888888888
-0.9305555555555547
-0.9416666666666659
-0.936666666666666
-0.9072222222222213
-0.9338888888888883
-0.9283333333333326
-0.9233333333333327
-0.9349999999999994
-0.9188888888888884
-0.9322222222222216
-0.9211111111111101
-0.9338888888888881
-0.9233333333333329
-0.940555555555555
-0.934444444444444
-0.9399999999999991
-0.9366666666666659
-0.9266666666666659
-0.9211111111111104
-0.9344444444444437
-0.9211111111111104
-0.9294444444444434
-0.9205555555555547
-0.9311111111111104
-0.9272222222222214
-0.9333333333333325
-0.9283333333333326
-0.9388888888888883
-0.9222222222222217
-0.9211111111111105
-0.9433333333333326
-0.922777777777777
-0.9199999999999992
-0.927777777777777
-0.9266666666666659
-0.9355555555555548
-0.926666666666666
-0.9316666666666664
-0.9255555555555551
-0.9444444444444439
-0.9261111111111101
-0.930555555555555
-0.923888888888888
-0.9155555555555547
-0.9388888888888881
-0.927777777777777
-0.919999999999999
-0.9299999999999993
-0.921666666666666
-0.9355555555555548
-0.9344444444444439
-0.9344444444444437
-0.9361111111111103
-0.9372222222222216
-0.9355555555555548
-0.9177777777777771
-0.9311111111111104
-0.9311111111111103
-0.922777777777777
-0.936666666666666
-0.9149999999999988
-0.9333333333333327
-0.9266666666666662
-0.9294444444444442
-0.9155555555555549
-0.9344444444444434
-0.9544444444444441
-0.9105555555555545
-0.9238888888888883
-0.9266666666666659
-0.9249999999999994
-0.9355555555555551
-0.912777777777777
-0.9322222222222217
-0.9394444444444435
-0.9283333333333325
-0.9366666666666663
-0.9244444444444436
-0.9394444444444437
-0.945555555555555
-0.9322222222222216
-0.932777777777777
-0.9272222222222217
-0.9149999999999991
-0.936666666666666
-0.9427777777777772
-0.9305555555555546
-0.9277777777777771
-0.936666666666666
-0.9188888888888882
-0.935555555555555
-0.928888888888888
-0.9255555555555545
