-0.8538888888888885
-0.8099999999999997
-0.8338888888888887
-0.8355555555555552
-0.8411111111111106
-0.8511111111111106
-0.8211111111111101
-0.8316666666666667
-0.8538888888888883
-0.8522222222222218
-0.8449999999999994
-0.8127777777777772
-0.7827777777777772
-0.8155555555555555
-0.8138888888888883
-0.8261111111111107
-0.842777777777777
-0.8344444444444435
-0.8672222222222213
-0.8116666666666661
-0.828333333333333
-0.8461111111111106
-0.8227777777777774
-0.8422222222222218
-0.8183333333333326
-0.8038888888888888
-0.8433333333333323
-0.841111111111111
-0.8377777777777774
-0.8349999999999994
-0.8199999999999994
-0.8211111111111109
-0.828333333333333
-0.8533333333333326
-0.8027777777777778
-0.8361111111111108
-0.8488888888888885
-0.8538888888888883
-0.8416666666666661
-0.8238888888888887
-0.8388888888888885
-0.8305555555555548
-0.8194444444444439
-0.8433333333333326
-0.8499999999999995
-0.825555555555555
-0.8099999999999997
-0.8461111111111105
-0.8472222222222215
-0.8277777777777772
-0.828333333333333
-0.8699999999999993
-0.8194444444444442
-0.8344444444444439
-0.8222222222222215
-0.8222222222222217
-0.8394444444444443
-0.8088888888888885
-0.8394444444444439
-0.845555555555555
-0.8199999999999997
-0.856666666666666
-0.8277777777777773
-0.8283333333333328
-0.8222222222222212
-0.8349999999999995
-0.8422222222222219
-0.834444444444444
-0.8399999999999994
-0.8294444444444438
-0.8311111111111106
-0.8238888888888886
-0.7999999999999996
-0.8538888888888885
-0.8416666666666666
-0.8144444444444442
-0.8038888888888889
-0.828333333333333
-0.8411111111111106
-0.8294444444444439
-0.8561111111111107
-0.8044444444444439
-0.8427777777777774
-0.8388888888888881
-0.8149999999999994
-0.8594444444444436
-0.8377777777777778
-0.7933333333333337
-0.813333333333333
-0.8327777777777774
-0.8216666666666664
-0.8244444444444439
-0.866666666666666
-0.7999999999999998
-0.8544444444444439
-0.8127777777777773
