0.926111111111111
0.9288888888888885
0.9472222222222219
0.9527777777777774
0.9255555555555552
0.9433333333333331
0.9399999999999996
0.9277777777777776
0.9466666666666668
0.957222222222222
0.934444444444444
0.9327777777777775
0.9422222222222223
0.9438888888888889
0.9544444444444441
0.9361111111111109
0.9177777777777775
0.926111111111111
0.9305555555555555
0.9355555555555555
0.9505555555555552
0.937222222222222
0.9422222222222217
0.9511111111111109
0.9349999999999997
0.9322222222222218
0.9433333333333331
0.9433333333333331
0.9322222222222223
0.891111111111111
0.9488888888888884
0.9477777777777773
0.947222222222222
0.949444444444444
0.9533333333333333
0.9472222222222219
0.9499999999999997
0.9311111111111109
0.9177777777777775
0.920555555555555
0.9388888888888887
0.9133333333333334
0.926111111111111
0.9177777777777778
0.9394444444444442
0.9422222222222219
0.9138888888888889
0.9438888888888889
0.9272222222222223
0.9427777777777776
0.9349999999999996
0.938333333333333
0.9488888888888886
0.94
0.9399999999999997
0.9483333333333333
0.9616666666666666
0.9427777777777777
0.9266666666666663
0.9405555555555556
0.9316666666666663
0.9316666666666662
0.932222222222222
0.936111111111111
0.931111111111111
0.9388888888888886
0.9316666666666662
0.9416666666666665
0.9394444444444442
0.9249999999999994
0.9333333333333331
0.953333333333333
0.9338888888888884
0.9277777777777773
0.9411111111111109
0.9466666666666664
0.928333333333333
0.9233333333333333
0.938333333333333
0.937222222222222
0.9499999999999998
0.9261111111111109
0.9477777777777777
0.928333333333333
0.9499999999999998
0.9194444444444442
0.9466666666666664
0.9427777777777776
0.9438888888888884
0.9099999999999997
0.9383333333333332
0.9299999999999997
0.938333333333333
0.9577777777777776
0.9344444444444439
0.949444444444444
