-0.9088888888888882
-0.9116666666666658
-0.9166666666666654
-0.9227777777777771
-0.9316666666666659
-0.9122222222222216
-0.9116666666666658
-0.9183333333333331
-0.9149999999999991
-0.914444444444444
-0.916666666666666
-0.9072222222222216
-0.9272222222222216
-0.9105555555555549
-0.8999999999999995
-0.9249999999999993
-0.9044444444444438
-0.925555555555555
-0.902777777777777
-0.9144444444444433
-0.9344444444444437
-0.9111111111111108
-0.92111111111111
-0.923888888888888
-0.8788888888888883
-0.9299999999999993
-0.9205555555555549
-0.8877777777777771
-0.917777777777777
-0.9249999999999992
-0.922777777777777
-0.9055555555555549
-0.9299999999999994
-0.931666666666666
-0.9011111111111105
-0.9022222222222217
-0.9038888888888882
-0.9299999999999994
-0.910555555555555
-0.9111111111111103
-0.9133333333333327
-0.9138888888888884
-0.9361111111111106
-0.915555555555555
-0.914999999999999
-0.9133333333333321
-0.9149999999999987
-0.9149999999999995
-0.9127777777777769
-0.9205555555555551
-0.9216666666666659
-0.9266666666666658
-0.9194444444444438
-0.9133333333333323
-0.9038888888888883
-0.9155555555555549
-0.917777777777777
-0.9005555555555551
-0.9211111111111105
-0.9305555555555549
-0.9094444444444437
-0.9116666666666658
-0.9199999999999995
-0.9061111111111102
-0.9172222222222217
-0.9233333333333326
-0.9149999999999993
-0.9066666666666658
-0.9211111111111104
-0.9122222222222218
-0.9194444444444437
-0.9177777777777771
-0.9038888888888879
-0.926666666666666
-0.9227777777777767
-0.9283333333333326
-0.9011111111111108
-0.9266666666666659
-0.8933333333333325
-0.9183333333333327
-0.9233333333333323
-0.9099999999999991
-0.9127777777777769
-0.9144444444444442
-0.9261111111111104
-0.9199999999999997
-0.9049999999999992
-0.9238888888888879
-0.9194444444444436
-0.9238888888888884
-0.907777777777777
-0.8927777777777771
-0.912777777777777
-0.9061111111111109
-0.9216666666666659
-0.9099999999999993
