-0.8838888888888884
-0.8999999999999992
-0.8866666666666663
-0.864444444444444
-0.8622222222222217
-0.8699999999999993
-0.9038888888888883
-0.8449999999999993
-0.8699999999999993
-0.8544444444444443
-0.8777777777777771
-0.8877777777777773
-0.9094444444444437
-0.855555555555555
-0.8961111111111104
-0.8961111111111103
-0.8661111111111104
-0.8899999999999995
-0.8888888888888883
-0.8922222222222216
-0.8866666666666662
-0.8772222222222217
-0.8472222222222219
-0.8744444444444436
-0.8622222222222216
-0.8616666666666659
-0.8949999999999996
-0.8627777777777775
-0.8866666666666662
-0.8855555555555549
-0.8916666666666658
-0.8961111111111104
-0.863888888888888
-0.8594444444444439
-0.865555555555555
-0.8694444444444437
-0.8822222222222216
-0.8938888888888886
-0.8566666666666661
-0.8833333333333325
-0.8566666666666662
-0.8766666666666658
-0.8749999999999991
-0.8727777777777773
-0.8805555555555549
-0.8777777777777774
-0.8794444444444438
-0.8844444444444438
-0.8916666666666658
-0.897777777777777
-0.8683333333333326
-0.8938888888888882
-0.8588888888888883
-0.8827777777777769
-0.8666666666666661
-0.8411111111111108
-0.871666666666666
-0.8922222222222215
-0.8938888888888883
-0.8988888888888883
-0.912222222222221
-0.8544444444444436
-0.9016666666666658
-0.8838888888888882
-0.866666666666666
-0.866666666666666
-0.8855555555555548
-0.8644444444444439
-0.9094444444444436
-0.897777777777777
-0.8799999999999991
-0.8911111111111104
-0.8877777777777771
-0.8666666666666658
-0.8744444444444436
-0.8911111111111107
-0.8627777777777773
-0.8916666666666657
-0.8861111111111106
-0.8961111111111103
-0.8711111111111106
-0.8688888888888883
-0.8405555555555553
-0.8844444444444438
-0.882777777777777
-0.8738888888888876
-0.9027777777777767
-0.8661111111111106
-0.8883333333333328
-0.8955555555555545
-0.8705555555555547
-0.8922222222222215
-0.8711111111111104
-0.8588888888888886
-0.8749999999999993
-0.8761111111111106
