-0.934444444444444
-0.9488888888888884
-0.9511111111111107
-0.9555555555555547
-0.948333333333333
-0.9327777777777772
-0.9383333333333327
-0.9161111111111103
-0.9372222222222214
-0.9338888888888883
-0.9383333333333327
-0.937777777777777
-0.9416666666666661
-0.9438888888888883
-0.941666666666666
-0.936666666666666
-0.9388888888888881
-0.9399999999999992
-0.9394444444444435
-0.9372222222222217
-0.9372222222222214
-0.950555555555555
-0.9377777777777773
-0.9505555555555547
-0.9344444444444442
-0.9394444444444439
-0.950555555555555
-0.932777777777777
-0.9355555555555553
-0.9405555555555547
-0.9388888888888881
-0.9472222222222213
-0.938888888888888
-0.9533333333333327
-0.9411111111111105
-0.9322222222222214
-0.9377777777777772
-0.9277777777777768
-0.9438888888888883
-0.9366666666666661
-0.9411111111111105
-0.9399999999999994
-0.9327777777777775
-0.9372222222222216
-0.9272222222222216
-0.9449999999999992
-0.936666666666666
-0.9377777777777773
-0.9316666666666662
-0.9527777777777773
-0.9388888888888884
-0.927777777777777
-0.9527777777777773
-0.9355555555555548
-0.9422222222222217
-0.9405555555555547
-0.9422222222222217
-0.950555555555555
-0.9455555555555548
-0.9388888888888883
-0.9516666666666661
-0.9461111111111102
-0.9466666666666658
-0.9438888888888883
-0.9511111111111109
-0.9344444444444439
-0.9411111111111106
-0.9399999999999991
-0.921666666666666
-0.9505555555555548
-0.9455555555555547
-0.9344444444444439
-0.9433333333333325
-0.9488888888888883
-0.9566666666666661
-0.9355555555555551
-0.9399999999999993
-0.9388888888888883
-0.9538888888888883
-0.9405555555555547
-0.9388888888888881
-0.9272222222222214
-0.921666666666666
-0.9411111111111106
-0.9449999999999994
-0.9555555555555552
-0.9366666666666661
-0.9333333333333326
-0.9544444444444438
-0.9411111111111105
-0.937777777777777
-0.9277777777777771
-0.9533333333333326
-0.9427777777777772
-0.9394444444444439
-0.9349999999999994
