-0.929444444444444
-0.939444444444444
-0.9299999999999994
-0.9416666666666659
-0.9449999999999993
-0.9394444444444437
-0.9433333333333326
-0.9333333333333327
-0.9249999999999993
-0.9349999999999992
-0.9294444444444434
-0.9233333333333326
-0.9272222222222216
-0.9416666666666658
-0.9388888888888883
-0.9477777777777772
-0.9355555555555547
-0.9377777777777772
-0.9388888888888879
-0.9311111111111101
-0.9361111111111104
-0.9427777777777773
-0.9405555555555547
-0.9233333333333326
-0.9222222222222217
-0.9338888888888881
-0.9283333333333329
-0.9455555555555548
-0.9249999999999994
-0.9399999999999993
-0.9288888888888888
-0.955555555555555
-0.9349999999999993
-0.9338888888888884
-0.9344444444444439
-0.9544444444444441
-0.9444444444444439
-0.9361111111111104
-0.9411111111111103
-0.9388888888888881
-0.9349999999999993
-0.9211111111111101
-0.9422222222222214
-0.9472222222222217
-0.9299999999999996
-0.9311111111111106
-0.9444444444444435
-0.9266666666666659
-0.9377777777777774
-0.9311111111111101
-0.937777777777777
-0.9133333333333329
-0.9399999999999996
-0.9383333333333329
-0.9249999999999992
-0.9322222222222218
-0.9438888888888881
-0.9244444444444437
-0.936666666666666
-0.9261111111111103
-0.9472222222222215
-0.9366666666666659
-0.9238888888888881
-0.930555555555555
-0.9361111111111103
-0.9238888888888883
-0.9538888888888885
-0.9505555555555546
-0.9349999999999994
-0.9299999999999992
-0.933888888888888
-0.945555555555555
-0.9499999999999994
-0.9283333333333327
-0.9411111111111106
-0.9183333333333323
-0.9544444444444439
-0.949444444444444
-0.9372222222222213
-0.9322222222222217
-0.9355555555555548
-0.9383333333333325
-0.9355555555555548
-0.9255555555555549
-0.9588888888888881
-0.938888888888888
-0.9433333333333326
-0.9344444444444437
-0.9533333333333327
-0.9327777777777772
-0.9477777777777772
-0.9333333333333326
-0.9438888888888883
-0.9233333333333321
-0.9261111111111106
-0.9172222222222213
