-0.9488888888888881
-0.927777777777777
-0.9483333333333325
-0.9449999999999994
-0.9344444444444437
-0.9261111111111103
-0.9249999999999992
-0.9399999999999994
-0.9305555555555549
-0.9355555555555551
-0.912222222222222
-0.9283333333333327
-0.9177777777777771
-0.9311111111111103
-0.9411111111111105
-0.9144444444444436
-0.9277777777777768
-0.9338888888888883
-0.9438888888888881
-0.9311111111111106
-0.9394444444444439
-0.931666666666666
-0.9294444444444437
-0.9372222222222218
-0.9461111111111106
-0.9294444444444439
-0.9361111111111101
-0.9488888888888884
-0.9505555555555552
-0.9488888888888881
-0.9294444444444436
-0.9283333333333327
-0.9394444444444434
-0.9238888888888881
-0.9261111111111106
-0.9294444444444439
-0.9461111111111102
-0.9249999999999993
-0.9233333333333326
-0.9361111111111103
-0.9288888888888879
-0.9444444444444438
-0.9477777777777772
-0.9466666666666663
-0.9283333333333326
-0.9133333333333327
-0.9388888888888883
-0.9144444444444438
-0.9388888888888884
-0.9338888888888883
-0.9361111111111104
-0.9461111111111107
-0.9311111111111103
-0.9349999999999994
-0.937777777777777
-0.9577777777777772
-0.9394444444444439
-0.9377777777777772
-0.9272222222222216
-0.940555555555555
-0.932777777777777
-0.9422222222222217
-0.937777777777777
-0.936666666666666
-0.9355555555555547
-0.9305555555555549
-0.9283333333333326
-0.9344444444444435
-0.9261111111111104
-0.9466666666666661
-0.9399999999999996
-0.9238888888888883
-0.9522222222222217
-0.9433333333333329
-0.9072222222222215
-0.941666666666666
-0.943333333333333
-0.9333333333333327
-0.9155555555555551
-0.9199999999999993
-0.9333333333333327
-0.9394444444444437
-0.9449999999999996
-0.9449999999999993
-0.9305555555555546
-0.9405555555555548
-0.9316666666666662
-0.9422222222222214
-0.9299999999999994
-0.9305555555555549
-0.9322222222222214
-0.9549999999999993
-0.9272222222222214
-0.9372222222222214
-0.9149999999999995
-0.9172222222222217
