-0.9333333333333326
-0.9122222222222214
-0.913888888888888
-0.9272222222222217
-0.9211111111111105
-0.9116666666666662
-0.9027777777777771
-0.919444444444444
-0.9133333333333327
-0.9216666666666662
-0.9355555555555548
-0.9177777777777767
-0.9133333333333326
-0.9161111111111103
-0.9166666666666659
-0.9149999999999993
-0.9372222222222213
-0.925555555555555
-0.9266666666666658
-0.9272222222222213
-0.9427777777777773
-0.9194444444444436
-0.9316666666666659
-0.9066666666666657
-0.9166666666666659
-0.9272222222222214
-0.9127777777777772
-0.932777777777777
-0.9072222222222215
-0.9394444444444437
-0.926666666666666
-0.9266666666666659
-0.9272222222222214
-0.9049999999999992
-0.912777777777777
-0.9005555555555551
-0.919999999999999
-0.9161111111111104
-0.9199999999999995
-0.9227777777777773
-0.9172222222222214
-0.8949999999999997
-0.9111111111111104
-0.9244444444444437
-0.9199999999999993
-0.9222222222222217
-0.9111111111111104
-0.8866666666666658
-0.911666666666666
-0.9272222222222217
-0.8766666666666658
-0.9088888888888885
-0.943888888888888
-0.9383333333333327
-0.9222222222222214
-0.940555555555555
-0.9127777777777771
-0.9172222222222212
-0.9327777777777772
-0.907777777777777
-0.9311111111111103
-0.9111111111111104
-0.920555555555555
-0.909999999999999
-0.9011111111111103
-0.9094444444444437
-0.9155555555555547
-0.914444444444444
-0.9183333333333326
-0.9283333333333325
-0.9216666666666655
-0.9222222222222214
-0.9072222222222215
-0.9177777777777771
-0.9105555555555549
-0.9255555555555549
-0.9172222222222217
-0.9322222222222216
-0.9183333333333327
-0.9133333333333323
-0.9105555555555547
-0.9011111111111108
-0.930555555555555
-0.9216666666666662
-0.9155555555555547
-0.9255555555555547
-0.921666666666666
-0.9327777777777773
-0.922777777777777
-0.921666666666666
-0.9288888888888883
-0.9244444444444437
-0.9216666666666659
-0.9149999999999995
-0.9261111111111106
-0.9083333333333325
