-0.9672222222222218
-0.9688888888888885
-0.9777777777777774
-0.970555555555555
-0.9705555555555552
-0.9738888888888885
-0.9677777777777773
-0.9777777777777774
-0.968333333333333
-0.9622222222222219
-0.9777777777777773
-0.9716666666666662
-0.9694444444444441
-0.9766666666666662
-0.9661111111111107
-0.9705555555555552
-0.9722222222222219
-0.9677777777777772
-0.9716666666666661
-0.9777777777777773
-0.9761111111111106
-0.9755555555555552
-0.9777777777777774
-0.9716666666666661
-0.9672222222222219
-0.9783333333333328
-0.974444444444444
-0.9699999999999993
-0.9766666666666665
-0.964444444444444
-0.9722222222222218
-0.975555555555555
-0.9749999999999995
-0.9688888888888882
-0.9677777777777772
-0.9738888888888885
-0.974444444444444
-0.9811111111111107
-0.973333333333333
-0.9716666666666662
-0.970555555555555
-0.974444444444444
-0.9716666666666661
-0.9627777777777772
-0.9777777777777774
-0.977222222222222
-0.9777777777777773
-0.9688888888888886
-0.9761111111111107
-0.9705555555555553
-0.9827777777777774
-0.9727777777777773
-0.9722222222222218
-0.9738888888888886
-0.9694444444444439
-0.9666666666666663
-0.974444444444444
-0.9822222222222221
-0.9672222222222218
-0.9733333333333328
-0.9666666666666661
-0.9672222222222218
-0.9766666666666662
-0.9727777777777773
-0.9749999999999994
-0.975555555555555
-0.9749999999999995
-0.9766666666666662
-0.977222222222222
-0.9788888888888883
-0.9716666666666661
-0.9749999999999995
-0.9772222222222219
-0.9666666666666661
-0.9699999999999994
-0.9638888888888885
-0.972222222222222
-0.9788888888888886
-0.9766666666666662
-0.9633333333333328
-0.9716666666666661
-0.9738888888888885
-0.9733333333333328
-0.9705555555555552
-0.979444444444444
-0.9711111111111107
-0.9655555555555552
-0.9683333333333328
-0.9672222222222218
-0.9633333333333328
-0.9761111111111107
-0.9555555555555552
-0.9827777777777775
-0.9672222222222218
-0.9622222222222218
-0.9811111111111108
