-0.2127777777777777
-0.2716666666666665
-0.2199999999999999
-0.22000000000000008
-0.2716666666666667
-0.24611111111111117
-0.17055555555555557
-0.23666666666666658
-0.26388888888888895
-0.17222222222222222
-0.15611111111111112
-0.2
-0.18166666666666675
-0.2427777777777777
-0.24500000000000002
-0.18555555555555564
-0.26666666666666666
-0.22444444444444442
-0.21722222222222226
-0.22999999999999993
-0.17722222222222223
-0.24444444444444444
-0.2555555555555556
-0.24333333333333332
-0.205
-0.2255555555555555
-0.16944444444444445
-0.28999999999999987
-0.21611111111111103
-0.26111111111111124
-0.27
-0.25666666666666665
-0.265
-0.21888888888888888
-0.22333333333333338
-0.2427777777777778
-0.13500000000000004
-0.15277777777777785
-0.24500000000000002
-0.30499999999999994
-0.2583333333333333
-0.21888888888888897
-0.2405555555555557
-0.18666666666666665
-0.3038888888888889
-0.2666666666666667
-0.3116666666666666
-0.2700000000000001
-0.23611111111111113
-0.2922222222222223
-0.19333333333333327
-0.24277777777777787
-0.2533333333333333
-0.23888888888888885
-0.24166666666666664
-0.3161111111111111
-0.2150000000000001
-0.2872222222222221
-0.27277777777777773
-0.2994444444444445
-0.20000000000000004
-0.34833333333333344
-0.21055555555555552
-0.27166666666666667
-0.193888888888889
-0.2927777777777777
-0.27166666666666667
-0.19944444444444437
-0.24277777777777793
-0.2294444444444443
-0.24166666666666664
-0.25666666666666665
-0.27944444444444444
-0.24388888888888896
-0.25388888888888894
-0.24666666666666667
-0.2011111111111111
-0.2605555555555556
-0.2138888888888889
-0.28722222222222216
-0.33333333333333337
-0.2194444444444445
-0.215
-0.22055555555555553
-0.2633333333333335
-0.2561111111111111
-0.12055555555555558
-0.24222222222222228
-0.27222222222222237
-0.205
-0.20777777777777778
-0.26055555555555554
-0.2133333333333333
-0.2694444444444445
-0.1644444444444444
-0.17222222222222225
