0.565
0.5938888888888889
0.5605555555555555
0.5244444444444444
0.5155555555555553
0.5805555555555554
0.5505555555555557
0.5111111111111112
0.5494444444444446
0.5527777777777779
0.5988888888888887
0.543888888888889
0.5533333333333336
0.5527777777777778
0.6394444444444444
0.5183333333333333
0.538888888888889
0.5766666666666665
0.598333333333333
0.5711111111111112
0.5361111111111113
0.5861111111111108
0.5438888888888891
0.5394444444444442
0.5594444444444444
0.5883333333333335
0.5433333333333333
0.6061111111111113
0.531111111111111
0.5961111111111115
0.5172222222222221
0.5133333333333334
0.5049999999999999
0.5633333333333335
0.5805555555555554
0.5305555555555556
0.5849999999999997
0.5366666666666666
0.5694444444444443
0.5538888888888888
0.5566666666666665
0.5716666666666665
0.6088888888888888
0.5288888888888889
0.6172222222222221
0.521111111111111
0.5383333333333332
0.5283333333333332
0.526111111111111
0.5544444444444442
0.6127777777777775
0.61
0.5505555555555555
0.5327777777777777
0.5855555555555555
0.5616666666666666
0.538888888888889
0.5777777777777778
0.49888888888888894
0.5961111111111111
0.5905555555555556
0.5333333333333333
0.5438888888888891
0.5661111111111112
0.602777777777778
0.5938888888888889
0.5661111111111109
0.5855555555555556
0.54
0.586111111111111
0.532222222222222
0.5072222222222222
0.535
0.547222222222222
0.5827777777777774
0.5177777777777777
0.5277777777777778
0.6083333333333333
0.5799999999999998
0.5766666666666665
0.5438888888888885
0.5316666666666667
0.5199999999999999
0.6138888888888888
0.5166666666666666
0.5794444444444445
0.5911111111111108
0.5766666666666667
0.4655555555555555
0.5983333333333332
0.5055555555555555
0.5549999999999999
0.601111111111111
0.54
0.5438888888888888
0.5422222222222222
