-0.9049999999999998
-0.8899999999999995
-0.8972222222222215
-0.8788888888888886
-0.9122222222222214
-0.8694444444444441
-0.8677777777777774
-0.8972222222222213
-0.9133333333333324
-0.8938888888888884
-0.8999999999999991
-0.904999999999999
-0.8961111111111105
-0.8944444444444435
-0.8944444444444436
-0.8838888888888882
-0.9055555555555549
-0.908888888888888
-0.8844444444444441
-0.8838888888888882
-0.9005555555555546
-0.8866666666666656
-0.8738888888888884
-0.8844444444444437
-0.9133333333333326
-0.9088888888888884
-0.8844444444444435
-0.8849999999999995
-0.9105555555555549
-0.906666666666666
-0.887777777777777
-0.8994444444444437
-0.8872222222222216
-0.9083333333333325
-0.8949999999999987
-0.878888888888888
-0.8894444444444437
-0.8811111111111104
-0.8827777777777773
-0.9155555555555546
-0.8872222222222216
-0.9005555555555546
-0.8972222222222213
-0.8944444444444435
-0.8866666666666662
-0.895555555555555
-0.8983333333333328
-0.8983333333333324
-0.8733333333333329
-0.8872222222222216
-0.8922222222222211
-0.8955555555555549
-0.9022222222222216
-0.895555555555555
-0.8894444444444437
-0.9033333333333328
-0.8833333333333329
-0.8899999999999992
-0.8833333333333329
-0.9155555555555549
-0.9094444444444438
-0.8983333333333328
-0.9155555555555551
-0.8938888888888882
-0.8999999999999996
-0.8849999999999993
-0.8922222222222213
-0.9061111111111102
-0.9049999999999995
-0.8838888888888882
-0.8899999999999992
-0.8983333333333328
-0.9033333333333328
-0.899444444444444
-0.8827777777777773
-0.8977777777777773
-0.8822222222222212
-0.8983333333333324
-0.8833333333333325
-0.8899999999999996
-0.8933333333333323
-0.9022222222222215
-0.9133333333333324
-0.8794444444444433
-0.906666666666666
-0.8761111111111103
-0.8955555555555548
-0.8944444444444435
-0.9038888888888882
-0.891666666666666
-0.9011111111111103
-0.8877777777777771
-0.8894444444444437
-0.907777777777777
-0.8866666666666658
-0.914444444444444
