-0.4938888888888887
-0.47888888888888914
-0.4905555555555555
-0.5744444444444445
-0.5105555555555558
-0.5522222222222224
-0.547222222222222
-0.5055555555555558
-0.5127777777777779
-0.5111111111111112
-0.508888888888889
-0.4944444444444445
-0.5083333333333332
-0.505
-0.5105555555555558
-0.5511111111111109
-0.47000000000000014
-0.5188888888888888
-0.48722222222222245
-0.5466666666666665
-0.46555555555555583
-0.5083333333333332
-0.5399999999999997
-0.45666666666666683
-0.5177777777777777
-0.45611111111111136
-0.5105555555555555
-0.4561111111111112
-0.4699999999999998
-0.5594444444444444
-0.47666666666666674
-0.5261111111111112
-0.5161111111111112
-0.5688888888888888
-0.5105555555555557
-0.557222222222222
-0.503888888888889
-0.47444444444444445
-0.4322222222222221
-0.5099999999999999
-0.5300000000000001
-0.5099999999999999
-0.5616666666666668
-0.5327777777777776
-0.47
-0.47166666666666657
-0.5094444444444443
-0.5522222222222218
-0.496666666666667
-0.5100000000000001
-0.5744444444444443
-0.5138888888888888
-0.5194444444444445
-0.5299999999999998
-0.46055555555555555
-0.4977777777777779
-0.526111111111111
-0.46833333333333327
-0.5611111111111112
-0.47388888888888886
-0.44000000000000017
-0.5038888888888888
-0.5005555555555556
-0.5499999999999999
-0.5055555555555554
-0.5027777777777778
-0.5661111111111113
-0.4983333333333335
-0.49388888888888877
-0.48499999999999993
-0.5527777777777776
-0.4594444444444444
-0.532222222222222
-0.49111111111111105
-0.4866666666666668
-0.5177777777777779
-0.46833333333333343
-0.4905555555555555
-0.5022222222222222
-0.5766666666666668
-0.4872222222222222
-0.4766666666666668
-0.49222222222222206
-0.5044444444444445
-0.5133333333333334
-0.5072222222222222
-0.5094444444444445
-0.5350000000000001
-0.5172222222222222
-0.4044444444444445
-0.4955555555555555
-0.4511111111111113
-0.5199999999999999
-0.4949999999999999
-0.45277777777777795
-0.54
