0.7588888888888887
0.7572222222222221
0.7744444444444442
0.7733333333333331
0.7916666666666665
0.7566666666666663
0.7433333333333332
0.8355555555555554
0.817222222222222
0.7677777777777773
0.7627777777777773
0.702222222222222
0.8016666666666667
0.7605555555555551
0.7744444444444442
0.7327777777777775
0.7622222222222222
0.7533333333333333
0.737222222222222
0.7527777777777774
0.77
0.764444444444444
0.7877777777777775
0.7527777777777773
0.7249999999999999
0.7599999999999995
0.7627777777777776
0.7588888888888887
0.7355555555555554
0.7649999999999996
0.6855555555555556
0.7927777777777772
0.7627777777777779
0.7655555555555551
0.7227777777777775
0.7755555555555554
0.775555555555555
0.7566666666666663
0.7472222222222221
0.7644444444444441
0.7627777777777777
0.7611111111111106
0.7522222222222219
0.7427777777777779
0.744444444444444
0.7972222222222217
0.7544444444444443
0.7688888888888886
0.7633333333333328
0.7738888888888888
0.7794444444444443
0.7222222222222221
0.7827777777777776
0.7627777777777774
0.8105555555555551
0.7494444444444441
0.8016666666666662
0.7405555555555553
0.7577777777777774
0.7399999999999998
0.7266666666666665
0.7677777777777774
0.7916666666666662
0.7849999999999998
0.739444444444444
0.7633333333333332
0.7983333333333331
0.7288888888888888
0.7688888888888884
0.7777777777777775
0.7699999999999996
0.777222222222222
0.7405555555555553
0.7894444444444444
0.7494444444444441
0.781111111111111
0.7766666666666664
0.7633333333333332
0.7705555555555551
0.7599999999999997
0.7516666666666665
0.799444444444444
0.8116666666666663
0.7705555555555553
0.7555555555555553
0.7877777777777771
0.7805555555555554
0.7888888888888884
0.7466666666666663
0.7144444444444443
0.779444444444444
0.7877777777777775
0.804444444444444
0.7972222222222218
0.7816666666666664
0.7716666666666662
