0.8788888888888884
0.8633333333333326
0.8555555555555548
0.8411111111111108
0.8705555555555553
0.8527777777777774
0.8394444444444441
0.8805555555555549
0.8911111111111109
0.8661111111111107
0.8799999999999996
0.891666666666666
0.8488888888888886
0.8733333333333329
0.8405555555555548
0.8761111111111107
0.858333333333333
0.8744444444444445
0.8755555555555548
0.8916666666666662
0.8683333333333328
0.8499999999999994
0.858333333333333
0.8427777777777777
0.8572222222222219
0.870555555555555
0.8577777777777779
0.8661111111111104
0.8466666666666662
0.8694444444444437
0.8772222222222217
0.8722222222222215
0.8705555555555552
0.8649999999999993
0.8855555555555551
0.8722222222222219
0.8372222222222218
0.8722222222222217
0.8683333333333328
0.8255555555555553
0.8305555555555553
0.8699999999999994
0.8811111111111106
0.8611111111111112
0.8411111111111105
0.8538888888888888
0.8694444444444441
0.8861111111111107
0.8605555555555552
0.854444444444444
0.8622222222222217
0.8583333333333328
0.8105555555555551
0.8683333333333326
0.882777777777777
0.8777777777777778
0.867777777777777
0.8399999999999995
0.8738888888888886
0.8816666666666663
0.8449999999999994
0.8461111111111106
0.8499999999999995
0.8477777777777772
0.8549999999999995
0.8427777777777772
0.8561111111111107
0.8922222222222218
0.8811111111111104
0.875555555555555
0.8427777777777773
0.8688888888888886
0.8511111111111105
0.8672222222222219
0.8438888888888885
0.8777777777777774
0.8494444444444439
0.8588888888888883
0.8561111111111106
0.8311111111111109
0.8688888888888884
0.8761111111111106
0.8811111111111102
0.8699999999999991
0.8572222222222217
0.8572222222222217
0.8477777777777777
0.8461111111111105
0.8583333333333328
0.8666666666666661
0.8155555555555555
0.8538888888888885
0.8761111111111106
0.8727777777777771
0.844444444444444
0.8688888888888883
