0.9661111111111108
0.9688888888888885
0.9555555555555553
0.9722222222222219
0.952222222222222
0.9638888888888886
0.9672222222222221
0.9644444444444443
0.9666666666666663
0.9516666666666661
0.977222222222222
0.9544444444444441
0.9738888888888887
0.9694444444444441
0.9644444444444443
0.9722222222222219
0.9699999999999998
0.9699999999999998
0.954444444444444
0.9577777777777774
0.9577777777777773
0.9616666666666663
0.9461111111111107
0.954444444444444
0.9577777777777774
0.968333333333333
0.9616666666666663
0.957222222222222
0.9672222222222218
0.971111111111111
0.9644444444444441
0.9522222222222219
0.9683333333333328
0.9649999999999995
0.9677777777777774
0.9472222222222217
0.9711111111111108
0.9549999999999994
0.9661111111111108
0.9705555555555553
0.9561111111111106
0.974444444444444
0.9677777777777772
0.9699999999999995
0.9661111111111108
0.968333333333333
0.973333333333333
0.9672222222222219
0.9572222222222218
0.9705555555555552
0.9733333333333332
0.9705555555555552
0.9538888888888886
0.9649999999999999
0.959444444444444
0.9655555555555553
0.9638888888888886
0.9538888888888887
0.9683333333333328
0.9605555555555553
0.9638888888888887
0.9505555555555552
0.9555555555555552
0.969444444444444
0.9649999999999995
0.969444444444444
0.9677777777777773
0.9566666666666663
0.9666666666666661
0.964444444444444
0.9655555555555554
0.9416666666666663
0.967222222222222
0.9561111111111109
0.9666666666666663
0.973333333333333
0.9438888888888887
0.959444444444444
0.9566666666666663
0.9649999999999997
0.9633333333333328
0.9661111111111107
0.9605555555555552
0.9588888888888886
0.9572222222222219
0.9699999999999998
0.9716666666666665
0.9583333333333328
0.967222222222222
0.9722222222222219
0.962222222222222
0.9616666666666663
0.954444444444444
0.9599999999999997
0.9549999999999997
0.9633333333333328
