0.9788888888888886
0.9716666666666665
0.9727777777777775
0.9733333333333332
0.9749999999999999
0.9805555555555553
0.9788888888888886
0.9766666666666665
0.9727777777777773
0.9788888888888885
0.9749999999999999
0.9722222222222219
0.9688888888888887
0.9711111111111108
0.9672222222222219
0.9761111111111108
0.9811111111111108
0.9666666666666666
0.9699999999999998
0.978333333333333
0.9722222222222219
0.9627777777777773
0.9733333333333328
0.9727777777777774
0.9733333333333332
0.9827777777777775
0.9694444444444441
0.9661111111111108
0.9666666666666663
0.9872222222222221
0.9805555555555554
0.9772222222222219
0.9894444444444445
0.962222222222222
0.9694444444444443
0.9666666666666661
0.9738888888888887
0.9677777777777774
0.9816666666666667
0.9694444444444444
0.9805555555555554
0.9788888888888885
0.9777777777777774
0.9766666666666666
0.9694444444444441
0.9705555555555552
0.9744444444444441
0.9733333333333332
0.9744444444444443
0.9744444444444441
0.9705555555555554
0.961111111111111
0.9783333333333333
0.9777777777777773
0.9788888888888886
0.9805555555555554
0.9705555555555552
0.9727777777777773
0.982222222222222
0.9738888888888886
0.9744444444444443
0.9666666666666666
0.9638888888888889
0.9816666666666662
0.977222222222222
0.9677777777777776
0.9738888888888887
0.9683333333333332
0.9761111111111108
0.9699999999999998
0.9705555555555554
0.9694444444444443
0.9738888888888887
0.973333333333333
0.975
0.9838888888888888
0.964444444444444
0.9761111111111112
0.9661111111111107
0.9827777777777775
0.9738888888888886
0.9722222222222219
0.9666666666666665
0.9661111111111108
0.967222222222222
0.9861111111111108
0.981111111111111
0.9761111111111108
0.9805555555555552
0.9638888888888886
0.9788888888888886
0.964444444444444
0.977222222222222
0.9744444444444443
0.9833333333333332
0.9738888888888887
