0.933333333333333
0.9344444444444439
0.9422222222222217
0.9277777777777771
0.9338888888888884
0.9272222222222218
0.9111111111111109
0.9049999999999996
0.907222222222222
0.9288888888888884
0.939444444444444
0.9411111111111106
0.9166666666666664
0.9316666666666662
0.925555555555555
0.9155555555555551
0.9211111111111104
0.9438888888888887
0.9344444444444442
0.9244444444444436
0.9205555555555555
0.9261111111111107
0.9405555555555553
0.9155555555555552
0.9122222222222217
0.9461111111111107
0.9177777777777776
0.9088888888888884
0.9266666666666662
0.9527777777777774
0.923888888888889
0.9094444444444438
0.9244444444444442
0.9388888888888884
0.9461111111111106
0.9161111111111108
0.9427777777777776
0.9238888888888884
0.9127777777777772
0.9183333333333331
0.9316666666666659
0.9233333333333326
0.9388888888888887
0.922222222222222
0.9088888888888883
0.9105555555555556
0.9538888888888885
0.9311111111111109
0.9299999999999997
0.9222222222222216
0.9449999999999997
0.9438888888888886
0.929444444444444
0.9377777777777773
0.9349999999999996
0.905555555555555
0.930555555555555
0.9211111111111105
0.9249999999999997
0.9516666666666661
0.924444444444444
0.9527777777777773
0.951111111111111
0.9138888888888888
0.924444444444444
0.9422222222222217
0.9305555555555552
0.9399999999999998
0.9144444444444442
0.9072222222222216
0.9211111111111108
0.9216666666666665
0.9322222222222217
0.9155555555555551
0.9505555555555552
0.891111111111111
0.9449999999999998
0.9305555555555552
0.9127777777777771
0.9527777777777773
0.943333333333333
0.9266666666666663
0.9305555555555547
0.941666666666666
0.9383333333333331
0.9316666666666664
0.9305555555555549
0.9288888888888884
0.9438888888888886
0.9511111111111109
0.9399999999999996
0.9372222222222217
0.9461111111111107
0.9188888888888885
0.9416666666666664
0.9405555555555551
