0.5833333333333335
0.5600000000000002
0.5249999999999999
0.5822222222222221
0.5427777777777776
0.6127777777777776
0.5677777777777782
0.49555555555555536
0.5000000000000003
0.5761111111111107
0.5672222222222222
0.5566666666666665
0.5788888888888887
0.4977777777777775
0.5222222222222225
0.5955555555555554
0.5850000000000001
0.5488888888888886
0.5405555555555557
0.5411111111111112
0.5772222222222219
0.5416666666666667
0.6011111111111108
0.5627777777777779
0.5672222222222222
0.6305555555555556
0.5894444444444443
0.5327777777777777
0.5177777777777777
0.5461111111111111
0.6227777777777778
0.5433333333333332
0.5405555555555557
0.5383333333333333
0.543888888888889
0.535
0.5433333333333333
0.5277777777777779
0.5566666666666663
0.5788888888888891
0.5655555555555556
0.5788888888888889
0.4949999999999999
0.4822222222222222
0.5216666666666664
0.5044444444444444
0.5655555555555553
0.5622222222222222
0.5416666666666665
0.5116666666666667
0.555
0.5766666666666667
0.5816666666666667
0.4827777777777776
0.5261111111111111
0.5216666666666668
0.5449999999999998
0.5766666666666667
0.5372222222222223
0.5622222222222223
0.5644444444444445
0.5133333333333332
0.5005555555555555
0.5222222222222218
0.5088888888888888
0.5333333333333333
0.57
0.5494444444444444
0.5305555555555554
0.4833333333333332
0.555555555555555
0.54
0.5694444444444444
0.5144444444444443
0.5416666666666667
0.5472222222222223
0.5644444444444443
0.5688888888888887
0.5272222222222224
0.5311111111111106
0.5583333333333332
0.5322222222222223
0.5383333333333332
0.5144444444444445
0.5933333333333332
0.5544444444444444
0.555
0.5855555555555556
0.5627777777777777
0.513888888888889
0.6083333333333334
0.5711111111111112
0.5266666666666668
0.5444444444444444
0.5661111111111112
0.5377777777777777
