0.0	53.513333333333335	59.34	63.29333333333334	65.68	67.21333333333334	68.80666666666667	70.10666666666667	71.04666666666667	72.34666666666666	72.53333333333333	73.39333333333333	73.58666666666667	74.21333333333334	74.35333333333334	74.68	74.87333333333333	74.88	74.50666666666666	74.59333333333333	74.8	74.63333333333334	74.12	73.68666666666667	72.91333333333333	73.06666666666666	72.34666666666666	71.99333333333334	71.01333333333334	70.04	68.76666666666667	67.15333333333334	65.32666666666667	62.946666666666665	59.833333333333336	53.53333333333333	0.0
0.0	53.71333333333333	59.693333333333335	63.28	65.99333333333334	67.7	69.04666666666667	70.48666666666666	71.54	71.92	73.0	73.2	73.48666666666666	74.25333333333333	74.92666666666666	75.03333333333333	75.08	75.22666666666667	74.9	75.33333333333333	75.36	75.35333333333334	74.24	74.06	73.77333333333333	73.28666666666666	72.52	71.87333333333333	71.42666666666666	70.58	69.52666666666667	67.74	65.81333333333333	63.36	60.04666666666667	53.846666666666664	0.0
0.0	53.84	59.88	63.48	65.84	67.83333333333333	69.24	70.38	71.05333333333333	71.94666666666667	72.96666666666667	73.26666666666667	74.14666666666666	74.47333333333333	74.74666666666667	74.86	75.03333333333333	75.06666666666666	75.02	74.78	74.58	74.78	74.18	74.04	73.54	73.15333333333334	72.98	71.84666666666666	71.21333333333334	70.56	69.20666666666666	67.70666666666666	65.72	63.64	60.14666666666667	53.6	0.0
0.0	53.49333333333333	59.92666666666667	63.62	65.74666666666667	67.67333333333333	69.0	70.14	70.90666666666667	71.91333333333333	72.58	72.76	73.47333333333333	73.72	73.91333333333333	74.32666666666667	74.46	75.17333333333333	75.05333333333333	74.6	74.74	74.42	74.23333333333333	73.99333333333334	73.52666666666667	73.19333333333333	72.75333333333333	72.27333333333333	71.35333333333334	70.22	68.96	67.81333333333333	66.18	63.38	59.93333333333333	53.873333333333335	0.0
0.0	53.6	60.193333333333335	63.486666666666665	65.58666666666667	67.47333333333333	68.83333333333333	70.29333333333334	71.02	71.91333333333333	72.8	73.89333333333333	74.12	74.54	74.72	75.09333333333333	75.47333333333333	75.08	75.08666666666667	75.20666666666666	74.8	74.8	74.44	74.58666666666667	73.91333333333333	73.88666666666667	73.56	72.56666666666666	71.43333333333334	70.68666666666667	69.24666666666667	67.88666666666667	65.91333333333333	63.34	60.53333333333333	53.86666666666667	0.0
0.0	53.68666666666667	59.70666666666666	63.32666666666667	65.74	67.66	69.0	70.24666666666667	71.17333333333333	71.86666666666666	72.84666666666666	73.31333333333333	73.84666666666666	74.18666666666667	74.46	74.6	75.08	75.03333333333333	75.16666666666667	75.07333333333334	75.07333333333334	75.02	74.78666666666666	74.51333333333334	74.35333333333334	73.68	72.90666666666667	72.12	71.03333333333333	70.44	69.52	67.72	65.97333333333333	63.31333333333333	59.32	53.653333333333336	0.0
0.0	54.04666666666667	59.99333333333333	63.46	66.10666666666667	68.32	69.75333333333333	70.79333333333334	71.83333333333333	72.7	73.29333333333334	73.96	74.31333333333333	74.96	75.08666666666667	75.66666666666667	75.60666666666667	75.94	75.98	76.01333333333334	75.88	75.08666666666667	74.9	74.47333333333333	73.94	73.12	73.18666666666667	72.10666666666667	71.79333333333334	70.72666666666667	69.37333333333333	68.15333333333334	66.07333333333334	63.846666666666664	60.18666666666667	53.806666666666665	0.0
0.0	53.64666666666667	59.693333333333335	63.26	65.77333333333333	67.66	68.71333333333334	70.05333333333333	70.80666666666667	71.94666666666667	72.5	73.2	73.32	74.0	74.28666666666666	74.42	74.94666666666667	74.78	74.79333333333334	74.71333333333334	74.98666666666666	74.98666666666666	74.8	74.74	74.33333333333333	73.56666666666666	72.98666666666666	72.47333333333333	71.22666666666667	70.47333333333333	69.32	68.01333333333334	65.8	63.28666666666667	59.526666666666664	53.666666666666664	0.0
0.0	53.593333333333334	59.62	63.11333333333334	65.76666666666667	67.60666666666667	68.69333333333333	70.03333333333333	70.96666666666667	71.6	72.17333333333333	72.93333333333334	73.19333333333333	73.83333333333333	73.95333333333333	74.0	74.24	74.52	74.66666666666667	75.04	74.55333333333333	74.8	74.20666666666666	74.11333333333333	73.93333333333334	73.52666666666667	73.06	72.0	71.30666666666667	70.65333333333334	69.65333333333334	67.74666666666667	66.10666666666667	62.973333333333336	60.02	54.053333333333335	0.0
0.0	53.85333333333333	59.66	63.06666666666667	65.76	67.72	68.97333333333333	70.46666666666667	71.29333333333334	72.40666666666667	73.04666666666667	73.4	73.98	74.26	74.62	74.75333333333333	75.01333333333334	75.03333333333333	74.89333333333333	74.71333333333334	74.70666666666666	74.51333333333334	74.24	74.04666666666667	73.42666666666666	73.27333333333333	72.63333333333334	71.92	70.92666666666666	70.20666666666666	69.16	67.70666666666666	66.10666666666667	63.46	60.07333333333333	53.846666666666664	0.0
0.0	53.9	59.78	63.21333333333333	65.74666666666667	67.68666666666667	69.17333333333333	70.34	71.54	72.29333333333334	72.82666666666667	73.68666666666667	73.91333333333333	74.29333333333334	74.72	74.9	75.45333333333333	75.56666666666666	75.19333333333333	75.1	75.25333333333333	74.90666666666667	74.95333333333333	74.5	74.02666666666667	73.68666666666667	72.44	72.10666666666667	71.36666666666666	70.32666666666667	69.09333333333333	67.52	65.58666666666667	63.166666666666664	59.72	54.193333333333335	0.0
0.0	53.53333333333333	59.68	63.2	65.6	67.38666666666667	68.89333333333333	69.94666666666667	70.98666666666666	71.64	72.34	72.89333333333333	73.64666666666666	74.0	74.42666666666666	74.72666666666667	74.37333333333333	74.92	75.02	74.88	74.74	75.20666666666666	74.96666666666667	74.58	73.96	73.38666666666667	72.99333333333334	72.33333333333333	71.02	70.13333333333334	69.34	67.85333333333334	65.84666666666666	63.50666666666667	60.13333333333333	54.04666666666667	0.0
0.0	53.5	59.35333333333333	63.10666666666667	65.65333333333334	67.72666666666667	69.02666666666667	70.26	71.13333333333334	72.02	72.68	73.47333333333333	73.6	74.03333333333333	74.06666666666666	74.84	74.66666666666667	75.16	75.13333333333334	74.9	74.84	74.85333333333334	74.49333333333334	74.45333333333333	74.04666666666667	73.37333333333333	72.77333333333333	72.08666666666667	71.18666666666667	70.48	69.45333333333333	67.70666666666666	65.96666666666667	63.626666666666665	60.026666666666664	54.13333333333333	0.0
0.0	53.56	59.38	63.093333333333334	65.72	67.17333333333333	68.82666666666667	70.46	70.86666666666666	71.55333333333333	72.29333333333334	72.86666666666666	73.46666666666667	73.84	73.87333333333333	74.72	74.36	74.7	74.42	74.44666666666667	74.28	74.06	73.64666666666666	73.42666666666666	73.21333333333334	72.54666666666667	72.13333333333334	71.61333333333333	71.03333333333333	69.96	68.65333333333334	67.14	65.52666666666667	63.04	59.62	53.60666666666667	0.0
0.0	53.78	59.846666666666664	63.126666666666665	65.81333333333333	67.77333333333333	69.07333333333334	70.20666666666666	71.31333333333333	72.2	72.74666666666667	72.8	73.21333333333334	74.00666666666666	74.35333333333334	74.73333333333333	74.84	74.96666666666667	74.94666666666667	75.06	74.76	74.3	74.39333333333333	73.89333333333333	73.34666666666666	73.58	72.88	71.95333333333333	71.29333333333334	70.05333333333333	68.81333333333333	67.55333333333333	65.82	63.486666666666665	59.54666666666667	53.53333333333333	0.0
0.0	54.02	59.95333333333333	63.45333333333333	66.13333333333334	67.87333333333333	69.45333333333333	70.85333333333334	71.37333333333333	72.64	73.23333333333333	74.02	74.12	74.60666666666667	74.86666666666666	75.12	75.16666666666667	75.06666666666666	75.29333333333334	74.96666666666667	74.96666666666667	74.32666666666667	74.33333333333333	74.42	73.78	73.15333333333334	73.06666666666666	72.31333333333333	71.47333333333333	70.55333333333333	69.52666666666667	68.47333333333333	66.0	63.946666666666665	60.18	54.18666666666667	0.0
0.0	53.56666666666667	59.78	63.70666666666666	66.25333333333333	67.66	69.36666666666666	70.5	71.18666666666667	72.32	72.94	73.77333333333333	74.06666666666666	74.65333333333334	75.06	74.80666666666667	75.16	75.22	75.34666666666666	75.14666666666666	75.52	75.51333333333334	74.95333333333333	74.8	74.2	73.31333333333333	72.84666666666666	72.42	71.42	70.29333333333334	68.81333333333333	67.91333333333333	66.0	63.68	60.14666666666667	53.666666666666664	0.0
0.0	53.82666666666667	59.60666666666667	63.1	65.61333333333333	67.36666666666666	68.92	69.96	71.12666666666667	71.76666666666667	72.93333333333334	73.4	73.79333333333334	74.15333333333334	74.47333333333333	75.00666666666666	74.79333333333334	74.95333333333333	74.96	74.86	74.78666666666666	74.61333333333333	74.35333333333334	74.24	73.61333333333333	73.54	72.82	72.04	71.16666666666667	70.27333333333333	69.24	67.44666666666667	65.68666666666667	63.333333333333336	59.833333333333336	53.70666666666666	0.0
0.0	53.413333333333334	59.52	63.21333333333333	65.7	67.52	69.27333333333333	69.92666666666666	71.06666666666666	72.15333333333334	72.94666666666667	73.37333333333333	73.54	74.12666666666667	74.91333333333333	75.00666666666666	74.84	74.92	75.42666666666666	75.17333333333333	75.44	75.03333333333333	74.62	74.54666666666667	74.08	73.46666666666667	72.82	72.10666666666667	71.18666666666667	70.0	68.86	67.37333333333333	65.39333333333333	63.153333333333336	60.12	53.52	0.0
0.0	53.873333333333335	59.95333333333333	63.24	65.94	67.68	69.05333333333333	70.21333333333334	70.89333333333333	72.14	73.05333333333333	73.5	74.2	74.52	74.28666666666666	74.58	74.94	74.91333333333333	74.79333333333334	74.98	75.08666666666667	75.01333333333334	75.02	74.8	74.23333333333333	73.58	72.98666666666666	72.19333333333333	71.26666666666667	70.56	69.26666666666667	68.04	66.11333333333333	63.18666666666667	59.666666666666664	53.74	0.0
0.0	53.93333333333333	59.53333333333333	63.46666666666667	65.96666666666667	67.55333333333333	68.83333333333333	70.57333333333334	71.51333333333334	72.10666666666667	72.98666666666666	73.71333333333334	74.10666666666667	74.46	74.84	74.97333333333333	75.30666666666667	75.37333333333333	75.34666666666666	75.04666666666667	75.31333333333333	75.15333333333334	74.72	74.82	74.52	74.39333333333333	73.60666666666667	72.98	71.98666666666666	70.72	69.17333333333333	67.88666666666667	65.81333333333333	63.56666666666667	60.13333333333333	53.68	0.0
0.0	53.34	59.913333333333334	63.266666666666666	65.68666666666667	67.86666666666666	69.17333333333333	69.94666666666667	71.28666666666666	72.28666666666666	72.71333333333334	73.05333333333333	73.84666666666666	74.22666666666667	75.00666666666666	74.86	75.08666666666667	75.10666666666667	75.3	75.13333333333334	75.02666666666667	74.81333333333333	74.67333333333333	74.44	74.35333333333334	73.77333333333333	73.20666666666666	72.30666666666667	71.64	70.58	69.14666666666666	67.67333333333333	65.62666666666667	63.17333333333333	60.04666666666667	53.62	0.0
0.0	53.74	60.17333333333333	63.53333333333333	65.88666666666667	67.58666666666667	68.96666666666667	70.3	71.10666666666667	72.13333333333334	72.46666666666667	73.24	73.82666666666667	73.87333333333333	74.44	74.72	74.92	75.04	75.05333333333333	75.10666666666667	75.02	74.87333333333333	74.45333333333333	74.34	73.72	73.48666666666666	72.80666666666667	72.70666666666666	71.22666666666667	70.44666666666667	69.28	67.72666666666667	66.11333333333333	63.54666666666667	59.68666666666667	53.88	0.0
0.0	53.56666666666667	59.3	63.26	65.56	67.33333333333333	68.90666666666667	69.9	70.74666666666667	71.64	72.08666666666667	72.94	73.31333333333333	73.76666666666667	73.96	74.42666666666666	74.36666666666666	74.72666666666667	74.64666666666666	74.97333333333333	74.44	74.18	74.04666666666667	74.5	73.81333333333333	73.32	72.92	72.07333333333334	71.24666666666667	70.13333333333334	69.12	67.41333333333333	65.57333333333334	63.093333333333334	59.74	53.92	0.0
0.0	53.71333333333333	59.82666666666667	63.166666666666664	65.51333333333334	67.60666666666667	69.09333333333333	70.5	71.31333333333333	71.94666666666667	72.95333333333333	73.36	73.84	74.22	74.58	74.49333333333334	74.55333333333333	74.82	74.86	75.23333333333333	74.72	74.23333333333333	74.02666666666667	73.78666666666666	73.22	72.72	72.34	71.44666666666667	70.9	69.96	68.96	67.66666666666667	65.82666666666667	63.22	59.64	53.78666666666667	0.0
0.0	53.74666666666667	59.946666666666665	63.513333333333335	65.96666666666667	68.03333333333333	69.29333333333334	70.64666666666666	71.51333333333334	72.24	73.16	73.56	74.20666666666666	74.31333333333333	75.13333333333334	75.54	75.24	75.00666666666666	75.42666666666666	74.92666666666666	75.43333333333334	74.88	74.61333333333333	74.58	74.34	73.69333333333333	72.94666666666667	72.22666666666667	71.46666666666667	70.72666666666667	69.35333333333334	67.70666666666666	65.96666666666667	63.67333333333333	59.95333333333333	53.9	0.0
0.0	53.806666666666665	60.14	63.54	66.14	67.66666666666667	69.10666666666667	70.16666666666667	71.22	72.20666666666666	72.63333333333334	73.26666666666667	73.64666666666666	74.18666666666667	74.36	74.72666666666667	75.09333333333333	75.04	75.08	74.79333333333334	74.97333333333333	74.51333333333334	74.18	73.62	73.67333333333333	72.94	72.52	71.77333333333333	71.04666666666667	70.15333333333334	69.06666666666666	67.70666666666666	66.2	63.54666666666667	59.86	53.913333333333334	0.0
0.0	53.64666666666667	59.71333333333333	63.26	65.89333333333333	68.16	69.44666666666667	70.45333333333333	71.43333333333334	72.2	72.76	73.60666666666667	73.94	74.18666666666667	74.28	74.56666666666666	74.65333333333334	74.69333333333333	74.87333333333333	74.71333333333334	74.83333333333333	74.59333333333333	74.24666666666667	74.18666666666667	73.91333333333333	73.46666666666667	72.64666666666666	71.82666666666667	70.95333333333333	69.86	68.90666666666667	67.41333333333333	65.81333333333333	63.166666666666664	59.82	53.66	0.0
0.0	53.373333333333335	59.71333333333333	63.13333333333333	65.62	67.90666666666667	69.48	70.42	71.61333333333333	72.3	73.07333333333334	73.38	73.94	74.4	74.88666666666667	74.70666666666666	74.69333333333333	75.02666666666667	74.74	74.74	74.40666666666667	74.45333333333333	74.57333333333334	74.16666666666667	74.04666666666667	73.35333333333334	72.99333333333334	72.34	71.42666666666666	70.40666666666667	69.18666666666667	67.86666666666666	66.12	63.56666666666667	59.9	53.99333333333333	0.0
0.0	53.74666666666667	59.98	63.38666666666666	65.99333333333334	67.42666666666666	69.18	70.26	71.06666666666666	71.96	73.06	73.62666666666667	74.16666666666667	74.80666666666667	74.90666666666667	75.06666666666666	74.93333333333334	75.23333333333333	75.38	75.30666666666667	75.16666666666667	75.03333333333333	74.84666666666666	74.65333333333334	74.06	73.42666666666666	73.32	72.67333333333333	71.84666666666666	70.78666666666666	69.66	68.04666666666667	66.06	63.46	60.093333333333334	53.7	0.0
0.0	53.306666666666665	59.68	63.14	65.77333333333333	67.79333333333334	69.17333333333333	70.52	71.25333333333333	72.22	72.78666666666666	73.38	74.07333333333334	74.49333333333334	74.33333333333333	74.78	74.94666666666667	74.98	74.92	75.23333333333333	74.98666666666666	74.79333333333334	74.60666666666667	74.36	73.88	73.55333333333333	72.85333333333334	72.07333333333334	71.72666666666667	70.66	69.52	67.89333333333333	66.00666666666666	63.46666666666667	59.733333333333334	53.96666666666667	0.0
0.0	54.03333333333333	59.99333333333333	63.35333333333333	66.19333333333333	68.23333333333333	69.54	70.91333333333333	71.58666666666667	72.52	73.28	73.6	74.44	74.94666666666667	75.08	75.37333333333333	75.58666666666667	75.22	75.54666666666667	75.44	75.47333333333333	75.43333333333334	75.21333333333334	74.46	74.26666666666667	73.78	73.28666666666666	72.00666666666666	71.27333333333333	70.52666666666667	69.23333333333333	67.66666666666667	65.98	63.526666666666664	60.02	53.96	0.0
0.0	53.94	60.04666666666667	63.79333333333334	66.02	68.13333333333334	69.21333333333334	70.56	71.28666666666666	72.20666666666666	72.96	73.46666666666667	73.94	74.47333333333333	74.62	75.14	75.44	75.52	75.56666666666666	75.43333333333334	75.31333333333333	75.14666666666666	74.76666666666667	74.38	73.78	73.48	72.62666666666667	72.17333333333333	71.18	70.42666666666666	68.67333333333333	67.53333333333333	65.88	63.36	59.986666666666665	53.68666666666667	0.0
0.0	53.99333333333333	59.95333333333333	63.473333333333336	66.14666666666666	67.81333333333333	69.3	70.37333333333333	71.38666666666667	72.29333333333334	73.13333333333334	73.70666666666666	74.28666666666666	74.6	74.86666666666666	74.94666666666667	75.00666666666666	74.84666666666666	75.12	74.95333333333333	74.86666666666666	74.52	74.5	74.24666666666667	73.76	73.15333333333334	72.84	72.2	71.42666666666666	70.37333333333333	69.20666666666666	67.41333333333333	65.8	63.3	59.9	54.026666666666664	0.0
0.0	53.92	59.96666666666667	63.32666666666667	66.17333333333333	67.7	69.08666666666667	70.44	70.98666666666666	71.92	72.72666666666667	73.12	73.74	74.64666666666666	74.95333333333333	75.20666666666666	75.14	75.49333333333334	75.42	74.94	74.88	74.92666666666666	74.57333333333334	73.88666666666667	73.81333333333333	73.01333333333334	72.32	72.11333333333333	71.37333333333333	70.16	68.90666666666667	67.73333333333333	66.00666666666666	63.553333333333335	59.89333333333333	54.053333333333335	0.0
0.0	53.68	59.92	63.446666666666665	65.35333333333334	67.45333333333333	69.02	70.22	71.24	72.14	72.94666666666667	73.48	73.87333333333333	74.02	74.19333333333333	74.48	74.85333333333334	74.84	74.75333333333333	75.11333333333333	75.07333333333334	74.54	74.91333333333333	74.13333333333334	74.03333333333333	73.44666666666667	73.08	72.21333333333334	71.4	70.20666666666666	69.12	67.72666666666667	65.56666666666666	63.34	59.733333333333334	53.586666666666666	0.0
0.0	53.653333333333336	59.906666666666666	63.62	65.87333333333333	67.50666666666666	68.73333333333333	70.16666666666667	71.42666666666666	71.89333333333333	72.94666666666667	73.42666666666666	73.39333333333333	73.91333333333333	74.52666666666667	74.74	74.65333333333334	74.6	74.93333333333334	74.85333333333334	74.84666666666666	74.51333333333334	74.5	73.94666666666667	73.60666666666667	73.22	72.35333333333334	71.87333333333333	71.32	70.08	69.14666666666666	67.36666666666666	65.72	63.13333333333333	59.92	53.473333333333336	0.0
0.0	54.153333333333336	59.95333333333333	63.62	66.19333333333333	68.13333333333334	69.64666666666666	70.79333333333334	71.72	72.14	73.48666666666666	73.51333333333334	74.36	74.66666666666667	75.24	75.08666666666667	75.22666666666667	75.70666666666666	75.44666666666667	75.09333333333333	75.46	75.58666666666667	75.26	74.92666666666666	74.33333333333333	73.73333333333333	73.28	72.75333333333333	71.67333333333333	70.97333333333333	70.0	68.02666666666667	65.83333333333333	63.48	60.49333333333333	54.02	0.0
0.0	53.74	59.62	63.00666666666667	65.58666666666667	67.38	69.00666666666666	70.28666666666666	71.16	71.82	72.44	73.24	73.44666666666667	74.03333333333333	73.98666666666666	74.20666666666666	74.70666666666666	74.96666666666667	74.92666666666666	75.03333333333333	74.91333333333333	74.74	74.60666666666667	73.92	73.86	73.06	72.76	71.90666666666667	70.76666666666667	69.88666666666667	69.13333333333334	67.49333333333334	65.76	63.39333333333333	59.68666666666667	53.78666666666667	0.0
0.0	53.95333333333333	60.13333333333333	63.32666666666667	65.50666666666666	67.32666666666667	68.79333333333334	70.17333333333333	71.35333333333334	71.47333333333333	72.64	73.42	73.59333333333333	73.79333333333334	74.51333333333334	74.64	74.83333333333333	74.88666666666667	74.68	74.84	74.64666666666666	74.54666666666667	74.76666666666667	73.98666666666666	73.7	73.73333333333333	72.98666666666666	72.39333333333333	71.24666666666667	70.51333333333334	69.22	67.97333333333333	65.86	63.57333333333333	59.973333333333336	53.79333333333334	0.0
0.0	53.693333333333335	59.586666666666666	63.2	65.90666666666667	67.69333333333333	69.49333333333334	70.57333333333334	71.24666666666667	72.08	73.06	73.28666666666666	73.68666666666667	74.06666666666666	74.43333333333334	74.63333333333334	75.27333333333333	74.86	75.01333333333334	74.55333333333333	74.69333333333333	74.36	74.06	73.88	73.32666666666667	72.82	72.21333333333334	71.82666666666667	70.88666666666667	69.93333333333334	69.01333333333334	67.43333333333334	65.60666666666667	63.17333333333333	59.86666666666667	53.56	0.0
0.0	53.68666666666667	59.88	63.513333333333335	65.48666666666666	67.22666666666667	68.89333333333333	70.02666666666667	71.23333333333333	71.80666666666667	72.45333333333333	73.26666666666667	73.62666666666667	74.08666666666667	74.40666666666667	74.59333333333333	74.3	74.68666666666667	74.56666666666666	74.74666666666667	74.47333333333333	74.35333333333334	74.06	74.04	73.98	73.67333333333333	72.78	72.15333333333334	71.85333333333334	70.36666666666666	69.02666666666667	67.98	65.80666666666667	63.44	59.72	53.49333333333333	0.0
0.0	53.71333333333333	59.846666666666664	63.45333333333333	65.93333333333334	67.96	69.26666666666667	70.48666666666666	71.85333333333334	72.19333333333333	72.75333333333333	73.61333333333333	74.08666666666667	74.22666666666667	74.56	74.82666666666667	74.81333333333333	75.18	74.93333333333334	75.09333333333333	74.75333333333333	74.44	74.43333333333334	74.26666666666667	73.6	72.90666666666667	72.3	72.06666666666666	71.5	70.09333333333333	69.06666666666666	67.12	65.77333333333333	63.07333333333333	59.39333333333333	53.68666666666667	0.0
0.0	54.013333333333335	60.093333333333334	63.46666666666667	65.53333333333333	67.37333333333333	69.04	70.31333333333333	71.26666666666667	72.12	72.97333333333333	73.96	74.22	74.65333333333334	74.86666666666666	75.33333333333333	75.20666666666666	74.98666666666666	74.99333333333334	75.22	74.94666666666667	75.13333333333334	75.11333333333333	74.34	74.12	73.16666666666667	72.60666666666667	72.10666666666667	71.24	70.00666666666666	69.14666666666666	67.58	65.82666666666667	63.473333333333336	60.13333333333333	53.64666666666667	0.0
0.0	53.88	60.12	63.46	66.44666666666667	68.13333333333334	69.44666666666667	70.68	71.70666666666666	72.42666666666666	73.02	73.54666666666667	74.24666666666667	74.7	74.88666666666667	75.15333333333334	75.38	75.70666666666666	75.95333333333333	75.50666666666666	75.68	75.06	74.94	74.88	74.13333333333334	73.94	73.28	72.58	71.43333333333334	70.74666666666667	69.15333333333334	67.67333333333333	65.96666666666667	63.5	59.86	53.733333333333334	0.0
0.0	53.52	59.446666666666665	63.053333333333335	65.78666666666666	67.41333333333333	68.86	70.05333333333333	71.07333333333334	72.08666666666667	72.84666666666666	73.66666666666667	73.96	74.56	74.58666666666667	74.62	74.96666666666667	75.19333333333333	74.86666666666666	74.93333333333334	74.68666666666667	74.48	74.2	73.86	73.64	72.89333333333333	72.32	71.54666666666667	71.27333333333333	70.1	69.14666666666666	67.66	66.05333333333333	63.52	59.60666666666667	53.86	0.0
0.0	53.82	59.7	63.24666666666667	65.69333333333333	67.27333333333333	69.01333333333334	70.28666666666666	71.05333333333333	71.99333333333334	72.70666666666666	72.84	73.48	74.02	74.10666666666667	74.4	74.65333333333334	74.56	74.95333333333333	75.18	74.92666666666666	74.77333333333333	74.10666666666667	73.4	73.04	72.79333333333334	72.60666666666667	71.78666666666666	70.85333333333334	70.06666666666666	68.56	67.39333333333333	65.88	63.166666666666664	59.39333333333333	53.66	0.0
0.0	53.54666666666667	60.053333333333335	63.49333333333333	65.68666666666667	67.58	69.06	70.43333333333334	71.19333333333333	71.82	72.65333333333334	72.83333333333333	73.35333333333334	73.70666666666666	74.26666666666667	74.00666666666666	74.12	74.48666666666666	74.66	74.68666666666667	74.06666666666666	74.1	73.92	73.38666666666667	73.08	72.81333333333333	72.38666666666667	71.42	70.56	70.01333333333334	68.86666666666666	67.79333333333334	65.59333333333333	63.81333333333333	59.74	53.766666666666666	0.0
0.0	53.71333333333333	59.68	63.233333333333334	65.70666666666666	67.38	69.4	69.98666666666666	71.28666666666666	72.34	72.74	73.19333333333333	73.37333333333333	73.63333333333334	73.84666666666666	74.38	74.53333333333333	74.75333333333333	74.24666666666667	74.64	74.3	74.44666666666667	73.92	74.06	73.7	73.46	72.53333333333333	71.58666666666667	71.23333333333333	69.84666666666666	68.79333333333334	67.36666666666666	65.51333333333334	63.04666666666667	59.526666666666664	53.486666666666665	0.0
0.0	53.766666666666666	59.8	63.193333333333335	65.91333333333333	67.31333333333333	68.62	69.59333333333333	70.71333333333334	71.49333333333334	71.96666666666667	72.65333333333334	73.78666666666666	73.86666666666666	74.27333333333333	74.75333333333333	74.85333333333334	74.72	74.60666666666667	74.7	74.64	74.84666666666666	74.7	74.06	73.62666666666667	73.13333333333334	72.77333333333333	71.72	71.07333333333334	70.12666666666667	69.09333333333333	67.64666666666666	65.76666666666667	63.85333333333333	59.873333333333335	53.54	0.0
0.0	53.373333333333335	59.76	62.84	65.8	67.69333333333333	69.20666666666666	70.26	71.32666666666667	71.78666666666666	72.57333333333334	73.26666666666667	74.01333333333334	74.39333333333333	74.84	74.88666666666667	75.18	75.18	75.03333333333333	75.1	74.36	74.14666666666666	74.11333333333333	74.08	73.74	73.32	72.82666666666667	71.94	70.88666666666667	69.98666666666666	68.66666666666667	67.71333333333334	65.65333333333334	62.946666666666665	59.63333333333333	53.49333333333333	0.0
0.0	53.64	59.86	63.346666666666664	65.68666666666667	67.51333333333334	68.65333333333334	69.98	71.04666666666667	71.84	72.82666666666667	73.3	73.42	73.98666666666666	74.52	74.96666666666667	75.04666666666667	75.04666666666667	75.34	75.48666666666666	75.00666666666666	74.85333333333334	74.49333333333334	74.25333333333333	73.88	73.58	73.08	72.30666666666667	71.46	70.46666666666667	69.29333333333334	67.40666666666667	65.98666666666666	63.39333333333333	59.78666666666667	53.42666666666667	0.0
0.0	54.026666666666664	59.766666666666666	63.70666666666666	65.64	67.64666666666666	69.25333333333333	70.58	71.42666666666666	72.39333333333333	72.94666666666667	73.24	73.9	74.25333333333333	74.58666666666667	75.01333333333334	75.12	74.66666666666667	74.73333333333333	74.87333333333333	74.71333333333334	74.48666666666666	74.5	74.11333333333333	73.81333333333333	73.48	72.86	71.71333333333334	70.93333333333334	70.12	69.02	67.73333333333333	65.68666666666667	63.193333333333335	59.74	53.913333333333334	0.0
0.0	53.92666666666667	60.026666666666664	63.67333333333333	65.81333333333333	67.72666666666667	69.18666666666667	70.32	71.28666666666666	72.02666666666667	72.96	73.18	73.48	74.10666666666667	74.36	74.92	74.91333333333333	75.18666666666667	75.28666666666666	74.91333333333333	75.16666666666667	74.70666666666666	74.68666666666667	74.39333333333333	74.06666666666666	73.53333333333333	72.93333333333334	72.30666666666667	72.11333333333333	70.58	69.53333333333333	67.88	66.06666666666666	63.29333333333334	60.0	53.96	0.0
0.0	54.02	59.693333333333335	63.43333333333333	65.89333333333333	67.88666666666667	69.18	69.90666666666667	70.99333333333334	71.76666666666667	72.66666666666667	73.10666666666667	73.85333333333334	74.3	74.57333333333334	74.84666666666666	74.88	74.98	75.09333333333333	75.05333333333333	74.76666666666667	74.66	74.18666666666667	73.97333333333333	73.74	73.42666666666666	72.88666666666667	72.44666666666667	71.40666666666667	70.64666666666666	69.22666666666667	67.93333333333334	65.64	63.49333333333333	59.78	53.70666666666666	0.0
0.0	53.61333333333334	59.333333333333336	63.0	65.43333333333334	67.81333333333333	69.20666666666666	70.48	71.2	71.98	72.38666666666667	72.88	73.52666666666667	73.75333333333333	74.23333333333333	74.48	74.77333333333333	74.78666666666666	74.90666666666667	74.75333333333333	75.06666666666666	74.84	74.08666666666667	73.71333333333334	73.64	72.89333333333333	72.36	71.8	70.77333333333333	70.29333333333334	68.68	67.55333333333333	65.83333333333333	63.64	59.98	53.7	0.0
0.0	53.67333333333333	59.93333333333333	63.03333333333333	65.54666666666667	67.41333333333333	68.60666666666667	69.86666666666666	71.10666666666667	71.58666666666667	72.26	73.12	73.56666666666666	74.01333333333334	73.94	74.77333333333333	74.80666666666667	74.70666666666666	74.5	74.67333333333333	75.04666666666667	74.53333333333333	74.06	73.77333333333333	73.79333333333334	73.01333333333334	72.62666666666667	72.15333333333334	71.15333333333334	69.91333333333333	69.00666666666666	67.27333333333333	65.64	63.24666666666667	59.986666666666665	53.553333333333335	0.0
0.0	53.28666666666667	59.49333333333333	62.766666666666666	65.29333333333334	67.35333333333334	68.97333333333333	70.05333333333333	71.16666666666667	72.24666666666667	72.88	73.31333333333333	73.42666666666666	73.54666666666667	73.77333333333333	74.05333333333333	74.07333333333334	74.43333333333334	74.20666666666666	74.21333333333334	74.05333333333333	74.01333333333334	74.0	73.74	73.44	73.02	72.51333333333334	71.79333333333334	70.85333333333334	70.03333333333333	68.79333333333334	67.26	65.49333333333334	62.96	59.64666666666667	53.63333333333333	0.0
0.0	53.49333333333333	59.60666666666667	63.1	65.82666666666667	67.62	69.23333333333333	70.68	70.92666666666666	71.92	72.48666666666666	73.21333333333334	73.26666666666667	73.88	73.82	74.18666666666667	74.45333333333333	74.67333333333333	74.62666666666667	74.62	74.56	74.40666666666667	74.26666666666667	73.48	73.30666666666667	73.04666666666667	72.28	72.0	70.92	70.28	69.02	67.2	65.49333333333334	63.153333333333336	59.513333333333335	53.96666666666667	0.0
0.0	53.54666666666667	60.026666666666664	63.22	65.72666666666667	67.58666666666667	69.42666666666666	70.5	71.41333333333333	72.55333333333333	72.95333333333333	73.80666666666667	73.85333333333334	74.41333333333333	74.63333333333334	75.18666666666667	75.10666666666667	75.3	75.07333333333334	75.14	75.24666666666667	74.75333333333333	74.67333333333333	74.06	73.76	73.30666666666667	72.68666666666667	72.29333333333334	71.23333333333333	70.48666666666666	69.38	68.15333333333334	66.1	63.20666666666666	59.8	53.79333333333334	0.0
0.0	53.67333333333333	60.16	63.126666666666665	66.07333333333334	67.95333333333333	69.58666666666667	70.26	71.62	72.64	73.14	73.86666666666666	74.16	74.55333333333333	74.61333333333333	74.86666666666666	75.32666666666667	75.32666666666667	75.64666666666666	75.58	75.19333333333333	74.98666666666666	75.00666666666666	74.68666666666667	74.11333333333333	73.58	72.96666666666667	72.72666666666667	71.96666666666667	70.8	69.44666666666667	67.89333333333333	65.84666666666666	63.586666666666666	60.053333333333335	54.10666666666667	0.0
0.0	53.526666666666664	59.88666666666666	63.446666666666665	65.81333333333333	67.65333333333334	69.14	69.99333333333334	71.00666666666666	71.96666666666667	72.66	73.24	73.90666666666667	74.26	74.67333333333333	74.66	74.96666666666667	74.74	74.8	75.29333333333334	75.02	74.94666666666667	74.68	74.14	74.05333333333333	73.57333333333334	73.11333333333333	72.4	71.57333333333334	70.50666666666666	69.17333333333333	67.82	65.96666666666667	63.333333333333336	59.906666666666666	53.64666666666667	0.0
0.0	53.72666666666667	59.64666666666667	63.42	65.82666666666667	67.53333333333333	69.18	70.09333333333333	71.22666666666667	72.01333333333334	72.77333333333333	73.42	74.22666666666667	74.42666666666666	75.00666666666666	75.08	75.28666666666666	75.42666666666666	75.21333333333334	75.08	75.41333333333333	75.14	74.74666666666667	74.30666666666667	73.66	73.12	72.76	71.98	71.17333333333333	70.42	69.27333333333333	67.89333333333333	66.08	63.666666666666664	59.873333333333335	53.68	0.0
0.0	53.57333333333333	60.2	63.38666666666666	65.75333333333333	67.63333333333334	69.03333333333333	69.66	70.81333333333333	71.98	72.83333333333333	73.15333333333334	73.52	73.84	74.34666666666666	75.06	75.04	74.82	74.78666666666666	74.64666666666666	74.64	74.36	73.78	73.87333333333333	73.53333333333333	73.31333333333333	72.74666666666667	72.02	70.99333333333334	70.22666666666667	68.74	67.01333333333334	65.76	63.49333333333333	60.04666666666667	54.026666666666664	0.0
0.0	53.62	59.406666666666666	62.986666666666665	65.69333333333333	67.36666666666666	69.0	69.85333333333334	70.66666666666667	71.88666666666667	72.75333333333333	73.36666666666666	73.78	74.12666666666667	74.45333333333333	74.52	74.77333333333333	75.09333333333333	75.10666666666667	74.74666666666667	74.78	74.81333333333333	74.44666666666667	74.12666666666667	73.72	73.16	72.80666666666667	71.74666666666667	71.05333333333333	70.14	68.94	67.60666666666667	66.12	63.5	60.06	54.29333333333334	0.0
0.0	53.42	59.49333333333333	63.04	65.84666666666666	67.56666666666666	69.1	70.44	70.95333333333333	72.02	72.81333333333333	73.22666666666667	73.77333333333333	74.12	74.61333333333333	74.92	74.85333333333334	75.08	75.48	75.19333333333333	75.19333333333333	74.78	74.38666666666667	74.30666666666667	74.04666666666667	73.36	72.52	72.30666666666667	71.44	70.31333333333333	68.84	67.38666666666667	65.76	63.126666666666665	59.44	53.6	0.0
0.0	54.00666666666667	60.20666666666666	63.7	66.01333333333334	68.01333333333334	69.25333333333333	70.33333333333333	71.52666666666667	72.26	73.06666666666666	73.63333333333334	74.00666666666666	74.38	74.62666666666667	75.3	75.37333333333333	75.31333333333333	75.52	75.18666666666667	75.14666666666666	75.04	75.14	74.95333333333333	74.82666666666667	74.21333333333334	73.93333333333334	72.98	72.06	71.0	69.89333333333333	68.40666666666667	66.78	64.28	60.406666666666666	54.026666666666664	0.0
0.0	53.906666666666666	59.82666666666667	63.7	66.08	68.1	69.65333333333334	70.47333333333333	71.43333333333334	72.22666666666667	72.74	73.74666666666667	74.1	74.41333333333333	74.79333333333334	74.69333333333333	75.18666666666667	75.32	75.54	75.64	75.36666666666666	75.28666666666666	74.76666666666667	74.31333333333333	73.96	73.63333333333334	72.86666666666666	72.49333333333334	71.54	70.84	69.44	68.1	66.2	63.76	60.00666666666667	54.153333333333336	0.0
0.0	53.74	59.62	62.973333333333336	65.80666666666667	67.32666666666667	68.81333333333333	69.77333333333333	71.1	71.86	72.49333333333334	72.67333333333333	73.46	73.5	74.00666666666666	74.54666666666667	74.83333333333333	75.01333333333334	75.0	74.49333333333334	74.11333333333333	74.17333333333333	73.8	74.02666666666667	73.56	72.99333333333334	72.46	71.52	70.88666666666667	69.67333333333333	69.03333333333333	67.58	66.11333333333333	63.35333333333333	59.733333333333334	53.56	0.0
0.0	54.086666666666666	60.32	63.68666666666667	66.04666666666667	68.01333333333334	69.64666666666666	70.53333333333333	71.40666666666667	71.86666666666666	72.80666666666667	73.04666666666667	73.92	73.90666666666667	74.13333333333334	74.56666666666666	74.71333333333334	75.06666666666666	74.89333333333333	74.8	75.06	74.83333333333333	74.9	74.46666666666667	74.33333333333333	73.82666666666667	73.47333333333333	72.79333333333334	71.52	71.02	69.67333333333333	68.04666666666667	66.5	63.46	60.18666666666667	54.10666666666667	0.0
0.0	53.666666666666664	59.86666666666667	63.29333333333334	65.58	67.32	68.92	70.08	71.24	72.1	72.46	73.33333333333333	74.12	74.56666666666666	74.93333333333334	75.16666666666667	75.24	75.57333333333334	75.31333333333333	75.33333333333333	75.19333333333333	75.02666666666667	74.84	74.16	73.80666666666667	73.21333333333334	72.77333333333333	72.34666666666666	71.34	70.22666666666667	68.9	67.38666666666667	65.62	63.1	59.68	53.78	0.0
0.0	53.486666666666665	59.79333333333334	63.526666666666664	65.98	67.64	69.14	70.60666666666667	71.65333333333334	72.58	73.17333333333333	73.36666666666666	74.16666666666667	74.99333333333334	75.48	75.48	74.86666666666666	75.74	75.41333333333333	75.09333333333333	75.18	75.59333333333333	75.13333333333334	74.79333333333334	74.3	74.1	73.24	72.63333333333334	71.74	70.56666666666666	69.16666666666667	67.68666666666667	65.9	63.20666666666666	60.04666666666667	53.86666666666667	0.0
0.0	53.71333333333333	59.48	63.193333333333335	65.42	67.26666666666667	68.93333333333334	70.07333333333334	70.93333333333334	71.57333333333334	72.26	72.86	73.88666666666667	73.78	74.15333333333334	74.5	74.44	74.44666666666667	74.95333333333333	74.79333333333334	74.69333333333333	74.48666666666666	74.52666666666667	74.13333333333334	73.76	73.06666666666666	72.48	71.92	71.21333333333334	70.26666666666667	68.98666666666666	67.90666666666667	66.03333333333333	63.29333333333334	59.94	53.64	0.0
0.0	53.973333333333336	60.32	63.64	66.38666666666667	67.88666666666667	69.0	70.41333333333333	71.31333333333333	72.29333333333334	73.08	73.83333333333333	73.99333333333334	74.44666666666667	74.68666666666667	74.94666666666667	75.48666666666666	75.34666666666666	75.14	75.34	75.04	74.65333333333334	74.30666666666667	74.06	73.56	73.54666666666667	73.04	72.22	71.34	70.48666666666666	69.39333333333333	68.05333333333333	66.34	63.486666666666665	60.1	53.7	0.0
0.0	53.71333333333333	59.846666666666664	63.14	65.65333333333334	67.24	68.57333333333334	70.08	70.54666666666667	71.43333333333334	72.64	73.44666666666667	73.41333333333333	73.86	74.62	74.92	74.84666666666666	74.93333333333334	75.08	75.15333333333334	74.84	74.76666666666667	74.34666666666666	73.94666666666667	73.62666666666667	73.17333333333333	72.90666666666667	72.26666666666667	71.34	70.29333333333334	69.09333333333333	67.48666666666666	65.84	63.11333333333334	59.79333333333334	53.85333333333333	0.0
0.0	53.586666666666666	59.46666666666667	63.18666666666667	65.45333333333333	67.52	68.62666666666667	70.07333333333334	71.26	71.78	72.24	72.70666666666666	73.35333333333334	73.24	73.9	74.06666666666666	74.21333333333334	74.42666666666666	74.40666666666667	74.42666666666666	74.43333333333334	74.14666666666666	74.16666666666667	73.95333333333333	73.47333333333333	73.33333333333333	72.56666666666666	71.72	71.05333333333333	70.21333333333334	68.49333333333334	67.31333333333333	65.74666666666667	62.88666666666666	59.35333333333333	53.373333333333335	0.0
0.0	53.88666666666666	59.986666666666665	63.306666666666665	65.72	67.72	69.22666666666667	70.38	71.70666666666666	72.22	73.09333333333333	73.56	73.77333333333333	74.16	74.53333333333333	75.05333333333333	75.14	75.05333333333333	75.34666666666666	75.04	74.98666666666666	75.03333333333333	74.64	73.58	73.40666666666667	72.90666666666667	72.52666666666667	71.72	71.37333333333333	70.1	68.92666666666666	67.58666666666667	65.57333333333334	63.11333333333334	59.92	53.733333333333334	0.0
0.0	53.39333333333333	59.53333333333333	62.586666666666666	65.58666666666667	67.59333333333333	69.01333333333334	70.1	71.09333333333333	71.58	72.28	72.85333333333334	73.58666666666667	73.5	74.01333333333334	74.14	74.66	74.81333333333333	74.52	74.39333333333333	74.21333333333334	74.20666666666666	74.26666666666667	73.91333333333333	73.41333333333333	73.04	72.40666666666667	71.68	71.24	69.98	69.22666666666667	67.44	66.05333333333333	63.13333333333333	59.53333333333333	53.126666666666665	0.0
0.0	53.96	59.906666666666666	63.46666666666667	65.96	67.18666666666667	68.56666666666666	70.07333333333334	71.74666666666667	72.28	72.98	73.34	73.86666666666666	74.40666666666667	74.77333333333333	75.05333333333333	74.97333333333333	75.28666666666666	75.04	75.04666666666667	75.36	75.21333333333334	74.70666666666666	74.52666666666667	74.12	73.90666666666667	73.32666666666667	72.3	71.97333333333333	71.10666666666667	69.72666666666667	68.07333333333334	66.22666666666667	63.733333333333334	60.25333333333333	54.04666666666667	0.0
0.0	53.733333333333334	59.906666666666666	63.486666666666665	65.73333333333333	67.85333333333334	69.22	70.32666666666667	71.43333333333334	72.38666666666667	73.10666666666667	73.50666666666666	73.88666666666667	74.53333333333333	74.72	74.98	75.36666666666666	75.19333333333333	75.18	75.33333333333333	75.13333333333334	75.34666666666666	75.06666666666666	74.36	74.2	73.72666666666667	73.37333333333333	72.73333333333333	71.45333333333333	70.64	69.53333333333333	68.17333333333333	66.44	63.53333333333333	59.45333333333333	53.74	0.0
0.0	53.72	59.806666666666665	63.24666666666667	65.64666666666666	67.64	68.9	70.42666666666666	71.4	72.0	72.77333333333333	73.38	73.64	74.12	74.55333333333333	74.26	74.32666666666667	74.44666666666667	74.74666666666667	75.04666666666667	74.78666666666666	74.77333333333333	74.36	74.42	73.96666666666667	73.63333333333334	72.81333333333333	71.59333333333333	71.03333333333333	69.83333333333333	68.68666666666667	67.52	65.60666666666667	62.946666666666665	59.39333333333333	53.50666666666667	0.0
0.0	53.586666666666666	59.44	63.266666666666666	65.8	67.81333333333333	69.0	70.69333333333333	71.38666666666667	71.95333333333333	72.58666666666667	73.30666666666667	73.81333333333333	74.01333333333334	74.16666666666667	74.35333333333334	74.69333333333333	74.74	74.72666666666667	74.45333333333333	74.86	74.35333333333334	74.18	73.97333333333333	73.42666666666666	72.82	72.62	71.76	71.04	69.66	68.91333333333333	67.41333333333333	65.55333333333333	62.82666666666667	59.86666666666667	53.82	0.0
0.0	53.72666666666667	59.79333333333334	63.32	65.82666666666667	67.74666666666667	69.15333333333334	70.45333333333333	71.36	72.01333333333334	72.65333333333334	73.35333333333334	73.93333333333334	74.24	74.66666666666667	74.62666666666667	75.08	75.22666666666667	75.01333333333334	74.98666666666666	74.62666666666667	74.80666666666667	74.61333333333333	74.32	73.91333333333333	73.29333333333334	72.88666666666667	72.44666666666667	71.18666666666667	70.62666666666667	69.39333333333333	67.60666666666667	65.66	63.54	59.82	53.733333333333334	0.0
0.0	53.56666666666667	59.7	63.4	65.74	67.41333333333333	68.62	70.15333333333334	71.34	71.71333333333334	72.32666666666667	72.82666666666667	73.30666666666667	73.48666666666666	74.08	73.84666666666666	74.24666666666667	74.20666666666666	74.18	74.14	74.12	73.6	73.54	73.36666666666666	72.90666666666667	72.3	71.88666666666667	71.38666666666667	70.64666666666666	70.2	68.75333333333333	67.43333333333334	65.46666666666667	62.86	59.593333333333334	53.413333333333334	0.0
0.0	53.486666666666665	59.98	63.446666666666665	65.94666666666667	67.72666666666667	69.5	70.41333333333333	71.34666666666666	72.36	72.78	73.52	73.88666666666667	74.36666666666666	74.75333333333333	74.58666666666667	74.64	75.04	74.88	74.82	74.87333333333333	74.27333333333333	74.4	74.42	73.82666666666667	73.24	72.75333333333333	72.38	71.17333333333333	70.28666666666666	68.84666666666666	67.92666666666666	65.80666666666667	63.57333333333333	59.733333333333334	53.71333333333333	0.0
0.0	54.126666666666665	59.74666666666667	63.54666666666667	66.00666666666666	67.87333333333333	68.88666666666667	70.52666666666667	71.34666666666666	72.25333333333333	72.39333333333333	73.04666666666667	73.46666666666667	73.80666666666667	73.82	74.4	74.78666666666666	74.66666666666667	75.06666666666666	74.83333333333333	75.06	74.52666666666667	74.48666666666666	74.07333333333334	73.54	72.98666666666666	72.52666666666667	71.98	71.14	70.24	68.75333333333333	67.97333333333333	65.54666666666667	63.586666666666666	60.06	53.68666666666667	0.0
0.0	53.77333333333333	59.833333333333336	63.26	66.00666666666666	67.77333333333333	68.94	70.63333333333334	71.65333333333334	72.31333333333333	72.83333333333333	73.34666666666666	73.94	73.82	74.44	74.62666666666667	74.78	74.4	74.32	74.64666666666666	74.13333333333334	73.81333333333333	73.73333333333333	73.74666666666667	73.37333333333333	72.7	72.58666666666667	71.78	71.13333333333334	70.14666666666666	68.88	67.76666666666667	65.68	62.96	59.58	53.653333333333336	0.0
0.0	53.94	60.166666666666664	63.96	66.31333333333333	67.64	69.2	70.29333333333334	71.44666666666667	72.72	73.05333333333333	73.84	73.60666666666667	74.22	74.80666666666667	74.60666666666667	74.97333333333333	74.77333333333333	75.05333333333333	75.13333333333334	75.17333333333333	75.1	74.9	74.84666666666666	74.31333333333333	73.55333333333333	73.25333333333333	72.37333333333333	71.96	70.4	69.36	67.84666666666666	66.38	63.70666666666666	59.973333333333336	54.04666666666667	0.0
0.0	53.9	59.96666666666667	63.7	65.81333333333333	67.80666666666667	69.08	70.66666666666667	71.51333333333334	72.58666666666667	73.29333333333334	73.66	74.37333333333333	74.57333333333334	75.19333333333333	75.02666666666667	75.20666666666666	75.49333333333334	75.66666666666667	75.94	75.52	75.30666666666667	75.26	74.78666666666666	74.35333333333334	73.61333333333333	73.08666666666667	72.59333333333333	71.78666666666666	70.94	69.64	68.18	66.81333333333333	64.34666666666666	60.653333333333336	54.08	0.0
0.0	53.67333333333333	59.75333333333333	63.13333333333333	65.87333333333333	67.54666666666667	68.70666666666666	69.80666666666667	70.99333333333334	71.98666666666666	72.3	72.88666666666667	73.36666666666666	73.54666666666667	74.0	74.2	74.92666666666666	74.44666666666667	74.66	74.76	74.58	74.72666666666667	74.26666666666667	73.82666666666667	73.56666666666666	73.28	72.32666666666667	71.82666666666667	70.98	70.2	69.20666666666666	67.7	65.61333333333333	63.233333333333334	59.526666666666664	53.79333333333334	0.0
0.0	53.733333333333334	59.60666666666667	63.153333333333336	65.52	67.24	69.08	70.14666666666666	71.33333333333333	72.02	72.97333333333333	73.75333333333333	73.86666666666666	74.06666666666666	74.16	74.93333333333334	74.82666666666667	75.06666666666666	75.42666666666666	75.06666666666666	74.51333333333334	74.46	74.38	74.49333333333334	73.87333333333333	72.96	72.6	71.92666666666666	71.20666666666666	70.06	69.17333333333333	67.43333333333334	65.7	63.61333333333334	59.60666666666667	53.45333333333333	0.0
0.0	53.45333333333333	59.92666666666667	63.413333333333334	66.02	67.86666666666666	69.40666666666667	70.58	71.58	72.14666666666666	72.62	73.15333333333334	73.84666666666666	73.80666666666667	74.15333333333334	74.49333333333334	74.63333333333334	74.73333333333333	74.48	74.30666666666667	74.64	74.56	74.34	73.94	73.29333333333334	73.15333333333334	72.84	71.96666666666667	71.5	70.32	69.06666666666666	67.32666666666667	65.70666666666666	63.42	59.766666666666666	53.553333333333335	0.0
0.0	53.166666666666664	59.27333333333333	62.96666666666667	65.22	67.32666666666667	68.55333333333333	69.75333333333333	70.45333333333333	71.35333333333334	72.22	72.92	73.43333333333334	73.56	73.96	74.64	74.82	74.74	74.58	74.78	74.84666666666666	74.66	74.61333333333333	73.72	73.57333333333334	73.05333333333333	72.03333333333333	71.35333333333334	71.00666666666666	69.62666666666667	68.52	67.14666666666666	65.68666666666667	63.06	59.92666666666667	54.093333333333334	0.0
0.0	53.88666666666666	60.08	63.61333333333334	65.97333333333333	67.44666666666667	68.72666666666667	70.16	71.00666666666666	71.73333333333333	72.77333333333333	73.06666666666666	73.5	73.85333333333334	74.26	74.14666666666666	74.34	74.66666666666667	74.58666666666667	75.06666666666666	75.03333333333333	74.85333333333334	74.73333333333333	74.4	73.86	73.32666666666667	72.57333333333334	71.90666666666667	71.36	70.46666666666667	69.36666666666666	67.95333333333333	66.29333333333334	63.413333333333334	60.026666666666664	53.71333333333333	0.0
0.0	53.96666666666667	59.89333333333333	63.60666666666667	66.13333333333334	68.34666666666666	69.44666666666667	71.10666666666667	72.00666666666666	72.60666666666667	73.79333333333334	74.22	74.35333333333334	74.95333333333333	75.40666666666667	75.77333333333333	75.87333333333333	76.18	76.07333333333334	76.05333333333333	75.84	75.73333333333333	75.36666666666666	74.78666666666666	74.28666666666666	73.95333333333333	73.64666666666666	72.74666666666667	71.87333333333333	70.78666666666666	69.10666666666667	67.51333333333334	65.56666666666666	63.0	59.72	54.10666666666667	0.0
0.0	53.88666666666666	60.17333333333333	63.13333333333333	65.45333333333333	67.4	68.9	70.2	71.28666666666666	71.96666666666667	72.87333333333333	73.26	74.16	74.15333333333334	74.60666666666667	74.67333333333333	75.35333333333334	75.32	74.86	75.36666666666666	75.18	74.85333333333334	75.18666666666667	74.62666666666667	73.93333333333334	73.4	72.86666666666666	72.44666666666667	71.35333333333334	70.56666666666666	69.38	67.72	66.17333333333333	63.72666666666667	60.02	53.67333333333333	0.0
0.0	53.74666666666667	59.733333333333334	63.31333333333333	65.94666666666667	67.83333333333333	69.24	70.52	71.68	72.48	72.94	73.41333333333333	73.83333333333333	74.42	74.86	74.62666666666667	74.97333333333333	74.79333333333334	74.66666666666667	74.76	74.88	74.54	74.59333333333333	74.85333333333334	74.32	73.44	72.85333333333334	72.16	71.50666666666666	70.09333333333333	69.36666666666666	67.74	65.66666666666667	63.32	59.86	54.04	0.0
0.0	53.913333333333334	60.02	63.50666666666667	65.87333333333333	67.77333333333333	69.04	70.17333333333333	71.5	72.02666666666667	72.72	73.48	73.88666666666667	74.18	74.38	74.74	75.21333333333334	75.28666666666666	75.04666666666667	75.26666666666667	74.89333333333333	74.75333333333333	74.5	74.08	73.76666666666667	73.45333333333333	72.75333333333333	72.14666666666666	71.22	69.89333333333333	69.00666666666666	67.53333333333333	65.62666666666667	63.22	59.88	53.82666666666667	0.0
0.0	53.49333333333333	59.593333333333334	63.026666666666664	65.05333333333333	66.86666666666666	68.28	69.82666666666667	70.45333333333333	71.41333333333333	72.26	73.04	73.22	73.45333333333333	73.52666666666667	74.17333333333333	74.21333333333334	74.54	74.43333333333334	74.29333333333334	74.06666666666666	73.82666666666667	74.08666666666667	73.8	73.44	72.42	72.2	71.62	70.99333333333334	70.02	68.7	67.10666666666667	65.44	63.42	60.14666666666667	53.75333333333333	0.0
0.0	53.71333333333333	59.58	63.373333333333335	66.0	67.73333333333333	69.56666666666666	70.54666666666667	72.11333333333333	72.63333333333334	73.29333333333334	73.8	74.25333333333333	74.54666666666667	75.17333333333333	74.92	75.05333333333333	75.47333333333333	75.27333333333333	75.38666666666667	75.30666666666667	74.96	74.74	74.47333333333333	73.72666666666667	73.27333333333333	72.63333333333334	71.86	71.12	70.38666666666667	69.4	67.92666666666666	65.94	63.72	60.08	53.946666666666665	0.0
0.0	53.28666666666667	59.22666666666667	62.75333333333333	65.60666666666667	67.31333333333333	68.89333333333333	70.22	71.40666666666667	71.76	72.33333333333333	72.76	73.2	73.70666666666666	74.08	74.26666666666667	74.36666666666666	74.55333333333333	74.73333333333333	74.78666666666666	74.64	74.68	74.30666666666667	74.01333333333334	73.49333333333334	73.05333333333333	72.76	72.28666666666666	71.27333333333333	70.36	68.73333333333333	67.28	65.12	62.98	59.346666666666664	53.32	0.0
0.0	53.92666666666667	60.306666666666665	63.74666666666667	66.14666666666666	68.06666666666666	69.26666666666667	70.4	71.61333333333333	72.51333333333334	73.38	73.61333333333333	74.46666666666667	74.92	75.15333333333334	75.44	75.86666666666666	75.99333333333334	76.35333333333334	75.84	75.44666666666667	75.51333333333334	75.69333333333333	75.27333333333333	74.87333333333333	74.43333333333334	73.76666666666667	72.94	72.28666666666666	70.88	69.66	68.42	66.38	63.846666666666664	60.406666666666666	54.24	0.0
0.0	53.66	60.026666666666664	63.61333333333334	65.63333333333334	67.76	69.47333333333333	70.46	71.20666666666666	72.29333333333334	73.08666666666667	73.66	73.96	74.38666666666667	74.85333333333334	74.71333333333334	75.0	74.88666666666667	75.34	75.16	74.79333333333334	75.02666666666667	74.48	74.44	74.01333333333334	73.11333333333333	72.78666666666666	72.04666666666667	71.04666666666667	70.07333333333334	68.66666666666667	67.54	65.83333333333333	63.153333333333336	59.6	53.75333333333333	0.0
0.0	53.973333333333336	60.06666666666667	63.79333333333334	66.08666666666667	67.86666666666666	69.82	70.68	71.34	72.21333333333334	72.51333333333334	73.72666666666667	73.63333333333334	74.37333333333333	74.58666666666667	74.95333333333333	75.18	75.21333333333334	75.08	75.31333333333333	75.3	75.32	74.92666666666666	74.11333333333333	73.72	73.48	72.62	71.94666666666667	71.24666666666667	70.24	68.82	67.47333333333333	65.84	63.093333333333334	59.626666666666665	53.86	0.0
0.0	53.57333333333333	59.64	63.266666666666666	65.74	67.46666666666667	68.92666666666666	70.47333333333333	71.14666666666666	72.04	72.54666666666667	73.04666666666667	73.55333333333333	74.38	74.74	74.58666666666667	74.46	74.73333333333333	74.68666666666667	75.12666666666667	75.22	75.00666666666666	74.59333333333333	74.44666666666667	73.84666666666666	73.51333333333334	72.97333333333333	72.54	71.38666666666667	70.27333333333333	69.34	67.84	65.85333333333334	63.56	59.56	53.60666666666667	0.0
0.0	53.8	59.806666666666665	63.48	65.92666666666666	67.69333333333333	68.93333333333334	70.21333333333334	70.91333333333333	72.21333333333334	72.46666666666667	73.30666666666667	73.78	73.98666666666666	74.43333333333334	74.43333333333334	74.50666666666666	74.46666666666667	75.02	74.97333333333333	74.42666666666666	74.02	74.09333333333333	73.94	73.27333333333333	72.77333333333333	72.46666666666667	71.9	70.96666666666667	70.21333333333334	69.06666666666666	67.62	65.84	63.31333333333333	59.766666666666666	53.693333333333335	0.0
0.0	53.74	60.13333333333333	63.346666666666664	65.81333333333333	67.49333333333334	69.13333333333334	69.91333333333333	71.24	71.6	72.28666666666666	73.09333333333333	73.30666666666667	74.04666666666667	74.45333333333333	74.96	75.06666666666666	74.99333333333334	74.79333333333334	74.92	74.92666666666666	74.38666666666667	73.84666666666666	74.06666666666666	73.51333333333334	73.25333333333333	72.28	71.94	71.03333333333333	70.1	68.85333333333334	67.36	65.45333333333333	62.79333333333334	59.68666666666667	53.54	0.0
0.0	53.46666666666667	59.82	63.513333333333335	66.26666666666667	67.83333333333333	68.88	70.71333333333334	71.49333333333334	72.04666666666667	72.79333333333334	73.43333333333334	73.63333333333334	74.14666666666666	74.55333333333333	75.04666666666667	75.10666666666667	75.23333333333333	74.92	74.72	74.7	74.60666666666667	73.89333333333333	73.70666666666666	73.45333333333333	72.98	72.32666666666667	71.64	70.86	70.16666666666667	68.98666666666666	67.78	66.37333333333333	63.52	59.846666666666664	53.72666666666667	0.0
0.0	53.513333333333335	59.60666666666667	63.43333333333333	65.45333333333333	67.22	68.84666666666666	69.82	70.89333333333333	71.4	72.35333333333334	73.4	73.43333333333334	74.20666666666666	74.38	74.75333333333333	74.78	74.92	75.04666666666667	74.54666666666667	74.65333333333334	74.42666666666666	74.64	74.23333333333333	73.87333333333333	73.05333333333333	72.56666666666666	71.74666666666667	71.29333333333334	70.59333333333333	69.29333333333334	67.92666666666666	66.29333333333334	63.54666666666667	59.81333333333333	53.84	0.0
0.0	54.22	59.946666666666665	63.54	66.28666666666666	67.73333333333333	68.94	70.25333333333333	71.20666666666666	71.99333333333334	72.81333333333333	73.49333333333334	73.54666666666667	73.92666666666666	74.53333333333333	74.33333333333333	74.86	74.4	74.88666666666667	74.64	74.42	74.42666666666666	74.46	74.34	73.64	73.4	73.04666666666667	72.03333333333333	71.43333333333334	70.32666666666667	69.17333333333333	67.8	66.22	63.54	60.36666666666667	53.86	0.0
0.0	53.84	60.3	63.56666666666667	65.99333333333334	67.6	69.5	70.7	71.46	72.05333333333333	72.73333333333333	73.74	74.30666666666667	74.74	74.88	75.36	75.36666666666666	75.12666666666667	75.2	75.19333333333333	75.00666666666666	74.72666666666667	74.38	74.04666666666667	74.06666666666666	72.95333333333333	72.36	71.78666666666666	71.39333333333333	70.31333333333333	69.22666666666667	67.92666666666666	66.16	63.56	59.94	53.64666666666667	0.0
0.0	53.94	60.166666666666664	63.86666666666667	66.16	67.80666666666667	69.39333333333333	70.85333333333334	71.95333333333333	72.38666666666667	73.25333333333333	73.61333333333333	74.42666666666666	74.77333333333333	74.84	75.24666666666667	75.08	75.35333333333334	75.4	75.75333333333333	75.10666666666667	74.87333333333333	74.86666666666666	74.63333333333334	74.11333333333333	73.52	73.49333333333334	72.59333333333333	71.79333333333334	70.95333333333333	69.41333333333333	67.98	66.46666666666667	63.72	59.96666666666667	54.10666666666667	0.0
0.0	53.61333333333334	59.82666666666667	63.28	65.82666666666667	67.70666666666666	69.39333333333333	70.76	71.51333333333334	71.8	72.88666666666667	72.92666666666666	74.16666666666667	74.17333333333333	74.42	75.06666666666666	75.06666666666666	74.61333333333333	74.96	74.78	74.54666666666667	74.87333333333333	74.7	74.34	73.99333333333334	73.62	72.89333333333333	72.19333333333333	71.26	70.49333333333334	68.85333333333334	67.35333333333334	66.11333333333333	63.38666666666666	59.92666666666667	53.46666666666667	0.0
0.0	53.833333333333336	59.76	63.013333333333335	65.54	67.22	68.68666666666667	70.14666666666666	71.02	71.80666666666667	72.58	72.91333333333333	73.43333333333334	74.14666666666666	74.32666666666667	74.88	75.14	75.09333333333333	75.47333333333333	75.30666666666667	75.03333333333333	74.66666666666667	74.44	74.21333333333334	73.98	73.7	73.00666666666666	72.71333333333334	71.54	70.20666666666666	69.00666666666666	67.52	65.79333333333334	63.553333333333335	59.74666666666667	53.56666666666667	0.0
0.0	53.666666666666664	60.0	63.846666666666664	65.96	67.42	68.86666666666666	70.38666666666667	71.13333333333334	71.83333333333333	72.88666666666667	73.11333333333333	74.13333333333334	74.28	74.74	74.94666666666667	74.95333333333333	74.86666666666666	75.04	74.94666666666667	74.64	74.67333333333333	74.50666666666666	74.49333333333334	74.26	73.81333333333333	73.32666666666667	72.55333333333333	71.66	70.76666666666667	69.66	68.07333333333334	65.92666666666666	63.85333333333333	60.013333333333335	54.04666666666667	0.0
0.0	53.56666666666667	59.88	63.18666666666667	65.54	67.51333333333334	69.06666666666666	70.37333333333333	71.16	71.53333333333333	72.41333333333333	73.32	73.82	73.56	73.96666666666667	74.10666666666667	74.24	74.63333333333334	74.63333333333334	75.00666666666666	74.20666666666666	73.78666666666666	74.07333333333334	73.79333333333334	73.44	73.1	72.64	71.76	70.82666666666667	70.36	68.98666666666666	67.11333333333333	65.67333333333333	62.94	59.50666666666667	53.25333333333333	0.0
0.0	53.78666666666667	59.8	63.5	66.36666666666666	67.87333333333333	69.23333333333333	70.81333333333333	71.92	72.46666666666667	73.18	73.55333333333333	73.92666666666666	73.97333333333333	73.96666666666667	73.98666666666666	75.02	74.82666666666667	74.78666666666666	74.94666666666667	74.86	74.54	74.45333333333333	73.93333333333334	73.86	73.54666666666667	72.76666666666667	71.88	71.39333333333333	70.08666666666667	69.02666666666667	67.60666666666667	65.44	63.38	59.6	53.78	0.0
0.0	53.7	59.56666666666667	63.306666666666665	65.62666666666667	67.45333333333333	69.2	70.21333333333334	70.85333333333334	71.46	72.38666666666667	72.96666666666667	73.35333333333334	74.0	74.09333333333333	74.10666666666667	74.52	74.53333333333333	74.61333333333333	74.72666666666667	74.84666666666666	74.47333333333333	74.06666666666666	73.56666666666666	73.27333333333333	72.84	71.91333333333333	71.31333333333333	70.58666666666667	69.88	68.62	67.13333333333334	65.33333333333333	63.12	59.78666666666667	53.77333333333333	0.0
0.0	53.733333333333334	60.266666666666666	63.60666666666667	66.02666666666667	68.24	69.48	70.88666666666667	71.80666666666667	72.28666666666666	73.13333333333334	74.14	74.60666666666667	74.44666666666667	75.10666666666667	75.04666666666667	75.3	75.11333333333333	75.62666666666667	75.57333333333334	75.4	75.19333333333333	75.27333333333333	74.85333333333334	73.86666666666666	73.50666666666666	73.2	72.45333333333333	71.28666666666666	70.53333333333333	69.54	67.9	65.93333333333334	63.553333333333335	60.25333333333333	54.04666666666667	0.0
0.0	53.62	60.38	63.833333333333336	66.08666666666667	67.94666666666667	69.32666666666667	70.52666666666667	71.47333333333333	72.34666666666666	73.04	73.72666666666667	74.04	74.4	74.82666666666667	75.07333333333334	75.52	75.45333333333333	75.18	75.03333333333333	74.93333333333334	75.12	74.4	74.04666666666667	73.81333333333333	73.04	72.98	72.5	71.48	70.65333333333334	69.37333333333333	67.86	65.77333333333333	63.653333333333336	59.84	53.61333333333334	0.0
0.0	53.873333333333335	59.913333333333334	63.766666666666666	66.0	67.67333333333333	68.9	70.26	70.94666666666667	71.78666666666666	72.32666666666667	73.2	73.62	73.68666666666667	74.14	74.41333333333333	74.51333333333334	74.77333333333333	74.85333333333334	74.94666666666667	74.78	74.57333333333334	74.28	74.16	73.97333333333333	73.5	72.78666666666666	71.62	70.74	69.9	68.73333333333333	67.20666666666666	65.66666666666667	63.06666666666667	59.39333333333333	53.733333333333334	0.0
0.0	53.52	59.8	63.42	65.94666666666667	67.84666666666666	69.10666666666667	70.28666666666666	71.28	71.93333333333334	72.64	73.86	74.08666666666667	74.38666666666667	74.85333333333334	74.96666666666667	75.31333333333333	75.70666666666666	75.55333333333333	75.75333333333333	75.24666666666667	75.25333333333333	75.46	75.34666666666666	74.7	74.02666666666667	73.45333333333333	72.38	71.76	70.64	69.71333333333334	68.06	66.46666666666667	64.08666666666667	60.42666666666667	53.946666666666665	0.0
0.0	53.68666666666667	59.75333333333333	63.233333333333334	65.68	67.54	69.20666666666666	70.41333333333333	71.50666666666666	72.4	72.79333333333334	73.58666666666667	73.96	74.17333333333333	74.66	74.71333333333334	74.78	75.1	75.44	75.27333333333333	74.89333333333333	74.78666666666666	74.48	74.03333333333333	73.85333333333334	73.39333333333333	72.88	72.64	71.7	70.84666666666666	69.38666666666667	68.02666666666667	65.92666666666666	63.36666666666667	60.14	53.53333333333333	0.0
0.0	53.92666666666667	59.75333333333333	63.4	65.64	68.19333333333333	69.41333333333333	70.66	71.84	72.62666666666667	73.25333333333333	73.94666666666667	74.15333333333334	75.02666666666667	75.13333333333334	74.91333333333333	75.26	74.98	75.3	75.42666666666666	75.18	74.94666666666667	74.62	74.36666666666666	73.87333333333333	73.34	72.93333333333334	72.36666666666666	71.74	70.53333333333333	69.28	67.63333333333334	65.66	63.44	60.32	53.9	0.0
0.0	53.666666666666664	59.94	63.50666666666667	65.88666666666667	67.70666666666666	69.03333333333333	70.49333333333334	71.21333333333334	72.38	72.88	73.29333333333334	73.8	73.92666666666666	74.31333333333333	74.62	75.07333333333334	75.18	75.24666666666667	75.01333333333334	74.53333333333333	74.58666666666667	74.18666666666667	74.03333333333333	73.64	73.42	72.81333333333333	71.94	71.61333333333333	70.14666666666666	69.10666666666667	67.91333333333333	66.07333333333334	63.50666666666667	59.72	53.873333333333335	0.0
0.0	53.74666666666667	59.766666666666666	63.20666666666666	65.6	67.53333333333333	69.20666666666666	70.03333333333333	71.42	72.20666666666666	72.51333333333334	73.26666666666667	73.70666666666666	74.29333333333334	74.22666666666667	74.57333333333334	75.08	74.94666666666667	75.3	75.28	75.06666666666666	75.47333333333333	74.93333333333334	74.51333333333334	74.18666666666667	73.65333333333334	72.94666666666667	72.16666666666667	71.22	70.36666666666666	69.32	67.76	65.81333333333333	63.526666666666664	59.96	53.8	0.0
0.0	53.64666666666667	59.76	63.24	65.89333333333333	67.84666666666666	69.37333333333333	70.42	71.54	72.10666666666667	72.91333333333333	73.78	73.74666666666667	74.14	74.45333333333333	74.98	75.27333333333333	74.70666666666666	75.10666666666667	74.90666666666667	74.62	74.33333333333333	74.28666666666666	74.17333333333333	73.7	73.04666666666667	72.57333333333334	71.54	70.97333333333333	70.11333333333333	68.7	67.36	65.85333333333334	63.473333333333336	59.72	53.5	0.0
0.0	53.68666666666667	59.86	63.26	65.79333333333334	67.48	69.08	70.27333333333333	71.18	71.94	72.37333333333333	73.0	73.59333333333333	74.18	74.50666666666666	74.36	74.67333333333333	75.12666666666667	75.72666666666667	75.4	75.08666666666667	74.79333333333334	74.19333333333333	74.03333333333333	73.92666666666666	73.23333333333333	72.68	71.97333333333333	71.24	70.36666666666666	68.97333333333333	67.68	65.86	63.22	60.2	53.82	0.0
0.0	53.913333333333334	59.86666666666667	63.02	65.6	67.71333333333334	69.15333333333334	70.04666666666667	71.1	71.96	72.77333333333333	73.72666666666667	73.74666666666667	74.06	74.24666666666667	74.52	74.74666666666667	75.13333333333334	74.9	75.28666666666666	75.14666666666666	74.58	74.12666666666667	74.01333333333334	73.44666666666667	73.04666666666667	72.58	71.89333333333333	70.59333333333333	69.79333333333334	68.48	67.23333333333333	65.24	63.16	59.78666666666667	53.82	0.0
0.0	53.49333333333333	59.86	63.25333333333333	65.78666666666666	67.30666666666667	68.84666666666666	69.94666666666667	70.89333333333333	72.0	72.62	73.06	73.37333333333333	73.71333333333334	74.17333333333333	74.59333333333333	74.53333333333333	75.15333333333334	74.84666666666666	74.86	75.0	74.54666666666667	74.06	74.18	73.37333333333333	73.30666666666667	72.13333333333334	71.70666666666666	70.73333333333333	69.44	68.70666666666666	67.28666666666666	65.53333333333333	63.16	59.38666666666666	54.04666666666667	0.0
0.0	53.56666666666667	59.75333333333333	63.32666666666667	65.66666666666667	67.74	69.02	70.26666666666667	71.17333333333333	72.07333333333334	72.67333333333333	72.77333333333333	73.25333333333333	73.61333333333333	74.36666666666666	74.28	74.66666666666667	74.38	74.99333333333334	74.66666666666667	74.84	74.93333333333334	74.25333333333333	74.2	73.96666666666667	73.46	72.46	71.58666666666667	71.42	69.86	69.02	67.47333333333333	65.68666666666667	63.18666666666667	59.77333333333333	53.96	0.0
0.0	53.74	59.7	63.06666666666667	65.66	67.50666666666666	69.16	69.93333333333334	71.21333333333334	71.71333333333334	72.72666666666667	73.43333333333334	74.09333333333333	74.19333333333333	74.34	75.02	75.13333333333334	75.20666666666666	75.12666666666667	74.55333333333333	75.08666666666667	75.4	74.82666666666667	74.28	73.77333333333333	73.15333333333334	72.68	72.24	71.33333333333333	70.22666666666667	69.17333333333333	67.60666666666667	65.43333333333334	62.98	59.72	53.78	0.0
0.0	53.64666666666667	59.653333333333336	63.36	65.66	67.24666666666667	69.10666666666667	70.31333333333333	71.13333333333334	71.97333333333333	72.44666666666667	73.22666666666667	73.8	74.52666666666667	74.87333333333333	75.02666666666667	74.97333333333333	75.24666666666667	75.10666666666667	75.04666666666667	75.06666666666666	74.82	74.82	74.58666666666667	73.76666666666667	73.22	72.88	72.21333333333334	71.05333333333333	70.30666666666667	69.38666666666667	67.92	65.95333333333333	63.473333333333336	59.626666666666665	53.63333333333333	0.0
0.0	53.806666666666665	59.84	63.74	66.10666666666667	67.84666666666666	69.2	70.36666666666666	71.50666666666666	72.26666666666667	72.54	73.33333333333333	73.61333333333333	74.16666666666667	74.3	74.66	75.14666666666666	74.78666666666666	75.19333333333333	75.14	74.98666666666666	74.78	74.76	74.38	73.80666666666667	73.28666666666666	72.76	72.17333333333333	71.32666666666667	70.32666666666667	69.26	67.41333333333333	65.86	63.52	59.92	53.94	0.0
0.0	54.04666666666667	60.43333333333333	63.82	66.00666666666666	67.88666666666667	69.10666666666667	70.34666666666666	71.68	72.48666666666666	73.16666666666667	73.68666666666667	74.38666666666667	74.86666666666666	75.07333333333334	75.39333333333333	75.49333333333334	75.80666666666667	75.57333333333334	75.42666666666666	75.17333333333333	75.16	75.3	74.8	74.33333333333333	73.6	73.03333333333333	72.35333333333334	71.79333333333334	70.61333333333333	69.38	67.90666666666667	66.26666666666667	63.86666666666667	60.06	53.93333333333333	0.0
0.0	53.32	59.64666666666667	62.986666666666665	65.71333333333334	67.28	68.88	70.12666666666667	70.88666666666667	71.76666666666667	71.97333333333333	72.61333333333333	72.98	73.3	73.64666666666666	74.52	74.48	74.51333333333334	74.37333333333333	74.3	74.07333333333334	74.16666666666667	73.74	73.60666666666667	73.09333333333333	72.93333333333334	72.21333333333334	71.81333333333333	70.37333333333333	69.4	68.34666666666666	67.31333333333333	65.31333333333333	63.25333333333333	59.52	53.58	0.0
0.0	53.74666666666667	59.98	63.42	65.68	67.65333333333334	69.03333333333333	70.31333333333333	71.16666666666667	72.0	73.02	73.46666666666667	73.71333333333334	74.16666666666667	74.77333333333333	74.28666666666666	74.86666666666666	74.91333333333333	74.86666666666666	74.74	74.46666666666667	74.73333333333333	74.39333333333333	73.76	73.54	73.34	72.91333333333333	72.13333333333334	71.16	70.27333333333333	69.0	67.49333333333334	65.82	63.486666666666665	59.88666666666666	53.8	0.0
0.0	53.68	59.79333333333334	63.193333333333335	65.2	66.74666666666667	68.39333333333333	69.76666666666667	70.81333333333333	71.81333333333333	72.48666666666666	72.84	73.40666666666667	73.40666666666667	73.99333333333334	74.39333333333333	74.79333333333334	74.69333333333333	74.9	74.50666666666666	74.40666666666667	74.84	74.50666666666666	74.26666666666667	73.78666666666666	73.47333333333333	72.46666666666667	72.31333333333333	71.1	70.24	69.18666666666667	67.64666666666666	66.02666666666667	63.21333333333333	59.973333333333336	53.666666666666664	0.0
0.0	53.74	60.0	63.43333333333333	65.87333333333333	67.59333333333333	69.21333333333334	70.16	71.15333333333334	72.12666666666667	72.7	73.45333333333333	73.97333333333333	74.55333333333333	74.43333333333334	74.94	74.92666666666666	75.13333333333334	75.01333333333334	75.06	75.04666666666667	74.60666666666667	74.88	74.42666666666666	73.76	73.46666666666667	73.02	72.06666666666666	71.42	70.2	69.38666666666667	67.59333333333333	65.66666666666667	63.266666666666666	59.64666666666667	54.02	0.0
0.0	53.946666666666665	59.806666666666665	63.06666666666667	66.22666666666667	67.49333333333334	68.97333333333333	70.14666666666666	70.89333333333333	72.08	73.07333333333334	73.6	73.69333333333333	74.10666666666667	74.61333333333333	74.84666666666666	75.17333333333333	74.88	74.96	74.93333333333334	75.20666666666666	74.68	74.50666666666666	74.33333333333333	73.76	73.09333333333333	72.81333333333333	72.1	70.78	70.1	68.98	67.42666666666666	65.77333333333333	63.18	59.413333333333334	53.77333333333333	0.0
0.0	53.57333333333333	60.04666666666667	63.593333333333334	65.8	67.47333333333333	68.77333333333333	70.34	71.36666666666666	71.86666666666666	72.49333333333334	72.86	73.46	73.83333333333333	74.29333333333334	74.42	74.74	75.01333333333334	75.02666666666667	74.86666666666666	74.76666666666667	74.58666666666667	74.35333333333334	73.86	73.51333333333334	73.24666666666667	72.76666666666667	72.30666666666667	71.22666666666667	70.27333333333333	69.08	67.68	66.02666666666667	63.48	60.00666666666667	53.806666666666665	0.0
0.0	53.72	59.82666666666667	63.32666666666667	65.64	67.32666666666667	68.82666666666667	69.96	71.22	72.28	72.61333333333333	73.18666666666667	73.42666666666666	73.83333333333333	74.08	74.05333333333333	74.43333333333334	74.30666666666667	74.58	74.61333333333333	74.86	74.6	73.77333333333333	73.70666666666666	73.25333333333333	73.2	72.56666666666666	71.9	71.18	70.17333333333333	69.09333333333333	67.30666666666667	65.78666666666666	63.36666666666667	59.486666666666665	53.72	0.0
0.0	54.373333333333335	60.86	64.49333333333334	66.61333333333333	67.9	69.48666666666666	70.7	71.72	72.66666666666667	73.44666666666667	73.86666666666666	74.42	74.59333333333333	74.85333333333334	75.08	75.18	75.16666666666667	74.95333333333333	74.95333333333333	75.06666666666666	74.81333333333333	74.64	74.67333333333333	74.16666666666667	73.76666666666667	73.08666666666667	72.32	71.15333333333334	70.62666666666667	69.06	67.86666666666666	66.25333333333333	63.5	60.16	53.84	0.0
0.0	53.8	59.986666666666665	63.78	65.8	67.84	69.32	70.44	71.69333333333333	72.68	73.54	73.72	74.72666666666667	74.78	74.9	75.09333333333333	75.24666666666667	75.58666666666667	75.74666666666667	75.58666666666667	75.12	74.70666666666666	74.86	74.73333333333333	74.42	74.06666666666666	73.32	72.26	71.85333333333334	70.94	69.32	68.04	65.9	63.373333333333335	59.84	53.61333333333334	0.0
0.0	53.86	59.92	63.9	66.04666666666667	67.94	69.44	70.56	71.52666666666667	72.44	72.83333333333333	73.24666666666667	73.86666666666666	74.09333333333333	74.75333333333333	75.02666666666667	75.25333333333333	75.15333333333334	75.12	75.55333333333333	75.40666666666667	74.83333333333333	74.83333333333333	74.63333333333334	73.79333333333334	73.02666666666667	72.46	71.83333333333333	70.98	70.09333333333333	68.94666666666667	67.49333333333334	65.46	63.666666666666664	60.04666666666667	53.873333333333335	0.0
0.0	53.36	59.6	63.21333333333333	65.36666666666666	67.2	68.58666666666667	70.06666666666666	70.99333333333334	71.77333333333333	72.68	73.32	73.86666666666666	74.08	74.65333333333334	74.57333333333334	74.66666666666667	74.44666666666667	74.61333333333333	74.92	74.67333333333333	74.67333333333333	74.64666666666666	73.66	73.80666666666667	73.01333333333334	72.25333333333333	71.78	70.81333333333333	69.70666666666666	68.57333333333334	67.54	65.74	63.3	59.666666666666664	53.48	0.0
0.0	53.666666666666664	59.666666666666664	63.11333333333334	65.72666666666667	67.49333333333334	69.02	70.18666666666667	70.92666666666666	72.1	73.01333333333334	73.23333333333333	74.04666666666667	74.48666666666666	74.69333333333333	74.92	74.91333333333333	75.22666666666667	75.54	75.16	75.28666666666666	75.64	74.74	74.42	74.2	73.89333333333333	72.94666666666667	72.0	71.59333333333333	70.29333333333334	69.1	67.68	65.68666666666667	63.38666666666666	59.81333333333333	53.62	0.0
0.0	53.43333333333333	59.74	63.333333333333336	65.66666666666667	67.74	68.88	70.01333333333334	71.21333333333334	71.83333333333333	72.48666666666666	73.25333333333333	73.59333333333333	73.8	73.77333333333333	74.56666666666666	74.8	74.63333333333334	75.34	75.04	74.44666666666667	74.49333333333334	74.15333333333334	73.33333333333333	73.35333333333334	72.96666666666667	72.32	71.85333333333334	71.22	70.22666666666667	69.33333333333333	67.51333333333334	66.24	63.373333333333335	59.38	53.57333333333333	0.0
0.0	53.3	59.61333333333334	63.03333333333333	65.54666666666667	67.37333333333333	68.82	70.08	71.18666666666667	72.04666666666667	72.71333333333334	73.30666666666667	73.38666666666667	73.67333333333333	74.11333333333333	74.24666666666667	74.76	74.48666666666666	74.32	74.55333333333333	74.63333333333334	74.43333333333334	73.80666666666667	73.82666666666667	73.24	72.72	72.17333333333333	71.62	71.0	70.34666666666666	68.81333333333333	67.65333333333334	66.02666666666667	63.306666666666665	59.70666666666666	53.74	0.0
0.0	53.52	59.77333333333333	63.36	65.92	67.68	69.22666666666667	69.94	70.96	71.83333333333333	72.3	73.13333333333334	73.43333333333334	74.13333333333334	74.36666666666666	74.37333333333333	74.76	74.90666666666667	74.81333333333333	74.58	74.55333333333333	74.62	74.00666666666666	73.18666666666667	72.71333333333334	72.80666666666667	72.55333333333333	72.03333333333333	71.29333333333334	69.73333333333333	68.66666666666667	67.40666666666667	65.8	63.26	59.71333333333333	53.61333333333334	0.0
0.0	53.85333333333333	59.8	63.50666666666667	66.09333333333333	67.58	69.21333333333334	70.4	71.54666666666667	72.16666666666667	73.11333333333333	73.72	73.98	74.39333333333333	74.71333333333334	74.88666666666667	74.99333333333334	75.13333333333334	75.08	74.62	74.81333333333333	74.3	74.2	74.35333333333334	73.86	73.27333333333333	72.72	72.33333333333333	71.54	70.69333333333333	69.20666666666666	67.95333333333333	66.16666666666667	63.71333333333333	59.82666666666667	53.61333333333334	0.0
0.0	53.986666666666665	59.81333333333333	63.4	65.78	67.98666666666666	69.12	70.46	71.54	72.34	73.14	73.54	74.04	74.33333333333333	74.57333333333334	74.54	74.96666666666667	75.01333333333334	75.28666666666666	74.96666666666667	75.12	74.86	74.62666666666667	74.42	73.75333333333333	73.74666666666667	73.04666666666667	72.22	71.39333333333333	70.13333333333334	69.32666666666667	67.78666666666666	65.83333333333333	63.39333333333333	59.96	53.84	0.0
0.0	53.42666666666667	59.81333333333333	63.14	65.89333333333333	67.93333333333334	68.94	70.36	71.04666666666667	72.04666666666667	72.67333333333333	73.52	73.60666666666667	74.12666666666667	74.58	74.57333333333334	74.8	75.18	75.06	74.80666666666667	74.69333333333333	74.48	74.21333333333334	74.10666666666667	73.22666666666667	73.19333333333333	72.39333333333333	72.22	71.24666666666667	70.16	69.41333333333333	67.55333333333333	65.66666666666667	63.52	59.486666666666665	53.766666666666666	0.0
0.0	53.626666666666665	59.9	63.53333333333333	65.55333333333333	67.24666666666667	68.58	69.89333333333333	71.39333333333333	71.93333333333334	72.43333333333334	73.06	73.69333333333333	73.67333333333333	74.18	74.54666666666667	74.79333333333334	74.70666666666666	74.82	74.61333333333333	74.95333333333333	74.76	74.39333333333333	73.94666666666667	73.82	73.61333333333333	73.05333333333333	72.46	71.28	70.5	69.12	67.68666666666667	65.65333333333334	63.38666666666666	60.13333333333333	53.96666666666667	0.0
0.0	53.5	59.266666666666666	62.85333333333333	65.57333333333334	67.38666666666667	68.8	70.08666666666667	71.21333333333334	71.8	72.64	72.88666666666667	73.08666666666667	73.64666666666666	73.79333333333334	74.64666666666666	74.69333333333333	74.28	74.52666666666667	74.61333333333333	74.36	73.99333333333334	73.92666666666666	73.89333333333333	73.44666666666667	73.05333333333333	72.40666666666667	71.75333333333333	70.84	69.80666666666667	68.62666666666667	67.1	65.35333333333334	63.3	59.806666666666665	53.693333333333335	0.0
0.0	54.10666666666667	60.166666666666664	63.98	66.62	68.12666666666667	69.66666666666667	70.95333333333333	72.03333333333333	72.88	73.63333333333334	74.3	74.36	74.78666666666666	74.88	75.21333333333334	75.41333333333333	75.65333333333334	75.7	76.05333333333333	75.86	75.38	75.07333333333334	74.95333333333333	74.32666666666667	73.73333333333333	73.02666666666667	72.30666666666667	71.71333333333334	70.24	69.54666666666667	68.16666666666667	66.48666666666666	63.92666666666667	59.973333333333336	53.78	0.0
0.0	53.74666666666667	59.833333333333336	63.18666666666667	65.64	67.85333333333334	69.02666666666667	70.26	71.38	72.2	73.10666666666667	73.21333333333334	73.52666666666667	74.50666666666666	74.7	74.88	75.14666666666666	74.96666666666667	74.83333333333333	75.29333333333334	75.1	74.73333333333333	74.53333333333333	74.18	73.83333333333333	73.62666666666667	73.09333333333333	72.26666666666667	71.36	70.62666666666667	69.33333333333333	67.80666666666667	65.71333333333334	63.766666666666666	60.093333333333334	54.06	0.0
0.0	54.0	59.82	63.36666666666667	65.66	67.5	68.88	70.44	70.98666666666666	71.64666666666666	72.81333333333333	73.40666666666667	73.64666666666666	74.10666666666667	74.46666666666667	74.82666666666667	74.85333333333334	75.37333333333333	75.08	75.09333333333333	75.15333333333334	74.94	74.68	73.95333333333333	73.92666666666666	73.04666666666667	72.86	72.08	71.06	70.30666666666667	68.8	67.46666666666667	65.69333333333333	63.1	59.913333333333334	53.873333333333335	0.0
0.0	53.75333333333333	59.72666666666667	63.50666666666667	65.9	67.76	69.14	70.08	71.18	72.16	72.82	73.23333333333333	73.58666666666667	74.26	74.08	74.67333333333333	75.12666666666667	75.14666666666666	75.16666666666667	75.1	74.93333333333334	74.68666666666667	74.54	74.16	73.58	73.43333333333334	73.09333333333333	72.49333333333334	71.12666666666667	70.33333333333333	69.32666666666667	68.0	66.06	63.52	59.93333333333333	53.833333333333336	0.0
0.0	53.78	59.94	63.526666666666664	65.66	67.67333333333333	68.64	70.06666666666666	71.17333333333333	71.74	72.51333333333334	72.86	73.64666666666666	74.45333333333333	74.62666666666667	74.42666666666666	74.90666666666667	75.04666666666667	75.11333333333333	75.24	74.65333333333334	74.08666666666667	74.60666666666667	74.16666666666667	73.63333333333334	72.86	72.16	71.74	70.62	69.76	68.95333333333333	67.81333333333333	65.93333333333334	62.986666666666665	59.60666666666667	53.78666666666667	0.0
0.0	53.78	59.846666666666664	63.57333333333333	65.81333333333333	68.08666666666667	69.56	70.47333333333333	71.6	72.75333333333333	73.04	73.65333333333334	74.12	74.7	75.07333333333334	75.4	75.64666666666666	75.37333333333333	75.68	75.25333333333333	75.32	75.11333333333333	74.89333333333333	74.7	74.0	73.55333333333333	73.0	71.98666666666666	70.96	70.04666666666667	69.21333333333334	67.72	65.98	63.72	59.94	53.78	0.0
0.0	53.71333333333333	59.946666666666665	63.32666666666667	65.98666666666666	67.8	68.99333333333334	70.19333333333333	71.10666666666667	71.86	72.10666666666667	73.03333333333333	73.5	73.84666666666666	74.38666666666667	74.30666666666667	74.44666666666667	74.71333333333334	74.68	74.96666666666667	74.98666666666666	74.72666666666667	74.58666666666667	74.31333333333333	73.94666666666667	73.57333333333334	73.37333333333333	72.60666666666667	71.5	70.50666666666666	69.12	67.94	65.86666666666666	63.43333333333333	59.913333333333334	54.17333333333333	0.0
0.0	53.81333333333333	60.026666666666664	63.346666666666664	66.02666666666667	67.24666666666667	68.97333333333333	70.32	71.41333333333333	71.90666666666667	72.44666666666667	72.88	73.50666666666666	73.82666666666667	73.91333333333333	74.5	74.85333333333334	74.94666666666667	74.79333333333334	74.64666666666666	74.92666666666666	74.48666666666666	74.44666666666667	74.34	73.52666666666667	73.00666666666666	73.00666666666666	72.0	71.19333333333333	70.52666666666667	69.36	67.51333333333334	65.96	63.27333333333333	59.64	53.58	0.0
0.0	53.82	59.973333333333336	63.38666666666666	65.87333333333333	67.83333333333333	69.81333333333333	70.50666666666666	71.21333333333334	72.2	72.81333333333333	73.66666666666667	74.42	74.64	75.26	75.40666666666667	75.33333333333333	75.83333333333333	75.74666666666667	75.59333333333333	75.25333333333333	75.35333333333334	75.02666666666667	74.61333333333333	74.23333333333333	73.88666666666667	73.42666666666666	72.87333333333333	72.03333333333333	70.88	69.39333333333333	68.13333333333334	66.12666666666667	63.53333333333333	59.94	53.82	0.0
0.0	53.88666666666666	60.013333333333335	63.16	65.39333333333333	67.46666666666667	68.64666666666666	69.69333333333333	70.78	71.33333333333333	71.94666666666667	72.72666666666667	72.86666666666666	72.82	73.33333333333333	73.7	74.36666666666666	74.45333333333333	74.21333333333334	73.90666666666667	74.26	74.08	73.95333333333333	73.48666666666666	73.18666666666667	73.00666666666666	72.7	72.15333333333334	71.38	70.24666666666667	68.95333333333333	67.86666666666666	65.59333333333333	63.21333333333333	59.74	53.593333333333334	0.0
0.0	53.81333333333333	60.093333333333334	63.56	66.24666666666667	67.78	69.56	70.52666666666667	71.84666666666666	72.25333333333333	73.06	73.94666666666667	74.12	74.42	74.94666666666667	74.95333333333333	74.92666666666666	75.14	75.38666666666667	75.39333333333333	75.08666666666667	74.90666666666667	74.69333333333333	74.51333333333334	74.19333333333333	73.90666666666667	73.64666666666666	72.9	71.74	71.05333333333333	69.71333333333334	68.52	66.41333333333333	63.79333333333334	60.086666666666666	53.93333333333333	0.0
0.0	54.086666666666666	59.766666666666666	63.086666666666666	65.85333333333334	67.45333333333333	68.81333333333333	70.10666666666667	71.22666666666667	71.7	72.53333333333333	72.91333333333333	73.75333333333333	73.82666666666667	73.67333333333333	74.29333333333334	74.46666666666667	74.86	74.92666666666666	74.73333333333333	74.56666666666666	74.5	74.43333333333334	73.97333333333333	73.64	73.14666666666666	72.70666666666666	71.52	71.26	70.16666666666667	69.02666666666667	67.19333333333333	65.61333333333333	63.5	59.71333333333333	53.906666666666666	0.0
0.0	53.63333333333333	59.6	63.42	65.46	67.48	69.13333333333334	70.25333333333333	71.03333333333333	72.20666666666666	72.85333333333334	73.45333333333333	73.68	74.12	74.48	74.88666666666667	74.96	75.02666666666667	75.26	75.02666666666667	74.98666666666666	74.54	74.73333333333333	74.12	73.46666666666667	72.64666666666666	72.04	71.12666666666667	70.54	69.72	68.80666666666667	67.22666666666667	65.45333333333333	63.06	59.6	53.36	0.0
0.0	53.553333333333335	59.56666666666667	63.29333333333334	65.86666666666666	67.54	68.95333333333333	70.03333333333333	71.42666666666666	72.31333333333333	72.82666666666667	73.56	73.99333333333334	74.21333333333334	74.40666666666667	74.73333333333333	75.2	74.73333333333333	74.61333333333333	75.09333333333333	75.20666666666666	75.15333333333334	74.71333333333334	74.38666666666667	73.76666666666667	73.18	72.81333333333333	71.90666666666667	70.9	70.08	69.09333333333333	67.86	65.76	63.36666666666667	59.78666666666667	53.75333333333333	0.0
0.0	53.81333333333333	59.78666666666667	63.29333333333334	65.66	67.66	69.05333333333333	70.20666666666666	71.38	72.14666666666666	72.46666666666667	72.98	73.46666666666667	73.96	74.36666666666666	74.22	74.71333333333334	74.9	74.82	74.52666666666667	74.44	74.04666666666667	74.33333333333333	74.15333333333334	73.78666666666666	73.35333333333334	72.89333333333333	72.24	71.46666666666667	70.42	69.41333333333333	67.76	65.91333333333333	63.60666666666667	60.053333333333335	53.79333333333334	0.0
0.0	53.74	59.98	63.18666666666667	65.97333333333333	67.82666666666667	69.29333333333334	70.18666666666667	71.11333333333333	71.79333333333334	72.57333333333334	72.94	73.15333333333334	73.54666666666667	73.96666666666667	74.44666666666667	74.31333333333333	74.39333333333333	74.38666666666667	74.08666666666667	74.50666666666666	74.32666666666667	74.10666666666667	73.91333333333333	73.66	72.84666666666666	72.92666666666666	71.76666666666667	71.33333333333333	70.46	68.81333333333333	67.82666666666667	65.88	63.57333333333333	60.06	53.82	0.0
0.0	53.846666666666664	59.89333333333333	63.63333333333333	65.9	67.87333333333333	69.14	70.14666666666666	71.26666666666667	72.34	72.84666666666666	73.48	73.39333333333333	74.40666666666667	74.52666666666667	74.98	74.77333333333333	75.03333333333333	74.98	75.06	74.81333333333333	74.58	74.5	74.21333333333334	73.83333333333333	73.3	72.74666666666667	72.00666666666666	70.92	70.05333333333333	69.13333333333334	67.38	65.84	63.70666666666666	60.266666666666666	53.89333333333333	0.0
0.0	53.64666666666667	59.86666666666667	63.52	65.99333333333334	68.00666666666666	69.18666666666667	70.25333333333333	70.97333333333333	72.07333333333334	72.58	73.54666666666667	73.78	74.19333333333333	74.26666666666667	74.62666666666667	74.69333333333333	74.86	74.65333333333334	74.9	74.92	74.73333333333333	74.47333333333333	73.90666666666667	73.65333333333334	73.1	72.20666666666666	71.92666666666666	71.24	70.06	69.04	67.9	65.66	62.99333333333333	59.74666666666667	53.77333333333333	0.0
0.0	53.86	59.766666666666666	63.62	65.62666666666667	67.87333333333333	69.32	70.32666666666667	71.35333333333334	72.01333333333334	72.48666666666666	73.4	73.82666666666667	73.97333333333333	74.3	74.75333333333333	75.36666666666666	75.24	75.41333333333333	75.25333333333333	74.69333333333333	74.83333333333333	74.61333333333333	74.49333333333334	74.22	73.38666666666667	72.95333333333333	72.41333333333333	71.54	70.36	69.24	67.80666666666667	65.76666666666667	63.10666666666667	59.906666666666666	53.72666666666667	0.0
0.0	53.85333333333333	60.0	63.77333333333333	65.80666666666667	67.95333333333333	69.18666666666667	70.16666666666667	71.31333333333333	72.08666666666667	72.79333333333334	73.42	74.00666666666666	74.3	74.65333333333334	74.84666666666666	74.82666666666667	74.92666666666666	74.96666666666667	74.86666666666666	74.64666666666666	74.72	74.36	73.87333333333333	73.79333333333334	72.85333333333334	72.52	71.88	71.12666666666667	70.18	69.30666666666667	67.90666666666667	65.92	63.46666666666667	60.026666666666664	53.85333333333333	0.0
0.0	53.27333333333333	59.593333333333334	63.446666666666665	65.79333333333334	67.52666666666667	69.14666666666666	69.70666666666666	71.3	72.3	73.05333333333333	73.12	73.78	74.41333333333333	74.52666666666667	74.96	75.26	75.02	74.98666666666666	75.26666666666667	74.93333333333334	74.65333333333334	74.42666666666666	74.20666666666666	74.10666666666667	73.21333333333334	72.86666666666666	71.63333333333334	71.33333333333333	70.09333333333333	68.84666666666666	67.15333333333334	65.72	63.2	59.946666666666665	53.98	0.0
0.0	54.13333333333333	60.373333333333335	63.586666666666666	66.08666666666667	68.0	69.26	70.6	71.85333333333334	72.35333333333334	73.22	73.57333333333334	73.93333333333334	74.32666666666667	74.48666666666666	74.96	75.28	75.26666666666667	74.92	74.96666666666667	75.02666666666667	74.89333333333333	74.90666666666667	74.43333333333334	74.01333333333334	73.64	72.92666666666666	72.32	71.69333333333333	70.94	69.41333333333333	68.09333333333333	65.92	63.78	60.38666666666666	54.02	0.0
0.0	53.626666666666665	60.08	63.88	65.84	67.74666666666667	69.20666666666666	70.26	71.32	71.82666666666667	72.63333333333334	72.9	73.28	73.57333333333334	73.82	74.12	74.31333333333333	74.51333333333334	74.45333333333333	74.24	74.6	74.56	74.74	74.01333333333334	73.90666666666667	73.12	72.54666666666667	72.02	71.32666666666667	70.4	68.98666666666666	67.62	66.17333333333333	63.61333333333334	60.053333333333335	53.846666666666664	0.0
0.0	53.846666666666664	59.66	63.36666666666667	65.74666666666667	67.48	69.02	70.22	71.09333333333333	72.37333333333333	73.52666666666667	73.54666666666667	74.22666666666667	74.38	74.74666666666667	75.06	74.9	74.90666666666667	74.96666666666667	75.02666666666667	74.96	75.22	75.04	74.72	74.2	73.84666666666666	73.26	72.58	71.80666666666667	70.63333333333334	69.26	67.76	66.22666666666667	63.56666666666667	59.92	53.733333333333334	0.0
0.0	53.72	59.406666666666666	62.973333333333336	65.74666666666667	67.48	68.83333333333333	70.3	70.92666666666666	72.05333333333333	72.38	73.1	73.64666666666666	74.01333333333334	74.63333333333334	74.6	74.98666666666666	75.64	75.21333333333334	75.13333333333334	74.82	74.52666666666667	74.20666666666666	74.07333333333334	73.58	72.91333333333333	72.8	71.99333333333334	71.16	70.12	68.84	67.57333333333334	65.63333333333334	63.56	60.026666666666664	53.64	0.0
0.0	53.75333333333333	59.593333333333334	63.14	66.1	67.52	68.96	70.08666666666667	70.94	71.96	72.78666666666666	73.32666666666667	73.36666666666666	73.71333333333334	74.21333333333334	74.39333333333333	74.67333333333333	74.67333333333333	74.82666666666667	74.85333333333334	74.69333333333333	74.67333333333333	74.18666666666667	73.74	73.46666666666667	73.06666666666666	72.34666666666666	71.65333333333334	71.01333333333334	70.36	69.06	67.76	65.88666666666667	63.4	59.88	53.64	0.0
0.0	53.54	59.82	63.03333333333333	65.1	67.46666666666667	68.91333333333333	69.65333333333334	70.84666666666666	71.63333333333334	72.32666666666667	72.83333333333333	73.77333333333333	73.68666666666667	73.97333333333333	74.02	74.16666666666667	74.51333333333334	74.82	74.78	74.80666666666667	74.18666666666667	74.11333333333333	73.85333333333334	73.64666666666666	72.80666666666667	72.2	72.05333333333333	71.20666666666666	70.16	69.12666666666667	67.7	65.74666666666667	63.593333333333334	59.77333333333333	54.04	0.0
0.0	53.72	59.81333333333333	63.72666666666667	66.24	67.82666666666667	69.44	70.4	71.38666666666667	72.00666666666666	72.66666666666667	73.36666666666666	73.63333333333334	73.93333333333334	74.51333333333334	74.76666666666667	74.87333333333333	74.92666666666666	75.03333333333333	75.04666666666667	74.76	74.84666666666666	75.01333333333334	74.57333333333334	73.79333333333334	73.48	72.62	72.14666666666666	71.49333333333334	70.36	68.93333333333334	67.3	65.74	63.28	59.76	53.553333333333335	0.0
0.0	53.833333333333336	59.973333333333336	63.71333333333333	66.1	67.84	69.1	70.48	71.58666666666667	72.22	73.22666666666667	73.51333333333334	74.56666666666666	74.78	74.64	75.50666666666666	75.4	75.60666666666667	75.09333333333333	75.14666666666666	74.94666666666667	74.70666666666666	74.66	74.5	73.92	73.29333333333334	72.75333333333333	72.33333333333333	71.58666666666667	70.44666666666667	69.11333333333333	67.99333333333334	65.88	63.66	59.78666666666667	53.86666666666667	0.0
0.0	53.873333333333335	59.93333333333333	63.86666666666667	65.96	67.62666666666667	68.88666666666667	70.08666666666667	71.16	72.18666666666667	73.04666666666667	73.78666666666666	74.34666666666666	74.68666666666667	74.86	75.19333333333333	75.63333333333334	75.76666666666667	75.50666666666666	75.46	75.45333333333333	75.34	75.46666666666667	74.77333333333333	74.08666666666667	73.56	72.75333333333333	72.08666666666667	71.34666666666666	70.29333333333334	69.32	67.62	65.84666666666666	63.153333333333336	59.62	53.60666666666667	0.0
0.0	53.846666666666664	59.913333333333334	63.66	66.3	67.98	68.94	70.60666666666667	71.54	72.24666666666667	73.43333333333334	73.92	74.50666666666666	74.32	74.88	75.02666666666667	75.20666666666666	75.66666666666667	75.47333333333333	75.57333333333334	75.69333333333333	75.26666666666667	75.17333333333333	75.02666666666667	74.63333333333334	74.04666666666667	73.22	72.78	71.49333333333334	70.61333333333333	69.66	68.02	66.17333333333333	63.28	59.74	53.85333333333333	0.0
0.0	54.02	60.153333333333336	63.626666666666665	66.04666666666667	67.87333333333333	69.52	70.85333333333334	72.07333333333334	72.68	73.70666666666666	73.62	74.35333333333334	74.47333333333333	74.51333333333334	75.05333333333333	75.16	75.14666666666666	75.62	74.98666666666666	74.92	74.63333333333334	74.42	74.26666666666667	74.00666666666666	73.74	73.26666666666667	72.73333333333333	71.57333333333334	70.48	69.47333333333333	68.08666666666667	66.29333333333334	63.84	60.16	53.8	0.0
0.0	53.86	60.093333333333334	63.95333333333333	66.66	68.17333333333333	69.5	70.52	71.59333333333333	72.38666666666667	72.7	73.07333333333334	73.76666666666667	73.93333333333334	74.46	75.02666666666667	74.94	74.97333333333333	74.82666666666667	74.92666666666666	74.72666666666667	74.7	74.46	74.40666666666667	73.58	73.31333333333333	72.69333333333333	71.97333333333333	71.34	70.4	69.34666666666666	67.75333333333333	66.23333333333333	63.57333333333333	59.873333333333335	53.93333333333333	0.0
0.0	53.56666666666667	60.166666666666664	63.666666666666664	66.06666666666666	68.07333333333334	69.37333333333333	70.75333333333333	71.45333333333333	72.21333333333334	73.47333333333333	73.53333333333333	73.84666666666666	74.63333333333334	74.88666666666667	74.79333333333334	74.98666666666666	75.4	75.49333333333334	75.16666666666667	75.12666666666667	74.70666666666666	74.23333333333333	74.04666666666667	73.52	73.25333333333333	72.56666666666666	72.02666666666667	71.61333333333333	70.42666666666666	69.55333333333333	67.76666666666667	66.0	63.45333333333333	60.233333333333334	53.96666666666667	0.0
0.0	53.846666666666664	59.973333333333336	63.14666666666667	66.29333333333334	67.67333333333333	69.10666666666667	70.05333333333333	71.12666666666667	71.35333333333334	72.04666666666667	72.87333333333333	73.48	74.14	74.30666666666667	74.64666666666666	74.78666666666666	75.01333333333334	74.97333333333333	74.81333333333333	74.68	74.45333333333333	74.28666666666666	74.10666666666667	73.61333333333333	73.28666666666666	72.92666666666666	72.16	71.63333333333334	70.6	69.24	67.64666666666666	65.86666666666666	63.17333333333333	59.76	53.95333333333333	0.0
0.0	53.42666666666667	59.66	62.88666666666666	65.34666666666666	67.48666666666666	69.03333333333333	69.84	71.02666666666667	71.70666666666666	72.30666666666667	72.93333333333334	73.52	73.77333333333333	74.10666666666667	74.70666666666666	74.77333333333333	74.64666666666666	74.98	74.91333333333333	74.89333333333333	74.52	74.61333333333333	74.17333333333333	73.89333333333333	73.56	72.98666666666666	72.1	71.44	70.22	68.99333333333334	67.07333333333334	65.64666666666666	63.08	59.81333333333333	53.56	0.0
0.0	53.68	59.49333333333333	63.26	65.64666666666666	67.87333333333333	69.14666666666666	70.73333333333333	71.62	72.68	72.97333333333333	73.54666666666667	73.89333333333333	74.14666666666666	74.66666666666667	74.70666666666666	74.94666666666667	75.04666666666667	74.96	74.86666666666666	74.99333333333334	74.61333333333333	74.35333333333334	74.10666666666667	73.48666666666666	73.12	72.39333333333333	71.74	71.21333333333334	70.18	68.84	67.90666666666667	65.88	63.27333333333333	59.70666666666666	53.766666666666666	0.0
