0.0	52.18666666666667	56.166666666666664	57.693333333333335	58.84	59.86	60.17333333333333	60.49333333333333	61.00666666666667	61.24666666666667	61.45333333333333	61.64666666666667	61.78	61.85333333333333	62.11333333333334	61.946666666666665	61.99333333333333	62.06666666666667	62.153333333333336	61.96666666666667	62.07333333333333	62.18	62.026666666666664	61.94	61.56666666666667	61.31333333333333	61.3	60.986666666666665	61.013333333333335	60.58	59.8	59.82	58.76	57.88666666666666	56.31333333333333	52.25333333333333	0.0
0.0	52.36	55.9	57.85333333333333	58.95333333333333	59.64666666666667	60.126666666666665	60.52	61.00666666666667	61.013333333333335	61.14666666666667	61.14	61.78	61.72666666666667	61.653333333333336	61.76	61.67333333333333	62.14666666666667	62.1	61.54	61.46666666666667	61.36666666666667	61.766666666666666	61.49333333333333	61.5	61.27333333333333	61.28666666666667	60.81333333333333	60.586666666666666	60.28	60.04666666666667	59.75333333333333	58.61333333333334	57.96	55.82666666666667	52.28666666666667	0.0
0.0	52.25333333333333	55.98	58.026666666666664	59.13333333333333	60.153333333333336	60.48	60.626666666666665	61.10666666666667	61.06	61.413333333333334	61.7	61.78	61.78666666666667	61.76	61.96666666666667	61.99333333333333	62.22666666666667	62.14	62.013333333333335	62.16	62.02	61.64666666666667	61.626666666666665	61.48	61.333333333333336	61.053333333333335	61.1	60.66	60.29333333333334	60.06666666666667	59.54	58.833333333333336	58.03333333333333	56.10666666666667	52.35333333333333	0.0
0.0	52.32666666666667	56.06666666666667	57.72666666666667	59.04	59.43333333333333	59.95333333333333	60.52	60.906666666666666	61.14	61.2	61.22	61.373333333333335	61.64	61.84	61.92	61.68666666666667	61.74666666666667	61.693333333333335	61.68	61.79333333333334	61.92666666666667	61.76	61.52	61.52	61.18	61.29333333333334	60.82666666666667	61.053333333333335	60.52	60.24	59.32666666666667	58.7	57.626666666666665	56.00666666666667	52.153333333333336	0.0
0.0	52.126666666666665	55.88	57.906666666666666	58.63333333333333	59.346666666666664	59.94	60.10666666666667	60.593333333333334	60.74	61.04666666666667	61.2	61.553333333333335	61.54	61.76	61.52	61.526666666666664	61.93333333333333	61.89333333333333	61.72	61.56	61.486666666666665	61.66	61.78666666666667	61.4	61.306666666666665	60.9	60.986666666666665	60.57333333333333	60.06	59.86666666666667	59.42	59.04666666666667	57.76	56.166666666666664	51.89333333333333	0.0
0.0	52.27333333333333	55.74666666666667	57.766666666666666	58.873333333333335	59.54666666666667	59.92	60.406666666666666	60.666666666666664	61.18666666666667	61.666666666666664	61.92666666666667	61.72666666666667	61.88666666666666	61.46	62.24	62.18	62.25333333333333	62.06666666666667	61.846666666666664	62.166666666666664	62.233333333333334	61.973333333333336	61.733333333333334	61.39333333333333	61.49333333333333	61.42666666666667	61.10666666666667	60.42666666666667	60.27333333333333	59.95333333333333	59.266666666666666	58.6	57.52	55.88666666666666	52.28	0.0
0.0	52.07333333333333	55.85333333333333	57.766666666666666	58.72	59.63333333333333	60.22666666666667	60.61333333333334	60.653333333333336	60.986666666666665	61.52	61.42666666666667	61.586666666666666	61.873333333333335	61.78	61.86	62.03333333333333	62.39333333333333	62.593333333333334	62.11333333333334	62.18	62.07333333333333	61.74666666666667	61.89333333333333	61.86666666666667	61.96666666666667	61.52	61.36666666666667	61.06	60.806666666666665	60.25333333333333	59.74	59.06	57.74666666666667	56.4	52.29333333333334	0.0
0.0	52.153333333333336	56.153333333333336	57.6	58.71333333333333	59.7	60.266666666666666	60.9	60.94	60.82666666666667	61.34	61.54666666666667	61.593333333333334	62.00666666666667	61.5	61.89333333333333	62.13333333333333	61.88666666666666	62.52	62.22	62.0	61.96	61.946666666666665	61.76	61.513333333333335	61.72	61.68	61.4	61.32666666666667	60.75333333333333	60.42	59.6	59.00666666666667	57.77333333333333	55.96666666666667	52.18	0.0
0.0	52.28	55.973333333333336	57.7	58.88666666666666	59.806666666666665	60.04	60.50666666666667	60.473333333333336	60.973333333333336	61.36	61.373333333333335	61.61333333333334	61.5	61.88	61.806666666666665	61.67333333333333	61.806666666666665	62.026666666666664	62.21333333333333	62.00666666666667	62.086666666666666	61.7	61.906666666666666	61.84	61.38666666666666	60.94	60.79333333333334	60.36	60.39333333333333	60.12	59.64666666666667	58.78	58.153333333333336	56.13333333333333	52.306666666666665	0.0
0.0	52.486666666666665	56.373333333333335	58.27333333333333	59.18666666666667	59.95333333333333	60.48	60.82	61.36666666666667	61.54666666666667	61.666666666666664	61.72	61.95333333333333	62.21333333333333	61.913333333333334	62.11333333333334	62.413333333333334	62.28666666666667	62.4	62.586666666666666	62.5	62.586666666666666	62.34	61.98	62.07333333333333	62.193333333333335	61.64	61.28666666666667	61.10666666666667	60.78	60.24666666666667	59.82	58.913333333333334	57.95333333333333	56.266666666666666	51.973333333333336	0.0
0.0	52.513333333333335	56.3	57.78	58.82	59.653333333333336	60.153333333333336	60.60666666666667	60.973333333333336	61.32	61.666666666666664	61.653333333333336	61.63333333333333	61.63333333333333	61.406666666666666	61.693333333333335	61.70666666666666	62.013333333333335	62.0	62.1	62.04666666666667	61.74	61.96	61.973333333333336	61.57333333333333	61.96	61.77333333333333	61.18	61.24	60.76	60.26	59.806666666666665	59.20666666666666	57.93333333333333	56.333333333333336	52.26	0.0
0.0	52.486666666666665	56.17333333333333	57.846666666666664	59.04	59.45333333333333	60.42	60.39333333333333	60.88	60.75333333333333	61.06666666666667	61.20666666666666	61.82666666666667	61.72666666666667	61.75333333333333	61.906666666666666	62.266666666666666	62.20666666666666	62.013333333333335	61.88666666666666	61.986666666666665	62.04666666666667	61.96	61.72666666666667	61.71333333333333	61.56	61.586666666666666	61.45333333333333	61.153333333333336	60.7	60.413333333333334	59.60666666666667	59.02	58.31333333333333	56.14	52.28	0.0
0.0	52.3	56.14666666666667	57.88	58.973333333333336	59.68	60.3	60.486666666666665	60.99333333333333	61.1	61.32	61.36666666666667	61.61333333333334	61.806666666666665	61.71333333333333	61.986666666666665	61.98	62.22	62.4	62.166666666666664	62.526666666666664	62.32666666666667	62.17333333333333	61.88	62.013333333333335	61.57333333333333	61.28	61.14666666666667	61.18666666666667	60.81333333333333	60.44	59.666666666666664	58.95333333333333	58.06666666666667	55.986666666666665	52.42666666666667	0.0
0.0	52.17333333333333	55.86666666666667	58.06	58.82666666666667	59.593333333333334	60.21333333333333	60.9	60.64	61.02	61.46666666666667	61.626666666666665	61.78666666666667	61.973333333333336	62.12	62.06666666666667	62.086666666666666	61.75333333333333	61.873333333333335	61.82	61.94	61.92666666666667	62.02	61.92666666666667	61.54	61.62	61.57333333333333	61.153333333333336	61.12	60.74	60.446666666666665	59.8	58.85333333333333	57.833333333333336	56.26	52.60666666666667	0.0
0.0	52.266666666666666	56.29333333333334	57.973333333333336	59.20666666666666	59.946666666666665	60.32666666666667	60.85333333333333	61.20666666666666	61.44	61.72	61.72	61.66	61.67333333333333	61.78666666666667	62.093333333333334	62.00666666666667	62.16	62.07333333333333	62.26	62.333333333333336	61.96	61.913333333333334	61.906666666666666	61.93333333333333	62.25333333333333	61.68666666666667	61.45333333333333	61.16	60.806666666666665	60.24666666666667	59.806666666666665	58.96666666666667	58.026666666666664	56.25333333333333	52.553333333333335	0.0
0.0	51.94	55.666666666666664	57.74	58.77333333333333	59.46666666666667	59.81333333333333	60.333333333333336	60.75333333333333	60.54666666666667	60.56	60.96666666666667	61.31333333333333	61.39333333333333	61.53333333333333	61.71333333333333	61.71333333333333	61.78	61.64666666666667	61.85333333333333	61.78	61.586666666666666	61.36666666666667	61.36666666666667	61.32	61.013333333333335	60.76	60.54	60.74	60.486666666666665	59.96666666666667	59.67333333333333	58.72	57.34	55.68666666666667	51.973333333333336	0.0
0.0	52.593333333333334	56.266666666666666	57.93333333333333	59.333333333333336	60.16	60.626666666666665	61.02	61.13333333333333	61.63333333333333	61.666666666666664	61.77333333333333	61.86	62.10666666666667	62.406666666666666	62.266666666666666	62.43333333333333	62.22	61.99333333333333	61.84	62.17333333333333	62.086666666666666	62.11333333333334	61.85333333333333	61.68	61.72	61.75333333333333	61.413333333333334	60.79333333333334	60.78666666666667	60.48	59.9	59.02	58.04	56.12	52.38666666666666	0.0
0.0	52.406666666666666	56.03333333333333	57.77333333333333	59.02	59.58	60.06	60.5	60.873333333333335	61.11333333333334	61.10666666666667	61.27333333333333	61.74	61.88666666666666	61.99333333333333	61.93333333333333	61.906666666666666	62.166666666666664	61.58	62.14	62.00666666666667	62.12	61.82	62.0	61.52	61.63333333333333	61.34	61.373333333333335	61.02	60.42	60.48	59.96666666666667	58.93333333333333	57.57333333333333	56.28	52.553333333333335	0.0
0.0	52.26	56.32	58.24666666666667	59.29333333333334	59.61333333333334	60.22666666666667	60.76	60.92666666666667	61.25333333333333	61.446666666666665	61.6	61.6	61.82	61.906666666666666	62.43333333333333	62.093333333333334	62.413333333333334	62.26	62.21333333333333	62.093333333333334	62.26	62.24666666666667	62.013333333333335	61.846666666666664	61.92666666666667	61.95333333333333	61.36	61.06666666666667	60.873333333333335	60.38	59.94	58.8	58.086666666666666	56.07333333333333	52.193333333333335	0.0
0.0	52.56	56.58	58.27333333333333	59.57333333333333	60.04	60.8	61.14666666666667	61.13333333333333	61.3	61.513333333333335	61.733333333333334	61.78666666666667	61.94	62.38666666666666	62.38666666666666	62.22666666666667	62.43333333333333	62.42666666666667	62.62	62.58	62.43333333333333	62.34	62.28	62.446666666666665	62.193333333333335	61.74666666666667	61.93333333333333	61.68	61.25333333333333	60.8	60.29333333333334	59.52	58.24	56.306666666666665	52.45333333333333	0.0
0.0	52.02	55.86666666666667	57.52	58.95333333333333	59.653333333333336	60.25333333333333	60.526666666666664	60.586666666666666	61.04666666666667	61.28	61.473333333333336	61.46	61.63333333333333	61.78	61.92	62.193333333333335	62.27333333333333	62.04	61.92666666666667	61.82	61.77333333333333	61.81333333333333	61.806666666666665	61.68666666666667	61.35333333333333	60.986666666666665	60.9	60.82666666666667	60.81333333333333	60.10666666666667	59.68666666666667	59.24666666666667	57.58	56.02	52.306666666666665	0.0
0.0	52.00666666666667	55.92	58.18	59.32666666666667	59.68	59.98	60.52	60.60666666666667	61.1	61.653333333333336	61.60666666666667	61.58	61.626666666666665	61.833333333333336	61.60666666666667	61.86666666666667	61.82	61.68666666666667	61.973333333333336	61.81333333333333	61.76	61.88666666666666	61.67333333333333	61.64666666666667	61.56	61.22	61.166666666666664	60.66	60.38	60.25333333333333	59.52	58.92	57.81333333333333	56.03333333333333	52.346666666666664	0.0
0.0	51.96666666666667	55.74666666666667	57.67333333333333	58.79333333333334	59.54	59.74	60.1	60.71333333333333	60.96666666666667	61.11333333333334	61.3	61.42	61.733333333333334	61.64	61.64	61.88666666666666	61.666666666666664	61.72	61.79333333333334	61.68	61.973333333333336	61.666666666666664	62.126666666666665	61.56666666666667	61.56	61.2	61.126666666666665	60.72	60.653333333333336	60.026666666666664	59.28666666666667	58.75333333333333	57.526666666666664	55.586666666666666	52.06	0.0
0.0	52.46666666666667	56.04	57.88	58.64666666666667	59.43333333333333	60.38666666666666	60.95333333333333	61.27333333333333	61.373333333333335	61.36666666666667	61.43333333333333	61.54	61.96666666666667	61.63333333333333	62.086666666666666	62.21333333333333	62.0	62.49333333333333	62.20666666666666	62.20666666666666	62.333333333333336	61.81333333333333	61.78	61.586666666666666	61.46	61.2	61.24666666666667	60.9	60.586666666666666	60.24666666666667	59.68	59.166666666666664	57.94	55.92666666666667	52.35333333333333	0.0
0.0	52.166666666666664	56.20666666666666	57.846666666666664	59.25333333333333	59.89333333333333	60.32	60.72666666666667	61.22	61.39333333333333	61.36666666666667	61.72	61.58	61.906666666666666	62.3	62.166666666666664	62.08	62.06666666666667	62.20666666666666	62.11333333333334	61.78666666666667	61.70666666666666	61.60666666666667	61.766666666666666	61.36666666666667	61.21333333333333	61.54	60.95333333333333	61.03333333333333	60.63333333333333	60.486666666666665	59.846666666666664	59.04	57.74666666666667	56.0	52.66	0.0
0.0	52.10666666666667	56.266666666666666	58.26	58.913333333333334	59.74666666666667	60.553333333333335	60.486666666666665	60.8	61.0	60.946666666666665	61.193333333333335	61.35333333333333	61.806666666666665	62.10666666666667	62.0	61.96	61.946666666666665	61.873333333333335	61.70666666666666	61.86	61.96	61.79333333333334	61.626666666666665	61.79333333333334	61.79333333333334	61.72666666666667	61.38666666666666	61.306666666666665	60.56	60.28	59.67333333333333	58.66	57.76	56.02	52.46	0.0
0.0	52.06666666666667	55.77333333333333	57.693333333333335	58.846666666666664	59.413333333333334	59.78	59.94	60.46666666666667	60.78	60.873333333333335	61.373333333333335	61.42666666666667	61.666666666666664	61.50666666666667	61.653333333333336	61.64	61.846666666666664	61.9	61.66	61.833333333333336	61.553333333333335	61.32	61.20666666666666	60.98	60.93333333333333	60.96	60.77333333333333	60.57333333333333	60.333333333333336	60.18	59.56	58.986666666666665	57.733333333333334	56.04666666666667	52.093333333333334	0.0
0.0	52.21333333333333	56.16	58.11333333333334	59.18	59.99333333333333	60.62	60.846666666666664	60.86	61.18	61.513333333333335	61.766666666666666	61.7	61.85333333333333	62.086666666666666	62.06	62.0	62.46	62.08	62.42666666666667	62.76	62.31333333333333	62.21333333333333	62.153333333333336	61.81333333333333	61.70666666666666	61.38666666666666	61.193333333333335	61.04	60.88	60.45333333333333	59.89333333333333	59.053333333333335	58.093333333333334	56.10666666666667	52.50666666666667	0.0
0.0	52.3	56.166666666666664	57.99333333333333	59.14666666666667	59.79333333333334	60.35333333333333	60.77333333333333	61.04666666666667	61.3	61.71333333333333	61.94	61.62	61.77333333333333	61.95333333333333	61.913333333333334	62.28	62.0	61.92666666666667	62.26	62.32	62.13333333333333	62.24666666666667	62.2	62.053333333333335	62.0	61.693333333333335	61.013333333333335	61.026666666666664	60.733333333333334	60.22666666666667	59.53333333333333	59.12	57.67333333333333	55.89333333333333	52.68	0.0
0.0	52.32666666666667	56.56666666666667	57.92666666666667	58.94	59.79333333333334	60.53333333333333	60.82	60.88666666666666	61.013333333333335	61.22	61.766666666666666	61.666666666666664	61.86666666666667	62.03333333333333	61.946666666666665	62.10666666666667	61.986666666666665	62.1	61.946666666666665	62.026666666666664	62.013333333333335	62.28	61.96	61.766666666666666	61.766666666666666	61.56666666666667	61.4	60.93333333333333	60.77333333333333	60.12	59.60666666666667	59.1	58.03333333333333	56.166666666666664	52.34	0.0
0.0	52.44	56.46666666666667	58.27333333333333	59.53333333333333	60.586666666666666	60.486666666666665	60.986666666666665	61.18666666666667	61.52	62.00666666666667	61.913333333333334	62.086666666666666	62.233333333333334	62.43333333333333	62.266666666666666	62.593333333333334	62.57333333333333	62.22666666666667	62.04666666666667	62.22	62.153333333333336	61.76	61.78666666666667	61.66	61.89333333333333	61.4	61.18	61.166666666666664	60.99333333333333	60.81333333333333	60.14	59.64	58.39333333333333	56.486666666666665	52.22666666666667	0.0
0.0	52.36	55.92666666666667	57.82666666666667	59.14666666666667	59.48	60.18	60.61333333333334	60.846666666666664	61.153333333333336	61.12	61.85333333333333	61.7	61.586666666666666	61.53333333333333	61.75333333333333	62.04	61.85333333333333	61.873333333333335	62.013333333333335	62.193333333333335	61.92	61.806666666666665	62.00666666666667	61.82666666666667	61.64666666666667	61.586666666666666	61.14666666666667	61.00666666666667	60.78	60.39333333333333	59.68666666666667	58.846666666666664	57.74666666666667	56.16	52.42666666666667	0.0
0.0	52.68666666666667	55.77333333333333	57.76	58.9	59.513333333333335	60.18666666666667	60.31333333333333	60.766666666666666	61.22	61.5	61.446666666666665	61.58	61.693333333333335	62.20666666666666	61.986666666666665	61.92666666666667	61.553333333333335	61.76	61.72666666666667	61.86666666666667	61.74	61.74666666666667	61.49333333333333	61.35333333333333	61.22	60.88	61.0	60.553333333333335	60.25333333333333	59.88666666666666	59.68666666666667	58.7	57.593333333333334	55.846666666666664	52.46	0.0
0.0	52.28	56.3	57.94	59.153333333333336	59.68666666666667	60.36666666666667	60.913333333333334	61.29333333333334	61.32666666666667	61.56666666666667	62.02	61.94	62.1	62.42666666666667	62.28	62.24	62.28666666666667	62.14	62.486666666666665	62.57333333333333	62.57333333333333	62.26	62.03333333333333	62.29333333333334	61.946666666666665	61.653333333333336	61.42	61.20666666666666	60.82666666666667	60.086666666666666	59.833333333333336	58.92	58.32666666666667	56.18	52.50666666666667	0.0
0.0	52.24	55.78666666666667	57.946666666666665	58.586666666666666	59.6	60.17333333333333	60.74666666666667	60.84	61.0	61.486666666666665	61.34	61.38	61.71333333333333	61.71333333333333	61.66	61.78666666666667	61.75333333333333	61.693333333333335	61.7	61.85333333333333	61.626666666666665	61.58	61.29333333333334	61.56666666666667	61.52	61.22	60.913333333333334	60.72666666666667	60.31333333333333	60.04666666666667	59.76	58.666666666666664	57.82666666666667	55.846666666666664	52.18	0.0
0.0	52.45333333333333	56.04	58.32666666666667	59.04666666666667	60.07333333333333	60.45333333333333	60.96	61.72666666666667	61.346666666666664	61.8	61.946666666666665	61.873333333333335	62.28666666666667	62.1	62.21333333333333	62.18	61.846666666666664	62.11333333333334	62.166666666666664	61.84	61.75333333333333	61.86	61.82666666666667	61.88666666666666	61.96666666666667	61.36666666666667	61.45333333333333	61.36	60.9	60.36	59.84	59.20666666666666	58.06666666666667	56.16	52.5	0.0
0.0	52.1	56.11333333333334	57.85333333333333	58.906666666666666	59.806666666666665	60.17333333333333	60.38	61.29333333333334	61.373333333333335	61.60666666666667	61.45333333333333	61.526666666666664	61.62	61.82	61.82	61.76	62.07333333333333	61.906666666666666	61.9	62.06	62.18666666666667	62.053333333333335	62.11333333333334	61.806666666666665	61.78666666666667	61.473333333333336	61.22	61.093333333333334	60.586666666666666	60.32666666666667	59.72666666666667	59.14	58.093333333333334	55.94	52.38	0.0
0.0	52.24666666666667	56.21333333333333	57.593333333333334	58.8	59.5	60.02	60.45333333333333	60.8	60.88666666666666	61.02	61.07333333333333	61.2	61.46	61.946666666666665	61.77333333333333	61.846666666666664	61.906666666666666	62.18666666666667	62.27333333333333	62.153333333333336	62.153333333333336	61.74666666666667	61.49333333333333	61.62	61.48	60.93333333333333	60.78	60.6	60.306666666666665	60.12	59.46	58.78666666666667	57.6	56.18666666666667	51.93333333333333	0.0
0.0	52.28666666666667	56.27333333333333	58.11333333333334	59.26	59.84	60.8	61.153333333333336	60.79333333333334	60.913333333333334	61.486666666666665	61.766666666666666	61.78666666666667	61.74	61.93333333333333	62.0	62.00666666666667	62.166666666666664	61.78666666666667	61.86666666666667	62.013333333333335	61.98	61.986666666666665	61.92666666666667	61.82666666666667	61.446666666666665	61.233333333333334	61.00666666666667	61.06666666666667	60.72	60.54	59.9	59.093333333333334	58.153333333333336	56.053333333333335	52.24666666666667	0.0
0.0	52.79333333333334	56.17333333333333	58.04666666666667	59.126666666666665	59.70666666666666	60.373333333333335	61.093333333333334	60.86666666666667	61.38	61.38	61.78	61.67333333333333	61.973333333333336	61.68666666666667	61.86	62.26	61.95333333333333	61.79333333333334	62.02	61.94	61.46	61.593333333333334	62.04666666666667	61.76	61.553333333333335	61.473333333333336	61.17333333333333	61.24666666666667	60.766666666666666	60.2	59.92666666666667	59.14	57.92666666666667	56.013333333333335	52.36666666666667	0.0
0.0	52.06	55.766666666666666	57.553333333333335	58.68666666666667	59.413333333333334	59.56666666666667	59.96	60.50666666666667	60.806666666666665	61.03333333333333	61.446666666666665	61.4	61.78666666666667	61.88	62.18	62.29333333333334	62.42666666666667	62.24666666666667	62.16	62.07333333333333	61.82666666666667	61.89333333333333	61.95333333333333	61.70666666666666	61.68666666666667	61.50666666666667	61.43333333333333	61.04	60.78666666666667	60.39333333333333	59.70666666666666	58.88	57.66	55.72	51.95333333333333	0.0
0.0	52.17333333333333	56.11333333333334	57.913333333333334	58.77333333333333	59.74	60.03333333333333	60.46	60.71333333333333	61.093333333333334	61.233333333333334	61.56666666666667	61.67333333333333	61.81333333333333	62.086666666666666	61.88	62.25333333333333	61.72666666666667	61.99333333333333	62.20666666666666	62.0	61.92666666666667	61.42	61.27333333333333	61.36	61.086666666666666	61.026666666666664	60.86	60.62	60.36	60.16	59.873333333333335	59.126666666666665	58.086666666666666	56.1	52.32666666666667	0.0
0.0	52.38	56.21333333333333	58.093333333333334	59.18	59.46	60.39333333333333	60.693333333333335	60.946666666666665	61.38666666666666	62.053333333333335	62.126666666666665	61.98	62.126666666666665	61.833333333333336	62.17333333333333	62.48	62.24	62.36666666666667	62.18666666666667	62.1	62.22	62.28666666666667	62.14	62.086666666666666	61.74666666666667	61.62	61.413333333333334	60.77333333333333	61.16	60.45333333333333	59.64666666666667	58.75333333333333	58.06	56.20666666666666	52.593333333333334	0.0
0.0	52.18666666666667	56.2	57.94	58.92666666666667	59.56	60.20666666666666	60.58	61.053333333333335	61.406666666666666	61.54	61.86666666666667	61.666666666666664	61.7	62.00666666666667	62.17333333333333	61.98	61.72	61.63333333333333	61.71333333333333	61.71333333333333	61.52	61.626666666666665	61.806666666666665	61.78666666666667	61.593333333333334	61.32666666666667	61.126666666666665	61.03333333333333	60.74	60.16	59.553333333333335	58.666666666666664	57.96	56.22	52.5	0.0
0.0	51.946666666666665	56.20666666666666	57.653333333333336	58.626666666666665	59.34	60.0	60.38666666666666	60.766666666666666	60.89333333333333	61.126666666666665	61.36	61.68666666666667	61.68666666666667	61.89333333333333	61.68	61.64666666666667	61.626666666666665	61.64666666666667	61.67333333333333	61.72	61.71333333333333	61.553333333333335	61.626666666666665	61.693333333333335	61.26	61.11333333333334	61.086666666666666	60.8	60.27333333333333	60.126666666666665	59.653333333333336	58.846666666666664	57.66	56.29333333333334	52.25333333333333	0.0
0.0	52.24	56.18	57.93333333333333	58.70666666666666	59.72	60.306666666666665	60.74666666666667	61.086666666666666	61.06	61.82666666666667	61.92	61.82666666666667	62.22	62.10666666666667	61.89333333333333	62.20666666666666	62.24666666666667	62.24	62.053333333333335	62.03333333333333	61.57333333333333	61.586666666666666	61.78666666666667	61.68666666666667	61.39333333333333	61.25333333333333	60.986666666666665	61.0	60.7	60.45333333333333	59.72	59.00666666666667	57.71333333333333	56.26	52.52	0.0
0.0	52.32666666666667	55.973333333333336	57.693333333333335	59.03333333333333	59.846666666666664	60.16	60.653333333333336	60.92666666666667	60.98	61.00666666666667	61.153333333333336	61.126666666666665	61.68666666666667	61.406666666666666	61.77333333333333	61.68	61.64666666666667	61.86666666666667	61.86	61.95333333333333	62.00666666666667	61.766666666666666	61.79333333333334	61.71333333333333	61.52	61.593333333333334	61.25333333333333	60.766666666666666	60.68666666666667	60.11333333333334	60.00666666666667	59.013333333333335	58.02	56.193333333333335	52.20666666666666	0.0
0.0	51.99333333333333	55.78666666666667	57.72666666666667	58.82	59.57333333333333	60.10666666666667	60.82666666666667	60.92	61.38666666666666	61.693333333333335	61.653333333333336	61.946666666666665	62.06	61.63333333333333	62.18666666666667	62.14666666666667	61.94	62.06666666666667	61.76	62.12	61.946666666666665	61.77333333333333	61.46666666666667	61.373333333333335	61.49333333333333	61.513333333333335	61.17333333333333	60.9	60.29333333333334	59.98	59.60666666666667	58.653333333333336	57.846666666666664	55.77333333333333	51.82666666666667	0.0
0.0	52.233333333333334	56.333333333333336	58.153333333333336	59.166666666666664	59.913333333333334	60.473333333333336	60.7	60.986666666666665	61.57333333333333	61.46	61.653333333333336	61.653333333333336	61.913333333333334	62.06666666666667	62.266666666666666	61.82666666666667	62.026666666666664	61.93333333333333	61.96	62.053333333333335	61.78	61.86666666666667	62.026666666666664	62.18	61.82666666666667	61.74666666666667	61.46	61.346666666666664	61.3	60.52	59.986666666666665	59.446666666666665	58.053333333333335	56.38666666666666	52.626666666666665	0.0
0.0	52.406666666666666	56.18666666666667	58.26	59.00666666666667	59.64666666666667	60.27333333333333	60.93333333333333	60.95333333333333	60.82	61.35333333333333	61.806666666666665	61.68	61.88	61.88	61.693333333333335	61.486666666666665	61.653333333333336	62.00666666666667	62.086666666666666	61.95333333333333	61.96	61.75333333333333	61.846666666666664	61.8	61.75333333333333	61.54	61.36666666666667	61.28	60.64	60.28	59.96	59.22	58.04	55.986666666666665	52.513333333333335	0.0
0.0	52.49333333333333	56.31333333333333	58.06	59.166666666666664	59.99333333333333	60.486666666666665	60.873333333333335	61.26	61.58	61.84	61.86	61.96666666666667	62.14666666666667	62.026666666666664	62.44	62.526666666666664	62.50666666666667	62.48	62.626666666666665	62.026666666666664	62.36666666666667	62.32666666666667	61.98	61.79333333333334	61.666666666666664	61.4	61.086666666666666	60.60666666666667	60.63333333333333	60.34	59.68666666666667	59.086666666666666	57.72	55.99333333333333	52.29333333333334	0.0
0.0	52.513333333333335	56.193333333333335	58.4	59.29333333333334	60.166666666666664	60.513333333333335	60.96	61.03333333333333	61.32	61.94	61.94	61.82	61.89333333333333	61.77333333333333	61.9	62.44	62.233333333333334	62.166666666666664	62.07333333333333	62.093333333333334	62.22	62.45333333333333	62.04	61.9	61.5	61.43333333333333	61.29333333333334	61.11333333333334	61.16	60.66	60.22	59.66	58.026666666666664	56.4	52.24666666666667	0.0
0.0	52.193333333333335	56.21333333333333	57.86666666666667	59.026666666666664	59.766666666666666	60.11333333333334	60.68666666666667	61.04666666666667	61.08	61.24666666666667	61.593333333333334	61.78	62.24666666666667	62.11333333333334	61.973333333333336	62.446666666666665	62.373333333333335	61.973333333333336	62.20666666666666	62.43333333333333	62.04	62.346666666666664	61.94	61.88	61.626666666666665	61.64	61.36666666666667	60.92666666666667	60.62	60.18	59.75333333333333	58.98	57.88666666666666	56.02	52.27333333333333	0.0
0.0	52.446666666666665	56.14	58.06666666666667	58.9	59.66	60.373333333333335	60.4	60.9	61.22666666666667	61.45333333333333	61.61333333333334	61.60666666666667	61.75333333333333	62.03333333333333	61.833333333333336	61.906666666666666	61.846666666666664	62.17333333333333	62.48	62.04	61.85333333333333	62.06	61.76	62.2	61.82666666666667	61.4	60.76	60.593333333333334	60.49333333333333	60.21333333333333	59.78	58.88	57.64	56.013333333333335	52.346666666666664	0.0
0.0	52.31333333333333	55.766666666666666	57.82	58.8	59.446666666666665	59.82666666666667	60.12	60.25333333333333	60.96	60.733333333333334	61.03333333333333	61.5	61.56	61.846666666666664	61.626666666666665	61.67333333333333	61.973333333333336	62.00666666666667	61.846666666666664	61.906666666666666	61.77333333333333	61.95333333333333	61.6	61.58	61.39333333333333	60.88	61.11333333333334	60.526666666666664	60.5	60.013333333333335	59.306666666666665	58.666666666666664	57.88	55.86	52.32	0.0
0.0	52.306666666666665	55.82	57.64666666666667	58.766666666666666	59.44	60.16	60.62	60.86666666666667	60.95333333333333	61.053333333333335	61.473333333333336	61.626666666666665	61.9	61.88	62.04666666666667	62.06	61.8	61.92666666666667	61.78666666666667	61.85333333333333	62.013333333333335	61.693333333333335	61.66	61.42666666666667	61.16	61.0	61.11333333333334	60.77333333333333	60.48	59.93333333333333	59.586666666666666	59.16	57.88666666666666	56.026666666666664	52.46666666666667	0.0
0.0	52.306666666666665	55.99333333333333	58.06666666666667	59.0	59.946666666666665	60.14	60.60666666666667	61.02	61.02	61.52	61.44	61.586666666666666	61.62	61.873333333333335	61.99333333333333	61.75333333333333	61.986666666666665	61.64	61.79333333333334	61.68666666666667	61.846666666666664	61.7	61.64	61.68666666666667	61.45333333333333	61.413333333333334	61.08	60.66	60.486666666666665	60.2	59.85333333333333	59.07333333333333	57.68666666666667	55.68	52.413333333333334	0.0
0.0	52.193333333333335	56.22666666666667	58.07333333333333	59.20666666666666	59.82666666666667	60.373333333333335	60.526666666666664	61.0	61.43333333333333	61.5	61.79333333333334	62.04	62.28666666666667	62.20666666666666	62.28666666666667	62.07333333333333	61.81333333333333	61.946666666666665	61.9	61.99333333333333	62.093333333333334	61.946666666666665	61.74	61.86666666666667	61.72666666666667	61.92666666666667	61.95333333333333	61.53333333333333	60.72666666666667	60.446666666666665	59.78	59.473333333333336	58.22	56.093333333333334	52.63333333333333	0.0
0.0	52.26	55.64	57.9	59.22666666666667	59.626666666666665	60.06	60.486666666666665	60.846666666666664	61.04666666666667	61.193333333333335	61.06	61.38666666666666	61.66	61.46666666666667	61.66	61.74	61.60666666666667	61.93333333333333	61.973333333333336	62.053333333333335	61.78666666666667	61.74	61.626666666666665	61.43333333333333	61.14666666666667	61.126666666666665	60.82	60.72	60.58	59.98	59.74	58.68666666666667	57.8	55.98	52.1	0.0
0.0	52.81333333333333	56.126666666666665	57.38	58.96	59.96	60.21333333333333	60.653333333333336	61.13333333333333	61.306666666666665	61.413333333333334	61.78	61.526666666666664	61.7	61.79333333333334	61.70666666666666	61.96	61.86	62.06	62.24666666666667	61.973333333333336	62.34	62.00666666666667	61.78	62.013333333333335	61.846666666666664	61.68666666666667	61.513333333333335	61.086666666666666	61.03333333333333	60.38666666666666	60.02	59.00666666666667	58.10666666666667	56.14	52.16	0.0
0.0	52.193333333333335	55.81333333333333	57.57333333333333	58.45333333333333	59.373333333333335	59.9	60.48	60.46	60.806666666666665	61.20666666666666	61.586666666666666	61.68666666666667	61.48	61.766666666666666	61.593333333333334	61.68666666666667	61.56	61.7	61.56666666666667	61.58	61.666666666666664	61.54	61.42	61.153333333333336	61.1	60.9	60.846666666666664	60.70666666666666	60.18666666666667	59.68666666666667	58.96666666666667	58.3	57.57333333333333	55.986666666666665	52.126666666666665	0.0
0.0	52.24	55.92	57.66	58.79333333333334	59.57333333333333	60.07333333333333	60.413333333333334	60.84	61.17333333333333	61.29333333333334	61.36	61.406666666666666	61.8	62.32666666666667	62.193333333333335	62.02	62.14666666666667	61.98	62.26	62.12	61.85333333333333	62.07333333333333	61.733333333333334	61.626666666666665	61.42	61.2	60.8	60.68666666666667	60.50666666666667	60.126666666666665	59.74	58.98	57.89333333333333	56.24666666666667	52.413333333333334	0.0
0.0	52.306666666666665	56.3	58.11333333333334	59.10666666666667	59.67333333333333	60.21333333333333	60.54666666666667	61.13333333333333	61.166666666666664	61.56666666666667	61.76	61.72666666666667	61.473333333333336	61.56	61.653333333333336	61.846666666666664	61.70666666666666	62.24	61.906666666666666	61.586666666666666	61.96666666666667	61.693333333333335	61.50666666666667	61.306666666666665	61.61333333333334	61.04666666666667	61.04	60.81333333333333	60.31333333333333	60.12	59.82	59.03333333333333	58.11333333333334	56.093333333333334	52.346666666666664	0.0
0.0	52.50666666666667	56.126666666666665	57.82	58.84	59.94	60.1	60.24666666666667	60.85333333333333	61.17333333333333	61.61333333333334	61.526666666666664	61.913333333333334	61.75333333333333	61.79333333333334	61.76	61.653333333333336	62.02	61.88666666666666	62.126666666666665	62.053333333333335	62.026666666666664	61.82666666666667	62.02	61.906666666666666	61.75333333333333	61.64	61.38	61.166666666666664	60.98	60.13333333333333	59.54	59.22	58.18	56.02	51.873333333333335	0.0
0.0	52.42	56.28	57.78666666666667	59.026666666666664	59.94	60.42	61.14666666666667	61.513333333333335	61.70666666666666	61.64666666666667	61.833333333333336	61.88	62.13333333333333	62.08	62.22	62.3	62.18	62.32	62.24666666666667	62.54	62.24	62.406666666666666	62.28	62.20666666666666	61.92	61.7	61.75333333333333	61.306666666666665	61.10666666666667	60.45333333333333	59.99333333333333	59.24666666666667	57.88	56.20666666666666	52.446666666666665	0.0
0.0	52.553333333333335	56.04666666666667	57.71333333333333	59.20666666666666	60.053333333333335	60.06	60.72666666666667	61.24666666666667	61.406666666666666	61.71333333333333	61.846666666666664	61.74666666666667	61.84	61.9	62.093333333333334	62.473333333333336	62.24	62.32	62.13333333333333	62.6	62.14666666666667	62.373333333333335	62.26	62.35333333333333	62.17333333333333	61.76	61.50666666666667	60.986666666666665	60.8	60.36	60.13333333333333	59.31333333333333	58.333333333333336	56.36	52.36666666666667	0.0
0.0	52.28666666666667	56.28	57.9	59.04	59.513333333333335	59.96666666666667	60.44	60.54	61.04666666666667	61.14666666666667	61.35333333333333	61.266666666666666	61.20666666666666	61.66	61.846666666666664	61.89333333333333	61.72	61.68	61.96666666666667	62.04	61.66	61.6	61.17333333333333	61.17333333333333	61.32	61.093333333333334	60.833333333333336	60.53333333333333	60.42	60.10666666666667	59.81333333333333	58.846666666666664	58.04666666666667	56.24	52.486666666666665	0.0
0.0	52.166666666666664	56.00666666666667	57.89333333333333	58.86	59.4	60.13333333333333	60.64	60.71333333333333	61.153333333333336	61.053333333333335	61.86	61.973333333333336	61.88	62.10666666666667	62.126666666666665	62.086666666666666	62.53333333333333	62.74	62.68	62.66	62.17333333333333	62.413333333333334	62.28	62.02	61.72666666666667	61.62	61.43333333333333	61.26	60.946666666666665	60.60666666666667	59.75333333333333	58.94	57.9	56.25333333333333	52.50666666666667	0.0
0.0	52.49333333333333	56.38666666666666	58.053333333333335	59.093333333333334	60.03333333333333	60.42	60.76	61.093333333333334	61.28	61.193333333333335	61.60666666666667	61.89333333333333	62.093333333333334	62.02	62.07333333333333	62.266666666666666	62.553333333333335	62.373333333333335	62.38666666666666	62.35333333333333	61.986666666666665	62.2	62.13333333333333	61.89333333333333	61.81333333333333	61.806666666666665	61.446666666666665	61.39333333333333	61.053333333333335	60.8	60.07333333333333	59.233333333333334	58.013333333333335	56.16	52.64666666666667	0.0
0.0	52.413333333333334	56.04666666666667	57.98	58.96	59.92	60.28	60.553333333333335	60.96	61.24	61.126666666666665	61.43333333333333	61.53333333333333	61.82666666666667	61.78	61.72666666666667	61.67333333333333	61.86	61.98	61.78666666666667	61.906666666666666	61.98	61.693333333333335	61.78	61.28	61.28666666666667	61.39333333333333	61.00666666666667	60.89333333333333	60.62	60.21333333333333	59.67333333333333	58.733333333333334	57.74666666666667	56.11333333333334	52.31333333333333	0.0
0.0	52.166666666666664	55.85333333333333	57.693333333333335	58.57333333333333	59.48	59.806666666666665	60.446666666666665	61.06666666666667	60.906666666666666	61.38	61.38666666666666	61.593333333333334	61.413333333333334	61.373333333333335	61.54	61.50666666666667	61.553333333333335	61.5	61.60666666666667	61.62	61.61333333333334	61.593333333333334	61.6	61.62	61.32	61.02	60.833333333333336	60.64	60.7	60.18666666666667	59.46	58.48	57.64666666666667	55.77333333333333	52.18	0.0
0.0	52.38666666666666	56.093333333333334	57.54666666666667	58.27333333333333	59.74	60.26	60.60666666666667	60.96	61.00666666666667	61.1	61.266666666666666	61.79333333333334	61.553333333333335	61.50666666666667	61.766666666666666	61.62	61.593333333333334	61.92	61.46666666666667	61.24666666666667	61.233333333333334	61.61333333333334	61.5	61.14666666666667	61.00666666666667	60.946666666666665	60.8	60.79333333333334	60.39333333333333	59.7	59.586666666666666	59.166666666666664	57.82666666666667	56.11333333333334	52.626666666666665	0.0
0.0	52.31333333333333	55.906666666666666	57.61333333333334	59.153333333333336	59.89333333333333	59.92666666666667	60.31333333333333	60.79333333333334	61.03333333333333	61.46	61.63333333333333	61.666666666666664	61.86	61.98	62.1	61.913333333333334	61.89333333333333	61.88666666666666	61.973333333333336	61.693333333333335	61.96	61.406666666666666	61.76	61.733333333333334	61.653333333333336	61.36	61.16	61.013333333333335	60.85333333333333	60.38	59.62	59.126666666666665	57.833333333333336	56.14666666666667	52.22666666666667	0.0
0.0	52.18	56.18666666666667	57.946666666666665	58.86666666666667	59.64666666666667	60.053333333333335	60.35333333333333	60.82666666666667	60.96666666666667	61.3	61.44	61.35333333333333	61.67333333333333	61.48	61.62	61.75333333333333	61.78666666666667	62.026666666666664	61.653333333333336	61.96666666666667	62.10666666666667	62.04666666666667	61.84	61.42666666666667	61.373333333333335	61.193333333333335	61.266666666666666	60.626666666666665	60.64	60.333333333333336	59.526666666666664	58.84	57.906666666666666	56.1	52.12	0.0
0.0	52.21333333333333	55.93333333333333	57.626666666666665	58.86	59.67333333333333	59.78666666666667	60.46	60.846666666666664	60.98	61.57333333333333	61.57333333333333	61.553333333333335	61.54	61.666666666666664	61.54	61.593333333333334	61.373333333333335	62.0	61.75333333333333	61.72666666666667	61.71333333333333	61.93333333333333	61.58	61.7	61.486666666666665	61.093333333333334	61.02	60.473333333333336	60.04	59.71333333333333	59.42	58.84	58.03333333333333	55.913333333333334	52.14	0.0
0.0	52.36666666666667	55.99333333333333	57.666666666666664	58.99333333333333	59.46666666666667	60.24666666666667	60.9	61.333333333333336	61.64	61.60666666666667	62.03333333333333	62.28	62.4	62.42	62.10666666666667	62.13333333333333	62.46666666666667	62.25333333333333	62.04	62.333333333333336	62.2	62.06666666666667	61.766666666666666	61.593333333333334	61.56	61.46666666666667	61.32	61.126666666666665	60.653333333333336	60.5	59.906666666666666	59.11333333333334	57.72666666666667	55.96666666666667	52.38	0.0
0.0	52.34	56.18666666666667	57.913333333333334	59.06	59.626666666666665	60.44	60.71333333333333	61.06666666666667	61.093333333333334	61.553333333333335	61.71333333333333	61.733333333333334	61.946666666666665	62.333333333333336	62.72666666666667	62.31333333333333	62.486666666666665	62.193333333333335	62.333333333333336	62.093333333333334	61.86666666666667	62.233333333333334	62.086666666666666	61.833333333333336	61.78666666666667	61.413333333333334	61.333333333333336	60.68	60.64666666666667	60.373333333333335	59.733333333333334	59.413333333333334	58.126666666666665	56.27333333333333	52.04	0.0
0.0	52.406666666666666	55.906666666666666	57.43333333333333	58.653333333333336	59.586666666666666	60.03333333333333	60.6	61.126666666666665	60.98	61.04666666666667	60.95333333333333	60.95333333333333	61.406666666666666	61.38	61.86	61.64	61.56	61.653333333333336	61.553333333333335	61.5	61.653333333333336	61.46666666666667	61.38666666666666	61.14666666666667	61.25333333333333	60.92666666666667	61.06	60.85333333333333	60.54666666666667	60.10666666666667	59.68	59.12	57.78	55.973333333333336	52.013333333333335	0.0
0.0	52.406666666666666	56.31333333333333	57.526666666666664	59.166666666666664	59.833333333333336	60.413333333333334	60.88666666666666	61.31333333333333	61.553333333333335	61.54	61.96	62.2	62.266666666666666	62.32	62.20666666666666	62.10666666666667	62.16	62.32	62.20666666666666	61.973333333333336	62.1	61.89333333333333	62.08	61.56	61.22	61.48	60.946666666666665	61.03333333333333	60.77333333333333	60.593333333333334	60.0	59.34	58.11333333333334	56.22666666666667	52.36	0.0
0.0	52.46	56.28666666666667	58.13333333333333	59.266666666666666	59.733333333333334	60.413333333333334	60.6	61.22666666666667	61.553333333333335	61.56	61.54	61.82666666666667	61.98	61.76	62.18666666666667	62.093333333333334	62.46666666666667	62.0	62.086666666666666	62.08	62.16	62.12	61.946666666666665	61.60666666666667	61.61333333333334	61.38666666666666	61.233333333333334	61.02	60.666666666666664	60.27333333333333	59.586666666666666	58.82	57.72666666666667	55.913333333333334	52.233333333333334	0.0
0.0	52.18666666666667	55.906666666666666	57.60666666666667	58.63333333333333	59.44	59.82	59.973333333333336	60.49333333333333	60.98	61.6	61.86666666666667	61.70666666666666	61.913333333333334	61.946666666666665	61.913333333333334	61.9	62.36666666666667	62.20666666666666	61.96666666666667	61.98	61.74	61.446666666666665	61.28666666666667	61.193333333333335	61.36666666666667	61.16	61.153333333333336	60.96	60.473333333333336	60.06	59.53333333333333	58.96666666666667	57.906666666666666	56.126666666666665	52.43333333333333	0.0
0.0	52.20666666666666	55.96	58.053333333333335	58.92	59.81333333333333	60.39333333333333	60.6	60.93333333333333	61.06666666666667	61.06666666666667	61.513333333333335	61.693333333333335	61.446666666666665	61.78666666666667	61.72	61.74666666666667	61.766666666666666	61.75333333333333	61.913333333333334	61.82666666666667	61.81333333333333	61.666666666666664	62.013333333333335	61.54666666666667	61.54666666666667	61.64666666666667	61.36	61.08	60.873333333333335	60.38	59.68666666666667	59.093333333333334	58.2	56.38666666666666	52.46666666666667	0.0
0.0	52.38666666666666	56.06666666666667	57.74666666666667	59.093333333333334	59.78	60.22666666666667	61.053333333333335	61.36666666666667	61.46	61.67333333333333	61.86	62.14666666666667	62.06666666666667	62.26	62.06	62.56666666666667	62.306666666666665	62.14	62.28	62.4	61.973333333333336	62.06666666666667	62.013333333333335	61.846666666666664	61.36	61.46666666666667	61.26	60.95333333333333	60.78	60.45333333333333	59.92	59.38666666666666	58.413333333333334	56.193333333333335	52.586666666666666	0.0
0.0	52.21333333333333	55.99333333333333	57.82	59.12	59.96666666666667	60.78666666666667	60.8	61.166666666666664	61.346666666666664	61.29333333333334	61.71333333333333	61.94	61.92	61.99333333333333	62.53333333333333	62.086666666666666	62.21333333333333	62.06	62.13333333333333	62.24	61.973333333333336	61.92	62.06	61.78	61.74	61.39333333333333	61.4	61.02	61.053333333333335	60.13333333333333	59.593333333333334	58.873333333333335	57.973333333333336	55.913333333333334	52.626666666666665	0.0
0.0	52.46	56.026666666666664	58.086666666666666	58.95333333333333	59.42	60.233333333333334	60.62	60.846666666666664	61.42666666666667	61.66	61.60666666666667	61.74666666666667	61.68666666666667	61.78	61.52	62.013333333333335	61.64	61.66	61.68666666666667	61.766666666666666	61.74	61.84	61.913333333333334	61.54	61.20666666666666	61.58	60.913333333333334	60.78666666666667	60.32	60.31333333333333	59.82	58.82666666666667	57.71333333333333	56.44	52.513333333333335	0.0
0.0	52.446666666666665	55.96	57.766666666666666	59.346666666666664	60.20666666666666	60.56666666666667	60.986666666666665	61.04666666666667	61.28	61.76	61.626666666666665	61.626666666666665	61.946666666666665	62.10666666666667	61.86	62.2	61.973333333333336	62.36666666666667	62.28666666666667	62.406666666666666	62.24	62.13333333333333	62.053333333333335	61.94	61.63333333333333	61.79333333333334	61.22666666666667	60.92666666666667	60.54666666666667	60.50666666666667	59.846666666666664	59.11333333333334	57.986666666666665	55.89333333333333	52.413333333333334	0.0
0.0	52.266666666666666	56.10666666666667	57.76	58.95333333333333	59.70666666666666	59.92	60.29333333333334	60.973333333333336	61.093333333333334	61.17333333333333	61.413333333333334	61.74666666666667	61.833333333333336	61.96666666666667	62.25333333333333	62.03333333333333	62.0	62.1	62.24666666666667	61.99333333333333	61.92666666666667	62.1	61.913333333333334	61.833333333333336	61.64666666666667	61.24	61.093333333333334	60.7	60.49333333333333	60.11333333333334	59.45333333333333	58.95333333333333	58.07333333333333	55.99333333333333	52.44	0.0
0.0	52.42	55.96666666666667	57.78666666666667	58.71333333333333	59.86	60.18666666666667	60.693333333333335	61.39333333333333	61.22	61.233333333333334	61.32	61.54	61.53333333333333	61.586666666666666	61.906666666666666	62.13333333333333	61.99333333333333	61.89333333333333	61.82	61.86	62.04	61.806666666666665	61.7	61.64	61.46666666666667	61.38666666666666	60.86	60.64666666666667	60.72	60.43333333333333	59.74666666666667	58.89333333333333	58.04	56.14666666666667	52.46	0.0
0.0	52.64666666666667	56.25333333333333	57.57333333333333	59.02	59.57333333333333	60.08	60.60666666666667	61.26	61.053333333333335	61.76	61.45333333333333	61.64666666666667	61.8	61.92	62.02	61.906666666666666	61.946666666666665	62.20666666666666	61.666666666666664	61.766666666666666	61.56666666666667	61.653333333333336	61.38	61.48	61.22	61.34	60.92	60.84	60.49333333333333	60.06	59.81333333333333	58.68	57.86666666666667	55.96666666666667	52.3	0.0
0.0	52.04666666666667	56.086666666666666	57.74666666666667	59.18666666666667	60.03333333333333	60.14	60.62	61.026666666666664	61.26	61.28666666666667	61.17333333333333	61.413333333333334	61.86	61.61333333333334	61.64666666666667	61.38666666666666	61.766666666666666	61.653333333333336	61.98	61.98	61.74666666666667	61.513333333333335	61.63333333333333	61.406666666666666	61.35333333333333	61.18	61.086666666666666	60.693333333333335	60.38666666666666	60.22	59.88666666666666	59.14	58.026666666666664	56.24	52.25333333333333	0.0
0.0	52.413333333333334	55.72	57.84	59.12	59.973333333333336	60.486666666666665	60.766666666666666	61.12	61.32666666666667	61.2	61.53333333333333	61.50666666666667	61.58	61.586666666666666	61.50666666666667	61.766666666666666	62.06666666666667	61.906666666666666	61.95333333333333	62.03333333333333	62.02	61.833333333333336	61.406666666666666	61.82666666666667	61.526666666666664	61.413333333333334	61.14666666666667	60.71333333333333	60.50666666666667	60.3	59.58	59.22	57.86	56.13333333333333	52.266666666666666	0.0
0.0	52.193333333333335	55.9	57.84	58.94	59.56666666666667	59.973333333333336	60.62	61.18666666666667	61.04	61.38666666666666	61.76	61.8	61.82	61.78666666666667	61.88	62.04666666666667	61.95333333333333	62.013333333333335	61.99333333333333	61.81333333333333	61.75333333333333	61.4	61.32666666666667	61.20666666666666	61.233333333333334	60.93333333333333	61.17333333333333	60.8	60.28	60.413333333333334	59.86	59.12	58.02	56.07333333333333	52.693333333333335	0.0
0.0	52.21333333333333	56.22666666666667	57.96	59.053333333333335	59.593333333333334	60.18666666666667	60.54666666666667	61.25333333333333	61.193333333333335	61.38666666666666	61.78666666666667	61.79333333333334	61.88	61.75333333333333	62.346666666666664	62.166666666666664	62.17333333333333	61.846666666666664	61.89333333333333	62.02	62.06666666666667	62.18	61.72666666666667	61.63333333333333	61.46	61.586666666666666	61.39333333333333	60.98	60.86	60.17333333333333	59.84	58.84	57.78	56.03333333333333	52.35333333333333	0.0
0.0	52.373333333333335	55.913333333333334	57.446666666666665	58.64666666666667	59.68	59.873333333333335	60.39333333333333	60.406666666666666	60.766666666666666	60.94	61.266666666666666	61.52	61.42666666666667	61.626666666666665	61.71333333333333	61.31333333333333	61.5	61.873333333333335	61.63333333333333	61.593333333333334	61.5	61.72666666666667	61.473333333333336	61.88666666666666	61.67333333333333	61.093333333333334	61.04	60.986666666666665	60.42666666666667	60.1	59.43333333333333	58.82666666666667	57.63333333333333	56.36	52.28	0.0
0.0	51.98	55.74	57.35333333333333	58.806666666666665	59.74666666666667	60.32666666666667	60.71333333333333	60.913333333333334	60.76	61.32666666666667	61.413333333333334	61.54666666666667	61.74666666666667	61.733333333333334	61.72666666666667	61.94	61.72666666666667	61.54666666666667	61.7	62.03333333333333	61.92	61.76	61.766666666666666	61.39333333333333	61.43333333333333	61.10666666666667	60.79333333333334	60.96	60.36666666666667	60.306666666666665	59.68	58.733333333333334	57.56666666666667	55.8	52.333333333333336	0.0
0.0	52.153333333333336	56.29333333333334	58.166666666666664	59.32	59.74666666666667	60.24666666666667	60.67333333333333	61.03333333333333	61.193333333333335	61.70666666666666	61.486666666666665	61.666666666666664	61.84	61.68666666666667	62.086666666666666	62.04	61.62	61.84	61.78666666666667	61.333333333333336	61.8	61.88666666666666	61.626666666666665	61.18666666666667	61.233333333333334	61.24	60.873333333333335	61.11333333333334	60.52	60.58	59.5	58.62	57.88666666666666	56.25333333333333	52.29333333333334	0.0
0.0	52.08	56.14	57.72666666666667	58.9	59.52	60.24666666666667	60.36	60.63333333333333	60.63333333333333	61.07333333333333	61.34	61.74	61.76	61.86	61.78666666666667	61.99333333333333	62.193333333333335	62.36666666666667	62.03333333333333	61.95333333333333	61.94	62.053333333333335	61.906666666666666	61.653333333333336	61.446666666666665	61.67333333333333	61.25333333333333	61.26	60.88	60.42	59.61333333333334	58.75333333333333	57.60666666666667	55.82	51.913333333333334	0.0
0.0	52.46	56.29333333333334	57.553333333333335	58.52	59.373333333333335	60.06	60.38666666666666	60.58	60.94	61.46666666666667	61.48	61.766666666666666	61.42	61.75333333333333	61.95333333333333	61.78666666666667	61.76	61.79333333333334	61.77333333333333	61.84	62.03333333333333	61.56	61.72666666666667	61.38666666666666	61.32	61.10666666666667	60.79333333333334	60.58	60.04666666666667	59.92	59.53333333333333	58.63333333333333	57.733333333333334	56.00666666666667	52.20666666666666	0.0
0.0	52.38666666666666	56.12	57.88666666666666	58.93333333333333	59.4	60.166666666666664	60.82	61.306666666666665	61.24	61.35333333333333	61.42666666666667	61.60666666666667	61.60666666666667	61.74666666666667	61.62	61.906666666666666	61.68666666666667	61.6	61.96	61.906666666666666	61.98	62.093333333333334	62.093333333333334	61.7	61.833333333333336	61.473333333333336	61.25333333333333	60.513333333333335	60.766666666666666	60.36666666666667	59.50666666666667	58.906666666666666	57.92	56.08	52.32666666666667	0.0
0.0	52.11333333333334	55.94	57.653333333333336	58.626666666666665	59.50666666666667	60.20666666666666	60.62	60.52	60.89333333333333	61.306666666666665	61.46666666666667	61.513333333333335	61.64	61.986666666666665	62.2	62.03333333333333	61.93333333333333	62.086666666666666	62.153333333333336	62.06666666666667	61.78666666666667	61.89333333333333	61.72	61.92	61.29333333333334	61.0	60.82666666666667	60.68	60.36	60.10666666666667	59.68	58.766666666666666	57.72666666666667	55.77333333333333	52.27333333333333	0.0
0.0	52.43333333333333	56.03333333333333	57.693333333333335	58.68	59.56666666666667	59.86666666666667	60.39333333333333	60.58	60.9	60.84	61.233333333333334	61.34	61.93333333333333	61.806666666666665	61.346666666666664	61.406666666666666	61.373333333333335	61.53333333333333	61.64666666666667	61.42	61.266666666666666	61.553333333333335	61.233333333333334	61.4	61.38666666666666	61.36666666666667	60.70666666666666	60.36	60.07333333333333	59.666666666666664	59.26	58.76	57.76	55.93333333333333	52.446666666666665	0.0
0.0	52.64666666666667	56.10666666666667	58.04666666666667	59.17333333333333	60.0	60.473333333333336	60.593333333333334	61.1	61.27333333333333	61.57333333333333	61.61333333333334	61.72666666666667	62.266666666666666	62.086666666666666	61.88	61.986666666666665	61.95333333333333	62.486666666666665	61.806666666666665	62.026666666666664	62.13333333333333	62.03333333333333	62.06666666666667	62.1	61.79333333333334	61.95333333333333	61.34	60.98	61.07333333333333	60.42666666666667	59.8	59.43333333333333	58.013333333333335	56.153333333333336	52.36666666666667	0.0
0.0	52.56666666666667	56.25333333333333	58.07333333333333	59.13333333333333	60.0	60.406666666666666	60.906666666666666	61.00666666666667	61.20666666666666	61.45333333333333	61.18666666666667	61.56	61.67333333333333	62.32	62.17333333333333	62.28	62.42	62.4	62.126666666666665	62.13333333333333	61.93333333333333	61.906666666666666	61.81333333333333	61.526666666666664	61.7	61.82666666666667	61.67333333333333	61.11333333333334	61.06666666666667	60.2	59.77333333333333	58.72666666666667	57.473333333333336	56.03333333333333	52.11333333333334	0.0
0.0	52.82666666666667	56.39333333333333	58.193333333333335	59.22666666666667	59.72666666666667	60.11333333333334	60.42	60.58	61.26	61.39333333333333	61.72666666666667	61.98	62.093333333333334	61.986666666666665	61.82666666666667	62.12	62.28666666666667	62.07333333333333	62.193333333333335	61.973333333333336	62.28	61.973333333333336	61.98	61.92666666666667	61.62	61.513333333333335	61.43333333333333	60.92	60.553333333333335	60.153333333333336	59.64666666666667	59.25333333333333	57.99333333333333	56.12	52.266666666666666	0.0
0.0	52.22666666666667	56.25333333333333	57.906666666666666	58.82	59.57333333333333	60.026666666666664	60.513333333333335	60.86666666666667	60.84	61.22666666666667	61.5	61.32666666666667	61.67333333333333	61.57333333333333	61.653333333333336	61.85333333333333	61.9	62.06	61.92	61.62	62.04666666666667	61.96	61.72	61.44	61.54	61.406666666666666	61.20666666666666	61.013333333333335	60.513333333333335	59.946666666666665	59.58	58.8	58.093333333333334	56.26	52.406666666666666	0.0
0.0	52.233333333333334	55.82666666666667	57.82	58.92	59.60666666666667	59.986666666666665	60.22	60.57333333333333	61.026666666666664	61.03333333333333	61.086666666666666	61.57333333333333	61.58	61.77333333333333	61.66	62.03333333333333	62.29333333333334	62.18	62.093333333333334	62.26	61.733333333333334	61.66	61.56	61.25333333333333	61.34	61.026666666666664	60.84	60.45333333333333	60.373333333333335	59.82	59.32	58.70666666666666	57.913333333333334	55.806666666666665	52.39333333333333	0.0
0.0	52.50666666666667	56.053333333333335	58.04666666666667	59.22	59.77333333333333	60.25333333333333	60.93333333333333	61.14666666666667	61.26	61.64666666666667	61.7	62.0	61.973333333333336	62.093333333333334	61.88	61.96	61.74	61.85333333333333	61.913333333333334	61.913333333333334	61.82666666666667	61.56	61.63333333333333	61.77333333333333	61.513333333333335	61.68	61.39333333333333	61.093333333333334	60.75333333333333	60.193333333333335	59.64	58.56666666666667	57.63333333333333	55.99333333333333	52.28	0.0
0.0	52.17333333333333	56.25333333333333	57.72666666666667	58.89333333333333	59.586666666666666	60.06666666666667	60.233333333333334	60.56	61.053333333333335	61.56666666666667	61.36666666666667	61.81333333333333	61.60666666666667	61.94	61.81333333333333	62.093333333333334	61.86	62.03333333333333	62.14	61.61333333333334	62.04	61.85333333333333	61.74666666666667	61.266666666666666	61.333333333333336	61.446666666666665	60.92	60.78	60.24666666666667	59.906666666666666	59.49333333333333	58.86666666666667	57.95333333333333	56.02	52.42	0.0
0.0	52.166666666666664	56.22666666666667	57.66	58.9	59.95333333333333	60.4	61.00666666666667	61.12	61.42666666666667	61.62	61.74	61.63333333333333	61.81333333333333	61.486666666666665	61.66	61.92	61.82	61.9	61.79333333333334	62.013333333333335	61.74666666666667	61.72	61.64666666666667	61.22	61.473333333333336	61.36	61.06666666666667	60.79333333333334	60.526666666666664	60.06666666666667	59.473333333333336	58.733333333333334	57.766666666666666	55.76	52.36	0.0
0.0	52.266666666666666	56.093333333333334	57.82666666666667	58.79333333333334	59.78	60.36	60.89333333333333	61.053333333333335	61.26	61.38666666666666	61.733333333333334	61.70666666666666	61.693333333333335	62.013333333333335	61.79333333333334	62.13333333333333	62.04	61.76	61.413333333333334	61.75333333333333	61.46666666666667	61.31333333333333	61.62	61.486666666666665	61.60666666666667	61.44	60.986666666666665	61.22	60.67333333333333	60.12	59.526666666666664	58.873333333333335	57.98	56.00666666666667	52.27333333333333	0.0
0.0	52.42	56.13333333333333	58.2	59.16	59.72	60.36	60.8	61.02	61.16	61.38	61.526666666666664	61.693333333333335	61.846666666666664	61.85333333333333	61.973333333333336	61.833333333333336	62.086666666666666	61.906666666666666	61.82	62.20666666666666	61.72	62.12	61.626666666666665	61.77333333333333	61.873333333333335	61.35333333333333	61.29333333333334	60.96666666666667	60.61333333333334	60.266666666666666	59.67333333333333	58.74	57.64666666666667	55.96	52.553333333333335	0.0
0.0	52.10666666666667	56.06	58.21333333333333	59.20666666666666	59.68666666666667	60.46666666666667	60.89333333333333	61.13333333333333	61.306666666666665	61.48	61.266666666666666	61.586666666666666	61.766666666666666	62.04	62.04	62.18	62.233333333333334	62.36666666666667	62.34	62.29333333333334	62.193333333333335	61.873333333333335	62.193333333333335	62.26	62.00666666666667	62.093333333333334	61.42	61.093333333333334	60.693333333333335	60.50666666666667	59.88	58.986666666666665	57.66	56.166666666666664	52.406666666666666	0.0
0.0	51.99333333333333	55.95333333333333	57.86	59.08	59.72	60.12	60.906666666666666	60.846666666666664	61.153333333333336	61.22	61.473333333333336	61.46666666666667	61.46666666666667	61.43333333333333	62.153333333333336	61.96666666666667	62.0	61.96	61.913333333333334	61.76	62.07333333333333	61.64	61.733333333333334	61.48	61.74666666666667	61.52	61.34	61.18	60.57333333333333	60.093333333333334	59.653333333333336	58.833333333333336	57.913333333333334	55.9	52.413333333333334	0.0
0.0	52.49333333333333	56.03333333333333	57.88	58.9	59.56	60.14	60.553333333333335	60.92	61.13333333333333	60.85333333333333	61.46666666666667	61.78	62.02	62.04666666666667	62.013333333333335	62.24666666666667	61.93333333333333	62.06666666666667	61.833333333333336	62.166666666666664	61.82666666666667	61.72666666666667	61.56	61.5	61.28	61.486666666666665	61.07333333333333	60.86666666666667	60.96666666666667	60.66	59.49333333333333	58.92666666666667	57.906666666666666	56.13333333333333	52.50666666666667	0.0
0.0	52.25333333333333	56.0	57.693333333333335	58.68	59.60666666666667	60.21333333333333	60.8	61.06	61.26	61.56	61.86	61.86666666666667	61.693333333333335	61.693333333333335	61.43333333333333	61.54	61.54	61.68	61.68	61.43333333333333	61.61333333333334	61.8	61.82666666666667	61.84	61.42	61.48	61.04666666666667	61.026666666666664	60.63333333333333	60.18	59.70666666666666	58.79333333333334	57.733333333333334	56.29333333333334	52.39333333333333	0.0
0.0	52.22666666666667	56.413333333333334	57.96666666666667	59.36	60.02	60.49333333333333	60.79333333333334	61.18666666666667	61.086666666666666	61.266666666666666	61.57333333333333	61.82666666666667	61.99333333333333	61.76	62.0	62.43333333333333	62.14666666666667	62.266666666666666	61.913333333333334	62.27333333333333	61.913333333333334	62.11333333333334	62.153333333333336	61.64666666666667	61.486666666666665	61.38	61.0	60.98	60.82666666666667	60.46666666666667	59.63333333333333	58.593333333333334	57.986666666666665	56.17333333333333	52.06	0.0
0.0	52.24666666666667	56.11333333333334	57.99333333333333	59.233333333333334	59.77333333333333	60.346666666666664	60.733333333333334	60.98	61.64666666666667	61.75333333333333	61.586666666666666	61.92	62.18666666666667	62.5	62.39333333333333	62.38	62.406666666666666	62.58	62.2	62.013333333333335	62.13333333333333	62.24666666666667	62.18	61.626666666666665	61.52	61.08	61.03333333333333	60.833333333333336	60.54	60.38666666666666	59.873333333333335	58.82	57.986666666666665	56.48	52.36	0.0
0.0	52.32	56.04666666666667	57.74	58.96666666666667	59.46	59.85333333333333	60.873333333333335	60.84	61.17333333333333	61.56666666666667	61.50666666666667	61.54666666666667	61.82666666666667	62.1	61.846666666666664	61.82	61.86666666666667	62.00666666666667	61.72	61.79333333333334	61.693333333333335	62.026666666666664	61.62	61.92	61.31333333333333	61.45333333333333	61.03333333333333	60.946666666666665	60.50666666666667	59.92666666666667	59.88666666666666	58.92	57.946666666666665	55.92666666666667	52.06666666666667	0.0
0.0	52.68	55.946666666666665	57.693333333333335	58.75333333333333	59.62	60.22	60.46	60.76	61.08	61.04	60.88	61.20666666666666	61.553333333333335	61.82	61.626666666666665	62.20666666666666	61.88666666666666	61.99333333333333	61.76	61.94	61.78	61.9	61.7	61.666666666666664	61.60666666666667	61.56	61.1	61.04	60.31333333333333	60.22	59.53333333333333	59.06	57.95333333333333	56.08	52.0	0.0
0.0	52.22	55.78666666666667	57.58	58.586666666666666	59.406666666666666	60.06	60.16	60.6	60.806666666666665	61.10666666666667	61.086666666666666	61.266666666666666	61.446666666666665	61.35333333333333	61.44	61.71333333333333	61.86	61.72666666666667	62.2	61.94	61.693333333333335	61.653333333333336	61.42666666666667	60.986666666666665	61.28	60.873333333333335	60.54	60.52	59.89333333333333	59.7	59.306666666666665	58.53333333333333	57.553333333333335	55.52	52.08	0.0
0.0	52.54666666666667	56.32	58.36	59.26	59.93333333333333	60.53333333333333	60.71333333333333	61.18666666666667	61.34	61.693333333333335	61.6	61.92666666666667	62.17333333333333	62.086666666666666	62.153333333333336	62.306666666666665	62.12	62.46	61.92	62.10666666666667	62.08	61.85333333333333	61.78	61.77333333333333	61.88666666666666	61.54666666666667	61.38	61.28666666666667	60.89333333333333	60.586666666666666	59.873333333333335	59.233333333333334	57.92666666666667	56.24666666666667	52.35333333333333	0.0
0.0	52.0	55.72	57.57333333333333	58.46	59.28666666666667	59.946666666666665	60.413333333333334	60.66	60.54666666666667	61.0	61.333333333333336	61.43333333333333	61.56666666666667	61.62	61.63333333333333	61.906666666666666	61.84	61.846666666666664	62.126666666666665	61.74666666666667	61.68	61.52	61.193333333333335	61.10666666666667	61.16	61.20666666666666	60.74	60.68	60.373333333333335	59.95333333333333	59.54666666666667	58.94	57.81333333333333	55.96666666666667	52.12	0.0
0.0	52.233333333333334	55.846666666666664	57.50666666666667	58.63333333333333	59.38666666666666	60.11333333333334	60.44	60.92666666666667	61.026666666666664	61.44	61.513333333333335	61.81333333333333	61.68	61.68	61.846666666666664	61.833333333333336	61.78	61.78	61.64666666666667	61.833333333333336	61.553333333333335	61.84	61.88666666666666	61.626666666666665	61.62	61.18666666666667	61.11333333333334	60.56666666666667	60.56666666666667	60.153333333333336	59.52	58.63333333333333	57.85333333333333	55.82	52.58	0.0
0.0	52.36	56.24	57.36666666666667	58.66	59.67333333333333	60.473333333333336	60.72	61.086666666666666	61.34	61.42666666666667	61.85333333333333	61.82666666666667	62.10666666666667	62.32	61.88	61.89333333333333	62.02	62.17333333333333	61.96666666666667	61.88666666666666	62.00666666666667	61.94	61.84	61.66	61.57333333333333	61.346666666666664	61.346666666666664	61.18	60.99333333333333	60.593333333333334	59.553333333333335	58.99333333333333	57.86	55.846666666666664	52.086666666666666	0.0
0.0	52.14	56.03333333333333	57.78666666666667	58.67333333333333	59.46666666666667	59.88	60.34	60.49333333333333	60.873333333333335	61.32	61.586666666666666	61.60666666666667	61.78666666666667	61.7	61.82666666666667	61.833333333333336	61.9	61.666666666666664	61.846666666666664	61.82666666666667	61.586666666666666	61.64	61.61333333333334	61.44	61.14	61.03333333333333	60.74	60.653333333333336	60.513333333333335	60.36	59.60666666666667	58.86666666666667	57.74	56.04	52.486666666666665	0.0
0.0	52.233333333333334	55.79333333333334	57.7	58.8	59.68	60.07333333333333	60.46	60.8	61.1	61.08	61.5	61.46666666666667	61.74666666666667	61.89333333333333	61.98	61.833333333333336	61.75333333333333	61.88666666666666	61.833333333333336	61.626666666666665	61.96666666666667	62.18	61.946666666666665	61.906666666666666	61.72	61.64	61.306666666666665	60.973333333333336	60.38	59.77333333333333	59.52	59.053333333333335	57.54	55.986666666666665	52.07333333333333	0.0
0.0	52.32666666666667	55.89333333333333	57.84	59.06	59.54666666666667	60.17333333333333	60.68666666666667	61.10666666666667	61.3	61.24	61.586666666666666	61.906666666666666	62.02	61.9	61.89333333333333	61.873333333333335	61.873333333333335	61.93333333333333	61.973333333333336	61.653333333333336	61.54	61.64	61.846666666666664	61.86666666666667	61.666666666666664	61.653333333333336	61.28666666666667	60.7	60.346666666666664	60.17333333333333	59.77333333333333	59.0	57.72666666666667	55.82	52.266666666666666	0.0
0.0	52.086666666666666	55.86666666666667	57.4	58.986666666666665	59.406666666666666	59.94	60.22	60.38	60.94	60.88666666666666	61.20666666666666	61.20666666666666	61.54	61.72	61.78666666666667	61.58	61.42666666666667	61.8	61.7	61.62	61.74666666666667	61.653333333333336	61.72	61.22	60.92	60.84	60.913333333333334	60.77333333333333	60.346666666666664	59.88666666666666	59.36	58.86666666666667	57.653333333333336	55.96666666666667	52.42	0.0
0.0	52.34	56.17333333333333	57.92	59.17333333333333	59.60666666666667	60.2	60.52	60.52	61.233333333333334	61.46666666666667	61.6	61.733333333333334	61.693333333333335	61.986666666666665	61.8	61.89333333333333	62.0	62.18	61.9	61.833333333333336	61.70666666666666	61.626666666666665	61.61333333333334	61.62	61.46	61.31333333333333	60.913333333333334	61.08	60.62	60.126666666666665	59.36	58.68	57.82	56.22	52.10666666666667	0.0
0.0	52.24	55.71333333333333	57.76	58.72666666666667	59.49333333333333	59.81333333333333	59.99333333333333	60.20666666666666	60.82666666666667	60.99333333333333	60.986666666666665	61.25333333333333	61.21333333333333	61.346666666666664	61.346666666666664	61.586666666666666	61.58	61.653333333333336	61.473333333333336	61.36	61.35333333333333	61.32	61.45333333333333	61.27333333333333	61.22	60.74666666666667	60.78666666666667	60.53333333333333	60.26	60.06666666666667	59.513333333333335	58.56	57.49333333333333	55.56	52.126666666666665	0.0
0.0	52.44	56.11333333333334	58.03333333333333	59.126666666666665	60.03333333333333	60.46	60.56	61.166666666666664	61.22666666666667	61.42666666666667	61.42666666666667	61.39333333333333	61.53333333333333	61.653333333333336	61.45333333333333	61.92	62.013333333333335	61.76	61.88666666666666	61.77333333333333	62.04	62.04	61.973333333333336	61.58	61.57333333333333	61.22666666666667	61.08	61.18	60.49333333333333	60.22666666666667	59.86	59.07333333333333	58.10666666666667	56.24666666666667	52.473333333333336	0.0
0.0	52.34	56.14666666666667	58.20666666666666	59.18666666666667	59.88666666666666	60.28	60.79333333333334	61.04666666666667	61.25333333333333	61.24	61.52	62.04	61.70666666666666	62.04666666666667	61.873333333333335	62.32666666666667	61.973333333333336	62.14	62.026666666666664	62.18	62.486666666666665	62.45333333333333	62.25333333333333	62.11333333333334	61.973333333333336	61.62	61.57333333333333	61.46666666666667	60.88666666666666	60.27333333333333	60.166666666666664	59.38666666666666	58.18	56.39333333333333	52.28	0.0
0.0	52.52	56.36	57.72	59.233333333333334	60.22	60.52	60.77333333333333	61.18666666666667	61.63333333333333	61.67333333333333	62.086666666666666	62.10666666666667	62.026666666666664	62.526666666666664	62.526666666666664	62.18	62.513333333333335	62.513333333333335	62.32	62.626666666666665	62.513333333333335	62.446666666666665	62.32	62.06666666666667	62.02	61.833333333333336	61.99333333333333	61.56666666666667	60.72666666666667	60.66	59.68	58.846666666666664	58.053333333333335	56.25333333333333	52.346666666666664	0.0
0.0	52.31333333333333	56.093333333333334	57.9	59.193333333333335	59.85333333333333	60.54	60.74	61.36	61.693333333333335	62.086666666666666	62.26	62.306666666666665	62.333333333333336	62.333333333333336	62.46	62.52	62.50666666666667	62.666666666666664	62.50666666666667	62.63333333333333	62.61333333333334	62.61333333333334	62.24666666666667	62.233333333333334	61.913333333333334	61.74	61.50666666666667	61.44	61.0	60.75333333333333	59.98	59.3	58.13333333333333	56.18	52.46666666666667	0.0
0.0	52.58	56.053333333333335	57.54666666666667	58.56666666666667	59.6	60.026666666666664	60.57333333333333	60.54	61.14666666666667	61.36666666666667	61.46666666666667	61.60666666666667	61.75333333333333	61.906666666666666	61.77333333333333	61.95333333333333	61.74666666666667	61.96	61.4	61.82666666666667	61.50666666666667	61.093333333333334	61.38666666666666	61.38666666666666	61.06666666666667	60.72666666666667	60.79333333333334	60.593333333333334	60.086666666666666	59.67333333333333	59.18666666666667	58.513333333333335	57.406666666666666	56.08	52.126666666666665	0.0
0.0	52.086666666666666	56.11333333333334	57.84	58.94	59.586666666666666	60.43333333333333	60.86666666666667	61.45333333333333	61.44	61.333333333333336	61.626666666666665	61.82666666666667	62.153333333333336	62.013333333333335	62.21333333333333	62.02	61.913333333333334	62.153333333333336	62.0	62.08	61.82666666666667	61.85333333333333	61.72	61.56666666666667	61.29333333333334	61.27333333333333	60.986666666666665	60.98	60.70666666666666	59.92	59.266666666666666	58.9	57.82	56.38666666666666	52.473333333333336	0.0
0.0	52.28666666666667	56.16	57.86	59.0	59.96666666666667	60.6	60.99333333333333	61.42	61.99333333333333	61.72	62.0	62.14666666666667	62.53333333333333	62.306666666666665	62.553333333333335	62.8	62.71333333333333	62.86666666666667	62.56666666666667	62.513333333333335	62.22666666666667	62.64666666666667	62.17333333333333	61.96	61.833333333333336	61.74	61.56	61.29333333333334	60.82	60.86666666666667	60.126666666666665	59.553333333333335	58.14	56.10666666666667	52.49333333333333	0.0
0.0	52.45333333333333	56.31333333333333	58.306666666666665	59.306666666666665	59.84	60.43333333333333	60.78	60.88	61.38666666666666	61.44	61.78666666666667	61.60666666666667	61.61333333333334	61.96666666666667	62.013333333333335	62.06666666666667	61.94	61.806666666666665	62.053333333333335	61.733333333333334	62.04	61.84	61.88666666666666	61.72	61.38666666666666	61.36	61.333333333333336	61.14	60.95333333333333	60.446666666666665	59.74	59.28	58.233333333333334	56.233333333333334	52.4	0.0
0.0	52.32	56.406666666666666	58.27333333333333	59.11333333333334	60.08	60.45333333333333	60.906666666666666	61.053333333333335	61.553333333333335	61.75333333333333	61.99333333333333	62.166666666666664	62.266666666666666	62.32666666666667	62.26	62.526666666666664	62.413333333333334	62.413333333333334	62.60666666666667	62.26	62.25333333333333	62.22666666666667	62.10666666666667	61.846666666666664	61.84	61.67333333333333	61.64	61.45333333333333	60.766666666666666	60.6	59.906666666666666	59.04666666666667	57.86	56.00666666666667	52.36666666666667	0.0
0.0	52.48	56.04	58.1	59.38	59.63333333333333	60.346666666666664	60.733333333333334	61.193333333333335	61.486666666666665	61.806666666666665	61.86666666666667	61.86666666666667	61.71333333333333	61.9	61.76	61.70666666666666	61.96666666666667	61.61333333333334	61.95333333333333	61.833333333333336	62.053333333333335	61.873333333333335	61.79333333333334	61.46666666666667	61.526666666666664	61.333333333333336	61.3	61.153333333333336	60.71333333333333	60.24	59.72	59.02	57.98	56.10666666666667	52.42	0.0
0.0	52.233333333333334	55.593333333333334	57.98	58.81333333333333	59.63333333333333	60.22666666666667	60.62	60.8	61.13333333333333	61.24666666666667	61.48	61.43333333333333	61.81333333333333	62.14	61.873333333333335	62.24	62.42666666666667	62.42666666666667	62.14666666666667	62.36666666666667	61.95333333333333	62.1	62.06	61.72666666666667	61.5	61.36	61.04666666666667	60.973333333333336	60.4	59.873333333333335	59.586666666666666	58.71333333333333	57.46	56.0	51.93333333333333	0.0
0.0	52.266666666666666	55.906666666666666	57.82	59.03333333333333	59.72666666666667	60.21333333333333	60.35333333333333	60.84	60.96	61.32666666666667	61.38	61.66	61.67333333333333	61.586666666666666	61.96	61.76	61.79333333333334	61.82666666666667	61.666666666666664	61.446666666666665	61.81333333333333	61.446666666666665	61.44	61.553333333333335	61.42666666666667	61.28666666666667	61.07333333333333	61.04	60.68666666666667	60.28	59.29333333333334	59.06	57.72	55.973333333333336	52.21333333333333	0.0
0.0	52.126666666666665	56.04	58.013333333333335	59.24	59.946666666666665	60.233333333333334	60.8	60.913333333333334	61.14666666666667	61.5	61.626666666666665	61.93333333333333	61.78666666666667	61.94	61.89333333333333	62.166666666666664	62.06	62.07333333333333	61.7	61.86666666666667	62.153333333333336	62.306666666666665	61.68	61.586666666666666	61.72666666666667	61.4	61.346666666666664	60.973333333333336	60.733333333333334	60.013333333333335	59.72666666666667	58.74	57.913333333333334	56.193333333333335	52.093333333333334	0.0
0.0	52.28666666666667	55.72	57.34	58.7	59.53333333333333	60.06666666666667	60.60666666666667	60.986666666666665	61.43333333333333	61.586666666666666	61.693333333333335	61.96666666666667	62.14666666666667	62.126666666666665	62.16	62.28	62.02	62.0	61.92666666666667	61.79333333333334	61.89333333333333	61.82666666666667	62.02	61.46	61.693333333333335	61.56666666666667	61.28	61.03333333333333	60.513333333333335	60.266666666666666	59.54	58.85333333333333	57.96	55.94	52.13333333333333	0.0
0.0	52.806666666666665	56.46	58.513333333333335	59.52	60.2	60.666666666666664	61.27333333333333	61.46	62.0	61.72	62.36666666666667	62.373333333333335	62.56	62.63333333333333	63.22666666666667	63.24	62.973333333333336	62.733333333333334	63.14	62.60666666666667	62.56	62.42666666666667	62.50666666666667	62.333333333333336	62.03333333333333	62.013333333333335	61.78	61.32	60.63333333333333	60.62	60.24666666666667	59.44	58.21333333333333	56.446666666666665	52.653333333333336	0.0
0.0	52.7	56.26	58.28666666666667	59.126666666666665	59.92	60.413333333333334	60.85333333333333	60.906666666666666	61.52	61.77333333333333	61.94	62.31333333333333	62.46	62.43333333333333	62.513333333333335	62.666666666666664	62.653333333333336	62.72666666666667	62.36	62.50666666666667	62.42	62.48	62.44	62.42	61.913333333333334	61.75333333333333	61.38666666666666	61.48	61.153333333333336	60.486666666666665	59.626666666666665	59.32	58.026666666666664	56.16	52.07333333333333	0.0
0.0	52.06	56.07333333333333	57.946666666666665	59.08	59.833333333333336	60.2	60.64666666666667	61.07333333333333	61.07333333333333	61.4	61.553333333333335	62.04666666666667	61.88	62.233333333333334	61.9	61.833333333333336	61.7	61.94	62.04	62.18	61.96	61.85333333333333	61.85333333333333	61.58	61.75333333333333	61.75333333333333	61.56666666666667	61.086666666666666	60.76	60.25333333333333	59.77333333333333	59.08	57.94	55.92	52.39333333333333	0.0
0.0	52.5	56.07333333333333	57.68	58.96	59.29333333333334	60.22666666666667	60.553333333333335	60.71333333333333	60.77333333333333	61.166666666666664	61.64	61.28	61.57333333333333	61.89333333333333	61.77333333333333	61.86	62.08	61.79333333333334	61.79333333333334	62.06	61.85333333333333	61.96666666666667	61.86	61.846666666666664	61.78	61.20666666666666	61.62	60.89333333333333	60.39333333333333	60.04	59.693333333333335	59.13333333333333	58.14	55.84	52.14666666666667	0.0
0.0	52.32666666666667	56.54666666666667	58.20666666666666	59.34	60.166666666666664	60.63333333333333	61.43333333333333	61.54	61.7	61.693333333333335	61.76	62.32666666666667	62.39333333333333	62.22666666666667	62.57333333333333	62.34	62.11333333333334	62.3	62.24666666666667	62.333333333333336	62.27333333333333	62.1	61.99333333333333	61.88	61.873333333333335	61.693333333333335	61.66	61.266666666666666	61.13333333333333	60.53333333333333	59.92666666666667	59.24	58.14666666666667	56.24	52.513333333333335	0.0
0.0	52.0	56.22	58.02	58.89333333333333	59.63333333333333	60.36	60.57333333333333	60.82	60.68	61.06	61.04	61.49333333333333	61.553333333333335	61.593333333333334	61.50666666666667	62.1	61.96	61.806666666666665	61.806666666666665	61.653333333333336	61.693333333333335	61.66	61.766666666666666	61.50666666666667	61.31333333333333	61.31333333333333	61.03333333333333	60.486666666666665	60.02	59.79333333333334	59.406666666666666	58.42	57.333333333333336	55.84	52.22	0.0
0.0	52.26	56.21333333333333	57.906666666666666	58.653333333333336	59.50666666666667	59.94	60.42666666666667	60.78	60.846666666666664	61.153333333333336	61.56	61.78666666666667	61.68	61.906666666666666	62.10666666666667	62.18	61.806666666666665	62.0	61.74	61.48	61.513333333333335	61.48	61.7	61.62	61.32666666666667	61.72	61.28	60.82	60.78	60.166666666666664	59.593333333333334	59.26	57.82666666666667	56.026666666666664	52.553333333333335	0.0
0.0	52.43333333333333	56.126666666666665	57.75333333333333	58.56	59.413333333333334	60.0	60.68	61.04666666666667	61.086666666666666	61.666666666666664	62.04666666666667	62.06	62.06666666666667	62.20666666666666	61.96	62.06	62.29333333333334	61.833333333333336	62.22666666666667	62.45333333333333	62.38666666666666	61.913333333333334	61.7	61.54666666666667	61.71333333333333	61.3	61.22	60.873333333333335	60.32666666666667	60.14	59.71333333333333	58.906666666666666	57.82666666666667	56.22	52.373333333333335	0.0
0.0	52.04666666666667	56.093333333333334	57.8	58.70666666666666	59.4	59.873333333333335	60.25333333333333	60.833333333333336	60.61333333333334	60.99333333333333	61.04	61.02	61.22666666666667	61.27333333333333	61.28666666666667	61.20666666666666	61.306666666666665	61.626666666666665	61.553333333333335	61.53333333333333	61.413333333333334	61.31333333333333	61.22	61.266666666666666	61.11333333333334	60.666666666666664	60.7	60.49333333333333	60.18666666666667	59.89333333333333	59.36666666666667	58.32	57.306666666666665	55.846666666666664	52.06	0.0
0.0	52.56666666666667	55.913333333333334	57.81333333333333	58.733333333333334	59.68	60.22666666666667	60.5	60.46666666666667	60.906666666666666	61.086666666666666	61.03333333333333	61.56	61.513333333333335	61.666666666666664	62.27333333333333	62.02	61.553333333333335	61.64666666666667	61.77333333333333	61.84	61.64	61.6	61.586666666666666	61.89333333333333	61.43333333333333	61.06	61.053333333333335	61.1	60.64	60.1	59.56666666666667	59.013333333333335	57.586666666666666	56.07333333333333	52.18666666666667	0.0
0.0	52.25333333333333	56.18666666666667	57.85333333333333	58.98	59.906666666666666	60.3	60.86666666666667	61.06666666666667	61.63333333333333	61.486666666666665	61.71333333333333	61.85333333333333	61.96	62.28	62.20666666666666	62.27333333333333	62.28666666666667	62.6	62.68	62.52	62.36666666666667	62.12	61.95333333333333	61.806666666666665	61.53333333333333	61.21333333333333	61.06666666666667	60.806666666666665	60.36	60.093333333333334	59.72	59.16	57.946666666666665	56.22	52.39333333333333	0.0
0.0	52.36	56.18	57.71333333333333	58.78	59.75333333333333	60.31333333333333	60.76	61.18666666666667	61.2	61.306666666666665	61.74	61.78	62.16	62.16	62.0	61.68	61.95333333333333	62.086666666666666	62.18	61.93333333333333	61.77333333333333	61.79333333333334	61.973333333333336	61.92666666666667	61.72666666666667	61.406666666666666	61.25333333333333	60.98	60.49333333333333	60.14666666666667	59.61333333333334	59.086666666666666	57.593333333333334	56.193333333333335	52.42	0.0
0.0	52.72666666666667	56.4	58.36666666666667	59.46666666666667	60.153333333333336	60.93333333333333	61.18	61.53333333333333	61.56666666666667	61.81333333333333	62.04666666666667	62.233333333333334	62.14666666666667	62.126666666666665	62.34	62.3	62.28	62.24666666666667	62.56	62.34	62.50666666666667	62.373333333333335	62.52	62.086666666666666	61.79333333333334	61.56	61.54666666666667	60.95333333333333	61.08	60.78	60.21333333333333	59.28	58.43333333333333	56.266666666666666	52.82	0.0
0.0	52.38	56.06	57.906666666666666	59.08	59.9	60.36	60.89333333333333	61.086666666666666	61.18	61.72666666666667	61.6	61.60666666666667	61.9	61.78666666666667	62.14	62.553333333333335	62.193333333333335	62.28	62.18	61.74666666666667	61.74666666666667	61.986666666666665	61.49333333333333	61.526666666666664	61.75333333333333	61.29333333333334	61.20666666666666	60.94	60.68	60.42666666666667	59.653333333333336	58.88	57.86666666666667	55.913333333333334	52.053333333333335	0.0
0.0	51.88666666666666	55.833333333333336	57.50666666666667	58.693333333333335	59.266666666666666	60.07333333333333	60.473333333333336	61.0	61.35333333333333	61.18666666666667	61.553333333333335	61.82666666666667	61.946666666666665	61.7	61.846666666666664	61.71333333333333	61.626666666666665	61.93333333333333	61.733333333333334	61.846666666666664	61.626666666666665	61.64666666666667	61.28	61.24666666666667	61.14666666666667	61.04	60.92	60.53333333333333	60.42	60.086666666666666	59.57333333333333	58.873333333333335	57.85333333333333	56.03333333333333	52.36	0.0
0.0	52.166666666666664	56.126666666666665	58.026666666666664	59.20666666666666	59.99333333333333	60.153333333333336	60.766666666666666	60.806666666666665	61.49333333333333	61.46666666666667	61.42	61.96	61.92	62.093333333333334	61.67333333333333	62.07333333333333	62.22	62.20666666666666	62.26	62.28	61.873333333333335	62.00666666666667	62.373333333333335	62.32666666666667	61.766666666666666	61.846666666666664	61.25333333333333	60.946666666666665	60.79333333333334	60.3	59.52	59.31333333333333	57.42	56.13333333333333	52.24	0.0
0.0	52.84	56.306666666666665	58.25333333333333	59.233333333333334	60.03333333333333	60.64666666666667	60.766666666666666	60.88666666666666	61.21333333333333	61.5	61.74	61.8	61.846666666666664	61.88666666666666	62.11333333333334	62.43333333333333	62.486666666666665	62.22666666666667	62.04666666666667	62.086666666666666	61.92	61.75333333333333	61.946666666666665	61.84	61.76	61.473333333333336	61.46666666666667	60.93333333333333	60.81333333333333	60.20666666666666	59.82	59.34	57.946666666666665	56.233333333333334	52.57333333333333	0.0
0.0	52.38	56.29333333333334	58.04666666666667	58.973333333333336	59.54	60.233333333333334	60.586666666666666	61.013333333333335	61.42	61.35333333333333	61.50666666666667	61.74	62.10666666666667	62.2	61.99333333333333	62.11333333333334	62.21333333333333	61.88	62.11333333333334	61.78	61.96666666666667	61.94	61.806666666666665	61.92	61.513333333333335	61.28	60.98	60.64666666666667	60.513333333333335	60.27333333333333	59.79333333333334	59.0	58.14	56.10666666666667	52.22	0.0
0.0	52.18666666666667	56.1	57.75333333333333	58.9	59.833333333333336	60.34	60.513333333333335	60.92666666666667	61.18	61.26	61.72	61.553333333333335	61.666666666666664	61.86666666666667	62.32	62.46666666666667	62.17333333333333	62.2	61.88	61.973333333333336	62.18	62.026666666666664	61.846666666666664	61.82666666666667	61.6	61.446666666666665	61.26	61.28666666666667	60.70666666666666	60.78	60.18666666666667	59.153333333333336	57.833333333333336	56.21333333333333	52.38	0.0
0.0	52.27333333333333	56.18	57.96666666666667	59.153333333333336	59.74666666666667	60.13333333333333	61.12	61.126666666666665	61.36666666666667	61.52	61.626666666666665	61.67333333333333	61.82	61.733333333333334	61.986666666666665	61.86666666666667	61.86666666666667	61.85333333333333	62.093333333333334	62.233333333333334	62.126666666666665	62.153333333333336	62.333333333333336	62.25333333333333	62.1	61.70666666666666	61.99333333333333	61.29333333333334	61.08	60.64666666666667	60.153333333333336	59.17333333333333	58.053333333333335	55.70666666666666	52.14	0.0
0.0	52.18	56.13333333333333	57.63333333333333	58.79333333333334	59.72	60.22	60.233333333333334	60.68	60.846666666666664	60.94	61.36666666666667	61.446666666666665	61.5	61.653333333333336	61.62	61.89333333333333	61.846666666666664	61.81333333333333	61.74666666666667	61.72	61.96666666666667	61.74	61.806666666666665	61.6	61.373333333333335	61.346666666666664	61.02	60.586666666666666	60.06666666666667	60.406666666666666	59.666666666666664	59.06666666666667	58.06666666666667	56.00666666666667	52.24	0.0
0.0	52.48	56.24666666666667	58.29333333333334	59.45333333333333	60.16	60.43333333333333	60.78666666666667	61.14	61.626666666666665	61.666666666666664	61.906666666666666	61.89333333333333	62.39333333333333	62.58	62.49333333333333	62.38666666666666	62.333333333333336	62.92	62.84	62.50666666666667	62.54666666666667	62.21333333333333	62.12	61.68	61.95333333333333	61.626666666666665	61.64	61.526666666666664	60.86666666666667	60.49333333333333	60.153333333333336	59.29333333333334	57.946666666666665	56.06666666666667	52.333333333333336	0.0
0.0	52.35333333333333	56.54	58.06666666666667	59.11333333333334	59.626666666666665	60.06	60.71333333333333	60.98	61.16	61.48	61.833333333333336	61.56	61.56	61.60666666666667	61.88666666666666	61.94	61.906666666666666	61.913333333333334	62.233333333333334	62.24	61.94	61.666666666666664	61.66	61.626666666666665	61.56666666666667	61.11333333333334	61.0	60.98	60.486666666666665	59.846666666666664	59.626666666666665	58.806666666666665	57.75333333333333	55.96666666666667	52.10666666666667	0.0
0.0	52.70666666666666	56.36666666666667	57.8	58.68666666666667	59.43333333333333	59.733333333333334	60.36666666666667	60.68666666666667	60.79333333333334	61.08	61.06	61.166666666666664	61.34	60.913333333333334	61.39333333333333	61.266666666666666	61.56	61.56	61.7	61.68	61.56666666666667	61.63333333333333	61.74666666666667	61.513333333333335	61.153333333333336	61.42	60.94	60.946666666666665	60.56	60.086666666666666	59.92666666666667	58.86666666666667	57.82	56.36666666666667	52.306666666666665	0.0
0.0	52.306666666666665	56.17333333333333	57.58	58.94	59.806666666666665	60.24	60.553333333333335	60.68666666666667	61.28666666666667	61.373333333333335	61.86	61.92666666666667	61.946666666666665	61.986666666666665	61.85333333333333	62.03333333333333	62.20666666666666	62.193333333333335	62.06666666666667	61.98	61.58	61.64666666666667	61.45333333333333	61.56666666666667	61.413333333333334	60.92	60.86	61.00666666666667	60.44	60.233333333333334	59.89333333333333	59.08	58.166666666666664	56.28	52.43333333333333	0.0
0.0	52.24666666666667	56.093333333333334	58.08	58.873333333333335	59.7	60.38666666666666	60.586666666666666	61.126666666666665	61.16	61.18666666666667	61.153333333333336	61.29333333333334	61.56666666666667	61.626666666666665	61.94	61.86666666666667	61.693333333333335	62.11333333333334	62.026666666666664	61.906666666666666	62.12	61.8	61.82666666666667	61.653333333333336	61.2	61.27333333333333	61.16	61.08	60.56	59.98	59.54	58.79333333333334	57.77333333333333	56.053333333333335	52.42	0.0
0.0	52.16	56.153333333333336	57.7	58.63333333333333	59.12	59.71333333333333	60.486666666666665	60.24666666666667	60.46	60.89333333333333	61.31333333333333	61.20666666666666	61.12	61.32	61.18666666666667	61.26	61.46666666666667	61.76	61.81333333333333	61.72	61.666666666666664	61.44	61.39333333333333	61.266666666666666	61.27333333333333	60.66	60.62	60.233333333333334	60.13333333333333	59.92666666666667	59.473333333333336	58.64666666666667	57.77333333333333	56.053333333333335	52.32666666666667	0.0
0.0	52.39333333333333	56.24666666666667	58.03333333333333	59.233333333333334	59.986666666666665	60.553333333333335	60.986666666666665	61.153333333333336	61.49333333333333	61.24	61.82666666666667	62.026666666666664	62.126666666666665	62.473333333333336	62.28	62.32	62.24	62.44	62.48	62.48	62.72	62.61333333333334	62.02	61.973333333333336	62.03333333333333	61.42666666666667	61.553333333333335	61.04666666666667	60.94	60.17333333333333	59.96	59.1	58.406666666666666	56.36	52.32	0.0
0.0	52.54666666666667	55.99333333333333	58.20666666666666	59.44	59.973333333333336	60.42666666666667	60.71333333333333	61.25333333333333	61.413333333333334	61.64	61.38	61.58	62.026666666666664	62.06666666666667	62.12	62.58	62.0	62.72	62.333333333333336	62.346666666666664	62.346666666666664	62.22666666666667	62.0	61.913333333333334	61.72666666666667	61.626666666666665	61.11333333333334	60.913333333333334	60.42	59.95333333333333	59.61333333333334	58.873333333333335	57.85333333333333	56.08	52.46666666666667	0.0
0.0	52.086666666666666	55.99333333333333	57.63333333333333	58.89333333333333	59.36666666666667	59.626666666666665	60.42666666666667	60.68666666666667	60.806666666666665	61.4	61.473333333333336	61.72666666666667	61.74666666666667	61.666666666666664	61.78	62.306666666666665	61.88666666666666	61.806666666666665	61.88666666666666	61.513333333333335	61.913333333333334	61.99333333333333	61.89333333333333	61.733333333333334	61.593333333333334	61.486666666666665	61.22666666666667	61.0	60.513333333333335	60.013333333333335	59.4	58.693333333333335	57.6	55.88666666666666	52.29333333333334	0.0
0.0	52.766666666666666	56.333333333333336	58.31333333333333	59.70666666666666	60.14	60.62	60.86666666666667	61.0	61.44	61.806666666666665	61.98	62.306666666666665	62.50666666666667	62.74666666666667	62.50666666666667	62.586666666666666	62.68666666666667	62.48	62.733333333333334	62.78	62.70666666666666	62.29333333333334	62.053333333333335	62.35333333333333	62.193333333333335	62.38666666666666	61.81333333333333	61.71333333333333	60.9	60.68	60.07333333333333	59.3	58.12	56.406666666666666	52.54666666666667	0.0
0.0	52.32666666666667	56.04	58.053333333333335	58.93333333333333	59.48	60.24	60.62	61.053333333333335	60.946666666666665	61.32	61.38666666666666	61.60666666666667	61.64	61.81333333333333	61.766666666666666	61.913333333333334	62.166666666666664	62.306666666666665	62.00666666666667	62.10666666666667	61.82666666666667	62.013333333333335	62.13333333333333	62.013333333333335	61.43333333333333	61.78666666666667	61.4	61.31333333333333	60.973333333333336	60.27333333333333	59.52	58.85333333333333	57.913333333333334	56.02	52.08	0.0
0.0	52.54	56.27333333333333	58.093333333333334	58.98	59.473333333333336	59.873333333333335	60.57333333333333	60.906666666666666	61.29333333333334	61.81333333333333	61.586666666666666	61.913333333333334	62.24	62.32666666666667	62.5	62.61333333333334	62.8	62.50666666666667	62.653333333333336	62.28	62.306666666666665	61.77333333333333	62.04666666666667	61.833333333333336	61.66	61.8	61.526666666666664	61.093333333333334	60.9	60.34	59.77333333333333	59.27333333333333	58.12	56.06666666666667	52.43333333333333	0.0
0.0	52.4	56.03333333333333	57.98	59.21333333333333	59.946666666666665	60.36666666666667	60.62	60.806666666666665	61.36666666666667	61.446666666666665	61.94	62.0	62.18666666666667	62.02	61.8	62.08	62.00666666666667	62.03333333333333	61.92666666666667	62.36	62.07333333333333	61.78666666666667	61.86666666666667	61.64	61.63333333333333	61.24	60.81333333333333	60.85333333333333	60.38666666666666	60.13333333333333	59.46666666666667	58.89333333333333	57.85333333333333	56.11333333333334	52.35333333333333	0.0
0.0	52.17333333333333	56.053333333333335	57.913333333333334	58.82666666666667	59.526666666666664	60.346666666666664	60.413333333333334	60.57333333333333	61.20666666666666	61.25333333333333	61.553333333333335	61.71333333333333	61.63333333333333	61.77333333333333	61.60666666666667	61.82	62.18	62.13333333333333	62.25333333333333	62.08	62.00666666666667	61.9	61.833333333333336	61.833333333333336	61.92	61.5	61.06666666666667	60.666666666666664	60.4	60.17333333333333	59.413333333333334	59.1	57.973333333333336	55.873333333333335	52.333333333333336	0.0
0.0	52.02	55.693333333333335	57.50666666666667	58.593333333333334	59.67333333333333	59.78666666666667	60.373333333333335	60.72666666666667	61.06666666666667	60.973333333333336	61.27333333333333	61.74	61.7	61.846666666666664	61.75333333333333	62.00666666666667	62.026666666666664	62.1	61.8	61.85333333333333	61.7	61.28666666666667	61.13333333333333	61.56666666666667	61.42	61.29333333333334	61.0	60.95333333333333	60.63333333333333	59.72666666666667	59.94	58.68	58.013333333333335	56.126666666666665	52.17333333333333	0.0
0.0	52.14	56.22	58.04	59.18	59.77333333333333	60.18666666666667	60.89333333333333	61.46666666666667	61.28666666666667	61.44	61.72666666666667	61.806666666666665	62.026666666666664	62.24	62.04	62.00666666666667	62.20666666666666	62.24666666666667	62.27333333333333	62.126666666666665	62.39333333333333	61.88	61.94	61.67333333333333	61.74	61.5	61.53333333333333	60.88666666666666	60.946666666666665	60.48	59.86	59.24	57.99333333333333	56.22	52.473333333333336	0.0
0.0	52.126666666666665	56.26	58.25333333333333	59.08	59.873333333333335	60.20666666666666	60.43333333333333	60.94	61.10666666666667	61.17333333333333	61.3	61.5	61.66	61.526666666666664	61.86	61.64	61.666666666666664	61.46	61.76	61.94	62.04666666666667	61.68	61.43333333333333	61.68666666666667	61.27333333333333	61.14	60.96	61.00666666666667	60.46666666666667	60.03333333333333	59.53333333333333	58.66	57.82	55.846666666666664	52.27333333333333	0.0
0.0	52.46	56.093333333333334	57.733333333333334	59.04	59.60666666666667	60.42666666666667	60.846666666666664	61.373333333333335	61.18666666666667	61.266666666666666	62.11333333333334	61.98	62.42	62.333333333333336	62.593333333333334	62.486666666666665	62.333333333333336	62.24	62.13333333333333	62.35333333333333	62.28	62.14666666666667	61.84	62.03333333333333	61.72666666666667	61.61333333333334	61.43333333333333	61.27333333333333	60.88	60.61333333333334	59.78666666666667	58.666666666666664	58.03333333333333	55.846666666666664	52.446666666666665	0.0
0.0	52.413333333333334	56.06666666666667	58.25333333333333	59.04666666666667	59.526666666666664	60.193333333333335	60.54666666666667	61.06666666666667	61.24666666666667	61.086666666666666	61.39333333333333	61.526666666666664	61.913333333333334	62.026666666666664	61.78	62.17333333333333	62.11333333333334	61.986666666666665	61.946666666666665	61.9	61.86666666666667	61.68	61.66	61.7	61.49333333333333	61.406666666666666	61.32	61.02	60.64	60.44	59.846666666666664	58.99333333333333	57.82666666666667	55.81333333333333	52.06666666666667	0.0
0.0	52.473333333333336	56.28	57.74	59.17333333333333	59.9	60.24666666666667	60.6	61.053333333333335	61.10666666666667	61.593333333333334	61.666666666666664	61.84	62.093333333333334	62.06	62.08	62.07333333333333	62.026666666666664	62.28	62.06	62.11333333333334	61.95333333333333	61.94	61.98	61.89333333333333	61.66	61.72	61.553333333333335	61.34	60.85333333333333	60.32666666666667	59.846666666666664	59.093333333333334	58.06666666666667	56.22	52.406666666666666	0.0
0.0	52.346666666666664	55.973333333333336	57.906666666666666	58.986666666666665	59.846666666666664	60.4	60.413333333333334	61.06	61.35333333333333	61.86666666666667	61.70666666666666	62.2	62.16	62.53333333333333	62.52	62.48	62.29333333333334	62.34	62.45333333333333	62.24	62.16	62.35333333333333	62.13333333333333	61.89333333333333	61.513333333333335	61.25333333333333	61.22	60.89333333333333	60.58	60.266666666666666	59.49333333333333	59.0	57.553333333333335	56.013333333333335	52.07333333333333	0.0
0.0	52.28	56.153333333333336	57.86	58.806666666666665	59.61333333333334	60.24666666666667	60.78	61.13333333333333	61.25333333333333	61.74666666666667	61.98	61.553333333333335	61.88	61.79333333333334	62.086666666666666	62.093333333333334	62.50666666666667	62.346666666666664	62.266666666666666	62.013333333333335	61.99333333333333	61.946666666666665	61.653333333333336	61.75333333333333	61.72	61.39333333333333	61.42666666666667	61.126666666666665	61.07333333333333	60.4	59.77333333333333	59.126666666666665	58.013333333333335	56.166666666666664	52.24666666666667	0.0
0.0	52.27333333333333	55.96	57.806666666666665	58.733333333333334	59.5	60.11333333333334	60.72666666666667	60.78	61.27333333333333	61.306666666666665	61.71333333333333	61.68666666666667	61.84	61.67333333333333	61.56	61.96	61.593333333333334	61.54666666666667	61.593333333333334	62.053333333333335	61.86	61.81333333333333	61.82666666666667	61.88666666666666	61.54	61.5	61.53333333333333	61.02	60.34	60.07333333333333	59.693333333333335	58.74	57.63333333333333	56.013333333333335	52.63333333333333	0.0
0.0	52.24	56.526666666666664	58.126666666666665	59.086666666666666	60.013333333333335	60.61333333333334	60.85333333333333	60.84	61.1	61.43333333333333	61.346666666666664	61.82666666666667	61.693333333333335	61.84	62.39333333333333	62.1	62.666666666666664	62.29333333333334	62.16	62.17333333333333	61.906666666666666	61.86	61.76	61.85333333333333	61.446666666666665	61.04	61.13333333333333	61.10666666666667	60.89333333333333	60.513333333333335	60.13333333333333	59.22666666666667	58.0	56.08	52.346666666666664	0.0
0.0	52.5	56.06	58.22666666666667	59.26	59.973333333333336	60.31333333333333	60.93333333333333	60.95333333333333	60.99333333333333	61.12	61.54	61.84	61.833333333333336	61.92666666666667	62.06666666666667	62.26	61.86666666666667	62.04	62.086666666666666	61.61333333333334	61.81333333333333	61.98	62.013333333333335	61.53333333333333	61.653333333333336	61.49333333333333	61.10666666666667	61.14	60.5	60.3	59.873333333333335	58.946666666666665	58.086666666666666	56.50666666666667	52.473333333333336	0.0
0.0	52.193333333333335	55.96	57.67333333333333	58.913333333333334	59.7	60.18666666666667	60.58	60.946666666666665	61.193333333333335	61.39333333333333	61.03333333333333	61.43333333333333	61.92666666666667	61.906666666666666	61.846666666666664	62.026666666666664	62.12	61.92	61.846666666666664	61.85333333333333	61.70666666666666	61.72	61.74666666666667	61.46666666666667	61.14	61.026666666666664	61.10666666666667	61.00666666666667	60.68666666666667	59.88	59.96666666666667	58.9	57.92	56.22666666666667	52.36666666666667	0.0
0.0	52.38	56.153333333333336	57.973333333333336	58.98	59.7	59.96666666666667	60.56666666666667	60.54666666666667	61.12	61.32666666666667	61.306666666666665	61.626666666666665	61.78666666666667	61.806666666666665	61.81333333333333	62.13333333333333	61.92	61.9	61.78	61.8	61.626666666666665	61.50666666666667	61.82666666666667	61.61333333333334	61.29333333333334	61.153333333333336	61.233333333333334	60.9	60.21333333333333	60.00666666666667	59.56666666666667	58.93333333333333	57.946666666666665	56.24	52.21333333333333	0.0
