-0.6587654320987653
-0.6572839506172843
-0.6022222222222224
-0.6493827160493827
-0.6190123456790123
-0.6851851851851847
-0.6553086419753087
-0.6116049382716049
-0.5958024691358019
-0.6377777777777777
-0.637037037037037
-0.6234567901234565
-0.6172839506172838
-0.6291358024691355
-0.6459259259259259
-0.6404938271604936
-0.6683950617283947
-0.656296296296296
-0.6698765432098764
-0.6782716049382715
-0.6832098765432096
-0.6854320987654321
-0.6333333333333333
-0.6239506172839505
-0.6362962962962961
-0.6493827160493822
-0.5412345679012347
-0.6617283950617282
-0.6614814814814816
-0.5851851851851855
-0.6000000000000002
-0.6269135802469138
-0.6511111111111111
-0.6162962962962962
-0.5953086419753086
-0.6528395061728396
-0.5871604938271602
-0.5990123456790122
-0.6298765432098764
-0.6279012345679017
-0.699506172839506
-0.5772839506172841
-0.6874074074074072
-0.5602469135802467
-0.588888888888889
-0.6498765432098763
-0.6306172839506173
-0.6358024691358022
-0.6402469135802468
-0.614567901234568
-0.6834567901234568
-0.6091358024691353
-0.679259259259259
-0.6323456790123455
-0.6232098765432096
-0.6770370370370368
-0.6720987654320985
-0.5945679012345677
-0.6180246913580246
-0.6555555555555557
-0.6777777777777776
-0.6190123456790123
-0.6034567901234568
-0.6350617283950618
-0.6170370370370373
-0.6728395061728398
-0.6281481481481486
-0.6753086419753085
-0.6590123456790127
-0.6595061728395061
-0.6207407407407407
-0.5797530864197527
-0.5874074074074073
-0.6012345679012344
-0.6469135802469138
-0.649382716049383
-0.6770370370370372
-0.5829629629629631
-0.6641975308641975
-0.66641975308642
-0.579753086419753
-0.5893827160493829
-0.6397530864197528
-0.6575308641975312
-0.575308641975309
-0.621975308641975
-0.6264197530864198
-0.5802469135802473
-0.6377777777777774
-0.6414814814814818
-0.6066666666666664
-0.6234567901234566
-0.6138271604938269
-0.6399999999999998
-0.6237037037037034
-0.6249382716049378
-0.6422222222222219
-0.6118518518518514
-0.6182716049382716
-0.6118518518518522
-0.6140740740740742
-0.6841975308641975
-0.6765432098765432
-0.6661728395061728
-0.5819753086419757
-0.6432098765432099
-0.6609876543209876
-0.6093827160493825
-0.6118518518518521
-0.6404938271604937
-0.656296296296296
-0.630864197530864
-0.6693827160493827
-0.6380246913580248
-0.6385185185185182
-0.6385185185185185
-0.6627160493827161
-0.6679012345679011
-0.620246913580247
-0.5990123456790126
-0.6353086419753091
-0.6441975308641975
-0.6444444444444447
-0.6523456790123456
-0.5641975308641978
-0.626172839506173
-0.6777777777777775
-0.5893827160493827
-0.6444444444444444
-0.6565432098765434
-0.6138271604938267
-0.6548148148148148
-0.660740740740741
-0.6671604938271603
-0.6706172839506169
-0.6387654320987655
-0.6446913580246914
-0.6491358024691362
-0.6817283950617286
-0.6187654320987653
-0.6560493827160495
-0.6370370370370372
-0.6259259259259254
-0.623456790123457
-0.63358024691358
-0.7180246913580247
-0.5804938271604937
-0.6234567901234566
-0.6209876543209873
-0.6567901234567902
-0.6165432098765432
-0.6130864197530862
-0.6266666666666668
-0.6120987654320984
-0.671358024691358
-0.6234567901234567
-0.6323456790123455
-0.6728395061728393
-0.6069135802469137
-0.6760493827160491
-0.6469135802469133
-0.6429629629629633
-0.6382716049382715
-0.6498765432098763
-0.6451851851851852
-0.6424691358024689
-0.645925925925926
-0.5782716049382716
-0.6666666666666667
-0.6434567901234568
-0.6459259259259261
-0.6335802469135803
-0.615555555555556
-0.6506172839506174
-0.6753086419753085
-0.6382716049382717
-0.6604938271604938
-0.6187654320987653
-0.5753086419753085
-0.6328395061728392
-0.6533333333333333
-0.6459259259259259
-0.6358024691358021
-0.6197530864197529
-0.6920987654320986
-0.626172839506173
-0.6469135802469135
-0.6330864197530863
-0.6814814814814816
-0.6180246913580245
-0.6538271604938269
-0.606172839506173
