0.0	53.29333333333334	59.166666666666664	61.89333333333333	64.01333333333334	65.83333333333333	66.88	68.02666666666667	68.66666666666667	69.06666666666666	70.02	69.98666666666666	70.75333333333333	71.24666666666667	71.2	71.98	72.00666666666666	72.05333333333333	72.02	71.88666666666667	71.40666666666667	71.68666666666667	71.54666666666667	71.16666666666667	70.65333333333334	70.72	70.21333333333334	69.58	68.89333333333333	67.97333333333333	66.72666666666667	65.82666666666667	64.44	61.95333333333333	58.60666666666667	53.56	0.0
0.0	53.35333333333333	59.373333333333335	62.126666666666665	64.02	66.16666666666667	67.48	68.29333333333334	69.17333333333333	69.42	69.94666666666667	70.72	71.04666666666667	71.00666666666666	71.38	71.44	71.70666666666666	72.19333333333333	72.21333333333334	71.94	71.81333333333333	71.60666666666667	71.78	71.74	71.34666666666666	70.69333333333333	70.46	69.79333333333334	68.92666666666666	68.46	67.06666666666666	66.11333333333333	64.33333333333333	61.95333333333333	58.85333333333333	53.54	0.0
0.0	53.25333333333333	58.82	61.75333333333333	64.20666666666666	65.92666666666666	67.3	68.2	69.02666666666667	70.39333333333333	70.35333333333334	70.44	71.53333333333333	71.62666666666667	72.27333333333333	72.19333333333333	72.06	72.19333333333333	72.08666666666667	71.75333333333333	71.78	72.21333333333334	72.06	71.80666666666667	71.36	70.78666666666666	69.87333333333333	69.28666666666666	68.62	68.00666666666666	67.1	65.86666666666666	64.27333333333333	61.84	58.71333333333333	53.5	0.0
0.0	53.95333333333333	59.086666666666666	62.35333333333333	64.61333333333333	65.76666666666667	66.87333333333333	67.72	68.58	69.32	69.86	70.26666666666667	70.82	70.92	71.53333333333333	71.57333333333334	71.92	72.49333333333334	72.00666666666666	72.16	71.88	71.72666666666667	71.60666666666667	71.4	70.96	70.48	70.33333333333333	69.68666666666667	68.82	67.88	67.39333333333333	65.92	64.40666666666667	62.12	59.34	53.36	0.0
0.0	53.46666666666667	59.026666666666664	62.43333333333333	64.42666666666666	65.9	67.33333333333333	68.47333333333333	69.03333333333333	69.68	69.94666666666667	70.63333333333334	71.04	71.48666666666666	71.24	71.62666666666667	71.78666666666666	72.07333333333334	71.89333333333333	72.0	71.97333333333333	71.73333333333333	71.51333333333334	71.72	71.38666666666667	70.88	70.74666666666667	70.10666666666667	69.4	68.37333333333333	67.4	66.4	64.49333333333334	62.79333333333334	59.18666666666667	53.486666666666665	0.0
0.0	53.6	58.81333333333333	62.16	64.50666666666666	66.45333333333333	67.36	68.48666666666666	68.98	69.71333333333334	70.61333333333333	70.86	71.24	71.68666666666667	72.24	72.23333333333333	72.31333333333333	72.71333333333334	72.54	72.28666666666666	72.56666666666666	72.19333333333333	71.99333333333334	71.73333333333333	71.44666666666667	71.02	70.45333333333333	69.78	69.36	68.51333333333334	67.67333333333333	66.00666666666666	64.33333333333333	62.586666666666666	59.14	53.54	0.0
0.0	53.42	58.88	62.04	64.17333333333333	65.58666666666667	66.7	68.22	68.56	69.16666666666667	69.98666666666666	69.98	70.69333333333333	71.37333333333333	71.40666666666667	71.74666666666667	71.83333333333333	71.96	72.17333333333333	71.98	72.20666666666666	71.59333333333333	71.86666666666666	71.35333333333334	70.98666666666666	70.60666666666667	70.27333333333333	69.67333333333333	69.32	68.13333333333334	67.34	65.72	64.22666666666667	62.21333333333333	58.95333333333333	53.13333333333333	0.0
0.0	53.45333333333333	59.026666666666664	62.14666666666667	64.42666666666666	65.73333333333333	67.18666666666667	68.04	69.14	69.56666666666666	69.92	70.44	71.06666666666666	71.57333333333334	71.68	71.68666666666667	71.92666666666666	71.95333333333333	71.92	71.92	71.94666666666667	71.76	71.60666666666667	71.24666666666667	71.16666666666667	70.81333333333333	70.02666666666667	69.58666666666667	69.0	67.66	66.94666666666667	66.02666666666667	64.31333333333333	62.026666666666664	59.13333333333333	53.25333333333333	0.0
0.0	53.873333333333335	59.27333333333333	62.44	64.41333333333333	66.38666666666667	67.50666666666666	68.42666666666666	69.24	70.14666666666666	70.64	71.0	71.61333333333333	71.75333333333333	72.50666666666666	72.59333333333333	72.92666666666666	72.80666666666667	72.94666666666667	73.01333333333334	72.88	72.56	72.21333333333334	71.70666666666666	71.65333333333334	70.9	70.28	70.12666666666667	69.3	68.44	67.45333333333333	66.49333333333334	64.54666666666667	62.56	59.18	53.75333333333333	0.0
0.0	53.14	58.78666666666667	61.84	64.06	65.44	66.62666666666667	67.71333333333334	68.48	69.20666666666666	69.79333333333334	70.51333333333334	71.26666666666667	71.48	71.75333333333333	71.76666666666667	72.07333333333334	72.13333333333334	71.86	71.54666666666667	71.84666666666666	71.72666666666667	71.61333333333333	71.86	71.24666666666667	70.46	70.17333333333333	69.61333333333333	68.84	68.08	66.99333333333334	65.64666666666666	63.846666666666664	61.96666666666667	58.72666666666667	53.11333333333334	0.0
0.0	53.46666666666667	59.013333333333335	62.24	64.40666666666667	65.88666666666667	67.2	68.09333333333333	69.29333333333334	69.56666666666666	70.38	70.92	71.25333333333333	71.30666666666667	71.60666666666667	71.97333333333333	72.06666666666666	72.42666666666666	72.28666666666666	72.41333333333333	72.73333333333333	72.4	72.06	71.82666666666667	71.58666666666667	70.92	70.37333333333333	69.80666666666667	69.29333333333334	68.36	67.58	66.23333333333333	64.60666666666667	62.406666666666666	59.24	53.4	0.0
0.0	53.666666666666664	59.053333333333335	62.013333333333335	64.48666666666666	65.98666666666666	67.29333333333334	68.38	68.94	69.70666666666666	70.43333333333334	70.92	71.88666666666667	71.91333333333333	72.0	72.10666666666667	72.29333333333334	72.17333333333333	72.47333333333333	71.88666666666667	71.59333333333333	71.81333333333333	71.79333333333334	71.32	71.19333333333333	71.03333333333333	70.42	70.17333333333333	69.46666666666667	68.10666666666667	67.22666666666667	66.15333333333334	64.36666666666666	62.39333333333333	58.94	53.49333333333333	0.0
0.0	53.586666666666666	58.8	61.653333333333336	63.92	65.42	66.94	67.92666666666666	68.49333333333334	69.24666666666667	69.83333333333333	70.56666666666666	71.10666666666667	71.02	71.98666666666666	71.85333333333334	72.11333333333333	72.09333333333333	71.98666666666666	72.12666666666667	71.98	71.81333333333333	71.52666666666667	71.35333333333334	70.70666666666666	70.22666666666667	69.98	69.49333333333334	68.85333333333334	67.94666666666667	67.12666666666667	65.79333333333334	63.85333333333333	61.95333333333333	58.833333333333336	52.973333333333336	0.0
0.0	53.26	58.93333333333333	62.02	64.07333333333334	65.92666666666666	66.98666666666666	67.70666666666666	68.65333333333334	69.46	69.73333333333333	70.13333333333334	70.31333333333333	71.04	71.71333333333334	71.48	71.72666666666667	71.82666666666667	71.61333333333333	71.50666666666666	71.28	71.80666666666667	71.12666666666667	70.66	70.8	70.20666666666666	69.92	69.42666666666666	68.88666666666667	68.02	67.06	65.63333333333334	64.38	61.70666666666666	58.81333333333333	53.52	0.0
0.0	53.68666666666667	59.53333333333333	62.42666666666667	64.26	66.22666666666667	67.12	68.05333333333333	68.88	69.81333333333333	70.48	70.77333333333333	71.36666666666666	72.0	72.12	72.01333333333334	71.94	72.34	72.12666666666667	72.34	72.48	72.26666666666667	72.04	71.83333333333333	71.98666666666666	71.11333333333333	70.42666666666666	69.77333333333333	69.10666666666667	68.24666666666667	67.40666666666667	66.23333333333333	64.49333333333334	62.486666666666665	59.16	53.50666666666667	0.0
0.0	53.22	58.56666666666667	62.17333333333333	64.18666666666667	66.0	67.22	68.06	69.1	70.02	70.59333333333333	70.95333333333333	71.06666666666666	71.5	71.77333333333333	71.71333333333334	72.16666666666667	72.27333333333333	72.04	72.01333333333334	72.46666666666667	72.14666666666666	71.80666666666667	71.70666666666666	71.42666666666666	71.10666666666667	70.42	70.01333333333334	69.00666666666666	68.19333333333333	67.1	65.78666666666666	64.32	62.21333333333333	58.406666666666666	53.053333333333335	0.0
0.0	53.60666666666667	59.16	62.153333333333336	64.34666666666666	66.22666666666667	67.28666666666666	68.28	69.11333333333333	69.84	70.24666666666667	70.84666666666666	71.02	71.61333333333333	71.63333333333334	71.69333333333333	72.04	72.22666666666667	72.34666666666666	72.11333333333333	72.12666666666667	71.9	71.63333333333334	71.46666666666667	71.30666666666667	70.99333333333334	70.00666666666666	69.46666666666667	69.08666666666667	68.31333333333333	67.39333333333333	65.86666666666666	64.46666666666667	62.013333333333335	58.96666666666667	53.46666666666667	0.0
0.0	53.38	59.2	62.72	64.32	66.21333333333334	67.24666666666667	68.20666666666666	69.13333333333334	69.48666666666666	70.3	71.3	71.68666666666667	71.50666666666666	71.98666666666666	72.06666666666666	72.09333333333333	72.28	72.24666666666667	72.28666666666666	72.05333333333333	72.16666666666667	71.80666666666667	71.54	71.26666666666667	70.73333333333333	70.45333333333333	69.96	69.29333333333334	68.43333333333334	67.25333333333333	66.2	64.46	61.92	59.0	53.446666666666665	0.0
0.0	53.67333333333333	59.18	62.24	64.64666666666666	66.06666666666666	66.95333333333333	68.06	68.54	69.76666666666667	70.60666666666667	71.12666666666667	71.33333333333333	71.86666666666666	72.01333333333334	72.21333333333334	72.72666666666667	72.84	72.52666666666667	72.20666666666666	72.00666666666666	71.90666666666667	71.93333333333334	72.12	71.59333333333333	71.23333333333333	70.75333333333333	70.09333333333333	69.27333333333333	68.44	67.68666666666667	66.28666666666666	64.58666666666667	62.46666666666667	59.31333333333333	53.76	0.0
0.0	53.39333333333333	58.89333333333333	62.06	63.88	66.15333333333334	67.37333333333333	68.02666666666667	68.8	69.62	69.99333333333334	70.54666666666667	71.23333333333333	71.78	71.74666666666667	71.61333333333333	72.03333333333333	72.05333333333333	71.85333333333334	71.82	71.64666666666666	71.55333333333333	71.07333333333334	71.08	70.76666666666667	70.49333333333334	70.13333333333334	69.60666666666667	68.95333333333333	68.34	67.24	65.96	64.18666666666667	62.346666666666664	59.14	53.406666666666666	0.0
0.0	53.86666666666667	59.18666666666667	62.24	64.25333333333333	65.87333333333333	66.76	67.66666666666667	68.33333333333333	69.47333333333333	70.24666666666667	70.54666666666667	71.15333333333334	71.39333333333333	71.74666666666667	71.66666666666667	71.87333333333333	72.03333333333333	72.31333333333333	72.16	71.69333333333333	71.48	71.78	71.34	70.87333333333333	70.9	70.28	69.46666666666667	68.83333333333333	67.88	66.68	65.55333333333333	64.38666666666667	62.166666666666664	59.12	53.32666666666667	0.0
0.0	53.54666666666667	58.666666666666664	61.6	64.04666666666667	65.64	66.93333333333334	67.7	68.3	69.51333333333334	69.88666666666667	70.28666666666666	70.32666666666667	70.46	71.08	71.34666666666666	71.68	71.53333333333333	71.78666666666666	71.46666666666667	71.61333333333333	71.43333333333334	71.02	70.86666666666666	70.8	69.90666666666667	69.56666666666666	69.0	68.16666666666667	67.50666666666666	66.83333333333333	65.5	63.82666666666667	61.693333333333335	58.53333333333333	53.27333333333333	0.0
0.0	53.3	59.06666666666667	62.093333333333334	64.09333333333333	65.8	67.11333333333333	67.81333333333333	68.70666666666666	69.23333333333333	69.81333333333333	70.74	71.01333333333334	71.20666666666666	71.72666666666667	71.67333333333333	71.96	71.91333333333333	71.78666666666666	71.89333333333333	71.77333333333333	71.52	71.24666666666667	71.05333333333333	71.0	70.29333333333334	69.91333333333333	69.35333333333334	68.46666666666667	67.95333333333333	66.86	65.78666666666666	64.10666666666667	61.79333333333334	58.98	53.21333333333333	0.0
0.0	53.553333333333335	59.233333333333334	62.44	64.49333333333334	65.98666666666666	67.05333333333333	68.21333333333334	69.28666666666666	69.96	70.46	71.10666666666667	70.95333333333333	71.48	71.53333333333333	71.69333333333333	71.78666666666666	71.62666666666667	71.62	71.62	71.58666666666667	71.66	71.40666666666667	71.06666666666666	70.75333333333333	70.53333333333333	70.25333333333333	69.48666666666666	69.05333333333333	68.4	67.8	66.04666666666667	64.6	62.52	59.28	53.42666666666667	0.0
0.0	53.82666666666667	59.77333333333333	62.93333333333333	65.04	66.36	67.84	68.6	69.59333333333333	70.26666666666667	70.86	71.30666666666667	71.12666666666667	71.85333333333334	72.48666666666666	72.88	72.74	72.86666666666666	72.57333333333334	72.46666666666667	72.76666666666667	72.61333333333333	72.59333333333333	72.1	71.65333333333334	71.58666666666667	70.35333333333334	69.63333333333334	69.17333333333333	68.56	67.60666666666667	66.32666666666667	64.88	62.43333333333333	59.29333333333334	53.72666666666667	0.0
0.0	53.446666666666665	59.21333333333333	62.10666666666667	64.30666666666667	65.52666666666667	66.60666666666667	67.74666666666667	68.80666666666667	69.36666666666666	70.22	70.61333333333333	70.63333333333334	70.62	71.12	71.44666666666667	71.93333333333334	72.34666666666666	71.95333333333333	71.89333333333333	71.76	71.59333333333333	71.14	71.06666666666666	71.02666666666667	70.46	69.99333333333334	69.44666666666667	68.84	67.92	67.22	65.86666666666666	64.13333333333334	61.88	59.14	53.406666666666666	0.0
0.0	53.5	58.733333333333334	61.986666666666665	64.15333333333334	65.71333333333334	67.25333333333333	67.98	68.88	69.22	69.86	70.31333333333333	70.56	71.06666666666666	71.24	71.55333333333333	71.72666666666667	71.7	71.67333333333333	71.97333333333333	71.95333333333333	71.78666666666666	71.42666666666666	71.08	71.19333333333333	70.55333333333333	70.39333333333333	69.56	68.93333333333334	67.90666666666667	67.29333333333334	66.02666666666667	63.94	62.07333333333333	59.00666666666667	53.28666666666667	0.0
0.0	53.75333333333333	58.846666666666664	62.093333333333334	64.04666666666667	65.84	67.06666666666666	68.38666666666667	69.16666666666667	69.74666666666667	70.71333333333334	71.08	71.27333333333333	71.64666666666666	71.91333333333333	72.22666666666667	72.34	72.07333333333334	72.23333333333333	72.04	72.14	71.61333333333333	71.44666666666667	71.23333333333333	70.9	70.68666666666667	70.14666666666666	69.16666666666667	68.60666666666667	68.24	66.7	65.54	63.82666666666667	61.95333333333333	59.42	53.473333333333336	0.0
0.0	53.266666666666666	58.586666666666666	62.026666666666664	63.906666666666666	65.26666666666667	66.70666666666666	67.83333333333333	68.55333333333333	69.25333333333333	69.81333333333333	70.44666666666667	70.62666666666667	70.95333333333333	71.26	71.4	71.7	71.70666666666666	71.66666666666667	71.62	71.42666666666666	71.44	71.04666666666667	71.14	70.52	70.31333333333333	70.11333333333333	69.24	68.74666666666667	67.55333333333333	66.80666666666667	65.46	64.26	62.07333333333333	59.04666666666667	53.093333333333334	0.0
0.0	53.306666666666665	59.126666666666665	62.306666666666665	64.54666666666667	66.19333333333333	67.46666666666667	68.44	69.06	69.79333333333334	70.51333333333334	71.04666666666667	70.9	71.36666666666666	71.51333333333334	71.68666666666667	72.04	71.82	71.79333333333334	71.72	71.68	71.78	71.63333333333334	71.49333333333334	71.17333333333333	70.64	70.44	69.51333333333334	68.8	67.98	67.26666666666667	65.83333333333333	64.04666666666667	62.08	58.906666666666666	53.166666666666664	0.0
0.0	53.22666666666667	58.7	61.66	64.16666666666667	65.81333333333333	66.84	68.12	68.86	69.66	70.18	70.66	70.98666666666666	71.42	71.83333333333333	72.14	72.21333333333334	72.48	72.33333333333333	71.99333333333334	71.91333333333333	71.86666666666666	71.6	71.31333333333333	70.86666666666666	70.50666666666666	69.77333333333333	69.13333333333334	68.64	67.43333333333334	66.73333333333333	65.38	63.7	62.20666666666666	58.86	53.16	0.0
0.0	53.373333333333335	59.013333333333335	62.513333333333335	64.16666666666667	65.64666666666666	66.84666666666666	67.82666666666667	68.67333333333333	69.30666666666667	70.04666666666667	70.48	70.90666666666667	71.06	71.48666666666666	71.78666666666666	71.87333333333333	72.13333333333334	71.90666666666667	71.94666666666667	72.18666666666667	72.04	71.29333333333334	71.46	70.96	70.92666666666666	70.20666666666666	69.46	68.97333333333333	68.39333333333333	67.26666666666667	66.02	64.07333333333334	62.06666666666667	58.96666666666667	53.373333333333335	0.0
0.0	53.32666666666667	59.06	62.16	64.02666666666667	65.6	66.93333333333334	68.12	68.94	70.00666666666666	70.48666666666666	70.70666666666666	71.35333333333334	72.02666666666667	72.24	72.18	72.52	72.5	72.38	72.57333333333334	72.16666666666667	72.14666666666666	71.88666666666667	71.22666666666667	70.78	70.70666666666666	70.50666666666666	70.02	69.23333333333333	68.38	67.27333333333333	65.89333333333333	64.16	62.27333333333333	59.06	53.45333333333333	0.0
0.0	53.58	58.85333333333333	62.333333333333336	64.38666666666667	66.33333333333333	67.42666666666666	67.88666666666667	69.1	69.70666666666666	70.52	70.92666666666666	71.46666666666667	71.5	71.44	71.57333333333334	71.68	71.79333333333334	71.83333333333333	71.84	72.12	71.84666666666666	71.89333333333333	71.48	70.56666666666666	70.36666666666666	69.9	69.66	68.86	68.04	67.36666666666666	65.70666666666666	64.08	62.12	58.42666666666667	53.373333333333335	0.0
0.0	53.46666666666667	58.96666666666667	62.20666666666666	64.28666666666666	65.98	67.44	68.46	69.23333333333333	70.04666666666667	70.47333333333333	71.01333333333334	71.63333333333334	71.8	72.16666666666667	72.23333333333333	72.26666666666667	72.18	72.25333333333333	72.34	72.3	72.46	71.91333333333333	71.86666666666666	71.22666666666667	71.0	70.41333333333333	69.73333333333333	69.22	68.04666666666667	67.09333333333333	65.69333333333333	64.16	62.66	59.266666666666666	53.70666666666666	0.0
0.0	53.36	59.17333333333333	62.42666666666667	64.32	66.22	67.19333333333333	68.14	69.22	69.74666666666667	70.35333333333334	70.79333333333334	71.37333333333333	71.39333333333333	71.93333333333334	72.12666666666667	72.19333333333333	71.98	72.28	72.37333333333333	72.19333333333333	71.98666666666666	71.86666666666666	71.75333333333333	70.98	70.86666666666666	70.38666666666667	69.94666666666667	68.92	67.85333333333334	67.12	65.92666666666666	63.96	61.806666666666665	58.54	53.333333333333336	0.0
0.0	53.75333333333333	59.06666666666667	61.98	64.79333333333334	66.44	67.49333333333334	68.66	69.58666666666667	70.31333333333333	70.91333333333333	71.15333333333334	71.77333333333333	71.97333333333333	72.2	72.21333333333334	72.52	72.51333333333334	72.81333333333333	72.77333333333333	72.98	72.88	72.59333333333333	72.16666666666667	71.89333333333333	71.57333333333334	71.08666666666667	70.56666666666666	69.98666666666666	68.94	67.8	66.02	64.64666666666666	62.6	59.46	53.75333333333333	0.0
0.0	53.20666666666666	59.14666666666667	62.0	63.846666666666664	65.78666666666666	67.37333333333333	68.01333333333334	68.88	69.70666666666666	70.15333333333334	70.51333333333334	70.94	71.44666666666667	72.12666666666667	72.21333333333334	71.92	72.04666666666667	72.00666666666666	72.4	72.24	71.85333333333334	71.36	71.58666666666667	70.7	70.60666666666667	70.21333333333334	69.65333333333334	68.98	67.93333333333334	67.12666666666667	65.78	64.12	62.18	58.74666666666667	53.28	0.0
0.0	53.093333333333334	58.63333333333333	61.846666666666664	64.09333333333333	65.78666666666666	67.10666666666667	67.92	68.94666666666667	69.28666666666666	70.12	70.89333333333333	71.20666666666666	71.22666666666667	71.5	71.95333333333333	72.01333333333334	72.57333333333334	72.35333333333334	72.48666666666666	72.24666666666667	72.1	71.77333333333333	71.70666666666666	71.26	70.84	70.15333333333334	69.74	68.98666666666666	68.32	67.31333333333333	65.9	64.50666666666666	62.333333333333336	58.846666666666664	52.973333333333336	0.0
0.0	53.26	59.32666666666667	62.34	64.56	65.73333333333333	67.22	68.31333333333333	69.06666666666666	69.84	70.0	70.57333333333334	70.94	71.49333333333334	71.30666666666667	72.18666666666667	72.28666666666666	72.53333333333333	72.82666666666667	72.59333333333333	72.40666666666667	72.10666666666667	71.64	71.51333333333334	71.02666666666667	70.91333333333333	70.58666666666667	70.02	69.16	68.24	67.47333333333333	65.58	64.22	62.166666666666664	58.70666666666666	53.20666666666666	0.0
0.0	53.49333333333333	59.26	62.3	64.08666666666667	65.83333333333333	67.13333333333334	68.54666666666667	69.08	69.96666666666667	70.33333333333333	71.04	71.48666666666666	71.92	72.02	71.96666666666667	72.71333333333334	72.4	72.61333333333333	72.59333333333333	72.38666666666667	71.93333333333334	71.83333333333333	71.58	71.32	71.07333333333334	70.58666666666667	70.10666666666667	69.14	68.44	67.48666666666666	65.92666666666666	64.72	62.653333333333336	59.32666666666667	53.68	0.0
0.0	53.36666666666667	59.46	62.31333333333333	64.04666666666667	66.07333333333334	67.2	68.47333333333333	69.04666666666667	69.77333333333333	70.34666666666666	70.60666666666667	71.28	71.52666666666667	71.67333333333333	71.93333333333334	72.26666666666667	72.36666666666666	72.26	72.53333333333333	72.05333333333333	72.11333333333333	71.78666666666666	71.34666666666666	71.22666666666667	70.84	70.50666666666666	69.76	69.20666666666666	67.95333333333333	66.75333333333333	65.91333333333333	64.34666666666666	61.96	58.95333333333333	53.333333333333336	0.0
0.0	53.6	59.02	62.32666666666667	64.30666666666667	66.24	67.62	68.32666666666667	69.51333333333334	70.04	70.63333333333334	71.14	71.68666666666667	71.86666666666666	72.05333333333333	72.31333333333333	72.62666666666667	72.3	72.35333333333334	72.65333333333334	72.09333333333333	72.40666666666667	72.04	72.0	71.78	71.28	70.54	70.28	69.58666666666667	68.49333333333334	67.16666666666667	66.3	64.2	62.27333333333333	59.126666666666665	53.666666666666664	0.0
0.0	53.72	59.32	62.626666666666665	64.63333333333334	65.96	66.85333333333334	68.02	68.82666666666667	69.63333333333334	69.74	70.58666666666667	71.02666666666667	71.20666666666666	71.64	71.85333333333334	71.65333333333334	71.74	71.76	71.89333333333333	72.1	71.74	71.56666666666666	71.44666666666667	71.10666666666667	70.74666666666667	70.38666666666667	69.62666666666667	69.46	68.68	67.54	65.98	64.15333333333334	62.166666666666664	59.16	53.36666666666667	0.0
0.0	53.233333333333334	58.946666666666665	61.833333333333336	63.99333333333333	65.36666666666666	66.65333333333334	67.52666666666667	68.06666666666666	69.34	69.96666666666667	70.27333333333333	70.77333333333333	71.14666666666666	71.42666666666666	71.62666666666667	71.62	71.17333333333333	71.71333333333334	71.90666666666667	72.20666666666666	71.81333333333333	72.08	71.48666666666666	71.01333333333334	70.24	69.86	68.58	68.48666666666666	67.87333333333333	66.5	65.74666666666667	63.81333333333333	61.99333333333333	58.85333333333333	53.25333333333333	0.0
0.0	53.373333333333335	58.806666666666665	62.04	64.44666666666667	66.07333333333334	67.27333333333333	68.14	69.14666666666666	69.44	70.33333333333333	70.91333333333333	71.08	71.43333333333334	71.57333333333334	71.84666666666666	72.08666666666667	72.45333333333333	72.61333333333333	72.46	72.44666666666667	72.2	71.92	71.72	71.51333333333334	70.78666666666666	70.27333333333333	70.14666666666666	69.52666666666667	68.67333333333333	67.73333333333333	66.07333333333334	64.48	62.24666666666667	58.96666666666667	53.406666666666666	0.0
0.0	53.60666666666667	59.413333333333334	62.53333333333333	64.58	66.46666666666667	67.37333333333333	68.5	69.35333333333334	69.82	70.52666666666667	70.98	71.50666666666666	71.53333333333333	71.86	71.98	72.21333333333334	72.32	72.24	72.38666666666667	71.92	71.98	71.68666666666667	71.65333333333334	71.78	71.47333333333333	70.41333333333333	69.89333333333333	69.46666666666667	68.72666666666667	67.49333333333334	66.02666666666667	64.82666666666667	62.693333333333335	58.98	53.64	0.0
0.0	53.44	59.373333333333335	62.526666666666664	64.53333333333333	66.38	67.18	67.96	69.02	69.44666666666667	70.02	70.58	71.41333333333333	71.34666666666666	71.91333333333333	72.28666666666666	72.44	72.67333333333333	72.5	72.70666666666666	72.72	72.6	72.31333333333333	71.67333333333333	71.3	71.20666666666666	70.16666666666667	69.84	68.87333333333333	68.36	67.37333333333333	66.24	64.34666666666666	62.086666666666666	58.82	53.766666666666666	0.0
0.0	53.413333333333334	59.14666666666667	62.3	64.46	65.82	67.18	68.03333333333333	68.88666666666667	69.5	70.23333333333333	70.60666666666667	70.96666666666667	71.52666666666667	71.65333333333334	72.16666666666667	72.46	72.4	72.18	72.35333333333334	72.08	71.86	71.84666666666666	71.46666666666667	70.72666666666667	70.68	69.93333333333334	69.43333333333334	69.02666666666667	68.12666666666667	67.04	65.84666666666666	64.55333333333333	62.24666666666667	59.06666666666667	53.31333333333333	0.0
0.0	53.53333333333333	59.36666666666667	62.24666666666667	64.42666666666666	65.84666666666666	67.02666666666667	67.82	68.66666666666667	69.47333333333333	70.11333333333333	70.79333333333334	71.12666666666667	71.38	71.42	71.65333333333334	72.07333333333334	72.16	72.19333333333333	71.98	72.19333333333333	71.58666666666667	71.74	71.66666666666667	71.26666666666667	71.00666666666666	70.38	69.71333333333334	68.88666666666667	68.02	67.30666666666667	66.21333333333334	64.56	62.20666666666666	58.76	53.03333333333333	0.0
0.0	53.12	58.70666666666666	61.64666666666667	64.00666666666666	65.51333333333334	66.95333333333333	67.98666666666666	69.01333333333334	69.28666666666666	69.98666666666666	70.08666666666667	70.55333333333333	70.98	71.53333333333333	71.56666666666666	71.86	71.71333333333334	72.19333333333333	72.1	72.06666666666666	72.01333333333334	71.79333333333334	71.24	71.20666666666666	70.68666666666667	70.12	69.65333333333334	69.19333333333333	68.11333333333333	66.96	65.76666666666667	63.95333333333333	62.00666666666667	59.24	53.28666666666667	0.0
0.0	53.18	58.553333333333335	61.78	63.79333333333334	65.72666666666667	66.98666666666666	67.7	68.46666666666667	68.92	69.35333333333334	70.08	70.64666666666666	71.10666666666667	71.0	71.0	71.04	71.42666666666666	71.52666666666667	71.59333333333333	71.17333333333333	71.53333333333333	71.14	71.06666666666666	70.90666666666667	70.31333333333333	69.69333333333333	69.36666666666666	68.9	68.06666666666666	67.14	65.74	64.29333333333334	61.9	59.0	53.27333333333333	0.0
0.0	53.193333333333335	58.81333333333333	61.95333333333333	64.24	65.98	67.32666666666667	68.04666666666667	69.18	69.8	69.99333333333334	70.46666666666667	70.81333333333333	71.18	71.45333333333333	71.95333333333333	71.79333333333334	72.02666666666667	71.72	71.37333333333333	71.73333333333333	71.70666666666666	71.46666666666667	71.58666666666667	71.35333333333334	70.8	70.46	69.63333333333334	68.86666666666666	67.90666666666667	66.84	65.83333333333333	64.06666666666666	62.0	58.74666666666667	53.57333333333333	0.0
0.0	53.24666666666667	58.8	62.64666666666667	64.34	65.99333333333334	66.92	68.14666666666666	68.54666666666667	69.28	69.78	70.12	70.78666666666666	70.67333333333333	71.14666666666666	71.52	71.62666666666667	71.67333333333333	71.34666666666666	71.52666666666667	72.00666666666666	71.38666666666667	70.99333333333334	71.22	70.64	70.50666666666666	70.27333333333333	69.84666666666666	69.05333333333333	68.08666666666667	66.88	65.64	64.12666666666667	62.17333333333333	58.86666666666667	53.373333333333335	0.0
0.0	53.62	58.94	61.92	63.93333333333333	65.99333333333334	66.95333333333333	68.00666666666666	68.82	69.14	70.44	70.26	71.13333333333334	71.01333333333334	71.44	71.40666666666667	71.91333333333333	71.88666666666667	72.16666666666667	71.86666666666666	71.89333333333333	71.93333333333334	71.56	71.42	71.09333333333333	70.74	70.33333333333333	69.36	68.94666666666667	68.04	66.91333333333333	65.55333333333333	64.04666666666667	61.86666666666667	58.89333333333333	53.54	0.0
0.0	53.16	58.68	62.42	64.17333333333333	65.75333333333333	67.00666666666666	68.33333333333333	68.96	69.54	70.4	70.7	71.16666666666667	71.48	71.92	71.91333333333333	72.3	72.22	72.52	72.56	72.5	72.44	72.53333333333333	72.24	71.06666666666666	71.34	70.66	69.96666666666667	69.16666666666667	68.39333333333333	67.1	65.79333333333334	64.10666666666667	61.82	59.06666666666667	53.54	0.0
0.0	53.78	59.49333333333333	62.57333333333333	64.66666666666667	66.11333333333333	67.61333333333333	68.60666666666667	69.57333333333334	70.01333333333334	70.7	71.11333333333333	71.9	71.86666666666666	71.84	72.02666666666667	72.20666666666666	72.04	71.98666666666666	71.94	72.00666666666666	72.06	72.06666666666666	71.43333333333334	70.97333333333333	70.91333333333333	70.24	69.63333333333334	68.86	68.44	66.88666666666667	65.67333333333333	64.74666666666667	62.56	59.3	53.45333333333333	0.0
0.0	53.49333333333333	59.02	62.14666666666667	64.46666666666667	66.19333333333333	67.42	68.74666666666667	69.46666666666667	70.16666666666667	70.59333333333333	70.73333333333333	71.4	71.8	72.14	72.30666666666667	72.22	72.3	72.34666666666666	72.35333333333334	72.66666666666667	72.6	72.07333333333334	71.28666666666666	71.29333333333334	71.26	70.46666666666667	69.94	69.11333333333333	68.20666666666666	67.21333333333334	66.15333333333334	64.22	62.42666666666667	59.17333333333333	53.68	0.0
0.0	53.68	59.07333333333333	62.3	64.63333333333334	65.8	67.3	68.55333333333333	69.1	70.08	70.56666666666666	70.92666666666666	71.54	71.70666666666666	72.05333333333333	72.17333333333333	72.44	72.33333333333333	72.34	72.17333333333333	71.98666666666666	72.06666666666666	71.85333333333334	71.49333333333334	71.21333333333334	71.09333333333333	70.61333333333333	69.94	69.48666666666666	68.48	67.46	66.35333333333334	64.33333333333333	62.413333333333334	59.166666666666664	53.306666666666665	0.0
0.0	53.666666666666664	59.333333333333336	62.86	64.91333333333333	66.48666666666666	67.44666666666667	68.39333333333333	69.28666666666666	69.57333333333334	70.17333333333333	70.79333333333334	71.18666666666667	71.49333333333334	71.89333333333333	71.98666666666666	72.37333333333333	72.29333333333334	72.19333333333333	72.19333333333333	72.60666666666667	72.22666666666667	72.3	71.69333333333333	71.12	70.86666666666666	70.41333333333333	70.14666666666666	69.12666666666667	68.44	67.35333333333334	66.32	64.52	62.36	59.413333333333334	54.03333333333333	0.0
0.0	53.70666666666666	58.946666666666665	62.193333333333335	64.35333333333334	65.96	67.12	68.38	68.94666666666667	69.94666666666667	70.38666666666667	71.00666666666666	71.45333333333333	71.72	72.19333333333333	72.32	72.10666666666667	72.26	72.39333333333333	72.34666666666666	72.30666666666667	72.12	71.76666666666667	71.93333333333334	71.44	70.72	70.49333333333334	69.50666666666666	68.84	67.68666666666667	67.02666666666667	65.65333333333334	63.9	61.986666666666665	59.04666666666667	53.42	0.0
0.0	53.86666666666667	59.27333333333333	62.32666666666667	64.54666666666667	66.26666666666667	67.75333333333333	68.49333333333334	69.02	70.22666666666667	70.8	71.0	71.62	71.75333333333333	72.26	72.56666666666666	72.64	72.58	72.06666666666666	72.15333333333334	72.24666666666667	71.82	71.20666666666666	71.48666666666666	71.39333333333333	70.52666666666667	70.26	69.74666666666667	69.22	68.32	67.04666666666667	65.74666666666667	64.31333333333333	62.4	59.32	53.54666666666667	0.0
0.0	53.14	58.846666666666664	62.42666666666667	64.12	65.85333333333334	67.18666666666667	68.03333333333333	68.82666666666667	69.68	70.24666666666667	70.52666666666667	70.96	71.04	71.64	71.54	71.24	71.86666666666666	71.62	71.79333333333334	72.02666666666667	71.75333333333333	71.68	71.77333333333333	71.05333333333333	70.51333333333334	70.18	69.53333333333333	69.12666666666667	67.84	67.28666666666666	66.07333333333334	64.10666666666667	62.14	58.833333333333336	53.38	0.0
0.0	53.54666666666667	59.22	61.98	64.06	65.69333333333333	67.12	68.06	69.18666666666667	69.61333333333333	70.12666666666667	70.71333333333334	71.16	71.58	71.64	71.92	72.1	71.93333333333334	72.27333333333333	72.12	71.76666666666667	72.04	71.66	71.46	71.3	70.78	70.16	69.48666666666666	69.14	67.92666666666666	67.1	65.89333333333333	64.26	62.093333333333334	59.0	53.24	0.0
0.0	53.22666666666667	59.233333333333334	61.946666666666665	64.35333333333334	66.04	67.29333333333334	68.2	69.07333333333334	69.56	69.84666666666666	70.13333333333334	70.63333333333334	71.26666666666667	71.43333333333334	71.60666666666667	71.74	72.32666666666667	71.99333333333334	72.07333333333334	71.8	71.68666666666667	71.36666666666666	71.18666666666667	71.06666666666666	70.52666666666667	69.76666666666667	69.26666666666667	68.52	67.84666666666666	66.79333333333334	65.46666666666667	63.99333333333333	61.62	58.92	53.18666666666667	0.0
0.0	53.64666666666667	58.82	62.18666666666667	64.12	65.72	66.74666666666667	68.0	68.79333333333334	69.82666666666667	70.36666666666666	70.84666666666666	71.41333333333333	71.36	71.89333333333333	71.89333333333333	71.94666666666667	72.3	72.34	72.08666666666667	72.32	72.26666666666667	72.02666666666667	71.68	71.48	71.05333333333333	70.26	69.96	69.06	68.32666666666667	67.16666666666667	65.96	64.38	62.04666666666667	59.12	53.54	0.0
0.0	53.693333333333335	59.22666666666667	62.31333333333333	64.37333333333333	65.72	67.0	67.83333333333333	69.00666666666666	69.71333333333334	70.44666666666667	70.88	71.53333333333333	71.54	72.18	72.16	72.13333333333334	72.24	72.26666666666667	72.26666666666667	72.43333333333334	72.13333333333334	71.74	71.62666666666667	71.4	71.10666666666667	70.68	69.93333333333334	69.15333333333334	68.74666666666667	67.49333333333334	66.34666666666666	64.72666666666667	62.44	59.42	53.56666666666667	0.0
0.0	53.266666666666666	59.13333333333333	62.333333333333336	64.5	65.74666666666667	67.40666666666667	68.16	69.09333333333333	69.63333333333334	70.18666666666667	70.93333333333334	71.28	71.56666666666666	71.87333333333333	72.06666666666666	72.19333333333333	72.37333333333333	72.34666666666666	72.53333333333333	72.36	72.48	72.42666666666666	72.07333333333334	71.95333333333333	71.24	70.58666666666667	70.32666666666667	69.31333333333333	68.50666666666666	67.48666666666666	66.21333333333334	64.51333333333334	62.233333333333334	58.68	53.3	0.0
0.0	53.513333333333335	59.02	61.986666666666665	64.28666666666666	65.92666666666666	67.21333333333334	68.06	68.74666666666667	69.6	70.08	70.26	70.74666666666667	71.08666666666667	71.32	71.92	71.76666666666667	71.86666666666666	71.41333333333333	71.40666666666667	71.60666666666667	71.36666666666666	71.02666666666667	71.08	70.82666666666667	70.71333333333334	70.27333333333333	69.34666666666666	68.41333333333333	67.74	66.5	65.55333333333333	64.18666666666667	62.06	58.986666666666665	53.526666666666664	0.0
0.0	53.38	58.79333333333334	61.88666666666666	64.4	65.74666666666667	66.92	67.91333333333333	68.68666666666667	69.6	69.96	70.3	70.58666666666667	71.16666666666667	71.04	71.49333333333334	71.71333333333334	71.35333333333334	71.54666666666667	71.64	71.59333333333333	71.38	71.29333333333334	71.36666666666666	71.22666666666667	70.27333333333333	70.29333333333334	69.44	68.97333333333333	67.92666666666666	67.52	65.95333333333333	64.34666666666666	62.093333333333334	58.92666666666667	53.473333333333336	0.0
0.0	53.43333333333333	59.086666666666666	62.03333333333333	64.35333333333334	65.70666666666666	66.72	67.70666666666666	68.57333333333334	68.88666666666667	69.83333333333333	70.35333333333334	71.05333333333333	71.3	71.42666666666666	71.82	72.02	71.98666666666666	72.04666666666667	72.03333333333333	71.78666666666666	71.94	71.59333333333333	71.47333333333333	70.72	70.55333333333333	70.46666666666667	69.85333333333334	69.09333333333333	68.09333333333333	67.06666666666666	65.84	64.15333333333334	62.22	58.96	53.32	0.0
0.0	53.32666666666667	59.18666666666667	61.81333333333333	64.16666666666667	65.66	66.98666666666666	68.40666666666667	68.88666666666667	69.86666666666666	70.27333333333333	70.69333333333333	71.28	71.46666666666667	71.68	72.09333333333333	72.04666666666667	72.34	72.56666666666666	72.32666666666667	72.08	72.0	71.64	71.36666666666666	70.92666666666666	70.29333333333334	69.98666666666666	69.14666666666666	68.7	67.87333333333333	66.78	65.65333333333334	63.98	62.02	58.82666666666667	53.54666666666667	0.0
0.0	53.446666666666665	59.086666666666666	62.3	64.45333333333333	65.68	66.98666666666666	68.17333333333333	68.58666666666667	69.84	70.31333333333333	70.77333333333333	71.40666666666667	71.62666666666667	72.44	72.19333333333333	72.13333333333334	72.42666666666666	72.54666666666667	72.77333333333333	72.38666666666667	72.21333333333334	71.9	71.82	71.78	71.52	71.01333333333334	69.92666666666666	69.30666666666667	68.29333333333334	67.54	65.98	64.5	62.54	58.906666666666666	53.32666666666667	0.0
0.0	53.53333333333333	59.026666666666664	62.21333333333333	64.16	66.02	67.74666666666667	68.57333333333334	69.31333333333333	70.03333333333333	70.79333333333334	71.42666666666666	71.44	72.03333333333333	72.21333333333334	72.41333333333333	72.64	73.03333333333333	72.64666666666666	72.53333333333333	72.37333333333333	72.16	71.83333333333333	71.41333333333333	71.14	70.81333333333333	70.28	69.82666666666667	69.11333333333333	68.09333333333333	67.01333333333334	66.04	64.29333333333334	62.38	59.2	53.553333333333335	0.0
0.0	53.473333333333336	58.873333333333335	62.36666666666667	64.42666666666666	65.96	67.3	68.16	69.12666666666667	69.30666666666667	69.96	70.72	71.6	71.81333333333333	72.02666666666667	71.97333333333333	72.46	72.54666666666667	72.66	72.31333333333333	72.42	72.27333333333333	72.27333333333333	72.23333333333333	71.54666666666667	71.27333333333333	70.6	70.48666666666666	69.45333333333333	68.66666666666667	67.54	65.99333333333334	64.48666666666666	62.4	59.593333333333334	53.35333333333333	0.0
0.0	53.17333333333333	59.21333333333333	62.2	64.08666666666667	65.94	66.84666666666666	67.94	68.87333333333333	69.74	70.54666666666667	70.71333333333334	71.18	71.52666666666667	71.69333333333333	71.80666666666667	72.33333333333333	72.21333333333334	71.6	71.82666666666667	71.82666666666667	71.53333333333333	71.54666666666667	71.38	70.84666666666666	70.56	69.87333333333333	69.24	68.54	67.85333333333334	67.09333333333333	65.77333333333333	63.806666666666665	61.82666666666667	58.56666666666667	53.4	0.0
0.0	53.553333333333335	58.96	62.126666666666665	64.06	65.7	67.14666666666666	68.08666666666667	69.09333333333333	69.72	70.34	70.6	70.77333333333333	70.99333333333334	71.49333333333334	71.16666666666667	71.38	71.76	71.52	71.72666666666667	71.30666666666667	70.88	70.88666666666667	70.70666666666666	70.8	70.3	69.94666666666667	69.22	68.50666666666666	67.38	66.70666666666666	65.58666666666667	64.02666666666667	61.70666666666666	58.95333333333333	53.32	0.0
0.0	53.626666666666665	59.333333333333336	62.48	64.74666666666667	66.18666666666667	67.4	68.35333333333334	69.14666666666666	69.88666666666667	70.64666666666666	71.34666666666666	71.32	71.59333333333333	71.82	71.89333333333333	72.1	72.30666666666667	72.34666666666666	71.89333333333333	72.25333333333333	72.06666666666666	72.03333333333333	71.94	71.48666666666666	71.08	70.24	69.56666666666666	69.04	68.01333333333334	67.18666666666667	65.88666666666667	64.52	62.52	59.10666666666667	53.513333333333335	0.0
0.0	53.473333333333336	58.88666666666666	62.26	64.28666666666666	66.11333333333333	66.83333333333333	68.05333333333333	68.70666666666666	69.41333333333333	70.04	70.36	71.24666666666667	71.56	71.16	71.98	71.99333333333334	71.94	72.03333333333333	71.77333333333333	71.75333333333333	71.58666666666667	71.5	71.02	71.05333333333333	70.38666666666667	70.20666666666666	69.74	69.01333333333334	67.88666666666667	67.08666666666667	66.02666666666667	64.58	62.32	59.38666666666666	53.54666666666667	0.0
0.0	53.53333333333333	59.24666666666667	62.36666666666667	64.86666666666666	66.2	67.45333333333333	68.48666666666666	69.25333333333333	70.35333333333334	70.73333333333333	71.11333333333333	71.66	71.72	71.49333333333334	71.98666666666666	72.12666666666667	72.10666666666667	71.99333333333334	72.23333333333333	72.08	72.02666666666667	71.76	71.81333333333333	71.40666666666667	70.74666666666667	70.87333333333333	70.11333333333333	69.58	68.58	67.27333333333333	66.12666666666667	64.52	62.513333333333335	59.4	53.63333333333333	0.0
0.0	53.2	58.7	61.906666666666666	63.846666666666664	65.72666666666667	66.99333333333334	68.15333333333334	68.55333333333333	69.47333333333333	70.20666666666666	70.85333333333334	71.08	71.26	71.32666666666667	71.5	71.72666666666667	71.65333333333334	71.6	71.84666666666666	71.20666666666666	71.05333333333333	71.20666666666666	70.84666666666666	70.61333333333333	70.38	69.84	69.65333333333334	68.90666666666667	67.88	66.95333333333333	65.88666666666667	64.13333333333334	62.29333333333334	58.62	53.126666666666665	0.0
0.0	53.86666666666667	59.18	62.233333333333334	64.37333333333333	66.07333333333334	67.25333333333333	68.27333333333333	69.32666666666667	69.98	69.93333333333334	70.50666666666666	71.34666666666666	71.50666666666666	71.87333333333333	72.02	72.43333333333334	72.30666666666667	72.40666666666667	72.51333333333334	72.16666666666667	72.42	72.21333333333334	71.61333333333333	71.30666666666667	71.00666666666666	70.25333333333333	70.26	69.05333333333333	68.01333333333334	67.32	65.71333333333334	64.06666666666666	62.013333333333335	58.8	53.446666666666665	0.0
0.0	53.31333333333333	59.053333333333335	62.126666666666665	64.11333333333333	65.95333333333333	67.09333333333333	67.82666666666667	68.24666666666667	69.24666666666667	69.93333333333334	70.61333333333333	71.04666666666667	71.26666666666667	71.38666666666667	71.58	71.85333333333334	71.93333333333334	71.95333333333333	72.2	72.06	71.78666666666666	71.86666666666666	71.66	71.33333333333333	70.82666666666667	70.04	69.45333333333333	69.08666666666667	68.0	66.85333333333334	65.7	64.09333333333333	62.053333333333335	59.06666666666667	53.24666666666667	0.0
0.0	53.04	58.88	62.16	64.34	65.9	66.8	67.96	68.88	69.68666666666667	69.78666666666666	70.67333333333333	70.81333333333333	71.32666666666667	71.56666666666666	72.12	72.15333333333334	72.02	72.1	71.87333333333333	72.12	71.94666666666667	71.81333333333333	71.75333333333333	71.20666666666666	70.58666666666667	70.16666666666667	69.65333333333334	68.84	67.97333333333333	67.25333333333333	65.97333333333333	64.38	62.153333333333336	58.96	53.61333333333334	0.0
0.0	53.32	58.733333333333334	62.26	64.25333333333333	66.25333333333333	67.62666666666667	68.61333333333333	69.50666666666666	70.23333333333333	70.73333333333333	71.71333333333334	72.00666666666666	72.19333333333333	72.17333333333333	72.54666666666667	73.00666666666666	72.76666666666667	72.80666666666667	72.45333333333333	72.44	72.06	71.93333333333334	71.61333333333333	71.46	70.88	70.44666666666667	69.73333333333333	68.99333333333334	68.09333333333333	67.25333333333333	66.16666666666667	64.5	62.56	58.92666666666667	53.21333333333333	0.0
0.0	53.22666666666667	59.18	62.346666666666664	64.66666666666667	66.25333333333333	67.75333333333333	68.28666666666666	69.09333333333333	69.96666666666667	70.19333333333333	70.82	71.39333333333333	71.82	72.08666666666667	71.8	72.08666666666667	72.29333333333334	72.51333333333334	72.53333333333333	72.32	72.10666666666667	71.9	71.36666666666666	71.47333333333333	70.88666666666667	70.53333333333333	69.86666666666666	69.2	67.86666666666666	67.18	65.95333333333333	64.70666666666666	62.46	59.06666666666667	53.72	0.0
0.0	53.54	59.306666666666665	62.08	64.36	65.90666666666667	67.07333333333334	68.44	69.25333333333333	70.34	70.7	71.19333333333333	71.64666666666666	72.28666666666666	72.02666666666667	72.48	72.34	72.62	72.46	72.36	72.65333333333334	72.37333333333333	72.36	71.75333333333333	71.44	71.18666666666667	70.78	70.26666666666667	69.40666666666667	68.71333333333334	67.24	66.41333333333333	64.26	62.43333333333333	59.126666666666665	53.7	0.0
0.0	53.193333333333335	59.086666666666666	62.08	63.95333333333333	65.68	66.64666666666666	67.73333333333333	68.38	69.14	70.3	70.40666666666667	70.87333333333333	71.45333333333333	71.96	71.48	71.62666666666667	72.1	71.92	71.92666666666666	71.71333333333334	71.72666666666667	71.47333333333333	71.34	70.90666666666667	70.72	70.05333333333333	69.44	68.68	67.88666666666667	66.76666666666667	65.49333333333334	63.693333333333335	61.82666666666667	59.04	53.553333333333335	0.0
0.0	53.266666666666666	58.96666666666667	62.093333333333334	64.24	65.90666666666667	67.28	68.27333333333333	68.7	69.45333333333333	70.36	70.57333333333334	70.91333333333333	71.34	71.54	71.81333333333333	71.90666666666667	72.12666666666667	72.36666666666666	72.29333333333334	72.0	71.76666666666667	71.74666666666667	71.29333333333334	71.08666666666667	70.64	70.25333333333333	69.86666666666666	68.92666666666666	67.98666666666666	67.26	65.93333333333334	64.38	61.986666666666665	58.61333333333334	52.96	0.0
0.0	53.27333333333333	58.96666666666667	61.846666666666664	64.3	66.10666666666667	67.09333333333333	68.32666666666667	68.72	69.56	69.96	70.42	70.80666666666667	71.18	70.92666666666666	71.13333333333334	71.56	71.54	71.63333333333334	71.50666666666666	71.44	71.32666666666667	71.04666666666667	71.06	70.91333333333333	70.34	69.83333333333333	69.48666666666666	68.57333333333334	67.66666666666667	66.58	65.46666666666667	64.22666666666667	62.07333333333333	58.806666666666665	53.35333333333333	0.0
0.0	53.6	59.053333333333335	62.193333333333335	64.42666666666666	65.98666666666666	66.97333333333333	68.01333333333334	68.55333333333333	69.57333333333334	70.35333333333334	70.56666666666666	71.16	71.71333333333334	72.14666666666666	72.22	72.84	72.56666666666666	72.34666666666666	72.33333333333333	72.44666666666667	72.21333333333334	72.1	71.73333333333333	71.23333333333333	70.55333333333333	70.19333333333333	69.74666666666667	68.98666666666666	68.51333333333334	67.35333333333334	65.83333333333333	64.35333333333334	62.1	59.08	53.36666666666667	0.0
0.0	53.66	59.28666666666667	62.29333333333334	64.44	66.11333333333333	67.26666666666667	68.16	69.18	69.62666666666667	69.93333333333334	70.58666666666667	71.42666666666666	70.98666666666666	71.43333333333334	71.50666666666666	71.74666666666667	72.14	71.74666666666667	71.94666666666667	71.78	71.82	71.52666666666667	71.38	70.91333333333333	70.26	69.81333333333333	69.34666666666666	69.06	68.18666666666667	66.9	65.42	64.12	62.17333333333333	58.906666666666666	53.56	0.0
0.0	53.11333333333334	59.2	62.266666666666666	64.19333333333333	65.88666666666667	67.28	67.98	69.18	69.79333333333334	70.3	70.83333333333333	71.16666666666667	71.43333333333334	71.83333333333333	72.10666666666667	72.57333333333334	72.46666666666667	72.78	72.54666666666667	72.36666666666666	72.43333333333334	72.22	71.90666666666667	71.43333333333334	70.48	70.22	69.45333333333333	68.97333333333333	68.58	67.32666666666667	65.69333333333333	63.96666666666667	62.06666666666667	59.18	53.42	0.0
0.0	53.24	58.86	62.00666666666667	63.973333333333336	65.76666666666667	67.16666666666667	68.22	69.20666666666666	69.72	70.00666666666666	70.81333333333333	71.05333333333333	71.25333333333333	71.79333333333334	71.82666666666667	71.96	72.3	72.06666666666666	72.14	71.98666666666666	71.98666666666666	71.93333333333334	71.52666666666667	70.98666666666666	70.67333333333333	70.15333333333334	69.42	68.65333333333334	67.97333333333333	66.96	65.5	63.846666666666664	61.86	58.78	53.16	0.0
0.0	53.22666666666667	59.013333333333335	61.95333333333333	64.27333333333333	65.2	66.62	67.56666666666666	68.42666666666666	69.42	69.94666666666667	70.22	71.02	71.27333333333333	71.22666666666667	71.62666666666667	71.98666666666666	71.92666666666666	71.48	71.74	71.58666666666667	71.37333333333333	71.42	71.36	70.96	70.51333333333334	70.04666666666667	69.59333333333333	68.9	68.18	67.33333333333333	66.22	64.64	62.48	59.2	53.38	0.0
0.0	53.766666666666666	58.77333333333333	62.26	64.04666666666667	65.86666666666666	66.97333333333333	67.74666666666667	68.84	69.62	70.10666666666667	70.38666666666667	70.73333333333333	71.25333333333333	71.62666666666667	71.76	72.29333333333334	72.26	72.16666666666667	72.08666666666667	71.98	71.64	71.62	71.36666666666666	70.78666666666666	70.65333333333334	70.34	69.49333333333334	68.94	68.63333333333334	67.42666666666666	66.04	64.50666666666666	62.18	58.85333333333333	53.36	0.0
0.0	53.31333333333333	59.513333333333335	62.46666666666667	64.62666666666667	66.29333333333334	67.52666666666667	68.52666666666667	69.07333333333334	69.84	70.59333333333333	71.13333333333334	71.47333333333333	71.98666666666666	72.23333333333333	72.32	72.86	72.69333333333333	72.98666666666666	72.64	72.94	72.90666666666667	72.29333333333334	72.18	71.82	71.28666666666666	71.0	70.45333333333333	69.68666666666667	68.79333333333334	68.05333333333333	66.45333333333333	64.60666666666667	62.64666666666667	59.06	53.4	0.0
0.0	53.43333333333333	59.026666666666664	62.4	64.70666666666666	66.11333333333333	67.19333333333333	68.48666666666666	69.2	69.9	70.45333333333333	71.32	71.64666666666666	71.86666666666666	71.85333333333334	71.94666666666667	71.88666666666667	72.49333333333334	72.26	72.0	72.27333333333333	71.85333333333334	71.3	71.21333333333334	71.24666666666667	70.66666666666667	70.26	69.81333333333333	69.11333333333333	67.99333333333334	67.24666666666667	65.88666666666667	63.99333333333333	62.193333333333335	59.0	53.60666666666667	0.0
0.0	53.486666666666665	58.873333333333335	62.22666666666667	64.73333333333333	66.12	67.40666666666667	68.58666666666667	68.98	70.10666666666667	70.39333333333333	70.95333333333333	71.26	71.47333333333333	71.80666666666667	72.13333333333334	72.42	72.55333333333333	72.42	72.63333333333334	72.58666666666667	72.40666666666667	71.89333333333333	72.05333333333333	71.53333333333333	71.33333333333333	70.82	70.52666666666667	69.57333333333334	68.72666666666667	67.83333333333333	66.44666666666667	64.68	62.34	59.38666666666666	53.74666666666667	0.0
0.0	53.406666666666666	59.166666666666664	62.18666666666667	64.18	65.91333333333333	66.85333333333334	68.10666666666667	68.72666666666667	69.5	70.25333333333333	70.70666666666666	70.91333333333333	71.22666666666667	71.54	71.7	71.92	71.67333333333333	71.52	71.86	71.77333333333333	71.65333333333334	71.41333333333333	71.50666666666666	71.18	71.23333333333333	70.25333333333333	69.62666666666667	68.97333333333333	68.53333333333333	67.59333333333333	66.48	64.70666666666666	62.04666666666667	58.593333333333334	53.67333333333333	0.0
0.0	53.25333333333333	59.22	62.34	64.38	65.94	67.35333333333334	68.4	69.08666666666667	69.93333333333334	70.52666666666667	70.67333333333333	71.52	71.9	72.5	72.4	72.5	72.71333333333334	72.48666666666666	72.72666666666667	72.86	72.99333333333334	72.69333333333333	72.24666666666667	71.48666666666666	71.32666666666667	70.46666666666667	69.90666666666667	69.35333333333334	68.64	67.57333333333334	66.28666666666666	64.61333333333333	62.7	59.28	53.52	0.0
0.0	53.88	59.3	62.36	64.34	65.79333333333334	67.19333333333333	68.18666666666667	69.22666666666667	69.94	70.75333333333333	71.13333333333334	71.47333333333333	71.92666666666666	71.95333333333333	72.05333333333333	72.26	72.44	72.22666666666667	72.15333333333334	71.98	72.19333333333333	71.79333333333334	71.52666666666667	71.43333333333334	70.84666666666666	70.52	69.65333333333334	68.92	68.6	67.6	65.96666666666667	64.46	62.14666666666667	58.88	53.233333333333334	0.0
0.0	53.58	59.04666666666667	62.06	64.41333333333333	65.70666666666666	66.72666666666667	67.22666666666667	68.24666666666667	69.10666666666667	69.74666666666667	69.98666666666666	70.44666666666667	70.92666666666666	70.99333333333334	71.33333333333333	71.28	71.9	71.52	71.74	72.04666666666667	71.8	71.48666666666666	71.27333333333333	71.32666666666667	71.01333333333334	70.05333333333333	69.3	68.87333333333333	68.02666666666667	66.72	65.62666666666667	64.15333333333334	61.88666666666666	58.653333333333336	53.373333333333335	0.0
0.0	53.46666666666667	59.10666666666667	62.08	64.34	66.01333333333334	66.94666666666667	68.00666666666666	68.76666666666667	69.67333333333333	70.26666666666667	70.87333333333333	71.21333333333334	71.52666666666667	71.94666666666667	71.91333333333333	72.11333333333333	72.28	71.98666666666666	72.54666666666667	72.26	71.87333333333333	71.96	71.54666666666667	71.46666666666667	71.08666666666667	70.59333333333333	69.72	68.96	68.10666666666667	67.09333333333333	65.68666666666667	64.16666666666667	62.21333333333333	58.906666666666666	53.34	0.0
0.0	53.22	58.58	62.04	64.06	65.62666666666667	67.25333333333333	68.25333333333333	68.98666666666666	69.09333333333333	69.98666666666666	70.40666666666667	71.11333333333333	71.10666666666667	71.34666666666666	71.35333333333334	71.79333333333334	71.81333333333333	71.72666666666667	72.00666666666666	71.64	71.66666666666667	71.67333333333333	71.28	70.98	70.72666666666667	69.78	69.34	68.44	67.51333333333334	66.84	65.44666666666667	64.01333333333334	61.913333333333334	58.36666666666667	53.0	0.0
0.0	53.6	59.13333333333333	61.75333333333333	64.44	65.73333333333333	66.97333333333333	68.14666666666666	68.89333333333333	69.78666666666666	70.36	70.64	71.11333333333333	71.44	71.68666666666667	71.87333333333333	72.23333333333333	72.49333333333334	72.46666666666667	72.07333333333334	72.14	71.77333333333333	71.79333333333334	71.46	70.97333333333333	70.66	70.38666666666667	70.27333333333333	69.26666666666667	68.08	67.10666666666667	65.68666666666667	64.05333333333333	61.82666666666667	58.7	53.31333333333333	0.0
0.0	53.473333333333336	59.22666666666667	61.46	64.10666666666667	65.57333333333334	66.78666666666666	68.14666666666666	68.8	69.20666666666666	69.68666666666667	70.3	70.67333333333333	71.22666666666667	71.44	71.78	71.83333333333333	71.82666666666667	71.56	71.61333333333333	71.75333333333333	71.42	71.59333333333333	70.99333333333334	70.92	70.63333333333334	70.14666666666666	69.24666666666667	68.96	68.18666666666667	66.77333333333333	65.73333333333333	64.27333333333333	62.36666666666667	59.153333333333336	53.27333333333333	0.0
0.0	53.42	58.71333333333333	61.846666666666664	63.99333333333333	65.8	66.90666666666667	67.7	68.84666666666666	69.25333333333333	70.34	70.9	71.09333333333333	71.66	72.14	72.25333333333333	72.12	71.9	72.37333333333333	72.31333333333333	72.11333333333333	72.14	71.50666666666666	71.32666666666667	70.96	70.96666666666667	70.4	69.57333333333334	68.67333333333333	68.51333333333334	67.13333333333334	65.46666666666667	63.99333333333333	61.86666666666667	58.593333333333334	53.18	0.0
0.0	53.28	59.126666666666665	62.38666666666666	64.17333333333333	65.58666666666667	66.89333333333333	68.16	69.04666666666667	69.86666666666666	70.08666666666667	70.59333333333333	70.9	71.54	71.74	71.74666666666667	72.16	72.01333333333334	72.26	72.14	72.00666666666666	71.75333333333333	71.57333333333334	71.08666666666667	70.86	70.54	70.19333333333333	69.82	68.74666666666667	67.88666666666667	66.96	65.84	64.57333333333334	62.08	58.833333333333336	53.38666666666666	0.0
0.0	53.446666666666665	59.406666666666666	62.446666666666665	64.98	66.50666666666666	67.86666666666666	68.35333333333334	69.36666666666666	69.96666666666667	70.69333333333333	71.31333333333333	71.93333333333334	72.34666666666666	72.48	72.45333333333333	72.32	72.35333333333334	72.64	72.86666666666666	72.46666666666667	72.44666666666667	72.26666666666667	71.88	71.36	70.83333333333333	70.18666666666667	69.70666666666666	69.01333333333334	68.57333333333334	67.37333333333333	66.17333333333333	64.82	62.46666666666667	59.07333333333333	53.053333333333335	0.0
0.0	53.14666666666667	58.61333333333334	62.12	64.35333333333334	65.57333333333334	66.52666666666667	67.64	68.8	69.43333333333334	69.92666666666666	70.63333333333334	70.9	71.22666666666667	71.26666666666667	71.57333333333334	71.92	71.71333333333334	72.02666666666667	72.04666666666667	71.88666666666667	71.98666666666666	71.72666666666667	71.44666666666667	71.28666666666666	70.97333333333333	70.39333333333333	69.61333333333333	69.13333333333334	68.52	67.22666666666667	65.62666666666667	64.4	62.32	59.18666666666667	53.64	0.0
0.0	53.373333333333335	59.07333333333333	61.946666666666665	63.88666666666666	65.56666666666666	66.78	67.94	68.74666666666667	69.81333333333333	70.27333333333333	70.54	70.82666666666667	71.10666666666667	71.78666666666666	72.26666666666667	72.24	72.37333333333333	72.56	72.48	72.34666666666666	72.32	72.07333333333334	71.68	71.12666666666667	70.8	70.30666666666667	69.48	68.72666666666667	68.5	67.35333333333334	66.24	64.26	62.22666666666667	59.22666666666667	54.00666666666667	0.0
0.0	53.36666666666667	59.193333333333335	62.42	64.49333333333334	66.07333333333334	67.10666666666667	68.14	68.88	69.98	70.13333333333334	70.48	71.32	71.74666666666667	71.94	72.02666666666667	72.15333333333334	72.09333333333333	72.28666666666666	72.4	72.24	72.07333333333334	71.96	71.68666666666667	71.56	71.25333333333333	70.89333333333333	70.30666666666667	69.66666666666667	68.76666666666667	67.9	66.6	64.6	62.38666666666666	59.013333333333335	53.68666666666667	0.0
0.0	53.28	58.64666666666667	61.78	64.35333333333334	66.11333333333333	67.15333333333334	67.88666666666667	68.44666666666667	69.26666666666667	69.94	70.29333333333334	70.99333333333334	71.6	71.64	71.64	71.63333333333334	71.94	71.97333333333333	71.82666666666667	71.83333333333333	71.92666666666666	71.30666666666667	70.94	71.00666666666666	70.75333333333333	69.84	69.38	68.64666666666666	67.81333333333333	67.18666666666667	66.05333333333333	64.44	62.04666666666667	59.026666666666664	53.44	0.0
0.0	53.78	59.58	62.526666666666664	64.28666666666666	66.14666666666666	67.39333333333333	68.60666666666667	69.34	70.12	70.44666666666667	70.9	71.34	71.7	72.0	71.77333333333333	72.27333333333333	72.10666666666667	72.42666666666666	72.38666666666667	72.54	72.28666666666666	72.04666666666667	72.36	71.28	71.16666666666667	70.56	69.81333333333333	69.12	68.25333333333333	67.22666666666667	65.99333333333334	64.22	62.12	59.093333333333334	53.39333333333333	0.0
0.0	53.266666666666666	59.153333333333336	62.25333333333333	64.30666666666667	65.96	67.49333333333334	68.54	69.17333333333333	69.87333333333333	70.17333333333333	70.66	71.38	71.47333333333333	71.75333333333333	72.11333333333333	72.00666666666666	71.98666666666666	72.34	71.93333333333334	72.1	72.11333333333333	71.23333333333333	71.02666666666667	70.88	70.12	69.90666666666667	69.55333333333333	68.80666666666667	68.14666666666666	66.82	66.15333333333334	64.64666666666666	61.99333333333333	59.053333333333335	53.50666666666667	0.0
0.0	53.42	58.8	62.14	63.96	65.46666666666667	66.5	67.54666666666667	68.32	69.11333333333333	69.65333333333334	70.12	70.67333333333333	70.98666666666666	71.58	71.65333333333334	71.66	71.9	72.44666666666667	71.60666666666667	71.54666666666667	71.00666666666666	70.98666666666666	70.74	70.37333333333333	70.35333333333334	69.72	69.13333333333334	68.52666666666667	67.98666666666666	67.06666666666666	65.66666666666667	64.16666666666667	62.166666666666664	58.86	53.27333333333333	0.0
0.0	53.04	58.92666666666667	61.93333333333333	63.77333333333333	65.55333333333333	66.98	67.67333333333333	68.36	69.49333333333334	69.80666666666667	70.54666666666667	70.70666666666666	71.34666666666666	71.88	71.93333333333334	71.82	71.82666666666667	71.95333333333333	71.57333333333334	71.58	71.33333333333333	71.20666666666666	71.09333333333333	71.02	70.42666666666666	70.27333333333333	69.64	69.03333333333333	67.72666666666667	67.02	65.7	63.84	61.44	58.48	52.973333333333336	0.0
0.0	53.193333333333335	59.35333333333333	62.233333333333334	64.03333333333333	66.12	66.97333333333333	68.03333333333333	69.18	69.74	70.66666666666667	70.99333333333334	71.22	71.50666666666666	71.75333333333333	72.06	72.2	72.27333333333333	72.38	72.24666666666667	72.12666666666667	71.74	71.83333333333333	71.23333333333333	71.11333333333333	70.73333333333333	70.28	69.84	68.90666666666667	68.38	67.46	66.12	64.44	62.526666666666664	59.32666666666667	53.333333333333336	0.0
0.0	53.48	58.5	61.8	64.33333333333333	65.72	67.28	68.26	69.07333333333334	69.88666666666667	70.10666666666667	70.92	71.01333333333334	71.60666666666667	71.72	71.81333333333333	71.7	71.92666666666666	72.06	72.00666666666666	71.94	71.88	71.90666666666667	71.62666666666667	71.14666666666666	70.62	70.05333333333333	69.65333333333334	68.69333333333333	67.82666666666667	67.22	65.87333333333333	64.50666666666666	62.413333333333334	59.086666666666666	53.53333333333333	0.0
0.0	53.31333333333333	59.373333333333335	62.22	64.75333333333333	66.42	67.21333333333334	68.2	69.00666666666666	69.87333333333333	70.36666666666666	70.6	71.25333333333333	71.22666666666667	71.3	71.26666666666667	71.48666666666666	72.01333333333334	71.86666666666666	71.72666666666667	71.74666666666667	71.73333333333333	71.21333333333334	71.52666666666667	70.97333333333333	70.83333333333333	70.26666666666667	69.4	68.73333333333333	68.06	67.16666666666667	65.61333333333333	64.14	61.986666666666665	59.166666666666664	53.56	0.0
0.0	53.24666666666667	59.266666666666666	62.153333333333336	64.7	66.66666666666667	67.74666666666667	68.90666666666667	69.46666666666667	70.41333333333333	70.68	71.33333333333333	71.56	71.71333333333334	72.18	72.17333333333333	72.33333333333333	72.52666666666667	72.30666666666667	72.25333333333333	72.39333333333333	71.99333333333334	71.9	71.56	71.45333333333333	70.86	70.64666666666666	70.28	69.16	68.48	67.39333333333333	65.94	64.52	62.61333333333334	59.266666666666666	53.526666666666664	0.0
0.0	53.42666666666667	58.806666666666665	62.193333333333335	64.2	66.04	67.48	68.21333333333334	68.80666666666667	69.36	70.27333333333333	70.55333333333333	71.06	71.26	71.56666666666666	71.82666666666667	71.96	71.93333333333334	71.88	71.58	71.54	71.70666666666666	71.42	71.21333333333334	70.94	70.56666666666666	70.17333333333333	69.37333333333333	69.17333333333333	67.99333333333334	67.07333333333334	65.6	64.12666666666667	61.986666666666665	58.906666666666666	53.52	0.0
0.0	53.693333333333335	59.08	62.03333333333333	64.36	65.99333333333334	67.24666666666667	68.44	69.0	69.68	70.06666666666666	70.73333333333333	71.32	71.70666666666666	71.79333333333334	71.79333333333334	71.88666666666667	71.72	71.91333333333333	71.81333333333333	71.96	72.01333333333334	71.74666666666667	71.52	71.18	70.83333333333333	70.28	69.64666666666666	69.10666666666667	67.91333333333333	66.84	65.96	64.28	62.34	59.31333333333333	53.56666666666667	0.0
0.0	53.6	59.1	62.49333333333333	64.58	66.31333333333333	67.04	68.06	68.7	69.84	70.07333333333334	70.40666666666667	71.08666666666667	71.34666666666666	71.49333333333334	71.98666666666666	71.52	71.6	71.76	71.67333333333333	71.73333333333333	71.60666666666667	71.37333333333333	71.16666666666667	70.89333333333333	70.56666666666666	69.7	69.51333333333334	68.42666666666666	68.09333333333333	67.19333333333333	65.74666666666667	64.17333333333333	62.29333333333334	59.16	53.36	0.0
0.0	53.53333333333333	58.93333333333333	62.28	64.18666666666667	66.0	67.21333333333334	67.82666666666667	68.88	69.67333333333333	70.42666666666666	70.76	70.99333333333334	71.32666666666667	71.62666666666667	72.04	72.58666666666667	72.41333333333333	72.52666666666667	72.02	72.41333333333333	71.77333333333333	71.82	71.77333333333333	71.12	70.7	70.25333333333333	69.99333333333334	69.06	68.39333333333333	66.93333333333334	65.91333333333333	64.40666666666667	62.053333333333335	59.266666666666666	53.513333333333335	0.0
0.0	53.45333333333333	59.12	62.54	64.76	66.42	67.7	68.54666666666667	69.4	70.2	70.75333333333333	70.99333333333334	71.42666666666666	71.72	71.76	72.26666666666667	72.28	72.28	72.51333333333334	72.21333333333334	72.15333333333334	71.87333333333333	72.0	71.50666666666666	71.46	70.79333333333334	70.96	69.77333333333333	69.18666666666667	68.38666666666667	67.46	65.89333333333333	64.7	62.66	59.6	53.66	0.0
0.0	53.593333333333334	58.88	62.14	64.3	65.66666666666667	67.23333333333333	68.17333333333333	68.82666666666667	69.62	70.5	70.42666666666666	71.28	71.47333333333333	71.9	71.94666666666667	71.98666666666666	71.93333333333334	72.14666666666666	72.22666666666667	71.89333333333333	71.46	71.62	71.22	70.89333333333333	70.56666666666666	70.12	69.49333333333334	68.56666666666666	67.72666666666667	66.88666666666667	65.77333333333333	64.11333333333333	61.833333333333336	58.946666666666665	53.153333333333336	0.0
0.0	53.406666666666666	59.17333333333333	62.193333333333335	64.24	65.74666666666667	66.83333333333333	68.00666666666666	68.78666666666666	69.83333333333333	70.30666666666667	70.72	71.20666666666666	71.35333333333334	71.42	71.48666666666666	71.5	71.66666666666667	71.78	72.12666666666667	71.9	71.94	71.58	71.17333333333333	70.98666666666666	70.80666666666667	69.78666666666666	69.44	69.09333333333333	67.92	66.85333333333334	65.54666666666667	63.946666666666665	61.85333333333333	59.053333333333335	53.48	0.0
0.0	53.626666666666665	59.266666666666666	62.29333333333334	64.14666666666666	65.56666666666666	66.9	68.33333333333333	69.16	69.81333333333333	70.75333333333333	71.17333333333333	71.55333333333333	71.45333333333333	71.78666666666666	72.14666666666666	72.17333333333333	72.46	72.74	72.80666666666667	72.40666666666667	72.4	71.99333333333334	71.92666666666666	71.42	71.14	70.52666666666667	70.23333333333333	69.37333333333333	68.91333333333333	67.59333333333333	65.90666666666667	64.42666666666666	61.906666666666666	59.02	53.82666666666667	0.0
0.0	53.373333333333335	58.64666666666667	61.68666666666667	64.15333333333334	65.32666666666667	66.92666666666666	68.21333333333334	68.8	69.12	69.78666666666666	70.4	70.87333333333333	71.16	71.24	71.52	71.86	71.94666666666667	71.98666666666666	72.44	71.75333333333333	71.64	71.7	71.34666666666666	71.04666666666667	70.79333333333334	70.12	69.46666666666667	68.99333333333334	67.78	67.00666666666666	65.84	64.59333333333333	62.38	58.873333333333335	53.346666666666664	0.0
0.0	53.593333333333334	59.053333333333335	62.153333333333336	64.26	66.08666666666667	67.16666666666667	68.11333333333333	69.36	70.14	71.08	71.01333333333334	71.52666666666667	71.56666666666666	71.70666666666666	71.86	72.12666666666667	72.32	72.16	72.23333333333333	71.91333333333333	71.98	71.59333333333333	71.56	71.02	70.55333333333333	69.95333333333333	69.75333333333333	69.34	68.0	67.14	65.97333333333333	64.80666666666667	62.346666666666664	59.166666666666664	53.67333333333333	0.0
0.0	53.45333333333333	58.86666666666667	61.74	64.31333333333333	65.73333333333333	67.17333333333333	67.94666666666667	69.04	69.58	70.28666666666666	70.61333333333333	70.92666666666666	71.44	71.16666666666667	71.66	72.19333333333333	72.12	71.79333333333334	71.45333333333333	71.78666666666666	71.61333333333333	71.59333333333333	71.05333333333333	70.79333333333334	70.59333333333333	69.97333333333333	69.52666666666667	68.60666666666667	67.89333333333333	66.94	65.82666666666667	64.40666666666667	61.946666666666665	58.806666666666665	53.38	0.0
0.0	53.61333333333334	58.98	62.193333333333335	64.12666666666667	66.07333333333334	67.28666666666666	68.61333333333333	69.19333333333333	70.16666666666667	70.92666666666666	70.82	71.13333333333334	71.62	71.59333333333333	71.46666666666667	71.50666666666666	72.09333333333333	72.03333333333333	71.8	72.02666666666667	71.89333333333333	71.91333333333333	71.52	71.03333333333333	70.99333333333334	70.36666666666666	69.88666666666667	69.07333333333334	68.12666666666667	67.17333333333333	65.84666666666666	64.23333333333333	62.373333333333335	59.2	53.306666666666665	0.0
0.0	53.35333333333333	58.95333333333333	62.16	64.38	66.00666666666666	66.87333333333333	68.13333333333334	69.06666666666666	69.85333333333334	70.1	70.30666666666667	70.92666666666666	71.42	71.92	72.28666666666666	72.06	72.28666666666666	72.18	72.27333333333333	71.96666666666667	72.09333333333333	71.68	71.34	71.10666666666667	70.94	70.21333333333334	69.58666666666667	68.95333333333333	68.02666666666667	66.98	65.7	64.39333333333333	62.27333333333333	58.96666666666667	53.70666666666666	0.0
0.0	53.413333333333334	58.71333333333333	62.20666666666666	64.25333333333333	66.02	67.12666666666667	68.05333333333333	69.12666666666667	69.66666666666667	70.29333333333334	70.52	71.1	71.50666666666666	71.98666666666666	72.02	72.29333333333334	72.26	72.08	72.20666666666666	72.36666666666666	72.3	71.90666666666667	71.53333333333333	71.34	71.14	70.44666666666667	69.72666666666667	69.14666666666666	67.78	67.04	66.02666666666667	64.28	62.32666666666667	59.25333333333333	53.67333333333333	0.0
0.0	53.56	58.77333333333333	61.88	64.21333333333334	65.87333333333333	67.06	68.48	69.00666666666666	70.08	70.5	71.10666666666667	71.56666666666666	71.65333333333334	71.84	71.84666666666666	72.03333333333333	72.26	72.48666666666666	71.88666666666667	72.09333333333333	72.22666666666667	71.82666666666667	71.14666666666666	70.8	70.58	70.18666666666667	69.38	68.74666666666667	68.06	67.09333333333333	65.74666666666667	64.06	61.86	58.96666666666667	53.50666666666667	0.0
0.0	53.7	59.28	62.29333333333334	64.53333333333333	66.13333333333334	67.56666666666666	68.03333333333333	69.04666666666667	69.67333333333333	69.93333333333334	70.51333333333334	70.76666666666667	71.19333333333333	71.4	71.7	72.07333333333334	72.63333333333334	72.3	72.28	72.11333333333333	72.19333333333333	72.00666666666666	71.48666666666666	71.24	70.87333333333333	70.6	70.02	69.00666666666666	68.16666666666667	67.29333333333334	65.99333333333334	64.64666666666666	62.64	59.18666666666667	53.48	0.0
0.0	53.54	58.693333333333335	61.82666666666667	64.18666666666667	65.79333333333334	66.7	67.8	68.56666666666666	69.47333333333333	69.86666666666666	70.26	70.66666666666667	71.40666666666667	71.44666666666667	71.63333333333334	71.83333333333333	71.74	71.84666666666666	71.59333333333333	71.57333333333334	71.34666666666666	71.07333333333334	71.11333333333333	70.79333333333334	70.58666666666667	69.89333333333333	69.60666666666667	68.58	67.84	66.97333333333333	65.68666666666667	63.85333333333333	61.75333333333333	58.586666666666666	53.46666666666667	0.0
0.0	53.013333333333335	58.666666666666664	62.03333333333333	64.21333333333334	65.52	67.12	68.27333333333333	69.0	69.97333333333333	70.40666666666667	70.82	71.04	71.34	71.68	71.82666666666667	72.08666666666667	72.05333333333333	71.78	72.19333333333333	71.87333333333333	71.72	71.54	71.34	70.69333333333333	70.21333333333334	69.28666666666666	69.16666666666667	68.62	67.74666666666667	67.13333333333334	65.76	64.41333333333333	62.07333333333333	58.906666666666666	53.306666666666665	0.0
0.0	53.60666666666667	59.266666666666666	62.666666666666664	64.72666666666667	65.96666666666667	67.30666666666667	68.5	69.42666666666666	70.11333333333333	70.52	71.02666666666667	70.96666666666667	71.58	71.44	72.02	72.12666666666667	72.24	72.24	72.55333333333333	72.44	72.08666666666667	71.87333333333333	71.77333333333333	71.32	70.82666666666667	70.22	70.02666666666667	69.15333333333334	68.83333333333333	67.73333333333333	66.39333333333333	64.41333333333333	61.93333333333333	58.82	53.44	0.0
0.0	53.78666666666667	58.733333333333334	61.94	63.88	65.66666666666667	67.00666666666666	67.73333333333333	68.91333333333333	69.31333333333333	70.13333333333334	70.24	70.77333333333333	71.50666666666666	71.46	71.72	72.0	71.9	71.62666666666667	71.76666666666667	71.41333333333333	71.42	71.44	71.00666666666666	70.68666666666667	70.63333333333334	70.22666666666667	69.39333333333333	68.61333333333333	68.11333333333333	66.84666666666666	65.46666666666667	64.02666666666667	61.7	58.72	52.88666666666666	0.0
0.0	53.34	58.973333333333336	61.873333333333335	64.65333333333334	66.16	67.74	68.84	69.26	70.04666666666667	70.33333333333333	70.67333333333333	71.50666666666666	72.0	72.20666666666666	71.93333333333334	72.50666666666666	72.42	72.70666666666666	72.40666666666667	72.44	72.37333333333333	72.24666666666667	72.00666666666666	71.58666666666667	70.95333333333333	70.56	69.98666666666666	69.80666666666667	68.84666666666666	67.66666666666667	66.38666666666667	64.49333333333334	62.08	58.833333333333336	53.24	0.0
0.0	53.373333333333335	58.7	61.89333333333333	64.06666666666666	65.75333333333333	67.14666666666666	68.22	68.52666666666667	69.70666666666666	69.80666666666667	70.56666666666666	70.74666666666667	70.85333333333334	71.30666666666667	71.49333333333334	71.80666666666667	71.52	71.62666666666667	71.66666666666667	71.50666666666666	71.56	71.06	70.9	70.63333333333334	70.20666666666666	70.1	69.50666666666666	69.10666666666667	68.06666666666666	67.12666666666667	65.48666666666666	63.806666666666665	61.96666666666667	58.66	53.14666666666667	0.0
0.0	53.45333333333333	58.50666666666667	61.64666666666667	63.733333333333334	65.74666666666667	67.26666666666667	68.3	69.31333333333333	69.86666666666666	70.22	70.92	71.2	71.78666666666666	71.81333333333333	72.10666666666667	71.88666666666667	71.84666666666666	71.8	71.89333333333333	71.65333333333334	71.39333333333333	71.12	70.52666666666667	71.08	70.47333333333333	69.85333333333334	69.38666666666667	68.68	68.03333333333333	66.82666666666667	65.92	64.22666666666667	62.153333333333336	58.75333333333333	53.35333333333333	0.0
0.0	53.39333333333333	58.986666666666665	62.16	64.14666666666666	66.09333333333333	67.22666666666667	68.04666666666667	69.18	69.68	70.22	70.73333333333333	71.35333333333334	71.19333333333333	71.57333333333334	71.76	72.12666666666667	72.28666666666666	72.29333333333334	72.42	72.18	71.78666666666666	72.07333333333334	71.78	71.36666666666666	70.83333333333333	70.38	69.46666666666667	68.80666666666667	68.32	67.34	66.18	64.36	62.153333333333336	58.89333333333333	53.48	0.0
0.0	53.56666666666667	59.193333333333335	62.06666666666667	64.24	65.64	67.22666666666667	68.08666666666667	69.07333333333334	69.76	70.25333333333333	71.19333333333333	70.92	71.21333333333334	71.69333333333333	72.13333333333334	72.15333333333334	72.13333333333334	72.11333333333333	71.92666666666666	71.94	72.17333333333333	71.89333333333333	71.48	71.06	70.5	70.38666666666667	69.73333333333333	68.96666666666667	68.18	67.35333333333334	65.89333333333333	64.36666666666666	62.233333333333334	59.06	53.61333333333334	0.0
0.0	53.61333333333334	59.35333333333333	62.45333333333333	65.02	66.55333333333333	67.89333333333333	68.90666666666667	69.57333333333334	70.22	70.65333333333334	70.92666666666666	71.41333333333333	71.38666666666667	71.63333333333334	72.33333333333333	72.64	72.39333333333333	72.47333333333333	72.52	72.29333333333334	72.16	71.78666666666666	71.62666666666667	71.24	71.17333333333333	70.42666666666666	69.76	69.25333333333333	68.5	67.25333333333333	65.88666666666667	64.69333333333333	62.63333333333333	59.68666666666667	53.62	0.0
0.0	53.53333333333333	58.94	61.913333333333334	63.92666666666667	65.54666666666667	67.09333333333333	67.91333333333333	68.89333333333333	69.44	70.44666666666667	70.84	71.24	71.52	72.12	71.91333333333333	71.86	72.42666666666666	72.12666666666667	72.39333333333333	72.35333333333334	72.42666666666666	72.00666666666666	71.5	71.28666666666666	70.75333333333333	70.30666666666667	69.58666666666667	68.93333333333334	68.39333333333333	67.12	66.06	64.4	62.3	59.04666666666667	53.193333333333335	0.0
0.0	53.31333333333333	59.053333333333335	62.49333333333333	64.3	66.36666666666666	67.32666666666667	68.44	69.43333333333334	69.72	70.28666666666666	70.93333333333334	71.17333333333333	71.76666666666667	72.19333333333333	71.97333333333333	72.21333333333334	72.26	72.24666666666667	72.00666666666666	72.15333333333334	71.78	71.60666666666667	71.01333333333334	70.68	70.48666666666666	69.89333333333333	69.52666666666667	68.54666666666667	67.94666666666667	67.16666666666667	65.82666666666667	64.52666666666667	62.31333333333333	59.13333333333333	53.406666666666666	0.0
0.0	53.88666666666666	59.193333333333335	62.21333333333333	64.44666666666667	66.44	67.28666666666666	67.8	68.67333333333333	69.18	69.90666666666667	70.21333333333334	70.53333333333333	71.17333333333333	71.41333333333333	71.77333333333333	71.72	71.74	72.03333333333333	72.08666666666667	72.06666666666666	71.68	70.92666666666666	71.00666666666666	70.58666666666667	70.44	69.96	69.39333333333333	68.6	68.16	67.19333333333333	65.98	64.42666666666666	62.26	59.06666666666667	53.766666666666666	0.0
0.0	53.46	59.49333333333333	62.45333333333333	64.77333333333333	66.46	67.49333333333334	68.44	69.6	70.25333333333333	70.68666666666667	71.22666666666667	71.33333333333333	71.72666666666667	72.26666666666667	71.9	72.34	72.63333333333334	72.54	72.56	72.78	72.37333333333333	72.28666666666666	71.80666666666667	71.51333333333334	71.01333333333334	70.53333333333333	70.3	69.21333333333334	68.52	67.37333333333333	65.78666666666666	64.6	62.593333333333334	59.50666666666667	53.446666666666665	0.0
0.0	53.38	58.89333333333333	62.32666666666667	64.52666666666667	66.02	67.46666666666667	68.55333333333333	68.96666666666667	70.02	70.45333333333333	71.1	70.9	71.60666666666667	72.00666666666666	72.13333333333334	72.42666666666666	72.72	72.84	72.78	72.40666666666667	71.95333333333333	71.52666666666667	71.51333333333334	71.32	70.76666666666667	70.29333333333334	69.48666666666666	69.26666666666667	68.12666666666667	67.3	65.74	64.1	62.24666666666667	59.0	53.486666666666665	0.0
0.0	53.28	59.053333333333335	61.54666666666667	63.92	65.37333333333333	66.98666666666666	67.94	68.65333333333334	69.20666666666666	69.56	70.29333333333334	70.28666666666666	70.76666666666667	71.16666666666667	71.29333333333334	71.45333333333333	71.53333333333333	71.82666666666667	71.58	71.42666666666666	71.50666666666666	71.02666666666667	70.90666666666667	70.82666666666667	70.27333333333333	69.76	69.23333333333333	68.52	67.69333333333333	66.75333333333333	65.65333333333334	64.07333333333334	62.0	58.8	52.986666666666665	0.0
0.0	53.2	59.06	62.18	64.5	65.95333333333333	67.14	68.36666666666666	69.03333333333333	69.42	69.88666666666667	70.31333333333333	70.63333333333334	71.06	71.07333333333334	71.7	71.60666666666667	71.6	71.9	72.07333333333334	71.75333333333333	71.86	71.48666666666666	71.46666666666667	71.07333333333334	70.80666666666667	69.94	69.64	68.97333333333333	67.87333333333333	66.76	65.86	63.92666666666667	62.093333333333334	58.913333333333334	53.233333333333334	0.0
0.0	53.50666666666667	59.08	62.36666666666667	64.53333333333333	66.14	67.48666666666666	68.76	69.52666666666667	70.32	71.15333333333334	71.20666666666666	71.92666666666666	71.95333333333333	71.81333333333333	72.15333333333334	72.14666666666666	72.36	72.33333333333333	72.32666666666667	72.32666666666667	72.13333333333334	72.02666666666667	71.82666666666667	71.41333333333333	71.04666666666667	70.42666666666666	69.86666666666666	69.1	68.70666666666666	67.82	66.37333333333333	64.51333333333334	62.86666666666667	59.486666666666665	53.833333333333336	0.0
0.0	53.49333333333333	58.92	62.026666666666664	64.42	65.80666666666667	67.16	67.97333333333333	69.12666666666667	69.62666666666667	70.2	70.73333333333333	70.75333333333333	71.50666666666666	71.92666666666666	72.0	72.33333333333333	72.1	72.4	72.39333333333333	72.16666666666667	71.86	71.74666666666667	71.60666666666667	71.01333333333334	70.48666666666666	70.03333333333333	69.71333333333334	69.03333333333333	67.98666666666666	67.02	65.75333333333333	64.06	61.946666666666665	58.94	53.60666666666667	0.0
0.0	53.72	59.21333333333333	62.11333333333334	63.913333333333334	65.54666666666667	67.12	68.12666666666667	69.4	69.96	69.90666666666667	70.56666666666666	71.35333333333334	71.56666666666666	72.18666666666667	72.0	72.22666666666667	72.28666666666666	72.50666666666666	72.59333333333333	72.47333333333333	72.38	71.84666666666666	72.15333333333334	71.72666666666667	71.52	71.06666666666666	70.46666666666667	69.54666666666667	68.59333333333333	67.28666666666666	66.08	64.18	61.973333333333336	58.92666666666667	53.56666666666667	0.0
0.0	53.28	58.43333333333333	61.833333333333336	63.913333333333334	65.64	66.68	67.84666666666666	68.40666666666667	69.00666666666666	70.06	70.24666666666667	70.50666666666666	70.90666666666667	71.06666666666666	70.98	71.54	71.77333333333333	71.56666666666666	71.45333333333333	71.58666666666667	71.57333333333334	71.17333333333333	71.18666666666667	70.78	70.51333333333334	70.18666666666667	69.3	68.92	68.09333333333333	66.55333333333333	65.3	63.92666666666667	61.8	58.85333333333333	53.31333333333333	0.0
0.0	53.446666666666665	59.29333333333334	62.12	64.76666666666667	66.23333333333333	67.32666666666667	68.25333333333333	69.07333333333334	69.69333333333333	70.06666666666666	70.5	70.62666666666667	71.34	71.64	71.88	71.81333333333333	71.99333333333334	72.02666666666667	72.17333333333333	71.98666666666666	72.11333333333333	72.21333333333334	71.16666666666667	70.91333333333333	70.46	69.69333333333333	69.20666666666666	68.86666666666666	68.14666666666666	66.87333333333333	65.88	64.64666666666666	62.6	59.1	53.57333333333333	0.0
0.0	53.43333333333333	59.50666666666667	62.513333333333335	64.57333333333334	66.59333333333333	67.46	68.37333333333333	69.18	69.66666666666667	70.64	71.20666666666666	71.20666666666666	71.84666666666666	72.2	72.13333333333334	72.39333333333333	72.28	72.43333333333334	72.5	72.24666666666667	72.14	71.98	71.73333333333333	71.64666666666666	70.92	70.6	70.05333333333333	69.45333333333333	68.52	66.8	65.94	64.56666666666666	62.71333333333333	59.25333333333333	53.49333333333333	0.0
0.0	53.42	58.913333333333334	62.013333333333335	63.74666666666667	65.54666666666667	66.96	67.99333333333334	68.9	69.61333333333333	70.05333333333333	70.68	70.70666666666666	71.42666666666666	71.48	71.57333333333334	71.8	71.84666666666666	72.00666666666666	71.57333333333334	71.12	71.31333333333333	71.28666666666666	70.92666666666666	70.74666666666667	70.13333333333334	69.85333333333334	69.48	68.74666666666667	67.98666666666666	67.11333333333333	65.63333333333334	63.81333333333333	62.11333333333334	58.81333333333333	53.266666666666666	0.0
0.0	53.42	59.06666666666667	62.18666666666667	64.14666666666666	65.84666666666666	67.58666666666667	68.4	68.97333333333333	69.82	70.50666666666666	70.70666666666666	71.08666666666667	71.44	71.9	72.04666666666667	71.88666666666667	72.08	72.28	72.56	71.87333333333333	72.03333333333333	71.82666666666667	71.32666666666667	71.07333333333334	70.7	70.19333333333333	69.8	68.82	67.92666666666666	66.88	65.89333333333333	64.15333333333334	62.086666666666666	59.06666666666667	53.4	0.0
0.0	53.28	58.806666666666665	62.07333333333333	63.89333333333333	65.65333333333334	67.10666666666667	68.23333333333333	68.95333333333333	69.74666666666667	70.4	70.68	70.96666666666667	71.03333333333333	71.77333333333333	71.90666666666667	72.04666666666667	72.04	72.02666666666667	72.11333333333333	72.04666666666667	72.04	71.98666666666666	71.67333333333333	71.12	70.83333333333333	70.53333333333333	69.96	68.94	68.30666666666667	66.97333333333333	65.66666666666667	63.913333333333334	61.86	58.96666666666667	53.11333333333334	0.0
0.0	53.626666666666665	58.92	61.8	64.3	65.74666666666667	66.76	68.06	68.84666666666666	69.54666666666667	69.98	70.66	71.21333333333334	71.21333333333334	71.36	72.02666666666667	71.96	72.05333333333333	72.23333333333333	72.32	72.24	72.3	72.10666666666667	71.50666666666666	71.82	71.35333333333334	70.29333333333334	69.70666666666666	69.55333333333333	68.03333333333333	67.12666666666667	65.85333333333334	64.46	61.99333333333333	58.68	53.32	0.0
0.0	53.42666666666667	58.74	61.96	64.15333333333334	65.11333333333333	66.70666666666666	67.75333333333333	68.65333333333334	69.46666666666667	70.28	70.69333333333333	70.94666666666667	71.22	71.79333333333334	72.25333333333333	72.30666666666667	72.43333333333334	72.58666666666667	72.09333333333333	72.46666666666667	72.5	72.08	72.04	71.77333333333333	71.31333333333333	70.66666666666667	70.04	69.1	68.55333333333333	67.62	65.94666666666667	64.3	62.833333333333336	59.46666666666667	53.61333333333334	0.0
0.0	53.16	59.10666666666667	62.16	64.11333333333333	65.85333333333334	67.14	68.08666666666667	69.05333333333333	69.48666666666666	69.80666666666667	70.99333333333334	71.20666666666666	71.45333333333333	71.43333333333334	71.60666666666667	71.53333333333333	71.67333333333333	71.79333333333334	71.66	71.55333333333333	71.15333333333334	71.09333333333333	70.94	70.59333333333333	70.30666666666667	69.99333333333334	69.38666666666667	68.76	68.07333333333334	67.22	65.89333333333333	64.45333333333333	62.16	58.833333333333336	53.38666666666666	0.0
0.0	53.61333333333334	59.31333333333333	62.36	64.74	66.11333333333333	67.38666666666667	68.56666666666666	69.27333333333333	69.64666666666666	70.18	70.86	71.20666666666666	71.79333333333334	72.14	71.98	72.63333333333334	72.72666666666667	72.20666666666666	72.26666666666667	72.62666666666667	72.22666666666667	72.08666666666667	71.88666666666667	71.48	71.22	70.78666666666666	69.88666666666667	69.57333333333334	68.37333333333333	66.94666666666667	65.4	64.14	61.85333333333333	58.986666666666665	53.57333333333333	0.0
0.0	53.473333333333336	59.14	62.32666666666667	64.87333333333333	66.08666666666667	67.50666666666666	68.39333333333333	69.44	69.94666666666667	70.51333333333334	71.11333333333333	71.42666666666666	71.41333333333333	71.5	71.97333333333333	72.00666666666666	72.27333333333333	72.51333333333334	72.47333333333333	72.3	72.31333333333333	71.96666666666667	71.92	71.67333333333333	71.37333333333333	70.89333333333333	70.00666666666666	69.68	68.56	67.75333333333333	66.48666666666666	64.71333333333334	62.58	59.24	53.75333333333333	0.0
0.0	53.093333333333334	58.8	61.766666666666666	64.04	65.68	66.86	68.3	68.94666666666667	69.28	69.98666666666666	70.06666666666666	70.53333333333333	71.22	71.38	71.66	72.10666666666667	72.16666666666667	72.2	72.08	72.32	72.33333333333333	71.78	71.54	70.94	70.59333333333333	70.54	69.59333333333333	69.18	68.70666666666666	67.50666666666666	66.06	64.42	61.9	58.973333333333336	53.24	0.0
0.0	53.593333333333334	59.086666666666666	62.513333333333335	64.62666666666667	65.88	67.10666666666667	67.62	68.65333333333334	69.80666666666667	70.32	70.33333333333333	70.98	71.19333333333333	71.68	71.46666666666667	71.60666666666667	71.61333333333333	71.84	71.69333333333333	71.76	71.78	71.70666666666666	71.23333333333333	70.72	70.78666666666666	70.46	69.82	68.92666666666666	68.24666666666667	67.34666666666666	66.32666666666667	63.99333333333333	62.013333333333335	59.29333333333334	53.56666666666667	0.0
0.0	53.553333333333335	58.71333333333333	62.14	64.32	65.97333333333333	66.77333333333333	68.17333333333333	68.79333333333334	69.66666666666667	70.28666666666666	70.67333333333333	71.18666666666667	71.48	71.84	71.92666666666666	72.12666666666667	72.41333333333333	72.30666666666667	73.02	72.66666666666667	72.48666666666666	72.22	71.74	71.5	71.05333333333333	70.58	70.04666666666667	69.44666666666667	68.30666666666667	67.40666666666667	66.44	64.86666666666666	62.14666666666667	58.8	53.053333333333335	0.0
0.0	53.406666666666666	58.986666666666665	62.086666666666666	64.52	65.97333333333333	67.14	68.16	68.82666666666667	69.52	70.3	70.88	71.04	71.45333333333333	71.49333333333334	71.74666666666667	72.22	72.32	72.12	72.17333333333333	72.10666666666667	72.12666666666667	72.16	71.6	71.78666666666666	71.14666666666666	70.94666666666667	70.66666666666667	69.52	68.52666666666667	67.59333333333333	66.23333333333333	64.7	62.346666666666664	59.32666666666667	54.18666666666667	0.0
0.0	53.27333333333333	58.86	62.1	64.21333333333334	65.94666666666667	67.63333333333334	68.74666666666667	69.45333333333333	70.13333333333334	70.74666666666667	70.94666666666667	71.62666666666667	71.77333333333333	72.16	72.62666666666667	72.11333333333333	72.08	72.32	72.62666666666667	72.00666666666666	72.03333333333333	71.44	71.62666666666667	71.25333333333333	70.74666666666667	70.22	69.52	68.79333333333334	68.08666666666667	66.88	66.14	64.38	62.193333333333335	58.99333333333333	53.48	0.0
0.0	53.63333333333333	59.24666666666667	62.586666666666666	64.68666666666667	66.43333333333334	67.36	68.23333333333333	69.09333333333333	69.90666666666667	70.24666666666667	70.90666666666667	71.70666666666666	71.46666666666667	71.80666666666667	71.77333333333333	72.34	72.47333333333333	72.43333333333334	72.12	71.96	72.07333333333334	71.96	71.71333333333334	71.34	70.98	70.46	69.76666666666667	69.1	67.91333333333333	66.92	66.05333333333333	64.39333333333333	62.84	58.96666666666667	53.446666666666665	0.0
0.0	53.03333333333333	59.053333333333335	62.233333333333334	63.96	65.76	67.00666666666666	68.00666666666666	68.81333333333333	69.55333333333333	69.84	70.15333333333334	70.85333333333334	71.29333333333334	71.39333333333333	71.68666666666667	72.04	71.80666666666667	71.58666666666667	71.85333333333334	71.5	71.78666666666666	71.58666666666667	71.26	70.94	70.51333333333334	69.82	69.02666666666667	68.48	67.77333333333333	67.06666666666666	65.52	64.02666666666667	61.593333333333334	58.906666666666666	53.32666666666667	0.0
0.0	53.85333333333333	59.233333333333334	62.60666666666667	64.54666666666667	66.41333333333333	67.52	68.48666666666666	69.59333333333333	70.16	70.54	71.08666666666667	71.64	71.78666666666666	71.85333333333334	72.28666666666666	72.07333333333334	72.00666666666666	72.36666666666666	72.42666666666666	72.02	72.06666666666666	71.65333333333334	71.62	71.44666666666667	70.95333333333333	70.15333333333334	69.79333333333334	69.28	68.73333333333333	67.35333333333334	66.11333333333333	64.65333333333334	62.64	59.473333333333336	53.346666666666664	0.0
0.0	53.50666666666667	59.14666666666667	62.39333333333333	64.46	66.23333333333333	67.54	68.5	68.93333333333334	69.92	70.41333333333333	70.44	71.45333333333333	72.0	71.93333333333334	72.25333333333333	72.46	72.31333333333333	72.68	72.80666666666667	72.96	72.9	71.96	72.06666666666666	71.50666666666666	71.11333333333333	70.68	70.36666666666666	69.39333333333333	68.42	67.39333333333333	66.62	64.44	62.46	59.28666666666667	53.44	0.0
0.0	53.32666666666667	58.98	62.21333333333333	63.84	65.48	66.96666666666667	67.97333333333333	69.00666666666666	69.68666666666667	70.10666666666667	70.32	70.62	71.1	71.18	70.96666666666667	71.47333333333333	71.62666666666667	71.73333333333333	71.82666666666667	71.75333333333333	71.87333333333333	71.37333333333333	70.93333333333334	70.89333333333333	70.59333333333333	70.36666666666666	69.58666666666667	68.92	68.05333333333333	66.83333333333333	65.89333333333333	64.20666666666666	61.93333333333333	59.07333333333333	53.413333333333334	0.0
0.0	53.733333333333334	58.78666666666667	62.06666666666667	64.2	65.9	67.13333333333334	68.26666666666667	69.09333333333333	70.01333333333334	70.40666666666667	70.68666666666667	71.08	71.46	71.70666666666666	72.21333333333334	72.39333333333333	72.6	72.36	72.75333333333333	72.41333333333333	72.52666666666667	72.28	71.51333333333334	71.09333333333333	70.68	70.40666666666667	69.59333333333333	69.23333333333333	67.98	67.22	66.14666666666666	64.20666666666666	62.333333333333336	59.32666666666667	53.526666666666664	0.0
0.0	53.58	59.03333333333333	61.973333333333336	64.1	65.56666666666666	66.76	67.65333333333334	68.96666666666667	69.45333333333333	70.05333333333333	70.68666666666667	70.6	70.82666666666667	71.54	71.73333333333333	72.13333333333334	71.78666666666666	71.46	71.67333333333333	71.65333333333334	71.9	71.36666666666666	71.15333333333334	70.64666666666666	70.32	69.94	69.42666666666666	68.7	67.80666666666667	66.7	65.72	64.04	62.02	59.14666666666667	53.733333333333334	0.0
0.0	53.71333333333333	59.473333333333336	62.31333333333333	64.70666666666666	65.93333333333334	67.30666666666667	68.26666666666667	69.25333333333333	69.74	70.15333333333334	70.52666666666667	71.55333333333333	71.44666666666667	72.29333333333334	72.12	72.0	72.35333333333334	72.6	72.26666666666667	72.29333333333334	72.09333333333333	72.12	72.01333333333334	71.38666666666667	70.92	70.66666666666667	69.97333333333333	69.54666666666667	68.58	67.64	66.14	64.44	62.513333333333335	59.2	53.72	0.0
0.0	53.086666666666666	58.62	61.94	63.86	65.32	66.78666666666666	67.77333333333333	68.88	69.36666666666666	70.13333333333334	70.72	70.9	71.31333333333333	71.44	72.0	72.12666666666667	72.28666666666666	72.46	71.63333333333334	71.98666666666666	71.72666666666667	71.52666666666667	71.26	70.80666666666667	70.37333333333333	69.85333333333334	69.2	68.65333333333334	68.06	66.94666666666667	65.68666666666667	64.19333333333333	61.99333333333333	58.88666666666666	53.24666666666667	0.0
0.0	53.66	59.093333333333334	62.32	64.58	65.86	67.02	68.05333333333333	68.88666666666667	69.71333333333334	70.10666666666667	70.52666666666667	70.78	71.16	71.52	71.57333333333334	71.68	71.81333333333333	71.96	71.54	71.72	72.13333333333334	71.74666666666667	71.52	71.51333333333334	70.96	70.28	69.7	69.05333333333333	68.42666666666666	67.3	65.92666666666666	64.53333333333333	62.17333333333333	58.92666666666667	53.473333333333336	0.0
0.0	53.38666666666666	59.06666666666667	62.22	64.48666666666666	66.02	67.22666666666667	67.99333333333334	68.82	69.64666666666666	70.80666666666667	70.99333333333334	71.53333333333333	71.84	72.08666666666667	72.3	72.2	72.44	72.5	72.14	71.96666666666667	72.06666666666666	71.41333333333333	71.55333333333333	71.1	70.63333333333334	70.3	69.67333333333333	68.72666666666667	68.40666666666667	67.19333333333333	66.10666666666667	64.33333333333333	62.2	58.766666666666666	53.086666666666666	0.0
0.0	53.1	59.11333333333334	62.06666666666667	64.00666666666666	66.00666666666666	67.00666666666666	68.22666666666667	68.72	69.56	70.41333333333333	70.45333333333333	71.10666666666667	71.18666666666667	71.08666666666667	71.58	71.30666666666667	71.52	71.37333333333333	71.70666666666666	71.70666666666666	71.35333333333334	71.37333333333333	71.0	71.12666666666667	70.78666666666666	70.20666666666666	69.72	69.14	68.2	67.36	66.38666666666667	64.49333333333334	62.4	59.14	53.35333333333333	0.0
0.0	53.086666666666666	58.946666666666665	62.153333333333336	64.16666666666667	65.88	66.97333333333333	67.63333333333334	68.54	69.19333333333333	69.56666666666666	70.16666666666667	70.7	70.7	70.92	71.12666666666667	71.3	71.42666666666666	71.51333333333334	71.57333333333334	71.54666666666667	71.67333333333333	71.34666666666666	70.86666666666666	70.56666666666666	70.43333333333334	70.06	69.18	68.88666666666667	67.75333333333333	66.85333333333334	65.51333333333334	64.09333333333333	62.1	58.486666666666665	53.08	0.0
0.0	53.44	58.82	62.013333333333335	63.946666666666665	65.57333333333334	66.99333333333334	68.2	69.00666666666666	69.95333333333333	70.52	71.10666666666667	71.32	71.54666666666667	71.82666666666667	72.25333333333333	72.54	72.15333333333334	72.46	72.24	72.1	72.05333333333333	71.81333333333333	71.58	71.21333333333334	70.68666666666667	69.96666666666667	69.7	68.93333333333334	68.12666666666667	67.38666666666667	66.05333333333333	64.24	62.14666666666667	59.13333333333333	53.60666666666667	0.0
0.0	53.653333333333336	58.98	62.266666666666666	64.49333333333334	66.20666666666666	67.5	68.15333333333334	68.86666666666666	69.64666666666666	70.15333333333334	70.23333333333333	70.63333333333334	71.22666666666667	71.77333333333333	71.52666666666667	71.37333333333333	71.6	71.3	71.9	71.82666666666667	71.74666666666667	71.72666666666667	71.50666666666666	71.18	70.62	70.37333333333333	69.50666666666666	69.12	68.19333333333333	67.61333333333333	66.16666666666667	64.36	62.4	59.18	53.526666666666664	0.0
0.0	53.56	59.06	62.64	64.58	66.08	67.4	68.02666666666667	68.88	69.97333333333333	70.75333333333333	70.76	71.10666666666667	71.67333333333333	71.82666666666667	72.01333333333334	72.26	72.44	72.51333333333334	72.52	72.35333333333334	72.22	72.11333333333333	71.91333333333333	71.22666666666667	70.79333333333334	70.68666666666667	70.2	69.76	68.8	67.43333333333334	65.86666666666666	64.33333333333333	62.66	58.84	53.36	0.0
0.0	53.6	59.086666666666666	61.96	64.12	66.04	67.21333333333334	68.14666666666666	68.71333333333334	69.34666666666666	70.1	70.48	71.29333333333334	71.38666666666667	71.56	72.02	71.9	72.08666666666667	72.12	72.21333333333334	72.12666666666667	71.47333333333333	71.36666666666666	71.10666666666667	70.63333333333334	70.38666666666667	69.84666666666666	69.45333333333333	68.62	67.86666666666666	67.03333333333333	66.1	64.13333333333334	62.42666666666667	59.00666666666667	53.2	0.0
0.0	53.02	59.02	61.82666666666667	64.09333333333333	65.71333333333334	67.06666666666666	68.24	68.67333333333333	69.35333333333334	69.79333333333334	70.26	70.57333333333334	70.68666666666667	71.38666666666667	71.32666666666667	71.82	71.86	71.82666666666667	71.81333333333333	71.54666666666667	71.74	71.33333333333333	71.02666666666667	70.60666666666667	70.31333333333333	70.04666666666667	69.38	68.88666666666667	67.88	66.84	66.07333333333334	64.1	62.306666666666665	58.93333333333333	53.346666666666664	0.0
