0.0	52.98	57.76	60.06666666666667	61.5	62.53333333333333	63.486666666666665	64.14	64.54	65.35333333333334	65.92	66.16666666666667	66.72666666666667	66.40666666666667	66.6	66.5	67.0	66.45333333333333	66.86666666666666	66.88666666666667	67.14666666666666	66.75333333333333	66.8	66.30666666666667	66.56	66.22	65.79333333333334	65.76	64.91333333333333	64.26666666666667	63.57333333333333	62.873333333333335	61.2	59.88	57.56666666666667	52.473333333333336	0.0
0.0	52.74	57.44	59.666666666666664	61.266666666666666	62.473333333333336	63.653333333333336	64.08	64.93333333333334	65.18	65.6	66.03333333333333	66.34	66.99333333333334	66.89333333333333	66.92	66.82	66.72	66.99333333333334	66.98666666666666	66.71333333333334	66.73333333333333	66.73333333333333	66.64666666666666	66.44666666666667	65.98666666666666	65.54	65.44	64.52	64.22	63.46666666666667	62.74666666666667	61.77333333333333	60.10666666666667	57.36666666666667	52.82	0.0
0.0	52.913333333333334	57.5	60.02	61.46	62.81333333333333	64.04666666666667	64.46	65.14666666666666	65.74666666666667	66.11333333333333	66.6	67.04	66.99333333333334	67.04	67.12	67.24	67.5	67.61333333333333	67.44	67.38666666666667	67.04666666666667	66.62	66.72	66.72666666666667	66.52	65.96	65.62666666666667	65.05333333333333	64.47333333333333	63.85333333333333	62.7	61.56666666666667	59.92	57.60666666666667	52.96	0.0
0.0	53.03333333333333	57.74666666666667	60.24666666666667	61.6	62.873333333333335	63.50666666666667	64.51333333333334	65.09333333333333	65.26	66.12666666666667	66.17333333333333	66.31333333333333	66.46666666666667	66.67333333333333	66.86	67.00666666666666	67.3	67.15333333333334	67.28666666666666	67.04666666666667	67.26666666666667	67.00666666666666	66.81333333333333	66.80666666666667	66.15333333333334	65.92666666666666	65.34666666666666	65.05333333333333	64.34	63.8	62.53333333333333	61.693333333333335	60.22	57.95333333333333	52.93333333333333	0.0
0.0	52.70666666666666	57.35333333333333	59.986666666666665	61.35333333333333	62.693333333333335	63.27333333333333	63.913333333333334	64.65333333333334	65.05333333333333	65.64666666666666	65.95333333333333	66.5	66.67333333333333	66.43333333333334	66.68	66.93333333333334	66.70666666666666	66.53333333333333	66.46	66.32666666666667	66.15333333333334	66.44	65.94	65.55333333333333	65.53333333333333	65.23333333333333	64.70666666666666	64.52	63.89333333333333	63.12	62.4	61.43333333333333	59.666666666666664	57.553333333333335	52.50666666666667	0.0
0.0	52.7	57.626666666666665	60.03333333333333	61.43333333333333	62.68666666666667	63.44	64.46666666666667	64.66666666666667	65.14	65.38	65.70666666666666	66.15333333333334	66.58666666666667	66.59333333333333	66.72666666666667	66.84	66.91333333333333	66.7	66.56	66.9	66.58	66.2	66.17333333333333	65.91333333333333	65.74666666666667	65.6	65.03333333333333	64.66666666666667	64.45333333333333	63.846666666666664	62.75333333333333	61.413333333333334	59.78666666666667	57.593333333333334	52.89333333333333	0.0
0.0	52.72666666666667	57.6	60.08	61.513333333333335	62.64666666666667	63.49333333333333	64.43333333333334	64.48	65.18666666666667	65.56	65.66666666666667	66.22666666666667	66.33333333333333	66.73333333333333	66.51333333333334	66.52	66.50666666666666	66.74666666666667	66.46	66.54	66.37333333333333	66.32666666666667	66.04	66.06	66.04666666666667	65.73333333333333	65.33333333333333	64.92	64.14	63.56666666666667	62.70666666666666	61.62	60.00666666666667	57.64	52.63333333333333	0.0
0.0	53.233333333333334	57.58	59.88666666666666	61.666666666666664	62.99333333333333	63.906666666666666	64.28666666666666	65.05333333333333	65.68	66.08666666666667	66.10666666666667	66.48	66.32	66.87333333333333	67.02666666666667	67.22	67.23333333333333	67.34666666666666	67.47333333333333	67.16666666666667	67.0	67.0	66.51333333333334	66.38666666666667	66.52666666666667	65.61333333333333	65.43333333333334	65.04	64.52	63.986666666666665	62.93333333333333	61.6	59.986666666666665	57.42	52.61333333333334	0.0
0.0	52.78666666666667	57.473333333333336	59.766666666666666	61.96666666666667	62.9	63.78666666666667	64.22666666666667	65.04	65.24666666666667	65.90666666666667	66.03333333333333	66.60666666666667	66.72	67.07333333333334	66.9	67.19333333333333	67.34	67.52	67.15333333333334	67.07333333333334	66.75333333333333	66.69333333333333	66.87333333333333	66.90666666666667	66.08666666666667	66.23333333333333	65.97333333333333	64.81333333333333	64.46666666666667	64.2	62.96666666666667	62.22666666666667	60.486666666666665	57.82	53.29333333333334	0.0
0.0	52.7	57.32666666666667	60.04	61.49333333333333	63.053333333333335	63.77333333333333	64.54666666666667	65.2	65.32666666666667	65.97333333333333	66.38	66.60666666666667	66.50666666666666	67.04666666666667	67.20666666666666	67.12	67.21333333333334	67.59333333333333	66.96666666666667	67.15333333333334	66.92666666666666	66.76	66.70666666666666	66.9	66.51333333333334	66.06666666666666	65.69333333333333	65.22	64.32666666666667	64.20666666666666	63.27333333333333	61.72666666666667	60.22	57.50666666666667	52.666666666666664	0.0
0.0	53.2	57.473333333333336	59.96	61.7	62.67333333333333	63.666666666666664	64.34	65.08666666666667	65.68666666666667	65.92666666666666	65.98666666666666	66.22	66.59333333333333	66.89333333333333	66.9	67.35333333333334	67.10666666666667	67.14	67.18666666666667	67.33333333333333	66.80666666666667	66.88666666666667	66.60666666666667	66.42666666666666	66.05333333333333	65.95333333333333	65.72	64.70666666666666	64.55333333333333	63.81333333333333	62.77333333333333	61.82	59.92666666666667	57.513333333333335	52.413333333333334	0.0
0.0	53.14	57.666666666666664	60.026666666666664	61.61333333333334	62.31333333333333	63.553333333333335	64.18666666666667	64.95333333333333	65.46	65.93333333333334	66.16666666666667	66.65333333333334	66.61333333333333	66.45333333333333	66.82	66.62	66.74	66.47333333333333	66.97333333333333	66.87333333333333	66.89333333333333	66.68666666666667	66.13333333333334	66.28666666666666	65.90666666666667	65.34	65.4	65.01333333333334	64.36	63.68	62.52	61.24	59.74666666666667	57.82666666666667	52.913333333333334	0.0
0.0	53.06666666666667	57.946666666666665	59.88666666666666	61.586666666666666	62.74666666666667	63.74666666666667	64.22666666666667	64.76	65.48	65.88	66.18	66.33333333333333	66.62	66.73333333333333	66.98666666666666	67.08	66.84666666666666	66.96666666666667	66.93333333333334	66.7	66.66	66.7	66.64	66.42666666666666	66.30666666666667	66.01333333333334	65.38666666666667	64.76	64.19333333333333	63.46	62.76	61.526666666666664	60.053333333333335	57.72	52.95333333333333	0.0
0.0	52.88666666666666	57.666666666666664	59.986666666666665	61.513333333333335	62.86666666666667	63.45333333333333	64.54	64.97333333333333	65.41333333333333	65.66666666666667	66.07333333333334	66.42666666666666	66.58666666666667	66.78666666666666	67.16	66.97333333333333	66.94666666666667	66.97333333333333	67.3	67.29333333333334	67.06666666666666	67.04	66.76	66.57333333333334	66.34666666666666	65.86666666666666	65.72	65.34666666666666	64.24	63.68666666666667	62.64	61.653333333333336	59.86	57.48	53.126666666666665	0.0
0.0	52.8	57.653333333333336	60.06	61.666666666666664	62.57333333333333	64.00666666666666	64.64	65.52	65.74666666666667	66.13333333333334	66.33333333333333	66.62666666666667	66.53333333333333	66.89333333333333	66.98	66.9	66.96	67.02	66.94666666666667	66.9	66.48666666666666	66.64666666666666	66.28	66.48	66.24	66.05333333333333	65.39333333333333	65.14666666666666	64.6	63.42666666666667	62.76	61.53333333333333	59.88	57.553333333333335	52.86666666666667	0.0
0.0	52.57333333333333	57.553333333333335	59.99333333333333	61.34	62.693333333333335	63.36	64.02666666666667	64.50666666666666	65.04	65.36	65.59333333333333	65.59333333333333	66.04666666666667	66.06	66.35333333333334	66.76	66.8	66.84	66.6	66.73333333333333	66.85333333333334	66.69333333333333	66.32	66.08	65.73333333333333	65.53333333333333	64.82666666666667	64.72	63.84	63.29333333333334	62.526666666666664	61.54	59.96	57.22666666666667	52.8	0.0
0.0	52.946666666666665	57.8	60.34	61.806666666666665	62.62	63.96	64.66	65.45333333333333	65.43333333333334	66.26	66.06	66.51333333333334	66.74	66.92	67.08666666666667	67.14666666666666	67.27333333333333	67.56666666666666	67.30666666666667	67.35333333333334	67.30666666666667	67.06666666666666	66.86	66.44	66.39333333333333	65.84666666666666	65.58	65.11333333333333	64.44666666666667	63.85333333333333	62.846666666666664	61.81333333333333	60.093333333333334	57.32	52.68666666666667	0.0
0.0	52.74	57.44	59.9	61.26	62.45333333333333	63.36	64.1	64.81333333333333	65.46	65.72666666666667	66.13333333333334	66.52666666666667	66.32666666666667	66.52	66.74666666666667	66.72	66.78	66.69333333333333	67.02666666666667	66.9	66.9	66.86	66.56666666666666	66.14	65.93333333333334	65.74	65.56	65.12666666666667	64.72666666666667	63.526666666666664	62.61333333333334	61.60666666666667	59.67333333333333	57.28	52.76	0.0
0.0	53.10666666666667	57.873333333333335	60.24	61.85333333333333	63.13333333333333	64.03333333333333	64.61333333333333	65.34	65.50666666666666	65.93333333333334	66.26	66.39333333333333	66.49333333333334	67.07333333333334	67.06	67.20666666666666	67.41333333333333	67.61333333333333	67.31333333333333	67.26666666666667	67.07333333333334	67.07333333333334	66.60666666666667	66.22	65.83333333333333	65.70666666666666	65.62666666666667	65.11333333333333	64.79333333333334	63.94	63.18666666666667	61.62	60.06666666666667	57.653333333333336	53.12	0.0
0.0	52.70666666666666	57.5	59.96	61.586666666666666	62.72	63.27333333333333	64.42666666666666	64.67333333333333	64.97333333333333	65.13333333333334	65.89333333333333	66.46	66.42	66.49333333333334	67.14666666666666	67.22	67.22666666666667	66.85333333333334	67.17333333333333	67.0	66.90666666666667	66.59333333333333	66.43333333333334	66.05333333333333	65.64	65.81333333333333	65.26	64.96666666666667	64.21333333333334	63.446666666666665	62.81333333333333	61.45333333333333	59.48	57.18666666666667	52.766666666666666	0.0
0.0	52.74	57.46	59.833333333333336	61.54	62.57333333333333	63.486666666666665	64.14	65.22	65.28666666666666	65.84	66.35333333333334	66.56	66.78666666666666	66.88666666666667	67.25333333333333	67.10666666666667	67.14666666666666	67.46	67.26	67.1	67.24666666666667	66.88666666666667	66.57333333333334	66.36	65.79333333333334	65.44666666666667	65.35333333333334	64.83333333333333	64.61333333333333	63.58	62.54	61.38	59.77333333333333	57.36	52.79333333333334	0.0
0.0	52.61333333333334	57.693333333333335	60.07333333333333	61.77333333333333	62.833333333333336	63.74	64.25333333333333	64.92	65.66	65.98	66.28666666666666	66.90666666666667	66.84666666666666	67.06666666666666	67.16	67.3	67.23333333333333	67.0	67.1	67.43333333333334	67.42666666666666	67.10666666666667	67.06666666666666	66.5	66.58	66.16	65.66666666666667	65.16	64.74666666666667	63.653333333333336	62.52	61.56	60.32	57.84	53.07333333333333	0.0
0.0	52.973333333333336	57.25333333333333	59.8	61.28	62.553333333333335	63.3	63.92666666666667	64.3	64.90666666666667	65.40666666666667	65.72	66.15333333333334	66.30666666666667	66.56	66.83333333333333	66.89333333333333	66.88	66.88	67.10666666666667	67.28666666666666	66.79333333333334	66.88	66.73333333333333	66.34	66.17333333333333	65.9	65.33333333333333	65.26666666666667	64.66666666666667	64.16	62.92	61.986666666666665	60.1	57.68666666666667	53.026666666666664	0.0
0.0	52.586666666666666	57.6	59.54666666666667	61.413333333333334	62.45333333333333	63.126666666666665	64.11333333333333	64.83333333333333	65.34	65.8	65.92666666666666	66.31333333333333	66.68	66.80666666666667	67.00666666666666	67.23333333333333	67.18	67.1	67.32	66.74	67.11333333333333	66.86	66.78	66.18	65.64666666666666	66.09333333333333	65.22	64.95333333333333	64.56666666666666	63.82	63.11333333333334	61.88	59.94	57.4	52.68	0.0
0.0	53.086666666666666	57.71333333333333	60.22	61.906666666666666	62.906666666666666	63.766666666666666	64.7	65.12	65.37333333333333	65.91333333333333	66.36	66.48666666666666	66.95333333333333	67.14	66.90666666666667	67.2	66.97333333333333	67.19333333333333	66.69333333333333	67.0	67.2	67.21333333333334	66.81333333333333	66.09333333333333	65.71333333333334	65.96	65.46666666666667	65.09333333333333	64.68	63.653333333333336	63.12	61.67333333333333	60.413333333333334	57.78666666666667	52.79333333333334	0.0
0.0	52.88	57.873333333333335	60.22666666666667	61.70666666666666	63.07333333333333	64.00666666666666	64.61333333333333	65.38	65.70666666666666	65.69333333333333	66.12666666666667	66.65333333333334	66.90666666666667	66.96666666666667	67.29333333333334	67.44666666666667	67.43333333333334	67.61333333333333	67.47333333333333	67.43333333333334	67.14666666666666	67.14666666666666	66.9	66.63333333333334	66.34666666666666	65.98666666666666	65.74666666666667	64.75333333333333	64.36	63.373333333333335	62.68666666666667	62.04	60.24666666666667	57.7	52.9	0.0
0.0	52.95333333333333	57.486666666666665	59.39333333333333	61.36666666666667	62.733333333333334	63.5	63.913333333333334	64.88	65.56666666666666	65.94	66.20666666666666	66.36	66.66	66.8	66.58666666666667	67.3	67.3	67.28	67.34666666666666	67.38666666666667	67.04666666666667	66.86666666666666	67.16	66.7	66.34	65.70666666666666	65.78666666666666	65.34	64.73333333333333	64.14	63.14666666666667	61.913333333333334	59.7	57.346666666666664	52.85333333333333	0.0
0.0	53.06666666666667	57.81333333333333	60.02	61.53333333333333	62.98	63.56	64.62	65.28666666666666	65.56666666666666	65.99333333333334	66.46666666666667	66.6	66.49333333333334	66.8	66.69333333333333	67.10666666666667	67.01333333333334	67.13333333333334	67.04	67.15333333333334	67.01333333333334	66.88	66.58	66.4	66.04	65.73333333333333	65.65333333333334	65.27333333333333	64.46666666666667	63.92666666666667	63.013333333333335	62.28	60.17333333333333	58.18666666666667	53.2	0.0
0.0	52.6	57.60666666666667	59.95333333333333	61.82666666666667	63.22	63.72666666666667	64.59333333333333	64.88666666666667	65.43333333333334	66.07333333333334	66.65333333333334	66.40666666666667	66.48666666666666	66.82666666666667	67.04	67.12666666666667	67.12	67.21333333333334	67.55333333333333	67.06	67.17333333333333	66.97333333333333	66.86666666666666	66.5	66.32666666666667	66.12	65.77333333333333	64.98666666666666	64.68	63.64	62.94	61.57333333333333	60.07333333333333	58.03333333333333	52.89333333333333	0.0
0.0	52.88	57.413333333333334	60.07333333333333	61.446666666666665	62.913333333333334	63.42	64.22666666666667	65.03333333333333	65.36	65.75333333333333	65.92	65.98666666666666	66.4	66.6	66.37333333333333	66.34666666666666	66.86	66.60666666666667	66.86	66.70666666666666	66.30666666666667	66.28	65.98	66.22666666666667	65.77333333333333	64.96	64.9	64.62	64.08666666666667	63.62	62.586666666666666	61.32	60.053333333333335	57.7	52.593333333333334	0.0
0.0	52.66	57.06666666666667	59.78666666666667	60.913333333333334	62.28	63.18666666666667	64.04	64.37333333333333	65.04	65.26666666666667	65.53333333333333	65.82	65.97333333333333	66.10666666666667	66.46	66.64	66.73333333333333	66.96666666666667	66.90666666666667	66.82666666666667	66.84666666666666	66.82	66.76666666666667	66.44666666666667	66.22666666666667	65.88666666666667	65.24	65.2	64.28666666666666	63.66	62.84	61.76	59.92	57.53333333333333	52.553333333333335	0.0
0.0	52.63333333333333	57.7	59.89333333333333	61.526666666666664	63.126666666666665	63.9	64.34	64.86666666666666	65.33333333333333	65.69333333333333	66.23333333333333	66.66666666666667	66.66	67.14	66.86666666666666	67.04	67.14666666666666	67.21333333333334	67.2	66.79333333333334	66.89333333333333	66.58	66.19333333333333	66.08666666666667	65.96666666666667	65.73333333333333	65.44666666666667	64.73333333333333	64.28666666666666	63.306666666666665	62.553333333333335	61.58	60.446666666666665	57.27333333333333	52.593333333333334	0.0
0.0	52.666666666666664	57.61333333333334	59.78	61.77333333333333	62.82	63.75333333333333	64.29333333333334	64.85333333333334	65.34666666666666	66.22666666666667	65.98	66.26	66.30666666666667	66.44	66.42	66.46	66.46666666666667	66.62	66.78	66.48	66.62666666666667	66.3	66.31333333333333	66.17333333333333	65.72666666666667	65.62666666666667	64.98666666666666	64.25333333333333	63.946666666666665	63.42	62.89333333333333	61.45333333333333	59.913333333333334	57.513333333333335	52.76	0.0
0.0	52.50666666666667	57.626666666666665	59.906666666666666	61.56	62.72	63.31333333333333	64.14	64.48666666666666	65.10666666666667	65.74666666666667	65.93333333333334	65.94	66.53333333333333	66.56666666666666	66.35333333333334	66.58666666666667	66.90666666666667	66.99333333333334	67.06666666666666	67.16666666666667	67.41333333333333	66.9	66.71333333333334	66.30666666666667	65.95333333333333	65.72	65.25333333333333	64.56	63.68666666666667	63.21333333333333	62.36666666666667	61.42666666666667	59.74	57.57333333333333	52.60666666666667	0.0
0.0	52.9	57.72666666666667	60.24	61.75333333333333	62.74	63.78666666666667	64.43333333333334	64.94666666666667	65.7	66.02	66.73333333333333	66.68	66.74	67.18666666666667	67.23333333333333	67.38	66.99333333333334	67.26666666666667	67.58666666666667	67.87333333333333	67.16	67.24	66.88666666666667	66.68	66.23333333333333	65.81333333333333	65.52	64.69333333333333	64.3	63.92666666666667	62.42	61.526666666666664	60.21333333333333	57.5	52.98	0.0
0.0	52.96666666666667	57.36666666666667	59.693333333333335	61.22	62.373333333333335	63.17333333333333	64.02	64.71333333333334	64.89333333333333	65.32666666666667	65.16	65.42666666666666	66.01333333333334	66.3	66.28	66.46	66.84666666666666	66.92	66.64	66.45333333333333	66.12	66.1	65.92	66.18666666666667	65.67333333333333	65.28666666666666	65.3	64.68666666666667	64.02	63.526666666666664	62.7	61.373333333333335	60.02	57.513333333333335	52.88666666666666	0.0
0.0	52.693333333333335	57.28	59.833333333333336	61.60666666666667	62.63333333333333	63.42666666666667	64.04	64.74666666666667	65.14666666666666	65.65333333333334	65.72	65.82	66.19333333333333	66.52666666666667	66.74	66.86	66.88666666666667	67.22666666666667	66.89333333333333	67.02	66.66666666666667	66.72	66.74	66.16666666666667	66.16	65.64	65.15333333333334	64.68	64.16	63.63333333333333	62.833333333333336	61.42	59.78666666666667	57.58	53.04666666666667	0.0
0.0	52.82	57.333333333333336	60.11333333333334	61.986666666666665	63.18666666666667	63.78666666666667	64.73333333333333	65.32	65.82666666666667	66.22666666666667	66.42	67.06	67.42	67.28666666666666	67.68	67.86	67.78	67.90666666666667	67.73333333333333	68.07333333333334	67.57333333333334	67.51333333333334	67.49333333333334	67.26666666666667	66.87333333333333	66.22	65.68	65.20666666666666	64.66666666666667	64.06666666666666	63.25333333333333	61.52	60.54	57.86	52.96666666666667	0.0
0.0	52.666666666666664	57.43333333333333	60.06	61.53333333333333	62.346666666666664	63.413333333333334	64.04666666666667	64.74	65.73333333333333	65.97333333333333	66.17333333333333	66.11333333333333	66.44	66.66	66.74	66.96	66.84	66.83333333333333	67.20666666666666	67.00666666666666	66.7	66.34666666666666	66.24	66.08	65.92	65.87333333333333	65.24	64.74666666666667	64.28	63.61333333333334	62.50666666666667	61.57333333333333	59.8	57.233333333333334	52.94	0.0
0.0	52.653333333333336	57.44	59.95333333333333	61.72	62.71333333333333	63.593333333333334	64.23333333333333	64.78	65.47333333333333	65.85333333333334	66.16	66.42666666666666	66.76666666666667	67.07333333333334	67.14	67.12	67.37333333333333	67.39333333333333	67.75333333333333	67.30666666666667	67.4	66.97333333333333	66.97333333333333	66.56666666666666	66.16666666666667	65.60666666666667	65.34666666666666	64.9	64.58	63.593333333333334	62.666666666666664	61.406666666666666	59.67333333333333	57.21333333333333	52.46666666666667	0.0
0.0	52.98	57.593333333333334	60.06666666666667	61.68666666666667	62.973333333333336	63.86	64.39333333333333	65.02	65.35333333333334	66.08	66.36666666666666	66.58666666666667	66.64666666666666	67.26666666666667	67.01333333333334	67.34	67.48	67.35333333333334	67.62666666666667	67.64	67.42	67.18666666666667	67.06666666666666	66.58	66.74	66.04666666666667	65.64666666666666	65.17333333333333	64.67333333333333	63.7	63.013333333333335	61.68666666666667	60.17333333333333	57.58	52.88666666666666	0.0
0.0	52.86666666666667	57.35333333333333	59.81333333333333	61.46	62.626666666666665	63.406666666666666	63.986666666666665	64.52	64.91333333333333	65.44	65.89333333333333	66.28	66.55333333333333	66.89333333333333	66.55333333333333	66.55333333333333	66.69333333333333	66.99333333333334	66.84	66.88	66.56666666666666	66.42666666666666	66.41333333333333	66.04	66.01333333333334	65.49333333333334	65.2	64.72	64.00666666666666	63.21333333333333	62.266666666666666	61.36666666666667	59.846666666666664	57.39333333333333	52.733333333333334	0.0
0.0	52.88666666666666	57.513333333333335	59.98	61.76	62.833333333333336	63.36666666666667	64.21333333333334	64.61333333333333	65.24666666666667	65.66	65.89333333333333	66.12	66.33333333333333	66.27333333333333	66.62666666666667	66.84666666666666	67.08	66.88666666666667	66.88666666666667	66.90666666666667	66.88	66.63333333333334	66.33333333333333	66.46	66.19333333333333	65.58666666666667	65.24666666666667	65.00666666666666	64.62	63.60666666666667	62.94	61.81333333333333	59.913333333333334	57.54	52.88	0.0
0.0	52.833333333333336	57.84	60.54	62.03333333333333	63.26	63.81333333333333	64.56666666666666	64.99333333333334	65.67333333333333	66.56666666666666	66.64	66.63333333333334	66.89333333333333	67.02666666666667	67.28	67.36	67.24	67.12	67.24	67.0	67.04666666666667	66.85333333333334	66.88666666666667	66.68666666666667	66.36	65.92	65.83333333333333	65.44666666666667	64.88666666666667	63.873333333333335	62.986666666666665	62.06666666666667	60.38666666666666	57.99333333333333	53.17333333333333	0.0
0.0	53.07333333333333	57.18	60.04666666666667	61.38666666666666	62.666666666666664	63.50666666666667	64.72	65.18	65.60666666666667	65.56666666666666	66.00666666666666	66.17333333333333	66.72	67.1	67.06666666666666	66.94	67.11333333333333	66.83333333333333	67.12666666666667	66.82666666666667	66.8	66.81333333333333	66.60666666666667	66.21333333333334	66.18	65.82	65.11333333333333	64.87333333333333	64.18666666666667	63.72	62.56666666666667	61.38666666666666	59.72	57.486666666666665	52.46	0.0
0.0	53.10666666666667	57.63333333333333	60.64	62.36	63.39333333333333	64.28	65.33333333333333	65.56666666666666	65.73333333333333	66.38666666666667	66.62	66.66	67.0	67.28	67.45333333333333	67.53333333333333	67.50666666666666	67.16666666666667	67.10666666666667	67.37333333333333	67.28666666666666	67.09333333333333	66.96666666666667	66.40666666666667	66.03333333333333	66.19333333333333	65.93333333333334	65.08666666666667	64.42	63.833333333333336	62.93333333333333	61.68	60.373333333333335	57.72666666666667	53.14666666666667	0.0
0.0	52.52	57.46666666666667	59.85333333333333	61.45333333333333	62.75333333333333	63.52	64.31333333333333	64.64	64.7	65.19333333333333	65.73333333333333	66.07333333333334	66.49333333333334	66.55333333333333	66.64666666666666	67.26	67.04	66.73333333333333	66.72666666666667	66.64666666666666	66.89333333333333	66.8	66.46	66.41333333333333	65.98	65.93333333333334	65.48666666666666	65.07333333333334	64.04	63.16	62.406666666666666	61.553333333333335	59.72	57.38	52.92	0.0
0.0	53.28666666666667	58.06	60.31333333333333	62.04	63.16	64.16666666666667	64.71333333333334	65.06666666666666	65.44666666666667	66.15333333333334	66.36	66.78	66.69333333333333	66.88	67.41333333333333	67.2	67.08666666666667	66.66666666666667	66.66	66.96666666666667	66.84666666666666	66.91333333333333	66.66666666666667	66.28	66.38	66.06	65.79333333333334	64.89333333333333	64.43333333333334	63.84	62.94	62.11333333333334	60.446666666666665	57.76	53.14	0.0
0.0	52.78	57.53333333333333	60.18666666666667	61.82666666666667	63.24666666666667	63.833333333333336	64.75333333333333	65.12	65.64	66.11333333333333	66.2	66.44666666666667	66.68666666666667	67.07333333333334	67.04	67.23333333333333	67.00666666666666	67.23333333333333	67.1	66.44	66.84	66.68666666666667	66.53333333333333	66.20666666666666	65.85333333333334	65.54666666666667	65.18	64.98666666666666	64.5	63.92	63.153333333333336	61.84	59.94	57.72666666666667	53.13333333333333	0.0
0.0	52.76	57.86	60.7	61.78666666666667	63.08	63.92666666666667	64.64	65.24666666666667	65.47333333333333	65.98	66.02666666666667	66.42	66.65333333333334	66.79333333333334	67.13333333333334	67.06666666666666	67.1	66.94	67.12	66.92	67.14666666666666	67.34	67.28666666666666	66.47333333333333	66.36	66.46666666666667	65.83333333333333	65.16	64.56666666666666	63.96	62.986666666666665	62.03333333333333	60.373333333333335	57.62	53.35333333333333	0.0
0.0	52.53333333333333	57.21333333333333	59.70666666666666	61.093333333333334	62.4	63.27333333333333	64.12	64.41333333333333	64.84666666666666	65.36666666666666	65.52	65.97333333333333	66.26666666666667	66.29333333333334	66.54666666666667	66.88	66.72	66.32	66.64666666666666	66.14	66.19333333333333	65.76	65.61333333333333	65.59333333333333	65.29333333333334	65.18	64.78666666666666	64.20666666666666	63.60666666666667	63.06666666666667	62.14666666666667	61.04666666666667	59.586666666666666	57.086666666666666	52.92	0.0
0.0	53.18666666666667	57.77333333333333	59.986666666666665	61.3	62.82	63.38	64.28	64.98666666666666	65.18666666666667	65.91333333333333	66.06	66.17333333333333	66.52	66.46666666666667	67.20666666666666	66.94	67.22	67.16666666666667	67.10666666666667	66.63333333333334	67.03333333333333	66.82666666666667	66.47333333333333	66.24666666666667	66.1	65.58	65.20666666666666	64.74666666666667	64.20666666666666	63.39333333333333	62.64	61.31333333333333	59.82666666666667	57.04	52.94	0.0
0.0	52.84	57.67333333333333	59.81333333333333	61.36	62.48	63.60666666666667	64.38	65.37333333333333	65.58666666666667	66.42666666666666	66.28	66.45333333333333	67.07333333333334	67.14666666666666	66.9	67.07333333333334	66.99333333333334	67.06	66.94	66.94666666666667	66.72666666666667	66.78666666666666	66.91333333333333	66.88666666666667	66.2	66.02	65.75333333333333	65.06	64.50666666666666	63.66	62.92	61.86	60.266666666666666	57.64666666666667	52.86666666666667	0.0
0.0	52.92	57.9	60.00666666666667	61.66	62.333333333333336	63.373333333333335	64.36	64.78666666666666	65.30666666666667	65.66	65.98666666666666	66.48666666666666	66.84	67.28	67.28	67.42666666666666	67.30666666666667	67.50666666666666	67.56	67.54666666666667	67.8	67.38	67.11333333333333	66.96666666666667	66.48666666666666	66.21333333333334	65.81333333333333	65.22	64.54666666666667	64.12666666666667	62.79333333333334	61.58	60.086666666666666	57.53333333333333	52.74	0.0
0.0	52.8	57.56666666666667	60.06	61.413333333333334	62.70666666666666	63.486666666666665	63.92666666666667	64.72666666666667	65.36666666666666	66.41333333333333	66.28	66.82	67.12666666666667	67.40666666666667	67.40666666666667	67.62666666666667	67.66666666666667	67.31333333333333	67.16	67.14666666666666	67.10666666666667	67.16	66.98	66.74	66.40666666666667	66.16666666666667	65.65333333333334	65.62666666666667	64.40666666666667	64.22	63.20666666666666	61.973333333333336	60.24666666666667	57.53333333333333	52.74	0.0
0.0	52.446666666666665	57.32666666666667	59.92	60.93333333333333	62.52	63.31333333333333	63.873333333333335	64.64666666666666	64.92666666666666	65.34	65.6	66.11333333333333	66.13333333333334	66.45333333333333	66.44666666666667	66.42666666666666	66.56	66.92	66.84666666666666	66.47333333333333	66.20666666666666	66.37333333333333	66.43333333333334	66.02666666666667	65.32666666666667	65.16	65.17333333333333	64.47333333333333	63.98	63.306666666666665	62.26	61.38	59.86	57.306666666666665	52.766666666666666	0.0
0.0	52.8	57.62	59.88	61.43333333333333	62.50666666666667	63.38666666666666	64.13333333333334	64.77333333333333	64.87333333333333	65.58666666666667	65.66	66.11333333333333	66.34666666666666	66.37333333333333	66.35333333333334	66.68666666666667	67.14666666666666	66.86	66.78	66.98	66.79333333333334	66.57333333333334	66.48666666666666	66.43333333333334	65.89333333333333	65.08666666666667	64.97333333333333	64.54666666666667	64.20666666666666	63.29333333333334	62.373333333333335	61.373333333333335	59.84	57.28	52.79333333333334	0.0
0.0	52.84	57.64666666666667	59.946666666666665	61.46	62.766666666666666	63.3	64.04666666666667	64.52666666666667	65.35333333333334	65.73333333333333	66.20666666666666	66.24666666666667	66.52	66.82	67.01333333333334	66.78	67.1	67.3	67.01333333333334	67.39333333333333	66.96666666666667	67.10666666666667	66.66666666666667	66.38666666666667	66.14666666666666	65.94666666666667	65.65333333333334	64.87333333333333	64.04	63.45333333333333	62.61333333333334	61.593333333333334	59.63333333333333	57.22	52.84	0.0
0.0	53.1	57.74	60.06	61.49333333333333	62.36	63.27333333333333	64.28	64.91333333333333	65.27333333333333	65.47333333333333	66.12666666666667	66.74	66.67333333333333	66.70666666666666	66.68	66.88666666666667	66.62	66.96	67.04	66.86	67.19333333333333	67.14	66.76666666666667	66.49333333333334	66.27333333333333	65.93333333333334	65.74666666666667	65.12	64.60666666666667	64.12	63.07333333333333	61.77333333333333	60.266666666666666	57.66	52.72666666666667	0.0
0.0	52.96666666666667	57.526666666666664	60.093333333333334	61.77333333333333	62.86	63.72	64.62	65.0	65.54	65.88	66.29333333333334	66.51333333333334	66.83333333333333	66.81333333333333	67.02	67.44666666666667	67.54666666666667	67.41333333333333	67.35333333333334	67.38666666666667	67.3	67.04666666666667	66.74666666666667	66.43333333333334	66.24666666666667	65.75333333333333	65.51333333333334	65.04666666666667	64.10666666666667	63.906666666666666	62.71333333333333	61.78	59.98	57.52	52.86666666666667	0.0
0.0	52.946666666666665	57.3	59.873333333333335	61.473333333333336	62.72666666666667	63.57333333333333	64.51333333333334	64.71333333333334	65.53333333333333	65.79333333333334	66.25333333333333	66.24666666666667	66.80666666666667	66.79333333333334	66.94	66.56666666666666	66.89333333333333	67.05333333333333	66.84666666666666	66.66666666666667	66.59333333333333	66.65333333333334	66.62	65.96666666666667	66.14	65.65333333333334	65.33333333333333	64.72	63.913333333333334	63.56666666666667	62.71333333333333	61.513333333333335	59.95333333333333	57.42	52.67333333333333	0.0
0.0	52.806666666666665	57.60666666666667	60.193333333333335	61.626666666666665	62.72666666666667	63.153333333333336	63.74	64.6	65.55333333333333	65.57333333333334	65.94666666666667	66.29333333333334	66.60666666666667	66.76	66.35333333333334	66.88666666666667	67.06666666666666	66.98	66.93333333333334	67.03333333333333	66.56	66.75333333333333	66.74	66.61333333333333	66.26666666666667	66.02	65.52666666666667	64.94	64.57333333333334	63.873333333333335	62.8	61.88	59.94	57.54666666666667	53.0	0.0
0.0	53.12	57.53333333333333	60.013333333333335	62.013333333333335	63.06	64.04	64.54666666666667	64.96666666666667	65.50666666666666	65.52	66.04666666666667	66.48666666666666	66.58666666666667	67.12	66.96	66.93333333333334	67.0	67.08	66.94	66.83333333333333	66.66	66.63333333333334	66.47333333333333	66.21333333333334	66.10666666666667	65.51333333333334	64.94666666666667	64.78	64.0	63.57333333333333	62.626666666666665	61.46666666666667	59.96	57.42666666666667	52.68666666666667	0.0
0.0	52.99333333333333	57.57333333333333	60.34	62.013333333333335	62.833333333333336	64.39333333333333	64.52	65.26666666666667	65.58	65.73333333333333	66.42	66.51333333333334	66.58	66.68	66.96666666666667	67.34	67.46	67.34666666666666	67.4	67.14666666666666	67.24666666666667	67.12	67.23333333333333	66.56666666666666	66.23333333333333	66.18666666666667	65.72666666666667	64.92	64.64	63.973333333333336	62.88	61.513333333333335	59.75333333333333	57.92	53.02	0.0
0.0	53.02	57.6	59.84	61.85333333333333	63.12	63.86666666666667	64.68666666666667	64.9	65.66	66.23333333333333	66.42666666666666	66.84666666666666	66.9	66.80666666666667	67.06	66.72	67.00666666666666	66.91333333333333	67.24	66.78666666666666	66.98	66.96666666666667	66.3	66.18666666666667	66.12	65.78666666666666	65.65333333333334	65.16666666666667	64.22	63.593333333333334	62.67333333333333	61.513333333333335	59.946666666666665	57.513333333333335	52.96666666666667	0.0
0.0	52.67333333333333	57.22666666666667	60.08	61.68	62.6	63.42666666666667	63.846666666666664	64.96666666666667	65.11333333333333	65.19333333333333	65.43333333333334	65.90666666666667	66.01333333333334	66.68	66.66666666666667	66.62	67.03333333333333	66.78666666666666	66.53333333333333	66.74666666666667	66.72	66.66666666666667	66.50666666666666	65.92666666666666	65.68666666666667	65.45333333333333	65.04	64.49333333333334	64.22	63.13333333333333	62.24	61.22	59.68	57.31333333333333	52.553333333333335	0.0
0.0	52.9	57.406666666666666	59.92	61.8	62.71333333333333	63.49333333333333	64.42	64.64	65.38	65.69333333333333	65.85333333333334	66.11333333333333	66.42	66.27333333333333	66.85333333333334	66.81333333333333	67.15333333333334	66.86	66.95333333333333	66.96	66.96	66.82	66.57333333333334	66.08	65.88666666666667	65.50666666666666	65.15333333333334	64.87333333333333	64.12	63.62	62.653333333333336	61.413333333333334	59.846666666666664	57.17333333333333	52.72	0.0
0.0	52.85333333333333	57.56	60.166666666666664	62.00666666666667	62.82666666666667	63.806666666666665	64.54666666666667	65.18	65.76666666666667	66.02	66.52	66.74	66.42	66.8	67.21333333333334	67.44	67.16	67.16	66.73333333333333	67.00666666666666	66.95333333333333	66.86666666666666	66.89333333333333	66.29333333333334	66.18	65.74666666666667	65.29333333333334	65.0	64.56666666666666	63.75333333333333	62.54	61.86666666666667	60.24	57.67333333333333	52.79333333333334	0.0
0.0	53.153333333333336	57.586666666666666	59.95333333333333	61.50666666666667	62.86666666666667	63.66	64.41333333333333	64.81333333333333	65.34	66.02	66.07333333333334	66.42	66.32	66.56666666666666	66.68	66.66	67.00666666666666	67.04	67.09333333333333	67.09333333333333	66.9	66.61333333333333	66.47333333333333	66.20666666666666	65.86	65.71333333333334	65.08666666666667	65.06666666666666	64.46	64.1	63.16	62.00666666666667	60.013333333333335	57.553333333333335	53.24	0.0
0.0	52.586666666666666	57.52	59.806666666666665	61.63333333333333	62.84	63.77333333333333	64.61333333333333	65.29333333333334	65.69333333333333	66.03333333333333	66.09333333333333	66.23333333333333	66.60666666666667	66.89333333333333	67.34	67.35333333333334	67.31333333333333	67.3	67.26666666666667	67.5	67.28	66.86666666666666	66.95333333333333	66.64	66.53333333333333	66.10666666666667	65.58666666666667	65.16666666666667	64.41333333333333	64.13333333333334	63.22666666666667	62.16	60.14666666666667	57.54	52.89333333333333	0.0
0.0	52.92666666666667	57.56	60.193333333333335	61.71333333333333	62.79333333333334	63.5	64.15333333333334	64.7	65.42666666666666	65.44666666666667	65.55333333333333	66.24666666666667	66.88666666666667	66.91333333333333	66.80666666666667	67.09333333333333	67.01333333333334	67.2	67.20666666666666	67.20666666666666	67.34	66.96666666666667	66.46	66.42	66.08666666666667	65.72	65.42666666666666	64.88666666666667	64.16666666666667	63.62	63.1	61.833333333333336	60.193333333333335	57.7	52.946666666666665	0.0
0.0	52.95333333333333	57.67333333333333	59.89333333333333	61.81333333333333	63.053333333333335	63.93333333333333	64.29333333333334	64.9	65.38	65.76	66.3	66.70666666666666	66.73333333333333	66.99333333333334	67.06	67.08666666666667	67.28	67.36666666666666	67.33333333333333	66.96666666666667	66.52	66.77333333333333	66.96	66.5	66.00666666666666	65.79333333333334	65.36666666666666	64.89333333333333	64.34666666666666	63.593333333333334	62.67333333333333	61.8	59.906666666666666	57.38	52.84	0.0
0.0	52.873333333333335	57.71333333333333	60.22	61.806666666666665	62.78666666666667	63.806666666666665	64.26666666666667	64.9	65.77333333333333	65.85333333333334	66.03333333333333	66.07333333333334	66.62666666666667	66.34666666666666	66.61333333333333	66.77333333333333	66.72	66.61333333333333	66.75333333333333	66.86666666666666	66.84	66.38666666666667	66.03333333333333	66.09333333333333	65.84666666666666	65.66666666666667	65.17333333333333	64.69333333333333	64.35333333333334	63.56666666666667	62.49333333333333	61.53333333333333	59.94	57.71333333333333	52.78666666666667	0.0
0.0	52.68	57.17333333333333	59.78	61.56	62.48	63.053333333333335	64.02666666666667	64.38	65.20666666666666	65.28666666666666	66.03333333333333	66.27333333333333	66.45333333333333	66.31333333333333	66.70666666666666	66.62	66.86666666666666	66.81333333333333	66.61333333333333	66.46666666666667	66.26	66.45333333333333	65.79333333333334	65.97333333333333	65.84	65.44	65.13333333333334	64.56666666666666	63.68666666666667	63.14666666666667	62.4	61.00666666666667	59.553333333333335	57.18	52.43333333333333	0.0
0.0	52.96666666666667	57.88666666666666	60.4	62.053333333333335	63.24	64.11333333333333	64.92666666666666	65.38	66.22	66.31333333333333	67.02	67.36666666666666	67.39333333333333	67.34	67.12	67.64666666666666	67.55333333333333	67.7	67.79333333333334	67.52	67.54666666666667	67.46666666666667	67.4	66.83333333333333	66.71333333333334	66.69333333333333	65.81333333333333	65.39333333333333	64.78666666666666	64.26	63.08	62.026666666666664	60.38	57.82666666666667	53.25333333333333	0.0
0.0	52.906666666666666	57.473333333333336	60.21333333333333	61.79333333333334	62.88666666666666	63.9	64.46	64.88666666666667	65.28	65.82	66.06	66.26666666666667	66.50666666666666	66.72	66.93333333333334	66.96666666666667	66.91333333333333	67.12	67.19333333333333	67.1	66.84666666666666	66.59333333333333	66.74	66.08666666666667	66.08	65.52	65.97333333333333	65.56666666666666	64.64	63.75333333333333	62.82	61.70666666666666	60.266666666666666	57.62	52.86	0.0
0.0	52.7	57.53333333333333	59.74666666666667	61.60666666666667	62.96	63.85333333333333	64.32	64.86	65.41333333333333	66.16666666666667	66.21333333333334	66.29333333333334	66.86666666666666	66.86	67.14666666666666	66.88666666666667	67.18666666666667	67.48666666666666	67.36	67.23333333333333	67.24	66.86	66.74	66.54	66.27333333333333	66.25333333333333	65.64	65.08666666666667	64.78666666666666	63.82	62.88666666666666	61.846666666666664	60.1	57.35333333333333	52.71333333333333	0.0
0.0	53.08	57.346666666666664	59.62	61.28	62.54666666666667	63.24	63.84	64.75333333333333	64.68	64.95333333333333	65.56	65.84666666666666	66.14666666666666	66.40666666666667	66.57333333333334	66.76666666666667	67.08	67.26	66.77333333333333	66.72666666666667	66.4	66.52666666666667	66.4	65.85333333333334	65.76666666666667	65.61333333333333	65.06	64.48	64.14	63.42666666666667	62.58	61.346666666666664	59.66	57.153333333333336	52.486666666666665	0.0
0.0	52.82666666666667	57.61333333333334	60.13333333333333	61.99333333333333	62.96	63.913333333333334	64.87333333333333	65.44666666666667	65.56	66.40666666666667	66.25333333333333	66.54666666666667	66.82	67.04	66.92	67.34	67.30666666666667	67.13333333333334	66.8	66.81333333333333	66.8	66.57333333333334	66.39333333333333	65.99333333333334	65.73333333333333	65.92	65.56666666666666	64.61333333333333	64.79333333333334	63.92666666666667	63.31333333333333	61.85333333333333	60.306666666666665	57.766666666666666	53.053333333333335	0.0
0.0	52.733333333333334	57.71333333333333	59.50666666666667	61.31333333333333	62.42	63.50666666666667	64.41333333333333	64.66666666666667	64.84666666666666	65.32666666666667	65.80666666666667	66.28	66.46666666666667	66.76	66.94666666666667	67.08666666666667	66.77333333333333	67.12666666666667	67.0	66.74666666666667	66.8	66.52666666666667	66.07333333333334	66.42666666666666	66.20666666666666	65.84	65.72666666666667	65.14666666666666	64.18666666666667	63.63333333333333	62.62	61.61333333333334	59.94	57.85333333333333	52.98	0.0
0.0	52.9	57.846666666666664	60.166666666666664	61.78666666666667	62.64	63.68666666666667	64.57333333333334	65.34	65.71333333333334	66.00666666666666	65.99333333333334	66.41333333333333	66.58	66.55333333333333	66.69333333333333	66.95333333333333	66.82	66.96	67.11333333333333	66.40666666666667	66.6	66.36666666666666	66.44	66.34	66.08	65.58	65.23333333333333	64.75333333333333	64.4	63.72666666666667	62.98	61.653333333333336	60.03333333333333	57.58	52.873333333333335	0.0
0.0	52.64	57.39333333333333	59.96666666666667	61.68666666666667	62.98	63.626666666666665	64.63333333333334	64.86	65.51333333333334	66.11333333333333	66.19333333333333	66.70666666666666	66.94	67.24	67.16	67.40666666666667	67.38666666666667	67.24	67.2	67.27333333333333	67.28	66.96	67.14	66.87333333333333	66.42666666666666	66.38666666666667	66.19333333333333	65.52666666666667	64.33333333333333	63.67333333333333	62.96	62.013333333333335	60.02	57.21333333333333	52.66	0.0
0.0	52.98	57.626666666666665	59.56	61.4	62.486666666666665	63.22	63.906666666666666	64.74	65.10666666666667	65.69333333333333	65.94	66.42666666666666	66.43333333333334	66.89333333333333	67.07333333333334	66.95333333333333	67.24	67.30666666666667	67.28	67.39333333333333	67.32666666666667	67.00666666666666	66.50666666666666	66.29333333333334	65.96666666666667	65.99333333333334	65.42	65.07333333333334	63.906666666666666	63.77333333333333	62.8	61.42666666666667	59.666666666666664	57.32666666666667	52.63333333333333	0.0
0.0	53.20666666666666	57.88	60.486666666666665	62.013333333333335	63.38666666666666	64.06666666666666	64.84	65.51333333333334	66.27333333333333	66.58666666666667	66.76	67.24666666666667	67.33333333333333	67.24	67.22	67.69333333333333	67.65333333333334	67.39333333333333	67.65333333333334	67.73333333333333	67.26666666666667	66.97333333333333	66.90666666666667	66.32	66.37333333333333	66.22666666666667	65.86666666666666	65.45333333333333	64.94	64.27333333333333	63.233333333333334	62.10666666666667	60.6	57.81333333333333	53.10666666666667	0.0
0.0	52.693333333333335	57.50666666666667	60.17333333333333	61.86666666666667	63.28	63.95333333333333	64.82666666666667	65.02666666666667	65.68666666666667	66.16666666666667	66.21333333333334	66.72666666666667	66.81333333333333	67.05333333333333	66.83333333333333	67.36	67.48666666666666	67.16666666666667	67.09333333333333	67.21333333333334	67.21333333333334	67.12666666666667	66.69333333333333	66.54666666666667	66.32	65.89333333333333	65.63333333333334	65.44666666666667	64.80666666666667	63.78666666666667	62.99333333333333	61.946666666666665	60.04666666666667	57.46666666666667	52.733333333333334	0.0
0.0	52.79333333333334	57.45333333333333	60.02	61.4	62.46666666666667	63.8	64.24666666666667	65.22666666666667	65.82666666666667	66.26666666666667	66.46666666666667	66.43333333333334	66.36	66.66666666666667	66.84666666666666	66.72	66.85333333333334	66.86666666666666	66.90666666666667	66.86666666666666	66.51333333333334	66.46	66.34666666666666	66.42666666666666	66.1	66.0	65.55333333333333	65.11333333333333	64.31333333333333	63.26	62.49333333333333	61.446666666666665	59.60666666666667	57.3	52.6	0.0
0.0	52.7	57.32666666666667	59.8	61.26	62.68666666666667	63.66	64.5	65.04666666666667	65.26	65.48	66.11333333333333	66.1	66.46666666666667	66.68	66.78	66.56666666666666	66.77333333333333	66.21333333333334	66.52	66.41333333333333	66.72	66.37333333333333	66.02	65.98666666666666	65.48666666666666	65.11333333333333	65.18	64.76	63.766666666666666	63.266666666666666	62.57333333333333	61.18666666666667	59.76	57.306666666666665	52.48	0.0
0.0	52.82	57.666666666666664	60.026666666666664	61.66	63.06666666666667	63.79333333333334	64.29333333333334	64.74	65.36	65.74	66.39333333333333	66.44666666666667	66.52	66.64666666666666	66.92	67.24	67.04	67.04	66.80666666666667	66.91333333333333	67.0	66.57333333333334	66.48666666666666	66.04666666666667	66.00666666666666	65.98	65.33333333333333	64.82666666666667	64.36666666666666	63.833333333333336	62.98	61.946666666666665	60.17333333333333	58.233333333333334	53.053333333333335	0.0
0.0	52.68666666666667	57.63333333333333	60.44	61.94	62.946666666666665	63.98	64.41333333333333	64.99333333333334	65.20666666666666	65.68666666666667	66.18666666666667	66.52	66.84666666666666	67.15333333333334	67.08666666666667	67.26	67.00666666666666	67.16666666666667	67.21333333333334	67.15333333333334	66.79333333333334	66.84666666666666	66.64	66.60666666666667	66.34666666666666	65.77333333333333	65.24	64.77333333333333	63.88	63.46	62.88	61.42	59.99333333333333	57.78666666666667	52.71333333333333	0.0
0.0	52.93333333333333	57.3	59.766666666666666	61.406666666666666	62.946666666666665	63.693333333333335	64.24	64.92666666666666	65.27333333333333	65.96666666666667	66.21333333333334	66.47333333333333	66.80666666666667	66.99333333333334	66.81333333333333	67.11333333333333	67.11333333333333	67.08	67.00666666666666	66.92666666666666	66.66666666666667	66.84666666666666	66.7	66.25333333333333	65.86	65.78	65.30666666666667	64.95333333333333	64.65333333333334	63.86666666666667	62.81333333333333	61.733333333333334	60.166666666666664	57.766666666666666	52.78666666666667	0.0
0.0	52.89333333333333	57.45333333333333	60.22666666666667	61.61333333333334	62.85333333333333	63.92	64.36666666666666	65.09333333333333	65.68	66.00666666666666	66.34666666666666	66.68	66.9	67.06	67.40666666666667	67.33333333333333	67.29333333333334	67.6	66.83333333333333	66.93333333333334	67.0	66.92666666666666	66.68666666666667	66.46666666666667	66.28666666666666	66.06	65.71333333333334	65.55333333333333	64.71333333333334	63.96666666666667	62.93333333333333	61.553333333333335	59.766666666666666	57.513333333333335	52.84	0.0
0.0	52.67333333333333	57.68	60.18666666666667	62.093333333333334	62.96666666666667	64.11333333333333	64.94666666666667	65.18666666666667	65.53333333333333	66.39333333333333	67.0	66.90666666666667	66.84	67.41333333333333	67.32	67.75333333333333	67.66	67.40666666666667	67.33333333333333	67.51333333333334	67.43333333333334	67.12666666666667	67.02	66.72	66.49333333333334	66.13333333333334	65.98	65.36666666666666	64.58	63.846666666666664	62.88	61.85333333333333	60.653333333333336	57.85333333333333	53.0	0.0
0.0	52.81333333333333	57.63333333333333	60.03333333333333	61.72	62.906666666666666	63.44	64.52666666666667	64.7	65.23333333333333	65.63333333333334	65.88666666666667	66.19333333333333	66.23333333333333	66.62666666666667	66.52	66.52666666666667	66.72666666666667	66.18	66.84666666666666	66.78	66.43333333333334	66.6	66.18	65.90666666666667	65.81333333333333	65.63333333333334	65.35333333333334	64.91333333333333	64.81333333333333	63.626666666666665	62.81333333333333	61.86666666666667	59.86666666666667	57.42666666666667	52.9	0.0
0.0	52.78	57.64	60.42	61.78666666666667	63.42666666666667	64.30666666666667	64.97333333333333	65.85333333333334	65.99333333333334	66.39333333333333	66.48666666666666	66.63333333333334	67.09333333333333	67.28666666666666	67.12666666666667	67.18	67.3	67.28666666666666	67.28	67.58	67.36	67.16666666666667	66.80666666666667	66.84	66.51333333333334	66.37333333333333	65.87333333333333	65.47333333333333	64.74	64.02666666666667	62.96666666666667	61.593333333333334	60.06	57.46666666666667	53.13333333333333	0.0
0.0	52.92666666666667	57.28	59.79333333333334	61.48	62.27333333333333	63.04	63.88	64.51333333333334	65.37333333333333	65.77333333333333	65.86666666666666	66.02666666666667	66.12666666666667	66.4	66.38666666666667	66.46	66.62	66.22666666666667	66.66666666666667	66.32	66.48666666666666	66.60666666666667	66.46666666666667	66.02666666666667	65.94666666666667	65.68	65.33333333333333	64.83333333333333	64.50666666666666	63.78666666666667	62.693333333333335	61.57333333333333	60.22	57.34	52.82	0.0
0.0	53.02	58.31333333333333	60.42	61.82	63.25333333333333	64.23333333333333	64.89333333333333	65.50666666666666	65.54666666666667	66.43333333333334	66.44666666666667	66.89333333333333	67.06	67.36666666666666	67.54666666666667	67.73333333333333	67.66666666666667	67.78666666666666	67.68	67.62	67.44666666666667	67.81333333333333	67.64	66.85333333333334	66.84666666666666	66.57333333333334	65.74	65.45333333333333	64.82	64.15333333333334	63.20666666666666	61.93333333333333	60.56666666666667	58.053333333333335	53.026666666666664	0.0
0.0	53.086666666666666	57.7	60.13333333333333	61.833333333333336	62.766666666666666	63.833333333333336	64.46	64.81333333333333	65.22666666666667	65.63333333333334	65.78666666666666	66.2	66.78666666666666	66.82666666666667	67.04	67.25333333333333	67.45333333333333	66.99333333333334	67.21333333333334	67.23333333333333	67.16666666666667	66.67333333333333	66.80666666666667	66.62	66.26	65.82666666666667	65.4	65.00666666666666	64.58	63.86666666666667	63.28666666666667	62.013333333333335	60.446666666666665	58.24	52.98	0.0
0.0	52.82	57.72666666666667	60.026666666666664	61.70666666666666	62.78666666666667	64.06666666666666	64.52	65.09333333333333	65.42	65.92666666666666	65.96	66.37333333333333	66.54	66.85333333333334	67.06666666666666	66.95333333333333	67.13333333333334	67.23333333333333	67.38666666666667	67.29333333333334	67.18	67.04	66.54	66.16	66.06666666666666	65.68666666666667	65.11333333333333	64.72	64.32666666666667	63.086666666666666	62.50666666666667	61.82666666666667	59.986666666666665	57.75333333333333	52.75333333333333	0.0
0.0	52.873333333333335	57.21333333333333	60.12	61.36666666666667	62.8	63.18666666666667	64.20666666666666	64.79333333333334	65.43333333333334	65.68666666666667	65.99333333333334	66.32	66.53333333333333	66.72666666666667	66.84	66.48	66.54666666666667	66.66	66.74666666666667	66.9	66.65333333333334	66.50666666666666	66.28666666666666	65.95333333333333	65.82666666666667	65.36666666666666	65.25333333333333	64.43333333333334	63.92666666666667	63.46666666666667	62.60666666666667	61.32	59.60666666666667	57.38666666666666	52.84	0.0
0.0	52.89333333333333	57.78666666666667	59.873333333333335	61.64666666666667	62.56666666666667	63.806666666666665	64.44666666666667	65.36	65.57333333333334	65.76666666666667	66.08	66.18	66.56	66.98666666666666	67.17333333333333	66.94	67.13333333333334	66.77333333333333	67.36	67.25333333333333	66.78666666666666	66.62666666666667	66.69333333333333	66.38666666666667	65.91333333333333	65.72666666666667	65.28	64.49333333333334	63.766666666666666	63.39333333333333	62.54666666666667	61.526666666666664	59.86	57.486666666666665	52.76	0.0
0.0	53.06666666666667	57.63333333333333	59.96666666666667	61.71333333333333	63.08	63.8	64.55333333333333	65.01333333333334	65.47333333333333	65.84666666666666	66.05333333333333	66.36	66.54	66.91333333333333	67.32	67.44	67.22666666666667	67.34666666666666	66.83333333333333	67.20666666666666	66.76	67.02666666666667	66.71333333333334	66.42666666666666	66.40666666666667	66.04	66.0	64.92	64.75333333333333	63.99333333333333	62.833333333333336	61.64	60.306666666666665	57.78	52.68666666666667	0.0
0.0	52.986666666666665	57.88	60.18666666666667	61.986666666666665	63.06666666666667	63.84	64.56666666666666	65.55333333333333	65.76666666666667	66.31333333333333	66.20666666666666	66.52	66.82666666666667	66.86666666666666	66.94666666666667	67.18666666666667	67.19333333333333	67.36	67.46	67.56666666666666	67.46	67.12666666666667	67.15333333333334	67.0	66.52666666666667	66.27333333333333	65.91333333333333	65.39333333333333	64.80666666666667	64.11333333333333	62.8	61.46666666666667	60.026666666666664	57.68	53.26	0.0
0.0	52.913333333333334	57.5	60.25333333333333	61.78	62.88	64.01333333333334	64.94	65.48666666666666	66.03333333333333	66.37333333333333	66.72	66.87333333333333	67.19333333333333	67.29333333333334	67.66666666666667	67.62	67.48	67.70666666666666	67.63333333333334	67.58	67.54666666666667	67.52666666666667	67.08	66.70666666666666	66.33333333333333	66.35333333333334	66.04	65.43333333333334	64.82	64.13333333333334	63.2	61.93333333333333	60.306666666666665	57.86	53.0	0.0
0.0	52.92666666666667	57.43333333333333	60.18666666666667	61.806666666666665	62.693333333333335	63.94	64.72666666666667	65.6	65.66666666666667	65.77333333333333	66.75333333333333	66.48	66.78666666666666	67.33333333333333	67.33333333333333	67.38666666666667	67.05333333333333	67.2	67.05333333333333	67.23333333333333	66.95333333333333	66.86	66.90666666666667	66.84666666666666	66.35333333333334	65.89333333333333	65.9	65.04666666666667	64.28	63.586666666666666	63.22666666666667	61.946666666666665	60.14666666666667	57.553333333333335	53.24666666666667	0.0
0.0	52.66	57.3	59.78	61.666666666666664	63.013333333333335	63.38666666666666	64.27333333333333	64.83333333333333	65.72	65.63333333333334	66.34666666666666	66.64666666666666	66.75333333333333	66.80666666666667	66.92666666666666	66.89333333333333	67.03333333333333	66.74666666666667	66.62	67.06	67.08	66.76	66.58666666666667	66.32	65.98	65.26666666666667	64.72	64.66666666666667	64.31333333333333	63.346666666666664	62.43333333333333	61.43333333333333	59.92666666666667	57.6	52.74	0.0
0.0	52.85333333333333	57.553333333333335	59.92	61.3	62.56666666666667	63.166666666666664	63.846666666666664	64.38	64.78	65.46666666666667	65.52	65.86	65.98	65.72	66.50666666666666	66.72	66.57333333333334	66.86666666666666	66.46666666666667	66.71333333333334	66.48	66.44666666666667	66.35333333333334	66.27333333333333	66.20666666666666	65.86666666666666	65.53333333333333	64.82666666666667	64.08	63.86	62.986666666666665	61.666666666666664	59.99333333333333	57.58	53.20666666666666	0.0
0.0	52.733333333333334	57.53333333333333	60.093333333333334	61.76	63.04	63.96666666666667	64.34666666666666	64.80666666666667	65.53333333333333	66.0	66.05333333333333	66.61333333333333	67.13333333333334	67.07333333333334	67.5	67.25333333333333	67.55333333333333	67.60666666666667	67.3	67.48	67.02666666666667	67.22	67.1	66.63333333333334	66.22666666666667	66.15333333333334	65.42	65.02	64.38	63.56	62.52	61.766666666666666	60.02	57.486666666666665	52.8	0.0
0.0	52.92666666666667	57.56	59.95333333333333	61.62	62.92	63.96666666666667	64.86666666666666	65.4	65.52	65.82666666666667	66.37333333333333	66.72	66.82	67.26666666666667	67.42	67.19333333333333	67.06	67.09333333333333	67.44666666666667	67.3	67.14666666666666	66.91333333333333	66.87333333333333	66.38666666666667	66.09333333333333	65.58	65.41333333333333	65.06	64.27333333333333	63.57333333333333	62.513333333333335	61.346666666666664	60.06	57.693333333333335	52.593333333333334	0.0
0.0	52.72666666666667	57.5	59.96666666666667	61.68666666666667	62.75333333333333	63.26	64.62	65.16666666666667	65.72	66.06	66.42666666666666	66.36	66.66666666666667	66.70666666666666	66.61333333333333	66.72666666666667	66.62666666666667	66.67333333333333	66.56	66.84666666666666	66.82666666666667	66.88666666666667	66.18666666666667	66.24666666666667	66.04	65.38	65.09333333333333	64.86	64.43333333333334	63.63333333333333	62.67333333333333	61.666666666666664	60.306666666666665	57.38	52.78	0.0
0.0	52.52	57.4	59.8	61.61333333333334	62.8	64.07333333333334	64.36	65.13333333333334	65.52	65.77333333333333	66.40666666666667	66.57333333333334	66.38666666666667	66.62666666666667	66.98	66.89333333333333	67.22	66.86	66.78666666666666	66.82666666666667	66.78	66.57333333333334	66.62666666666667	66.24	65.99333333333334	65.72	64.92666666666666	64.69333333333333	64.37333333333333	63.66	63.053333333333335	61.54	60.126666666666665	57.64	52.82666666666667	0.0
0.0	53.1	57.58	60.166666666666664	61.77333333333333	63.233333333333334	63.85333333333333	64.88	65.64	66.36666666666666	66.44666666666667	66.55333333333333	66.64	66.91333333333333	67.12666666666667	67.34	67.63333333333334	67.54666666666667	67.54	67.56	67.3	67.14	67.44666666666667	67.38	66.70666666666666	66.62	66.24	65.66	65.37333333333333	64.80666666666667	64.07333333333334	63.17333333333333	61.906666666666666	60.2	57.76	52.93333333333333	0.0
0.0	53.03333333333333	57.76	60.44	62.18	63.26	64.01333333333334	64.71333333333334	65.42	65.90666666666667	66.06	66.14666666666666	66.35333333333334	66.47333333333333	66.44666666666667	66.86	66.88666666666667	67.44666666666667	67.61333333333333	67.31333333333333	67.18	66.76	66.7	66.62	66.70666666666666	66.31333333333333	65.77333333333333	65.34666666666666	64.54666666666667	64.10666666666667	63.333333333333336	62.63333333333333	61.733333333333334	59.74666666666667	57.67333333333333	52.766666666666666	0.0
0.0	52.78	57.56666666666667	60.32	61.43333333333333	63.28	63.86666666666667	64.79333333333334	65.19333333333333	65.22666666666667	65.6	66.35333333333334	66.48666666666666	66.55333333333333	66.80666666666667	67.08	67.3	67.14666666666666	66.85333333333334	66.91333333333333	67.03333333333333	67.06666666666666	67.11333333333333	66.88666666666667	66.72666666666667	66.30666666666667	66.02	65.78	65.18	64.51333333333334	63.78	62.5	61.7	60.13333333333333	57.70666666666666	52.84	0.0
0.0	52.62	57.07333333333333	59.36666666666667	61.31333333333333	62.513333333333335	63.14	64.1	64.62	65.02666666666667	65.10666666666667	66.02	65.92	66.34	66.46666666666667	65.92666666666666	66.58666666666667	66.35333333333334	66.56	66.68	66.48666666666666	66.57333333333334	66.52	66.04666666666667	65.5	65.63333333333334	65.62666666666667	65.13333333333334	64.82	64.16666666666667	63.50666666666667	62.71333333333333	61.74	60.166666666666664	57.67333333333333	52.81333333333333	0.0
0.0	53.03333333333333	57.43333333333333	60.526666666666664	61.88	62.806666666666665	63.74666666666667	64.61333333333333	64.87333333333333	65.2	65.84	66.22666666666667	66.24	66.74	66.93333333333334	66.97333333333333	67.74666666666667	67.37333333333333	67.13333333333334	67.04	66.90666666666667	67.0	66.85333333333334	66.53333333333333	66.01333333333334	65.68	65.58666666666667	65.20666666666666	64.50666666666666	63.82	63.56666666666667	62.486666666666665	61.78	60.00666666666667	57.7	52.68666666666667	0.0
0.0	52.986666666666665	57.6	59.54666666666667	61.27333333333333	62.446666666666665	63.64666666666667	64.48	64.86	65.31333333333333	65.82666666666667	66.10666666666667	66.61333333333333	66.40666666666667	66.6	66.90666666666667	66.78666666666666	66.79333333333334	67.04	67.13333333333334	67.05333333333333	66.86666666666666	66.54	66.68	66.10666666666667	66.32	65.58666666666667	65.41333333333333	64.82	63.72666666666667	63.67333333333333	62.63333333333333	61.24666666666667	60.04	57.43333333333333	52.653333333333336	0.0
0.0	53.086666666666666	57.68666666666667	60.306666666666665	61.85333333333333	63.053333333333335	64.07333333333334	64.46666666666667	65.24	65.92	66.12	66.22666666666667	66.71333333333334	66.97333333333333	67.32666666666667	67.20666666666666	67.42	67.56666666666666	67.34666666666666	67.19333333333333	67.1	66.96666666666667	66.90666666666667	66.15333333333334	66.32666666666667	66.23333333333333	65.88666666666667	65.58	65.46666666666667	64.62	64.30666666666667	62.9	61.75333333333333	60.153333333333336	57.81333333333333	53.266666666666666	0.0
0.0	52.92	57.71333333333333	59.906666666666666	61.31333333333333	62.473333333333336	63.11333333333334	64.05333333333333	64.79333333333334	65.34	65.93333333333334	66.08666666666667	66.18	66.38	66.56666666666666	66.80666666666667	66.84666666666666	67.14666666666666	66.74666666666667	66.99333333333334	66.82666666666667	66.62	66.41333333333333	66.85333333333334	65.94	65.82666666666667	65.44666666666667	64.77333333333333	64.42	63.86666666666667	63.86666666666667	63.04	61.49333333333333	59.96	57.53333333333333	53.21333333333333	0.0
0.0	52.95333333333333	58.04	60.26	61.986666666666665	63.45333333333333	64.2	64.48666666666666	65.11333333333333	65.66	65.92	66.21333333333334	66.76666666666667	67.18666666666667	67.57333333333334	67.86	67.85333333333334	67.62666666666667	67.61333333333333	67.74666666666667	67.84666666666666	67.54666666666667	67.54666666666667	67.09333333333333	66.80666666666667	66.71333333333334	66.26	66.28	65.49333333333334	64.78666666666666	64.23333333333333	63.08	62.08	60.57333333333333	58.12	52.86	0.0
0.0	53.04	57.79333333333334	60.14666666666667	61.61333333333334	62.82666666666667	63.766666666666666	64.72666666666667	65.12	65.58666666666667	66.34666666666666	66.43333333333334	66.65333333333334	66.90666666666667	67.24	67.16	67.27333333333333	67.71333333333334	67.30666666666667	67.16666666666667	67.02666666666667	66.81333333333333	66.68666666666667	66.73333333333333	66.32666666666667	66.11333333333333	65.9	65.32666666666667	65.06666666666666	64.54666666666667	63.88666666666666	63.1	61.846666666666664	60.3	57.7	53.27333333333333	0.0
0.0	52.873333333333335	57.49333333333333	60.13333333333333	61.46666666666667	62.57333333333333	63.266666666666666	63.93333333333333	64.67333333333333	64.97333333333333	65.66666666666667	65.92	66.38	66.74666666666667	66.83333333333333	66.84666666666666	67.17333333333333	67.37333333333333	67.25333333333333	67.16666666666667	67.06666666666666	67.18	66.47333333333333	66.66666666666667	66.24666666666667	65.74666666666667	65.44	65.19333333333333	64.79333333333334	64.67333333333333	63.54666666666667	62.42	61.46	59.71333333333333	57.406666666666666	52.84	0.0
0.0	52.986666666666665	57.266666666666666	60.00666666666667	61.46	62.8	63.833333333333336	64.01333333333334	64.94666666666667	65.45333333333333	65.47333333333333	66.06	66.27333333333333	66.42	66.33333333333333	66.56666666666666	66.57333333333334	66.71333333333334	66.8	66.92666666666666	66.72	67.14	66.98666666666666	66.74666666666667	66.62	66.39333333333333	65.66666666666667	65.21333333333334	64.84666666666666	64.15333333333334	63.75333333333333	62.88666666666666	61.46666666666667	59.72	57.56666666666667	52.9	0.0
0.0	53.06666666666667	57.406666666666666	59.99333333333333	61.74666666666667	63.08	63.76	64.4	65.49333333333334	65.83333333333333	65.93333333333334	66.23333333333333	66.90666666666667	66.93333333333334	67.03333333333333	67.04	66.76666666666667	67.32	67.26	67.28666666666666	67.39333333333333	66.98	67.1	66.58	66.33333333333333	66.15333333333334	65.83333333333333	65.54666666666667	65.34666666666666	64.58	63.92666666666667	62.64666666666667	61.71333333333333	60.24	57.78	52.906666666666666	0.0
0.0	52.88666666666666	57.46	60.14666666666667	61.733333333333334	62.693333333333335	63.78	64.37333333333333	65.08666666666667	65.36666666666666	66.33333333333333	66.39333333333333	66.88	66.74	66.98666666666666	67.2	67.1	66.98666666666666	67.46	67.55333333333333	67.54	66.9	66.70666666666666	66.38	66.34	66.11333333333333	65.27333333333333	65.37333333333333	65.10666666666667	64.44	64.0	62.93333333333333	61.906666666666666	59.946666666666665	57.77333333333333	53.14666666666667	0.0
0.0	52.68	57.446666666666665	59.94	61.64	62.64	63.82	64.28666666666666	64.76	65.23333333333333	65.76666666666667	66.02666666666667	66.18	66.38	66.45333333333333	66.51333333333334	66.85333333333334	67.11333333333333	66.73333333333333	66.97333333333333	66.92	66.92	66.94	66.38	66.36666666666666	65.77333333333333	65.45333333333333	64.96666666666667	64.88666666666667	64.36666666666666	63.413333333333334	62.32	61.413333333333334	59.86	57.56666666666667	52.693333333333335	0.0
0.0	53.026666666666664	57.56	59.906666666666666	61.58	62.46666666666667	63.58	64.62	65.15333333333334	65.50666666666666	65.76666666666667	66.03333333333333	66.26	66.92666666666666	66.8	66.96	66.99333333333334	67.26666666666667	67.49333333333334	67.48	67.07333333333334	67.02	66.75333333333333	66.78666666666666	66.72	66.44	66.18666666666667	65.73333333333333	65.07333333333334	64.3	63.586666666666666	62.96666666666667	61.68666666666667	60.153333333333336	57.46666666666667	53.0	0.0
0.0	52.913333333333334	57.52	59.486666666666665	61.61333333333334	62.89333333333333	63.986666666666665	64.2	64.71333333333334	65.72666666666667	66.01333333333334	66.28	66.38666666666667	66.60666666666667	66.8	67.04666666666667	67.1	67.09333333333333	67.09333333333333	67.12	66.96666666666667	66.68666666666667	66.86	67.08	66.62666666666667	66.54666666666667	65.90666666666667	65.36666666666666	64.96666666666667	64.55333333333333	63.44	62.593333333333334	61.36666666666667	60.07333333333333	57.75333333333333	53.0	0.0
0.0	52.526666666666664	57.593333333333334	60.1	61.22	62.626666666666665	63.48	64.23333333333333	64.55333333333333	65.08	65.39333333333333	65.86	65.90666666666667	66.48666666666666	66.42666666666666	66.54666666666667	66.48666666666666	66.84	67.18	66.88666666666667	66.78666666666666	66.94	66.6	66.66	66.5	66.24666666666667	66.08	65.7	64.82	64.16	63.413333333333334	62.14	61.24	59.913333333333334	57.666666666666664	52.92666666666667	0.0
0.0	52.85333333333333	57.56	60.32	61.66	62.78666666666667	63.71333333333333	64.34666666666666	65.11333333333333	65.53333333333333	66.08666666666667	66.09333333333333	66.13333333333334	66.49333333333334	66.75333333333333	66.58	67.16666666666667	67.02	66.96666666666667	67.12666666666667	66.9	66.66	66.80666666666667	66.32666666666667	66.30666666666667	65.78666666666666	65.53333333333333	65.09333333333333	64.71333333333334	63.9	63.62	62.526666666666664	61.24	59.946666666666665	57.32666666666667	52.96	0.0
0.0	53.093333333333334	57.733333333333334	60.18	62.18	63.153333333333336	63.76	64.5	64.88666666666667	65.64	65.98666666666666	66.33333333333333	66.6	66.96666666666667	66.86666666666666	66.84	67.22666666666667	67.10666666666667	67.27333333333333	67.27333333333333	67.23333333333333	67.09333333333333	66.68666666666667	67.02666666666667	66.78666666666666	66.56666666666666	66.23333333333333	65.85333333333334	65.30666666666667	64.50666666666666	63.513333333333335	62.7	61.85333333333333	60.52	57.946666666666665	52.72666666666667	0.0
0.0	52.98	57.43333333333333	59.986666666666665	61.846666666666664	63.02	63.53333333333333	64.54	65.13333333333334	65.34666666666666	66.06666666666666	66.21333333333334	66.18666666666667	66.56	66.54	66.7	66.97333333333333	66.98	66.76	66.97333333333333	67.53333333333333	67.49333333333334	67.71333333333334	66.98666666666666	66.56	66.69333333333333	66.28	65.87333333333333	65.12666666666667	64.92666666666666	63.973333333333336	63.153333333333336	61.92666666666667	59.88666666666666	57.62	52.93333333333333	0.0
0.0	52.56	57.50666666666667	59.96666666666667	61.82	62.973333333333336	64.02	64.55333333333333	65.19333333333333	65.68	66.07333333333334	66.26	66.40666666666667	66.44666666666667	66.73333333333333	66.89333333333333	67.02666666666667	66.89333333333333	66.98666666666666	66.84666666666666	66.71333333333334	66.54	66.66666666666667	66.74666666666667	66.16666666666667	66.19333333333333	65.74666666666667	65.37333333333333	64.62	63.553333333333335	63.46666666666667	62.63333333333333	61.446666666666665	59.81333333333333	57.28666666666667	52.406666666666666	0.0
0.0	52.82666666666667	57.306666666666665	60.086666666666666	61.74	62.82	63.76	64.32	65.01333333333334	65.45333333333333	66.13333333333334	66.44	66.59333333333333	66.78	66.97333333333333	67.11333333333333	67.34666666666666	67.09333333333333	66.92666666666666	67.14666666666666	67.53333333333333	67.12666666666667	67.04	66.52	66.42	66.1	65.99333333333334	65.35333333333334	64.91333333333333	64.24	63.68666666666667	62.72666666666667	61.446666666666665	59.75333333333333	57.61333333333334	52.74666666666667	0.0
0.0	53.0	57.44	60.053333333333335	61.78666666666667	63.07333333333333	63.86	64.64	65.26	65.94666666666667	66.38	66.52666666666667	66.74666666666667	66.84666666666666	67.22	67.24666666666667	67.30666666666667	67.54	67.68	67.23333333333333	67.21333333333334	66.77333333333333	67.01333333333334	66.96	66.57333333333334	66.38	66.25333333333333	65.70666666666666	65.28666666666666	64.72666666666667	63.96666666666667	62.846666666666664	61.806666666666665	60.14	57.84	52.77333333333333	0.0
0.0	52.986666666666665	57.593333333333334	60.153333333333336	61.72666666666667	62.79333333333334	63.7	64.63333333333334	64.9	65.54666666666667	66.00666666666666	66.40666666666667	66.74	66.77333333333333	66.82	66.81333333333333	67.0	67.08666666666667	67.34	67.16	67.03333333333333	67.02	66.79333333333334	66.4	66.38666666666667	66.03333333333333	65.65333333333334	65.27333333333333	65.07333333333334	64.39333333333333	63.56666666666667	62.766666666666666	61.406666666666666	59.806666666666665	57.68	52.81333333333333	0.0
0.0	52.71333333333333	57.5	60.11333333333334	61.74	63.053333333333335	63.62	64.40666666666667	64.78	65.82666666666667	65.94	66.16	66.36666666666666	67.01333333333334	66.95333333333333	66.88666666666667	66.96	66.7	67.38	66.94	67.02666666666667	66.62666666666667	66.71333333333334	66.53333333333333	66.8	66.10666666666667	65.87333333333333	65.68	64.90666666666667	64.47333333333333	63.86	62.906666666666666	61.986666666666665	60.56	57.846666666666664	53.24	0.0
0.0	52.593333333333334	57.67333333333333	60.25333333333333	61.8	62.64666666666667	63.63333333333333	64.65333333333334	65.0	65.32	65.65333333333334	65.76	66.18666666666667	66.42	66.7	66.50666666666666	66.75333333333333	66.76	67.02666666666667	66.50666666666666	66.68	66.40666666666667	66.55333333333333	65.95333333333333	65.64	65.56	65.22	65.1	64.44666666666667	63.70666666666666	63.42	62.06666666666667	60.98	59.693333333333335	57.06666666666667	52.553333333333335	0.0
0.0	52.88666666666666	57.486666666666665	59.95333333333333	61.693333333333335	62.86666666666667	63.3	64.22666666666667	64.98	65.73333333333333	66.08	66.22666666666667	66.44	66.66	66.81333333333333	66.93333333333334	67.12	66.94666666666667	67.06	66.99333333333334	66.91333333333333	67.05333333333333	66.95333333333333	66.43333333333334	66.33333333333333	66.12	65.6	65.43333333333334	64.87333333333333	64.37333333333333	63.68666666666667	62.71333333333333	61.66	60.13333333333333	57.57333333333333	52.74666666666667	0.0
0.0	52.63333333333333	57.57333333333333	60.026666666666664	61.61333333333334	62.64	63.74	64.38666666666667	64.74	65.42	65.89333333333333	66.1	66.22	66.27333333333333	66.74	66.73333333333333	66.85333333333334	66.82666666666667	67.14666666666666	66.86666666666666	66.77333333333333	66.72666666666667	66.43333333333334	66.26666666666667	66.1	65.94666666666667	65.52666666666667	65.34	64.75333333333333	64.11333333333333	63.35333333333333	62.9	61.54666666666667	59.82666666666667	57.666666666666664	52.39333333333333	0.0
0.0	52.68	57.373333333333335	59.973333333333336	61.76	62.75333333333333	63.46666666666667	64.56666666666666	64.84666666666666	65.28666666666666	65.95333333333333	66.23333333333333	66.16666666666667	66.60666666666667	66.58666666666667	66.69333333333333	66.55333333333333	66.92	66.82666666666667	66.86666666666666	66.60666666666667	66.75333333333333	66.89333333333333	66.18666666666667	65.94666666666667	65.65333333333334	65.38666666666667	65.11333333333333	64.75333333333333	63.833333333333336	63.00666666666667	62.333333333333336	61.233333333333334	59.52	57.4	52.79333333333334	0.0
0.0	52.873333333333335	57.28666666666667	59.86666666666667	61.626666666666665	62.233333333333334	63.13333333333333	63.946666666666665	64.48666666666666	65.21333333333334	65.52666666666667	66.16	66.54	66.34	66.93333333333334	66.95333333333333	66.81333333333333	67.07333333333334	67.42	66.86666666666666	67.16	66.93333333333334	66.71333333333334	66.46	66.41333333333333	66.3	65.84	65.19333333333333	64.67333333333333	64.07333333333334	63.513333333333335	62.85333333333333	61.473333333333336	59.806666666666665	57.18	52.36	0.0
0.0	52.82	57.586666666666666	60.22666666666667	61.67333333333333	62.99333333333333	63.60666666666667	64.52666666666667	64.84	65.18666666666667	65.58	66.26666666666667	66.24666666666667	66.63333333333334	66.88	66.64	66.83333333333333	66.78666666666666	66.87333333333333	67.07333333333334	67.00666666666666	66.72	66.88	66.62666666666667	66.46666666666667	66.16	65.98	65.89333333333333	65.27333333333333	64.64666666666666	63.78666666666667	62.86666666666667	61.946666666666665	60.21333333333333	57.39333333333333	53.166666666666664	0.0
0.0	53.03333333333333	57.68	60.49333333333333	62.266666666666666	62.96666666666667	63.75333333333333	64.82	65.1	65.36	66.03333333333333	66.38666666666667	66.38	66.75333333333333	66.86666666666666	67.39333333333333	67.4	67.37333333333333	67.73333333333333	67.45333333333333	67.9	67.51333333333334	67.10666666666667	67.28	66.82	66.52	66.15333333333334	66.01333333333334	65.44666666666667	65.24	64.14666666666666	63.34	61.81333333333333	60.50666666666667	57.766666666666666	52.82666666666667	0.0
0.0	53.086666666666666	57.56666666666667	59.76	61.32	62.66	63.42	64.12666666666667	64.64	65.28	65.88	66.1	66.44	66.24	67.12	66.94666666666667	67.08	67.34	67.06	66.80666666666667	66.8	67.05333333333333	67.00666666666666	66.5	66.34	66.31333333333333	66.02666666666667	65.34	64.70666666666666	64.16	63.46	62.92666666666667	61.92666666666667	60.44	57.8	52.77333333333333	0.0
0.0	52.57333333333333	57.35333333333333	60.193333333333335	61.733333333333334	62.946666666666665	63.92666666666667	64.46666666666667	65.11333333333333	65.5	65.97333333333333	66.19333333333333	66.48	66.74	67.34	67.5	67.25333333333333	67.23333333333333	66.96666666666667	67.16666666666667	67.16666666666667	66.84666666666666	66.96	67.20666666666666	66.80666666666667	66.48	66.03333333333333	65.88	65.47333333333333	64.90666666666667	63.6	62.906666666666666	61.63333333333333	59.89333333333333	57.92	53.013333333333335	0.0
0.0	53.00666666666667	57.76	60.04	61.806666666666665	62.63333333333333	63.86	64.68	64.98	65.51333333333334	65.84	66.05333333333333	66.36666666666666	66.58	66.98666666666666	66.92666666666666	67.1	67.06	67.17333333333333	67.21333333333334	67.01333333333334	66.98666666666666	66.88666666666667	66.49333333333334	66.58666666666667	66.08	65.93333333333334	65.34666666666666	64.78	64.21333333333334	63.75333333333333	63.04666666666667	61.5	59.70666666666666	57.2	52.913333333333334	0.0
0.0	52.8	57.52	60.193333333333335	61.88	62.82666666666667	63.38	64.26	64.82666666666667	65.41333333333333	65.74666666666667	65.92666666666666	66.27333333333333	66.08666666666667	66.36666666666666	66.47333333333333	66.57333333333334	66.65333333333334	66.57333333333334	66.68666666666667	66.81333333333333	66.76	66.74666666666667	66.47333333333333	66.38666666666667	66.06666666666666	65.62666666666667	65.09333333333333	65.16	64.34	63.693333333333335	62.95333333333333	61.57333333333333	60.16	57.333333333333336	53.04666666666667	0.0
0.0	52.946666666666665	57.913333333333334	60.38	61.913333333333334	62.96	64.1	64.52	65.80666666666667	65.71333333333334	66.08666666666667	66.53333333333333	66.51333333333334	66.90666666666667	67.14	67.45333333333333	67.52	68.15333333333334	67.68666666666667	67.52	67.74	67.27333333333333	67.04666666666667	66.90666666666667	66.58	66.55333333333333	66.0	65.77333333333333	65.49333333333334	64.51333333333334	63.84	63.12	61.77333333333333	60.11333333333334	57.72666666666667	52.93333333333333	0.0
0.0	53.07333333333333	57.53333333333333	60.03333333333333	62.04	63.126666666666665	63.92	64.47333333333333	65.39333333333333	65.49333333333334	65.78666666666666	66.26	66.32	66.62	66.58	66.88666666666667	67.02666666666667	66.90666666666667	67.29333333333334	67.48666666666666	67.28	67.06	67.03333333333333	66.97333333333333	66.38666666666667	66.33333333333333	65.96	65.63333333333334	65.34666666666666	64.51333333333334	63.406666666666666	62.70666666666666	61.57333333333333	60.04	57.58	53.03333333333333	0.0
0.0	52.986666666666665	57.653333333333336	60.0	61.96666666666667	62.86	63.71333333333333	64.61333333333333	65.29333333333334	65.69333333333333	66.24666666666667	66.84	66.79333333333334	67.31333333333333	67.25333333333333	67.3	67.04666666666667	67.35333333333334	67.1	67.43333333333334	67.38	67.07333333333334	66.97333333333333	66.99333333333334	66.68666666666667	66.52	66.32666666666667	65.57333333333334	64.94	64.83333333333333	63.94	63.11333333333334	61.833333333333336	59.986666666666665	57.50666666666667	53.03333333333333	0.0
0.0	53.08	57.95333333333333	60.50666666666667	61.98	62.766666666666666	63.873333333333335	64.16	64.75333333333333	65.88666666666667	66.11333333333333	66.44666666666667	66.59333333333333	66.56	67.45333333333333	67.16666666666667	67.08666666666667	67.40666666666667	67.26	67.27333333333333	67.08666666666667	67.08666666666667	66.75333333333333	66.74666666666667	66.2	65.60666666666667	65.27333333333333	65.32	64.72	64.05333333333333	63.81333333333333	62.56	61.58	59.846666666666664	57.28666666666667	53.02	0.0
0.0	52.96666666666667	57.666666666666664	59.82	61.72	63.053333333333335	63.78	64.43333333333334	64.88666666666667	65.54666666666667	65.64666666666666	65.78	66.18666666666667	66.41333333333333	66.62	66.66	66.84	67.00666666666666	67.27333333333333	66.87333333333333	67.03333333333333	66.82666666666667	66.42	66.13333333333334	66.15333333333334	66.03333333333333	65.36666666666666	65.20666666666666	64.51333333333334	64.24666666666667	63.54	62.43333333333333	61.61333333333334	59.626666666666665	57.48	52.88666666666666	0.0
0.0	52.68	57.48	60.06	61.31333333333333	62.61333333333334	63.38666666666666	64.14666666666666	64.48666666666666	65.00666666666666	65.24	65.5	65.93333333333334	66.30666666666667	66.26	66.62	66.83333333333333	66.61333333333333	66.7	66.8	66.74	66.6	66.40666666666667	66.45333333333333	65.63333333333334	65.63333333333334	65.36666666666666	65.04666666666667	64.28666666666666	64.13333333333334	63.16	62.22666666666667	61.21333333333333	59.806666666666665	57.14	52.81333333333333	0.0
0.0	52.973333333333336	57.52	60.20666666666666	61.66	62.486666666666665	63.586666666666666	64.45333333333333	65.05333333333333	65.33333333333333	65.90666666666667	66.6	66.65333333333334	66.59333333333333	66.7	66.53333333333333	66.74	67.15333333333334	66.88666666666667	66.74	66.96666666666667	66.84	66.74	66.34666666666666	66.14666666666666	65.48	65.40666666666667	65.08666666666667	64.59333333333333	64.23333333333333	63.56	62.76	61.60666666666667	60.02	57.446666666666665	52.78666666666667	0.0
0.0	52.67333333333333	57.07333333333333	59.89333333333333	61.71333333333333	62.93333333333333	63.406666666666666	64.34	64.93333333333334	65.46666666666667	66.08666666666667	66.36	66.55333333333333	66.91333333333333	67.03333333333333	66.90666666666667	67.04	66.8	67.01333333333334	67.27333333333333	67.45333333333333	66.68	66.54	66.33333333333333	66.25333333333333	65.88	65.67333333333333	65.66	64.8	64.08666666666667	63.373333333333335	62.72666666666667	61.70666666666666	60.10666666666667	57.70666666666666	52.626666666666665	0.0
0.0	52.89333333333333	57.68666666666667	60.16	62.02	63.053333333333335	64.14	64.76666666666667	65.04666666666667	65.66666666666667	66.02666666666667	66.10666666666667	66.72666666666667	67.03333333333333	67.04666666666667	67.26666666666667	67.18	67.52	67.32	67.40666666666667	67.42	67.03333333333333	66.99333333333334	67.16	66.96	66.62666666666667	66.42	65.93333333333334	65.52666666666667	65.1	63.82666666666667	63.02	61.766666666666666	60.413333333333334	57.26	53.10666666666667	0.0
0.0	53.06666666666667	57.38	60.13333333333333	61.70666666666666	62.92	63.766666666666666	64.69333333333333	65.02	65.26	65.62	66.25333333333333	66.60666666666667	66.41333333333333	67.02666666666667	67.0	67.08	66.89333333333333	67.14666666666666	67.18666666666667	67.22666666666667	67.29333333333334	66.82666666666667	66.85333333333334	66.60666666666667	66.06666666666666	65.56666666666666	65.34666666666666	65.22666666666667	64.48666666666666	63.88	63.013333333333335	61.61333333333334	59.88666666666666	57.733333333333334	52.96666666666667	0.0
0.0	52.973333333333336	57.586666666666666	60.03333333333333	61.486666666666665	62.58	63.63333333333333	64.39333333333333	64.62666666666667	65.4	65.59333333333333	66.38666666666667	66.10666666666667	66.63333333333334	66.64	66.89333333333333	66.96666666666667	66.82666666666667	66.72666666666667	66.91333333333333	67.26666666666667	67.37333333333333	67.04666666666667	66.82666666666667	66.36666666666666	65.88666666666667	66.06666666666666	65.30666666666667	64.94666666666667	64.62666666666667	63.89333333333333	63.17333333333333	61.94	60.08	57.7	52.653333333333336	0.0
0.0	52.4	57.32	59.986666666666665	61.486666666666665	62.71333333333333	63.28666666666667	64.26	64.46666666666667	64.79333333333334	65.42	65.96666666666667	66.38	66.52666666666667	66.65333333333334	66.74666666666667	66.97333333333333	66.81333333333333	66.92	66.84	66.70666666666666	66.72	66.44666666666667	66.14666666666666	65.87333333333333	65.79333333333334	65.14	65.22	64.5	63.98	63.50666666666667	62.67333333333333	61.64	60.02	57.473333333333336	52.82	0.0
0.0	53.20666666666666	57.86666666666667	60.126666666666665	61.82666666666667	63.25333333333333	63.913333333333334	64.57333333333334	65.34666666666666	65.68	66.56	66.24	66.66	66.96666666666667	67.03333333333333	67.06	67.14666666666666	67.51333333333334	66.98666666666666	67.29333333333334	67.14	67.16666666666667	66.83333333333333	66.7	66.47333333333333	65.96666666666667	65.80666666666667	65.8	64.94	64.93333333333334	64.02	63.28666666666667	62.013333333333335	60.18666666666667	57.42666666666667	53.013333333333335	0.0
0.0	52.78666666666667	57.28666666666667	59.913333333333334	61.34	62.32	63.42	64.34	64.72666666666667	65.53333333333333	65.64666666666666	66.03333333333333	66.14666666666666	66.41333333333333	66.72	67.05333333333333	66.92666666666666	66.92	66.9	67.44	67.32	67.23333333333333	67.06	66.90666666666667	66.41333333333333	66.08666666666667	65.84	65.31333333333333	64.7	64.29333333333334	63.81333333333333	62.973333333333336	62.026666666666664	60.22	57.34	52.68666666666667	0.0
0.0	52.7	57.593333333333334	59.86	61.333333333333336	62.46666666666667	63.64666666666667	64.16666666666667	64.56666666666666	65.53333333333333	65.92666666666666	65.61333333333333	66.2	66.24666666666667	66.60666666666667	66.94666666666667	66.71333333333334	66.88666666666667	67.01333333333334	66.82	66.84666666666666	66.62	66.52	66.08666666666667	66.01333333333334	65.67333333333333	65.34	64.99333333333334	64.42666666666666	64.06666666666666	63.346666666666664	62.22666666666667	61.153333333333336	59.64666666666667	57.193333333333335	52.56	0.0
0.0	52.98	57.38	60.2	61.486666666666665	62.53333333333333	63.32666666666667	64.29333333333334	65.25333333333333	65.62666666666667	66.1	66.16666666666667	66.30666666666667	66.62	66.84666666666666	67.06666666666666	67.52	67.40666666666667	67.42666666666666	67.39333333333333	67.37333333333333	67.05333333333333	67.38666666666667	67.02	66.64	65.90666666666667	65.68666666666667	65.41333333333333	64.93333333333334	64.43333333333334	64.06	63.18	61.75333333333333	59.96666666666667	57.666666666666664	52.96666666666667	0.0
0.0	53.08	57.9	60.25333333333333	61.9	63.11333333333334	63.85333333333333	64.34666666666666	64.54666666666667	65.23333333333333	65.36666666666666	66.08	66.3	66.59333333333333	66.79333333333334	66.80666666666667	67.06666666666666	67.1	67.05333333333333	67.34	67.46666666666667	67.36666666666666	66.99333333333334	66.67333333333333	66.50666666666666	66.28666666666666	65.73333333333333	65.38	65.34	64.65333333333334	63.54666666666667	63.06666666666667	61.53333333333333	60.32	57.74	52.873333333333335	0.0
0.0	52.67333333333333	57.513333333333335	60.06666666666667	61.67333333333333	62.54666666666667	63.42	63.93333333333333	64.88	65.22	65.56666666666666	65.86	65.72666666666667	66.26	66.64666666666666	66.64666666666666	66.71333333333334	67.12	66.99333333333334	66.94666666666667	66.74	66.98666666666666	66.67333333333333	66.72	66.22666666666667	65.98666666666666	65.72666666666667	65.1	64.78666666666666	64.54	63.93333333333333	62.806666666666665	61.846666666666664	60.06	57.4	52.81333333333333	0.0
0.0	53.08	57.653333333333336	60.086666666666666	61.806666666666665	63.08	63.77333333333333	64.91333333333333	65.09333333333333	65.74666666666667	66.04	66.48	66.53333333333333	66.84666666666666	66.68	67.01333333333334	66.89333333333333	67.46	67.44	67.03333333333333	67.28666666666666	66.64666666666666	66.87333333333333	66.34	66.2	66.20666666666666	65.73333333333333	65.22666666666667	64.78666666666666	64.44666666666667	63.873333333333335	62.94	61.68666666666667	60.1	57.75333333333333	53.013333333333335	0.0
0.0	52.76	57.00666666666667	59.74666666666667	61.58	62.62	63.86	64.58	65.16	65.43333333333334	65.72666666666667	66.06	66.22666666666667	66.60666666666667	66.74666666666667	66.90666666666667	66.78	67.00666666666666	66.74666666666667	66.64666666666666	66.43333333333334	66.52666666666667	66.34666666666666	65.88	66.00666666666666	65.88666666666667	65.47333333333333	65.02666666666667	64.59333333333333	63.84	63.4	62.56	61.07333333333333	59.79333333333334	57.26	52.66	0.0
0.0	52.82666666666667	57.586666666666666	60.31333333333333	61.733333333333334	62.92	63.48	64.51333333333334	64.87333333333333	65.38	65.88666666666667	66.24	66.29333333333334	66.76666666666667	66.98	67.21333333333334	67.4	67.34	67.4	67.46666666666667	67.12	66.87333333333333	66.65333333333334	66.69333333333333	66.44666666666667	66.22	65.68666666666667	65.32	64.6	64.26	63.52	62.72	61.56	59.986666666666665	57.60666666666667	52.62	0.0
0.0	52.95333333333333	57.42	59.9	61.42666666666667	63.0	63.71333333333333	64.36666666666666	64.8	65.41333333333333	65.8	66.28	66.68	67.00666666666666	67.09333333333333	66.98666666666666	66.93333333333334	67.06	67.1	67.16666666666667	67.38666666666667	67.29333333333334	66.88666666666667	66.9	66.87333333333333	66.44666666666667	66.18	65.85333333333334	65.33333333333333	64.72	63.78	62.78666666666667	61.306666666666665	59.7	57.54	52.913333333333334	0.0
0.0	52.986666666666665	57.56666666666667	59.946666666666665	61.61333333333334	62.52	63.72666666666667	64.48	65.10666666666667	65.58	65.6	66.05333333333333	66.24	66.52666666666667	66.66666666666667	66.74	67.08	67.00666666666666	67.22	66.76	66.98	66.90666666666667	66.61333333333333	66.27333333333333	65.94666666666667	65.92	65.58	65.03333333333333	64.80666666666667	63.74666666666667	63.373333333333335	62.61333333333334	61.68	60.126666666666665	57.43333333333333	52.88666666666666	0.0
0.0	52.833333333333336	57.693333333333335	60.16	61.526666666666664	62.78666666666667	63.586666666666666	64.18666666666667	64.90666666666667	65.56666666666666	65.91333333333333	66.12	66.84666666666666	66.95333333333333	66.93333333333334	67.00666666666666	67.01333333333334	67.0	66.96	66.78	66.63333333333334	66.82666666666667	66.57333333333334	66.38666666666667	66.28666666666666	65.68	65.31333333333333	65.32	64.6	64.01333333333334	63.43333333333333	62.53333333333333	61.29333333333334	59.84	57.72	52.89333333333333	0.0
0.0	52.67333333333333	57.4	59.806666666666665	61.57333333333333	62.61333333333334	63.27333333333333	64.15333333333334	64.42	65.06666666666666	65.45333333333333	65.96666666666667	66.16666666666667	66.11333333333333	66.56666666666666	66.69333333333333	66.85333333333334	66.55333333333333	66.64	66.84	67.0	66.62	66.53333333333333	66.58666666666667	66.0	66.12666666666667	65.98	65.26666666666667	64.55333333333333	64.07333333333334	63.31333333333333	62.45333333333333	61.46	59.913333333333334	57.166666666666664	52.626666666666665	0.0
0.0	52.833333333333336	57.76	60.25333333333333	61.95333333333333	62.96	63.96666666666667	64.75333333333333	65.08666666666667	65.74	66.01333333333334	66.33333333333333	66.45333333333333	66.45333333333333	66.84666666666666	67.16	67.17333333333333	67.25333333333333	67.34	67.64666666666666	67.48	67.08666666666667	66.99333333333334	66.92	66.56	66.38666666666667	66.17333333333333	65.66	65.2	64.74666666666667	63.82	63.25333333333333	61.666666666666664	60.093333333333334	57.77333333333333	53.013333333333335	0.0
0.0	52.8	57.68	59.78666666666667	61.333333333333336	62.52	63.64	64.67333333333333	64.91333333333333	65.45333333333333	65.32666666666667	65.97333333333333	66.13333333333334	66.46	66.81333333333333	67.05333333333333	66.98666666666666	67.14666666666666	67.16	66.83333333333333	67.06666666666666	66.91333333333333	66.58666666666667	66.69333333333333	66.4	65.78666666666666	65.74666666666667	65.12	64.94666666666667	64.13333333333334	63.46666666666667	62.38666666666666	61.553333333333335	59.973333333333336	57.693333333333335	52.873333333333335	0.0
0.0	52.833333333333336	57.44	59.72	61.38	62.5	63.36	64.42666666666666	64.87333333333333	65.60666666666667	65.79333333333334	65.87333333333333	66.72	66.51333333333334	66.80666666666667	66.94	67.17333333333333	67.51333333333334	67.28666666666666	67.04666666666667	67.03333333333333	66.78666666666666	66.74	66.88	66.70666666666666	66.26666666666667	65.88	65.48666666666666	64.91333333333333	64.66666666666667	63.95333333333333	62.86666666666667	61.6	59.86	57.25333333333333	52.946666666666665	0.0
0.0	52.52	57.45333333333333	59.94	61.18666666666667	62.233333333333334	63.17333333333333	63.85333333333333	64.42666666666666	65.03333333333333	65.68	66.04666666666667	66.19333333333333	66.62666666666667	66.88	67.09333333333333	67.06	67.25333333333333	66.96	66.67333333333333	66.80666666666667	66.60666666666667	66.57333333333334	66.24666666666667	66.04	65.96666666666667	65.48666666666666	65.15333333333334	64.53333333333333	64.07333333333334	63.56	62.52	61.58	60.08	57.60666666666667	53.11333333333334	0.0
0.0	52.74666666666667	57.54666666666667	59.95333333333333	61.84	62.52	63.6	63.99333333333333	64.78	64.84666666666666	65.14666666666666	65.86666666666666	66.21333333333334	66.26	66.52666666666667	66.77333333333333	66.72	66.84	66.82	66.74666666666667	66.62	66.63333333333334	66.56666666666666	66.46666666666667	65.93333333333334	65.60666666666667	65.68	65.2	65.18	64.5	63.49333333333333	62.43333333333333	61.31333333333333	59.6	57.49333333333333	52.98	0.0
0.0	52.92666666666667	57.36666666666667	59.906666666666666	61.68	62.86666666666667	63.86	64.62	65.32666666666667	65.87333333333333	66.10666666666667	66.36	66.64666666666666	66.79333333333334	66.68666666666667	66.72	66.97333333333333	66.74666666666667	66.94666666666667	66.94666666666667	66.74	66.55333333333333	66.68666666666667	66.48666666666666	66.17333333333333	65.94666666666667	65.77333333333333	65.11333333333333	65.10666666666667	64.30666666666667	63.74	62.973333333333336	61.78	60.026666666666664	57.53333333333333	52.946666666666665	0.0
0.0	53.126666666666665	57.833333333333336	60.60666666666667	62.25333333333333	63.52	64.43333333333334	64.69333333333333	65.10666666666667	65.63333333333334	66.42666666666666	66.97333333333333	66.85333333333334	67.06	67.23333333333333	67.54	67.42	67.58666666666667	67.56666666666666	67.57333333333334	67.33333333333333	67.57333333333334	67.66666666666667	67.28666666666666	66.86666666666666	66.28	66.04666666666667	65.96	65.17333333333333	64.71333333333334	63.88	62.85333333333333	61.72	59.79333333333334	57.85333333333333	52.94	0.0
0.0	52.86	57.42	59.946666666666665	61.693333333333335	62.88	63.626666666666665	64.21333333333334	65.02666666666667	65.0	65.7	65.95333333333333	66.28666666666666	66.50666666666666	66.44666666666667	66.85333333333334	67.08	66.96	67.18	67.0	66.96	66.76666666666667	66.54666666666667	66.31333333333333	65.91333333333333	65.58666666666667	65.69333333333333	65.26	64.89333333333333	64.46666666666667	63.67333333333333	62.82666666666667	61.913333333333334	60.03333333333333	57.49333333333333	52.58	0.0
0.0	52.986666666666665	57.85333333333333	60.306666666666665	62.07333333333333	63.24666666666667	63.92666666666667	64.6	65.09333333333333	65.60666666666667	66.10666666666667	66.42	66.55333333333333	66.87333333333333	66.94666666666667	67.24666666666667	67.27333333333333	67.45333333333333	67.21333333333334	67.14666666666666	67.46666666666667	67.37333333333333	67.41333333333333	66.96666666666667	66.75333333333333	66.40666666666667	66.02	65.72666666666667	65.4	64.81333333333333	64.25333333333333	63.20666666666666	61.946666666666665	60.373333333333335	57.56	52.93333333333333	0.0
0.0	52.95333333333333	57.26	60.14666666666667	62.12	63.03333333333333	63.82	64.7	65.18	65.71333333333334	65.68	66.10666666666667	66.49333333333334	66.52666666666667	66.88	66.74	66.82	66.85333333333334	66.9	67.17333333333333	67.47333333333333	67.02666666666667	66.96666666666667	66.74	66.54666666666667	66.26	65.70666666666666	65.54	64.85333333333334	64.52666666666667	63.8	62.653333333333336	61.53333333333333	60.00666666666667	57.72	52.82	0.0
0.0	52.9	57.54666666666667	60.16	61.653333333333336	63.02	63.81333333333333	64.63333333333334	64.94666666666667	65.17333333333333	65.72666666666667	65.94	66.25333333333333	66.83333333333333	66.63333333333334	66.92	67.03333333333333	67.12666666666667	66.94666666666667	66.82666666666667	67.28	66.79333333333334	66.46	66.82	66.49333333333334	66.15333333333334	65.9	65.43333333333334	64.94	64.26666666666667	63.54	63.04666666666667	61.74	60.04	57.986666666666665	53.20666666666666	0.0
0.0	52.54666666666667	57.4	59.57333333333333	61.32	62.78666666666667	63.693333333333335	64.50666666666666	64.93333333333334	65.5	65.83333333333333	66.05333333333333	66.84	66.90666666666667	67.24	67.28	67.44666666666667	67.18666666666667	67.35333333333334	67.24666666666667	67.36666666666666	67.16666666666667	67.12666666666667	66.60666666666667	66.28666666666666	65.94666666666667	65.63333333333334	65.52666666666667	64.96	64.42666666666666	63.78666666666667	62.766666666666666	61.46666666666667	60.14666666666667	57.48	52.95333333333333	0.0
0.0	53.22	57.78666666666667	60.48	62.11333333333334	63.093333333333334	64.14666666666666	64.74	65.35333333333334	65.99333333333334	66.3	66.56	66.51333333333334	66.99333333333334	67.07333333333334	66.76	67.15333333333334	67.16	66.96	67.42	67.34	67.06666666666666	66.68666666666667	66.59333333333333	66.42	66.0	65.53333333333333	65.26	64.78666666666666	64.26	63.586666666666666	62.63333333333333	61.846666666666664	59.81333333333333	57.513333333333335	52.94	0.0
0.0	52.8	57.846666666666664	59.946666666666665	62.0	62.82666666666667	63.8	64.74666666666667	65.30666666666667	65.74666666666667	65.76666666666667	66.52	66.48	66.71333333333334	66.79333333333334	66.90666666666667	66.99333333333334	66.76	66.82666666666667	66.76666666666667	66.59333333333333	66.89333333333333	66.62666666666667	65.94666666666667	65.9	65.86666666666666	65.61333333333333	65.35333333333334	64.75333333333333	64.34666666666666	63.75333333333333	62.85333333333333	61.46	60.10666666666667	57.806666666666665	52.61333333333334	0.0
0.0	52.946666666666665	57.82	60.126666666666665	62.43333333333333	63.22666666666667	63.99333333333333	65.06	65.64	65.83333333333333	66.11333333333333	66.49333333333334	66.88666666666667	67.3	67.22666666666667	67.3	67.60666666666667	67.37333333333333	67.52	67.31333333333333	67.14666666666666	66.52	66.58666666666667	66.39333333333333	66.41333333333333	66.26666666666667	66.12	65.53333333333333	65.05333333333333	64.48666666666666	63.94	62.806666666666665	61.50666666666667	59.84	57.653333333333336	53.11333333333334	0.0
0.0	53.06	57.586666666666666	59.833333333333336	61.44	62.72	63.56	64.42	65.1	65.73333333333333	66.02666666666667	66.24666666666667	66.19333333333333	66.64	66.70666666666666	67.0	67.07333333333334	67.12	66.98666666666666	66.90666666666667	66.65333333333334	66.55333333333333	66.27333333333333	66.37333333333333	66.10666666666667	65.92666666666666	65.63333333333334	65.44666666666667	65.21333333333334	64.56666666666666	63.82666666666667	62.79333333333334	61.593333333333334	60.126666666666665	57.39333333333333	53.18666666666667	0.0
0.0	53.026666666666664	57.76	60.11333333333334	61.693333333333335	62.693333333333335	63.54	64.21333333333334	64.74	65.36666666666666	65.45333333333333	66.07333333333334	66.22666666666667	66.55333333333333	66.92666666666666	66.92	67.12	66.98666666666666	67.10666666666667	67.29333333333334	67.02666666666667	66.92666666666666	67.22666666666667	66.86666666666666	66.1	66.36	65.94666666666667	65.2	65.11333333333333	64.91333333333333	63.84	62.77333333333333	61.96666666666667	59.96	57.766666666666666	52.946666666666665	0.0
0.0	53.28666666666667	57.64666666666667	59.946666666666665	61.586666666666666	62.84	63.833333333333336	64.12	64.71333333333334	65.27333333333333	65.72666666666667	66.56	66.79333333333334	67.18	66.96	67.52666666666667	67.61333333333333	67.23333333333333	67.86	67.6	67.32666666666667	67.27333333333333	66.92666666666666	66.77333333333333	66.60666666666667	66.7	66.22	65.80666666666667	65.48	64.69333333333333	64.14666666666666	63.07333333333333	61.92	60.13333333333333	57.526666666666664	53.06666666666667	0.0
0.0	52.42666666666667	57.4	59.86	61.36666666666667	62.63333333333333	63.27333333333333	64.17333333333333	64.95333333333333	64.92666666666666	65.54	65.76666666666667	65.94	66.22	66.29333333333334	66.42	66.46	66.65333333333334	66.83333333333333	66.35333333333334	66.52666666666667	66.48666666666666	66.26	65.95333333333333	65.9	66.02666666666667	65.62666666666667	65.57333333333334	65.20666666666666	64.26	63.666666666666664	62.72666666666667	61.88666666666666	59.846666666666664	57.60666666666667	52.946666666666665	0.0
0.0	52.64666666666667	57.233333333333334	59.72	61.36	62.66	63.36666666666667	64.54666666666667	64.81333333333333	65.69333333333333	66.11333333333333	66.56666666666666	66.31333333333333	66.56	66.86	66.87333333333333	66.81333333333333	67.28666666666666	67.26	66.95333333333333	66.81333333333333	66.69333333333333	66.68666666666667	66.40666666666667	66.22666666666667	66.4	65.62	65.41333333333333	64.6	64.47333333333333	63.74	62.653333333333336	61.346666666666664	59.72666666666667	57.24666666666667	52.71333333333333	0.0
