-0.9036111111111114
-0.9288888888888885
-0.9172222222222223
-0.861111111111111
-0.8613888888888892
-0.9572222222222223
-0.863888888888889
-0.9011111111111111
-0.9219444444444442
-0.9466666666666668
-0.8030555555555555
-0.9349999999999999
-0.9447222222222222
-0.9272222222222226
-0.8469444444444442
-0.9047222222222223
-0.8972222222222224
-0.8750000000000003
-0.8658333333333333
-0.896388888888889
-0.9219444444444441
-0.9127777777777777
-0.9375000000000001
-0.9080555555555556
-0.9374999999999999
-0.9577777777777777
-0.8358333333333332
-0.9525000000000002
-0.8472222222222221
-0.9055555555555554
-0.8955555555555555
-0.7905555555555559
-0.8608333333333333
-0.8636111111111113
-0.885833333333333
-0.89
-0.9513888888888888
-0.8797222222222222
-0.868888888888889
-0.9452777777777776
-0.8200000000000002
-0.9363888888888887
-0.9125000000000001
-0.9097222222222222
-0.833611111111111
-0.9533333333333334
-0.903611111111111
-0.9177777777777774
-0.9452777777777777
-0.8633333333333332
-0.9324999999999999
-0.8075
-0.8691666666666666
-0.8952777777777777
-0.8113888888888889
-0.9413888888888894
-0.9194444444444442
-0.8977777777777777
-0.9088888888888887
-0.816111111111111
-0.8305555555555553
-0.9372222222222224
-0.9072222222222223
-0.8794444444444441
-0.9075000000000003
-0.8788888888888888
-0.8372222222222221
-0.8941666666666667
-0.9222222222222222
-0.9113888888888889
-0.8919444444444444
-0.9536111111111111
-0.876111111111111
-0.8813888888888892
-0.8741666666666666
-0.8799999999999998
-0.9572222222222223
-0.9094444444444447
-0.8761111111111113
-0.9163888888888891
-0.7791666666666666
-0.9052777777777778
-0.8324999999999998
-0.9327777777777779
-0.8594444444444443
-0.9283333333333333
-0.8447222222222219
-0.9391666666666669
-0.7869444444444443
-0.8894444444444444
-0.8344444444444447
-0.8847222222222222
-0.893888888888889
-0.9027777777777781
-0.9222222222222222
-0.8702777777777777
-0.9033333333333332
-0.9230555555555553
-0.9238888888888892
-0.9002777777777778
-0.8469444444444446
-0.951388888888889
-0.8250000000000003
-0.8347222222222223
-0.9219444444444443
-0.9302777777777778
-0.9588888888888886
-0.905
-0.9183333333333333
-0.8466666666666666
-0.7944444444444443
-0.8527777777777777
-0.8297222222222224
-0.8672222222222224
-0.9116666666666666
-0.8525000000000005
-0.8986111111111115
-0.8316666666666668
-0.9499999999999998
-0.9736111111111111
-0.8572222222222223
-0.8833333333333333
-0.9316666666666664
-0.9119444444444443
-0.8966666666666667
-0.8188888888888892
-0.9330555555555556
-0.8902777777777774
-0.8919444444444445
-0.8469444444444444
-0.8916666666666667
-0.9411111111111108
-0.8944444444444447
-0.9316666666666666
-0.898888888888889
-0.9063888888888889
-0.9072222222222223
-0.863611111111111
-0.8591666666666665
-0.9058333333333333
-0.9313888888888892
-0.8833333333333336
-0.8874999999999997
-0.9361111111111108
-0.8988888888888887
-0.8897222222222221
-0.8952777777777778
-0.9441666666666663
-0.9088888888888886
-0.9222222222222223
-0.8855555555555553
-0.8422222222222223
-0.9138888888888886
-0.8872222222222226
-0.8002777777777776
-0.9075
-0.8802777777777776
-0.882222222222222
-0.9291666666666666
-0.9361111111111112
-0.9230555555555554
-0.8222222222222222
-0.9475
-0.9283333333333333
-0.8608333333333333
-0.9102777777777776
-0.9008333333333333
-0.9144444444444443
-0.9230555555555557
-0.8283333333333331
-0.8258333333333336
-0.8991666666666667
-0.9541666666666665
-0.9588888888888889
-0.9466666666666669
-0.8686111111111111
-0.9280555555555559
-0.8569444444444444
-0.8583333333333333
-0.8822222222222224
-0.8961111111111113
-0.9197222222222223
-0.8661111111111108
-0.8652777777777774
-0.8983333333333332
-0.9200000000000002
-0.9247222222222224
-0.8650000000000003
-0.9733333333333337
-0.8852777777777778
-0.8983333333333332
-0.9069444444444444
