-0.9227777777777778
-0.7599999999999999
-0.856388888888889
-0.8602777777777779
-0.8308333333333334
-0.7963888888888893
-0.893611111111111
-0.8844444444444445
-0.8411111111111113
-0.87
-0.8669444444444443
-0.9152777777777777
-0.9319444444444442
-0.8891666666666669
-0.8502777777777777
-0.9186111111111113
-0.9413888888888889
-0.8824999999999998
-0.944166666666667
-0.8297222222222221
-0.8819444444444446
-0.8638888888888889
-0.9055555555555554
-0.85
-0.8997222222222224
-0.809722222222222
-0.8444444444444448
-0.7308333333333332
-0.8452777777777777
-0.8969444444444445
-0.8722222222222222
-0.8808333333333334
-0.8258333333333333
-0.8891666666666668
-0.8124999999999999
-0.9219444444444442
-0.8847222222222221
-0.8044444444444443
-0.878611111111111
-0.8374999999999998
-0.878611111111111
-0.8733333333333333
-0.9194444444444444
-0.8577777777777779
-0.8769444444444443
-0.8805555555555554
-0.8577777777777775
-0.8516666666666668
-0.9083333333333331
-0.8658333333333335
-0.8463888888888891
-0.9308333333333333
-0.8297222222222221
-0.9211111111111112
-0.9225000000000001
-0.8366666666666667
-0.909166666666667
-0.8074999999999998
-0.8294444444444445
-0.8894444444444445
-0.8952777777777775
-0.830277777777778
-0.9291666666666669
-0.8477777777777776
-0.8841666666666667
-0.8580555555555557
-0.8980555555555555
-0.9177777777777777
-0.8150000000000005
-0.8413888888888891
-0.9580555555555554
-0.8302777777777774
-0.850277777777778
-0.9236111111111114
-0.8616666666666664
-0.7288888888888891
-0.9105555555555555
-0.8699999999999997
-0.9144444444444447
-0.7263888888888891
-0.8697222222222221
-0.8252777777777774
-0.8669444444444443
-0.8608333333333336
-0.8172222222222221
-0.8836111111111112
-0.8694444444444442
-0.8505555555555557
-0.8602777777777779
-0.9008333333333333
-0.8463888888888885
-0.8447222222222226
-0.9024999999999999
-0.931666666666667
-0.9294444444444447
-0.8216666666666667
-0.8744444444444445
-0.8944444444444444
-0.8572222222222222
-0.8991666666666668
-0.8924999999999998
-0.8350000000000004
-0.8616666666666666
-0.9113888888888887
-0.8841666666666668
-0.8902777777777777
-0.8569444444444445
-0.8752777777777776
-0.9413888888888889
-0.8374999999999999
-0.8894444444444444
-0.8863888888888891
-0.9711111111111109
-0.9308333333333336
-0.9066666666666671
-0.8738888888888887
-0.9111111111111111
-0.8763888888888889
-0.896111111111111
-0.7669444444444443
-0.8002777777777774
-0.7772222222222224
-0.7869444444444446
-0.9349999999999998
-0.863611111111111
-0.8472222222222222
-0.8861111111111108
-0.8474999999999998
-0.9005555555555557
-0.8872222222222224
-0.914722222222222
-0.8499999999999999
-0.8425000000000001
-0.9194444444444444
-0.7722222222222224
-0.7686111111111111
-0.856111111111111
-0.9127777777777777
-0.8569444444444446
-0.8900000000000003
-0.9008333333333335
-0.8863888888888892
-0.7986111111111108
-0.9180555555555556
-0.8861111111111111
-0.9458333333333334
-0.7325
-0.8755555555555556
-0.9311111111111112
-0.8324999999999997
-0.8566666666666667
-0.875
-0.8416666666666669
-0.8383333333333332
-0.9127777777777778
-0.8794444444444445
-0.7849999999999999
-0.9319444444444442
-0.8655555555555557
-0.8949999999999999
-0.9222222222222224
-0.8380555555555559
-0.9536111111111111
-0.8625000000000002
-0.8986111111111115
-0.862222222222222
-0.8686111111111111
-0.8791666666666665
-0.8086111111111108
-0.913888888888889
-0.8936111111111111
-0.8791666666666664
-0.8791666666666667
-0.8347222222222221
-0.8061111111111111
-0.8505555555555556
-0.8808333333333334
-0.905
-0.8333333333333331
-0.8072222222222224
-0.8519444444444446
-0.9130555555555557
-0.859166666666667
-0.8558333333333333
-0.7780555555555555
-0.8755555555555555
-0.8905555555555559
-0.8975000000000004
-0.9136111111111112
-0.8619444444444446
-0.8830555555555558
-0.793611111111111
