-0.8499999999999998
-0.9294444444444445
-0.8652777777777777
-0.9038888888888889
-0.8808333333333331
-0.8958333333333331
-0.9186111111111112
-0.8727777777777778
-0.8305555555555555
-0.9419444444444446
-0.9077777777777775
-0.9116666666666665
-0.8597222222222223
-0.8783333333333333
-0.823888888888889
-0.8450000000000002
-0.8438888888888888
-0.9072222222222223
-0.8491666666666667
-0.8366666666666667
-0.8811111111111108
-0.8377777777777776
-0.7602777777777779
-0.8722222222222221
-0.8438888888888888
-0.9066666666666667
-0.8672222222222222
-0.7780555555555555
-0.8772222222222225
-0.8552777777777778
-0.9102777777777776
-0.8283333333333331
-0.8883333333333335
-0.9305555555555552
-0.8580555555555555
-0.9088888888888889
-0.8738888888888887
-0.8308333333333333
-0.8711111111111111
-0.8047222222222224
-0.8069444444444447
-0.9077777777777779
-0.8047222222222223
-0.8936111111111112
-0.9069444444444443
-0.877222222222222
-0.7663888888888889
-0.8558333333333333
-0.831944444444444
-0.7702777777777777
-0.9047222222222223
-0.8616666666666664
-0.941388888888889
-0.9130555555555555
-0.8147222222222223
-0.8461111111111114
-0.8694444444444442
-0.8613888888888889
-0.8783333333333335
-0.9491666666666665
-0.8852777777777774
-0.8383333333333332
-0.8358333333333333
-0.8722222222222222
-0.8819444444444445
-0.8025
-0.8855555555555553
-0.858611111111111
-0.8261111111111109
-0.9519444444444447
-0.8152777777777775
-0.8463888888888891
-0.8269444444444446
-0.8519444444444442
-0.9341666666666664
-0.8227777777777778
-0.9066666666666665
-0.7899999999999999
-0.9150000000000003
-0.8216666666666667
-0.8919444444444448
-0.9011111111111112
-0.8644444444444445
-0.7999999999999997
-0.9044444444444444
-0.8702777777777777
-0.8936111111111112
-0.8272222222222225
-0.8288888888888889
-0.9024999999999999
-0.8572222222222223
-0.8711111111111113
-0.8836111111111109
-0.8583333333333332
-0.7708333333333333
-0.8727777777777774
-0.8691666666666666
-0.8255555555555554
-0.7841666666666666
-0.8977777777777779
-0.9124999999999999
-0.818611111111111
-0.8272222222222224
-0.790277777777778
-0.8119444444444444
-0.8049999999999999
-0.8436111111111112
-0.8752777777777776
-0.8922222222222224
-0.8327777777777776
-0.8330555555555554
-0.8494444444444443
-0.8775000000000001
-0.8588888888888887
-0.8738888888888885
-0.8619444444444444
-0.9180555555555556
-0.8816666666666665
-0.8338888888888889
-0.7538888888888889
-0.8636111111111109
-0.8766666666666668
-0.9475
-0.8147222222222222
-0.9127777777777779
-0.8077777777777778
-0.8061111111111111
-0.8805555555555553
-0.9327777777777777
-0.7369444444444445
-0.8277777777777778
-0.8730555555555559
-0.8827777777777778
-0.8880555555555559
-0.9033333333333332
-0.8866666666666665
-0.73
-0.8047222222222223
-0.8194444444444449
-0.9180555555555555
-0.9091666666666669
-0.8894444444444443
-0.7894444444444447
-0.8563888888888891
-0.8008333333333334
-0.8844444444444443
-0.8063888888888889
-0.894444444444444
-0.8702777777777778
-0.7683333333333333
-0.8408333333333332
-0.9036111111111114
-0.8472222222222218
-0.8524999999999999
-0.8180555555555558
-0.8933333333333333
-0.7944444444444446
-0.8038888888888889
-0.8594444444444446
-0.9208333333333331
-0.914722222222222
-0.8675
-0.8183333333333331
-0.7369444444444447
-0.8538888888888891
-0.8825000000000002
-0.8463888888888887
-0.918611111111111
-0.851111111111111
-0.8777777777777778
-0.8525000000000003
-0.8563888888888889
-0.8655555555555555
-0.8569444444444443
-0.7830555555555557
-0.8986111111111115
-0.9105555555555555
-0.9444444444444445
-0.7997222222222224
-0.832222222222222
-0.6680555555555556
-0.8930555555555555
-0.8413888888888892
-0.8911111111111111
-0.9263888888888889
-0.9061111111111111
-0.8386111111111111
-0.9127777777777778
-0.8630555555555552
-0.8266666666666667
-0.7738888888888887
-0.8980555555555555
