-0.6600000000000001
-0.7844444444444445
-0.8019444444444446
-0.7236111111111112
-0.7397222222222222
-0.7522222222222222
-0.6391666666666667
-0.6036111111111109
-0.508888888888889
-0.808888888888889
-0.4988888888888889
-0.8197222222222222
-0.6425
-0.7075
-0.719166666666667
-0.8330555555555555
-0.8044444444444445
-0.6772222222222222
-0.7247222222222222
-0.7772222222222221
-0.6972222222222224
-0.7213888888888885
-0.7552777777777776
-0.7916666666666666
-0.8138888888888889
-0.7374999999999999
-0.7686111111111112
-0.7613888888888887
-0.7452777777777777
-0.7347222222222223
-0.6411111111111109
-0.7472222222222223
-0.7736111111111111
-0.8169444444444445
-0.6066666666666664
-0.7880555555555555
-0.8166666666666668
-0.8647222222222223
-0.7647222222222222
-0.7683333333333331
-0.6516666666666667
-0.5975
-0.7705555555555557
-0.663888888888889
-0.74
-0.7391666666666666
-0.746388888888889
-0.7213888888888889
-0.5988888888888889
-0.6986111111111112
-0.7541666666666665
-0.788888888888889
-0.7183333333333333
-0.7669444444444445
-0.4033333333333334
-0.8441666666666664
-0.753611111111111
-0.7294444444444446
-0.8316666666666662
-0.6755555555555556
-0.7166666666666666
-0.7958333333333332
-0.6033333333333333
-0.5758333333333335
-0.8033333333333332
-0.6755555555555554
-0.7611111111111108
-0.7444444444444442
-0.6925000000000002
-0.7077777777777776
-0.6991666666666666
-0.646111111111111
-0.8900000000000001
-0.7558333333333334
-0.6769444444444445
-0.6580555555555553
-0.6638888888888889
-0.7141666666666666
-0.7225
-0.6413888888888889
-0.7691666666666669
-0.6902777777777778
-0.661111111111111
-0.6394444444444445
-0.760833333333333
-0.7444444444444444
-0.6972222222222224
-0.831111111111111
-0.7950000000000002
-0.6638888888888889
-0.6313888888888891
-0.6344444444444443
-0.7044444444444443
-0.707222222222222
-0.675277777777778
-0.5813888888888886
-0.5549999999999999
-0.7691666666666667
-0.8397222222222223
-0.7813888888888888
-0.8111111111111108
-0.6661111111111111
-0.6636111111111112
-0.8213888888888886
-0.7050000000000002
-0.6938888888888889
-0.798611111111111
-0.8163888888888889
-0.7883333333333329
-0.5711111111111112
-0.7436111111111111
-0.6591666666666666
-0.7488888888888888
-0.6325000000000002
-0.7888888888888889
-0.7713888888888891
-0.6294444444444446
-0.7363888888888893
-0.6705555555555555
-0.8502777777777778
-0.656111111111111
-0.7899999999999999
-0.5538888888888889
-0.5377777777777777
-0.7511111111111112
-0.7305555555555556
-0.7675
-0.6858333333333333
-0.6797222222222222
-0.7488888888888888
-0.5930555555555554
-0.5927777777777777
-0.6222222222222221
-0.5266666666666666
-0.6333333333333331
-0.6936111111111111
-0.7030555555555555
-0.693611111111111
-0.893611111111111
-0.6469444444444442
-0.6666666666666667
-0.556111111111111
-0.6733333333333332
-0.44416666666666665
-0.7363888888888891
-0.7391666666666666
-0.593611111111111
-0.8333333333333334
-0.7274999999999999
-0.801388888888889
-0.8200000000000001
-0.7586111111111115
-0.8344444444444447
-0.7422222222222221
-0.5394444444444446
-0.7491666666666668
-0.6144444444444443
-0.7302777777777777
-0.7344444444444443
-0.6905555555555556
-0.7413888888888888
-0.6588888888888889
-0.5811111111111109
-0.8930555555555554
-0.7725000000000002
-0.8488888888888887
-0.6894444444444443
-0.36027777777777764
-0.790277777777778
-0.7488888888888887
-0.6411111111111113
-0.803611111111111
-0.7655555555555557
-0.4836111111111109
-0.7299999999999998
-0.6450000000000002
-0.6341666666666669
-0.6308333333333336
-0.5641666666666668
-0.6275
-0.6533333333333337
-0.6541666666666668
-0.8050000000000004
-0.4652777777777778
-0.7219444444444444
-0.7311111111111112
-0.7966666666666669
-0.7599999999999999
-0.7163888888888889
-0.6819444444444446
-0.8152777777777779
-0.6758333333333337
