-0.551111111111111
-0.06805555555555547
-0.11000000000000001
-0.29749999999999993
-0.32638888888888895
-0.2608333333333333
-0.23388888888888895
-0.23749999999999996
-0.06472222222222222
-0.24833333333333332
-0.09611111111111109
-0.1858333333333335
-0.07722222222222223
-0.16138888888888886
-0.555277777777778
-0.2688888888888889
-0.16416666666666666
-0.5019444444444444
-0.035277777777777804
-0.026666666666666675
-0.065
-0.10638888888888888
-0.21111111111111114
-0.5372222222222223
-0.10222222222222221
-0.46138888888888896
-0.24416666666666667
-0.3788888888888888
0.021388888888888877
-0.08166666666666665
-0.3744444444444444
-0.5805555555555556
-0.33472222222222237
-0.44249999999999995
-0.2447222222222222
-0.39583333333333326
-0.21555555555555553
-0.29916666666666664
-0.3325000000000001
-0.2619444444444443
-0.5702777777777778
-0.03722222222222218
-0.37416666666666654
-0.18250000000000002
-0.10083333333333333
-0.2044444444444444
-0.24444444444444446
-0.08611111111111111
-0.46194444444444444
-0.2458333333333333
-0.1833333333333333
-0.3172222222222221
-0.3302777777777778
-0.24999999999999997
-0.43083333333333335
-0.22527777777777777
-0.4074999999999999
-0.3627777777777779
-0.5991666666666668
-0.3519444444444445
-0.2880555555555555
-0.44583333333333336
-0.41277777777777797
-0.20500000000000002
-0.4133333333333333
-0.2780555555555556
-0.11722222222222221
-0.2836111111111111
-0.38388888888888867
-0.3052777777777777
-0.21138888888888882
-0.22194444444444442
-0.6141666666666664
-0.41805555555555557
-0.3230555555555556
-0.24916666666666665
-0.09805555555555555
-0.4430555555555555
-0.27805555555555556
-0.44083333333333324
-0.40305555555555556
-0.2111111111111111
0.0036111111111111504
-0.37194444444444447
-0.41527777777777763
-0.41416666666666674
-0.22194444444444444
-0.175
-0.2183333333333333
-0.1627777777777779
-0.4319444444444445
-0.42499999999999993
-0.06749999999999999
-0.21555555555555556
-0.2386111111111112
-0.35527777777777764
-0.5594444444444444
-0.05416666666666669
-0.49166666666666675
-0.49722222222222234
-0.20583333333333334
-0.22611111111111104
-0.3049999999999998
-0.21416666666666664
-0.29444444444444434
-0.37277777777777765
-0.2630555555555556
-0.04277777777777778
-0.01250000000000001
-0.5394444444444443
-0.38111111111111123
0.01833333333333332
-0.08722222222222224
-0.4155555555555556
-0.23861111111111113
-0.32194444444444453
-0.22138888888888883
-0.39472222222222214
-0.3319444444444446
-0.1602777777777777
-0.17111111111111113
-0.4725
-0.37722222222222235
-0.29749999999999993
0.18444444444444447
-0.19416666666666665
-0.1630555555555556
-0.1944444444444444
-0.4622222222222222
-0.6108333333333335
-0.2094444444444444
-0.34027777777777785
-0.12722222222222224
0.003888888888888912
-0.1272222222222222
-0.5375
-0.2658333333333333
-0.40472222222222215
-0.4344444444444445
-0.27027777777777773
-0.4241666666666665
-0.18305555555555558
-0.18805555555555556
-0.39888888888888885
-0.5172222222222222
-0.24805555555555558
-0.3063888888888888
-0.003611111111111123
-0.28805555555555545
-0.3844444444444443
-0.38611111111111107
-0.43638888888888877
-0.2783333333333333
-0.2936111111111111
0.06500000000000002
-0.3230555555555556
-0.6669444444444443
-0.4869444444444445
-0.5558333333333333
-0.14999999999999997
-0.28361111111111104
-0.16833333333333333
-0.06916666666666668
-0.19083333333333338
-0.2841666666666667
-0.4591666666666666
-0.3986111111111112
-0.08388888888888889
-0.3549999999999999
-0.32250000000000006
-0.5163888888888887
-0.1186111111111111
-0.516388888888889
-0.43805555555555553
-0.23027777777777783
0.12666666666666676
-0.2488888888888889
-0.456111111111111
-0.5011111111111111
-0.27888888888888896
0.002499999999999976
-0.3063888888888889
-0.0036111111111111114
-0.41111111111111115
-0.3052777777777777
-0.42777777777777787
-0.3444444444444444
0.11638888888888892
-0.1877777777777778
0.2577777777777778
-0.39333333333333337
-0.11527777777777778
