0.5799999999999998
0.3788888888888889
0.535
0.47305555555555545
0.7133333333333333
0.655
0.5794444444444443
0.2722222222222222
0.4419444444444445
0.5177777777777778
0.7344444444444442
0.655
0.37166666666666665
0.43527777777777765
0.5319444444444443
0.4038888888888888
0.6230555555555557
0.5891666666666666
0.5444444444444444
0.5813888888888888
0.6741666666666665
0.5291666666666666
0.5327777777777778
0.45305555555555543
0.28833333333333333
0.7341666666666665
0.6266666666666665
0.5977777777777781
0.3922222222222223
0.526388888888889
0.568888888888889
0.4966666666666667
0.03527777777777778
0.33527777777777773
0.5491666666666664
0.4722222222222225
0.5052777777777778
0.6566666666666664
0.6894444444444446
0.5208333333333334
0.5752777777777779
0.5569444444444447
0.32583333333333336
0.3394444444444443
0.5697222222222222
0.48305555555555546
0.4236111111111112
0.19222222222222218
0.689722222222222
0.4202777777777778
0.525
0.5002777777777777
0.5869444444444445
0.5325000000000001
0.5027777777777777
0.6280555555555555
0.34833333333333333
0.29888888888888887
0.6997222222222222
0.41305555555555556
0.3619444444444444
0.7683333333333333
0.3102777777777777
0.28638888888888897
0.815277777777778
0.5880555555555554
0.4430555555555556
0.49361111111111095
0.18444444444444452
0.5802777777777778
0.3380555555555556
0.6572222222222222
0.5019444444444445
0.4980555555555556
0.6250000000000002
0.2716666666666667
0.36027777777777786
0.4452777777777778
0.7111111111111108
0.5102777777777777
0.6530555555555553
0.41277777777777785
0.5652777777777779
0.2916666666666667
0.37999999999999995
0.428888888888889
0.5952777777777778
0.5113888888888888
0.7277777777777779
0.42
0.25305555555555537
0.24583333333333338
0.6477777777777778
0.5752777777777778
0.6836111111111111
0.42972222222222217
0.6811111111111111
0.6705555555555556
0.4955555555555556
0.5416666666666666
0.41944444444444445
0.508888888888889
0.4683333333333332
0.42555555555555563
0.574722222222222
0.19222222222222216
0.602777777777778
0.6772222222222221
0.6058333333333333
0.46499999999999986
0.13499999999999998
0.508611111111111
0.48027777777777775
0.4347222222222221
0.4591666666666666
0.7705555555555557
0.5833333333333333
0.5933333333333333
0.69
0.2608333333333333
0.48861111111111105
0.485
0.5722222222222223
0.6727777777777777
0.4838888888888888
0.11833333333333332
0.3383333333333335
0.6791666666666667
0.3925
0.5261111111111112
0.5869444444444444
0.3430555555555556
0.6469444444444447
0.5513888888888888
0.5252777777777778
0.34277777777777757
0.6361111111111112
0.4494444444444445
0.7044444444444445
0.8002777777777778
0.20055555555555554
0.5266666666666667
0.5808333333333333
0.4563888888888889
0.6433333333333334
0.5447222222222223
0.583611111111111
0.5822222222222222
0.20194444444444445
0.5313888888888889
0.4347222222222223
0.5741666666666667
0.5030555555555556
0.5502777777777775
0.556388888888889
0.3797222222222221
0.44277777777777794
0.5294444444444444
0.5425
0.6172222222222222
0.731666666666667
0.7552777777777779
0.6211111111111112
0.6272222222222222
0.5733333333333335
0.6047222222222222
0.3172222222222223
0.5725
0.4308333333333333
0.6302777777777774
0.7125
0.5122222222222222
0.4480555555555555
0.48777777777777787
0.3749999999999999
0.5469444444444445
0.5419444444444446
0.5716666666666668
0.443611111111111
0.561111111111111
0.5924999999999998
0.6577777777777778
0.5977777777777776
0.4372222222222224
0.6611111111111112
0.7616666666666667
0.7455555555555554
0.3530555555555556
0.5336111111111113
0.7163888888888889
0.5222222222222224
0.5611111111111112
