0.8494444444444444
0.8805555555555554
0.8047222222222221
0.896388888888889
0.9044444444444443
0.8933333333333334
0.8108333333333332
0.9591666666666668
0.8450000000000002
0.8827777777777778
0.8883333333333335
0.8897222222222222
0.7166666666666666
0.9269444444444443
0.7936111111111112
0.8652777777777778
0.8416666666666666
0.894722222222222
0.8102777777777774
0.8936111111111114
0.9133333333333332
0.8913888888888887
0.7738888888888888
0.7663888888888891
0.8627777777777776
0.8983333333333332
0.7683333333333333
0.8330555555555558
0.8911111111111111
0.926388888888889
0.7077777777777777
0.9133333333333334
0.7916666666666665
0.7538888888888889
0.8688888888888889
0.8255555555555556
0.8822222222222222
0.8463888888888889
0.8777777777777778
0.8091666666666668
0.7891666666666665
0.8924999999999997
0.8102777777777777
0.7972222222222224
0.8055555555555555
0.8669444444444445
0.8469444444444446
0.7702777777777778
0.9280555555555557
0.7197222222222222
0.9477777777777779
0.8888888888888887
0.8986111111111111
0.8422222222222224
0.9238888888888889
0.9366666666666669
0.8772222222222225
0.7255555555555555
0.9488888888888891
0.842777777777778
0.8616666666666665
0.8344444444444447
0.8116666666666668
0.8602777777777778
0.836388888888889
0.8541666666666666
0.8633333333333333
0.8141666666666667
0.9494444444444448
0.8127777777777776
0.8108333333333333
0.852777777777778
0.8402777777777776
0.8802777777777774
0.7930555555555556
0.8666666666666666
0.7052777777777778
0.9530555555555555
0.9324999999999999
0.8449999999999999
0.8736111111111112
0.7186111111111111
0.8902777777777775
0.9025000000000001
0.8733333333333334
0.7841666666666666
0.7875000000000001
0.8208333333333334
0.7825000000000001
0.893888888888889
0.9052777777777778
0.8869444444444443
0.8886111111111111
0.7241666666666664
0.9105555555555553
0.8869444444444446
0.763888888888889
0.9086111111111111
0.8363888888888888
0.8169444444444441
0.8383333333333335
0.8658333333333331
0.8427777777777777
0.9308333333333334
0.8033333333333331
0.9369444444444448
0.8705555555555555
0.8272222222222223
0.8480555555555557
0.8794444444444445
0.8697222222222222
0.8747222222222223
0.8744444444444445
0.7825
0.8544444444444445
0.8616666666666668
0.7936111111111114
0.8466666666666669
0.8527777777777777
0.8086111111111111
0.8044444444444445
0.853055555555556
0.8488888888888887
0.9286111111111114
0.8416666666666668
0.7855555555555558
0.8544444444444443
0.9125000000000001
0.7994444444444444
0.8577777777777775
0.9136111111111113
0.9125
0.8725000000000002
0.8338888888888886
0.8752777777777777
0.8263888888888888
0.9094444444444447
0.859166666666667
0.8569444444444444
0.66
0.7858333333333334
0.8849999999999999
0.9311111111111112
0.8961111111111115
0.7552777777777779
0.8361111111111108
0.8308333333333333
0.7358333333333335
0.9188888888888889
0.9519444444444444
0.85
0.8111111111111111
0.883888888888889
0.9363888888888889
0.9336111111111111
0.8461111111111114
0.8261111111111111
0.8363888888888887
0.93
0.9430555555555556
0.9038888888888889
0.8944444444444449
0.9052777777777778
0.8100000000000002
0.771388888888889
0.8241666666666668
0.8711111111111113
0.9230555555555555
0.9058333333333333
0.8716666666666666
0.8455555555555555
0.6844444444444442
0.8730555555555556
0.7919444444444447
0.8183333333333334
0.715277777777778
0.8172222222222222
0.8216666666666668
0.8627777777777779
0.8036111111111115
0.6366666666666667
0.8388888888888889
0.7586111111111111
0.9086111111111114
0.8980555555555555
0.8158333333333333
0.8905555555555557
0.8880555555555557
0.8936111111111116
0.8511111111111113
0.8944444444444444
0.7999999999999996
