0.72
0.45777777777777773
0.5011111111111111
0.4524999999999999
0.6611111111111112
0.7708333333333334
0.45666666666666683
0.5433333333333333
0.6819444444444447
0.38916666666666655
0.7080555555555557
0.6266666666666667
0.6461111111111112
0.675
0.5088888888888888
0.5850000000000002
0.4291666666666665
0.7769444444444444
0.5650000000000002
0.6525000000000002
0.5105555555555557
0.7102777777777775
0.7830555555555556
0.7355555555555556
0.7102777777777778
0.6641666666666666
0.8816666666666666
0.48388888888888887
0.6247222222222223
0.7194444444444446
0.39055555555555566
0.6733333333333333
0.5972222222222222
0.49027777777777776
0.6299999999999998
0.7258333333333334
0.5486111111111113
0.5022222222222221
0.6824999999999998
0.6899999999999998
0.6955555555555554
0.5122222222222224
0.5919444444444444
0.47027777777777774
0.45472222222222214
0.34777777777777785
0.1961111111111111
0.6497222222222223
0.3605555555555557
0.5519444444444443
0.6908333333333334
0.7316666666666669
0.534722222222222
0.5455555555555557
0.5413888888888887
0.6444444444444442
0.6641666666666667
0.6477777777777777
0.6202777777777776
0.5269444444444445
0.5430555555555555
0.7505555555555553
0.48611111111111105
0.5919444444444443
0.647222222222222
0.4097222222222223
0.45249999999999996
0.4191666666666666
0.4202777777777778
0.5974999999999999
0.6297222222222222
0.6391666666666663
0.2747222222222222
0.8358333333333333
0.6830555555555553
0.6183333333333334
0.7088888888888886
0.5019444444444443
0.5522222222222222
0.7158333333333334
0.5638888888888887
0.7152777777777778
0.5452777777777779
0.46722222222222226
0.6649999999999998
0.7702777777777777
0.7483333333333334
0.41527777777777786
0.38777777777777783
0.7
0.7744444444444447
0.6519444444444445
0.5333333333333334
0.6436111111111109
0.6286111111111113
0.5466666666666666
0.718611111111111
0.5316666666666666
0.7216666666666666
0.4155555555555556
0.6961111111111112
0.6869444444444442
0.7825000000000002
0.6358333333333337
0.7552777777777778
0.6183333333333337
0.4547222222222222
0.7216666666666666
0.6197222222222223
0.6972222222222223
0.6994444444444446
0.3452777777777778
0.5847222222222221
0.6877777777777777
0.6947222222222224
0.8005555555555557
0.617777777777778
0.7011111111111109
0.6436111111111111
0.5947222222222222
0.7455555555555556
0.7350000000000001
0.6916666666666667
0.29222222222222227
0.8141666666666667
0.4941666666666668
0.542222222222222
0.5447222222222224
0.42249999999999993
0.5744444444444444
0.6099999999999999
0.44583333333333347
0.7680555555555555
0.5161111111111112
0.6322222222222222
0.5494444444444445
0.5094444444444445
0.638888888888889
0.6777777777777777
0.6497222222222223
0.6580555555555557
0.3280555555555556
0.6216666666666667
0.7769444444444445
0.7877777777777778
0.2627777777777777
0.5938888888888891
0.6822222222222222
0.781111111111111
0.6766666666666666
0.6727777777777777
0.47638888888888886
0.824444444444445
0.40333333333333315
0.606111111111111
0.5141666666666668
0.366111111111111
0.13305555555555557
0.633888888888889
0.6483333333333333
0.393611111111111
0.6622222222222222
0.5147222222222222
0.6630555555555554
0.602777777777778
0.33888888888888885
0.5427777777777776
0.7452777777777779
0.6127777777777779
0.6852777777777777
0.4838888888888888
0.4358333333333333
0.5016666666666665
0.6127777777777778
0.6475000000000001
0.5380555555555554
0.3805555555555555
0.5127777777777777
0.5469444444444446
0.5922222222222223
0.543888888888889
0.6533333333333332
0.5372222222222223
0.6758333333333333
0.43583333333333335
0.6444444444444443
0.39249999999999996
0.7124999999999999
0.5961111111111111
0.4727777777777777
0.6902777777777781
0.5969444444444444
