0.7697222222222225
0.8622222222222222
0.7477777777777778
0.9183333333333332
0.868611111111111
0.9013888888888886
0.8261111111111112
0.9072222222222224
0.856388888888889
0.8874999999999998
0.761111111111111
0.7716666666666665
0.9280555555555556
0.7980555555555556
0.9224999999999998
0.8630555555555557
0.9247222222222223
0.8852777777777778
0.9022222222222223
0.8572222222222223
0.7524999999999997
0.9116666666666666
0.7969444444444445
0.8816666666666667
0.8605555555555555
0.7169444444444443
0.9097222222222224
0.8405555555555557
0.8783333333333333
0.8897222222222222
0.9769444444444443
0.9022222222222224
0.8622222222222222
0.8686111111111109
0.9069444444444444
0.8961111111111109
0.8613888888888889
0.8188888888888888
0.7933333333333333
0.9511111111111111
0.9697222222222223
0.8922222222222225
0.7561111111111113
0.9025000000000001
0.8672222222222223
0.9680555555555554
0.8063888888888886
0.869722222222222
0.8266666666666665
0.9391666666666666
0.8497222222222223
0.7927777777777777
0.9280555555555556
0.9016666666666667
0.8211111111111109
0.915277777777778
0.8716666666666665
0.9055555555555554
0.8894444444444446
0.8455555555555558
0.848333333333333
0.8497222222222224
0.9033333333333334
0.7597222222222222
0.9019444444444447
0.8230555555555557
0.8913888888888887
0.928888888888889
0.8633333333333333
0.8586111111111111
0.8625
0.9099999999999999
0.9191666666666668
0.9027777777777779
0.9458333333333333
0.7619444444444446
0.9197222222222222
0.7647222222222221
0.9005555555555558
0.7327777777777774
0.8175000000000001
0.8391666666666666
0.9397222222222223
0.9158333333333333
0.9427777777777776
0.9219444444444443
0.9538888888888889
0.8324999999999999
0.9169444444444441
0.909166666666667
0.8275000000000001
0.9261111111111112
0.9186111111111112
0.9494444444444444
0.873888888888889
0.7947222222222224
0.8755555555555555
0.963888888888889
0.8586111111111113
0.9269444444444446
0.9008333333333332
0.8969444444444444
0.9102777777777781
0.8872222222222222
0.9277777777777779
0.9541666666666669
0.7375000000000002
0.895277777777778
0.8086111111111112
0.9038888888888892
0.9194444444444446
0.9522222222222223
0.8755555555555558
0.9058333333333333
0.8372222222222221
0.8502777777777781
0.951111111111111
0.836666666666667
0.9061111111111113
0.9322222222222224
0.8894444444444443
0.928611111111111
0.8811111111111111
0.7819444444444442
0.9177777777777779
0.8019444444444446
0.8641666666666665
0.810277777777778
0.9383333333333334
0.9474999999999998
0.9030555555555558
0.9322222222222222
0.8908333333333331
0.8727777777777778
0.9358333333333334
0.9333333333333333
0.7391666666666665
0.9266666666666665
0.8750000000000001
0.8430555555555553
0.8891666666666669
0.91
0.8297222222222224
0.7672222222222225
0.8672222222222224
0.9116666666666665
0.7966666666666669
0.8869444444444446
0.925
0.8911111111111109
0.859166666666667
0.6558333333333333
0.9422222222222224
0.8891666666666667
0.940277777777778
0.8908333333333335
0.8891666666666667
0.9133333333333334
0.8699999999999998
0.8963888888888889
0.7727777777777778
0.830277777777778
0.9291666666666668
0.909166666666667
0.9305555555555557
0.9152777777777776
0.8819444444444442
0.9241666666666668
0.9016666666666667
0.9258333333333335
0.6299999999999998
0.8736111111111112
0.8825000000000001
0.7941666666666669
0.852777777777778
0.8638888888888893
0.8144444444444443
0.8913888888888888
0.8302777777777777
0.9011111111111112
0.7583333333333331
0.8075
0.9352777777777777
0.8244444444444444
0.4908333333333333
0.8605555555555556
0.918888888888889
0.9111111111111112
0.8711111111111112
0.9152777777777777
0.8572222222222222
0.9113888888888889
