0.7997222222222224
0.7808333333333334
0.8802777777777776
0.7883333333333332
0.9230555555555554
0.8430555555555557
0.8749999999999998
0.8977777777777777
0.8633333333333333
0.9049999999999999
0.8369444444444445
0.8775000000000001
0.8441666666666668
0.9241666666666665
0.7288888888888888
0.9202777777777781
0.8891666666666665
0.8588888888888889
0.8436111111111113
0.8913888888888889
0.8600000000000001
0.7477777777777778
0.8613888888888892
0.8811111111111108
0.7841666666666665
0.8780555555555556
0.811111111111111
0.9661111111111113
0.8397222222222223
0.9049999999999998
0.8983333333333338
0.9002777777777776
0.853611111111111
0.8030555555555553
0.8838888888888888
0.8869444444444443
0.8941666666666669
0.8958333333333336
0.8169444444444446
0.9130555555555556
0.8899999999999999
0.885277777777778
0.7644444444444443
0.9050000000000001
0.7927777777777775
0.7500000000000002
0.8458333333333333
0.7997222222222221
0.8211111111111111
0.7874999999999999
0.8433333333333332
0.8219444444444441
0.875
0.8763888888888887
0.7802777777777778
0.8730555555555559
0.9161111111111109
0.8355555555555553
0.8608333333333333
0.7791666666666667
0.7200000000000003
0.8655555555555556
0.9061111111111108
0.7355555555555554
0.7702777777777777
0.8844444444444446
0.8508333333333334
0.935
0.8466666666666666
0.836388888888889
0.9119444444444444
0.8530555555555558
0.8672222222222223
0.8788888888888889
0.9147222222222223
0.9619444444444445
0.8594444444444446
0.8377777777777777
0.9263888888888889
0.8186111111111108
0.895
0.8174999999999997
0.8308333333333334
0.9211111111111112
0.8283333333333335
0.8286111111111112
0.901666666666667
0.7411111111111105
0.856388888888889
0.9036111111111111
0.9097222222222222
0.9169444444444446
0.8011111111111114
0.8922222222222224
0.9311111111111111
0.8616666666666666
0.9224999999999999
0.8091666666666665
0.9116666666666664
0.9116666666666665
0.7963888888888889
0.8547222222222223
0.9211111111111111
0.8519444444444447
0.9241666666666668
0.7841666666666666
0.9480555555555558
0.915833333333333
0.8836111111111111
0.6908333333333335
0.911111111111111
0.8780555555555559
0.8994444444444443
0.7575
0.7922222222222223
0.8236111111111112
0.8430555555555552
0.9041666666666669
0.841111111111111
0.937777777777778
0.8883333333333333
0.877222222222222
0.8919444444444445
0.8900000000000001
0.8733333333333332
0.9094444444444443
0.8188888888888889
0.8783333333333334
0.7427777777777781
0.88
0.8041666666666666
0.9305555555555554
0.909722222222222
0.8838888888888888
0.7402777777777777
0.8005555555555557
0.8186111111111111
0.8788888888888889
0.7038888888888886
0.8274999999999999
0.8855555555555559
0.7627777777777779
0.8350000000000003
0.7922222222222224
0.9147222222222223
0.8347222222222223
0.8316666666666668
0.8305555555555558
0.8736111111111111
0.8952777777777776
0.7744444444444446
0.9322222222222225
0.8900000000000001
0.9230555555555554
0.9275000000000001
0.8319444444444439
0.8383333333333333
0.9366666666666668
0.9069444444444446
0.869722222222222
0.8891666666666668
0.9122222222222226
0.8858333333333334
0.8597222222222218
0.8558333333333334
0.8905555555555557
0.9411111111111112
0.8338888888888886
0.8994444444444443
0.9069444444444442
0.6969444444444444
0.8233333333333334
0.8641666666666669
0.9155555555555558
0.9224999999999999
0.8847222222222223
0.8422222222222223
0.7916666666666666
0.912777777777778
0.8238888888888887
0.7452777777777776
0.8419444444444442
0.8966666666666665
0.6958333333333334
0.8300000000000002
0.8305555555555556
0.8966666666666666
0.5738888888888891
0.8108333333333336
0.8855555555555554
0.9322222222222222
0.773888888888889
