0.9969444444444445
0.995
0.9988888888888889
0.9958333333333333
0.9847222222222222
0.9988888888888889
1.0
0.9941666666666666
0.9922222222222223
0.9980555555555557
0.9969444444444445
0.9988888888888889
0.9986111111111112
0.9991666666666668
0.9955555555555555
0.9786111111111111
0.9899999999999999
0.9908333333333333
0.991388888888889
0.9838888888888889
1.0
0.9777777777777777
0.9802777777777778
0.9944444444444444
0.991111111111111
0.9913888888888888
0.9994444444444445
0.9933333333333334
0.9986111111111112
0.9975
0.993888888888889
0.9905555555555556
0.9924999999999999
0.992777777777778
0.9886111111111112
0.99
0.9930555555555557
0.9997222222222223
0.9972222222222222
0.9961111111111113
0.9844444444444442
0.9900000000000001
0.9938888888888889
0.9936111111111111
0.9997222222222223
0.9847222222222223
0.9772222222222222
1.0
0.9825000000000003
0.9852777777777778
1.0
0.9802777777777778
0.9791666666666666
0.9836111111111112
0.9833333333333335
0.9902777777777777
0.9983333333333333
0.9986111111111111
0.9977777777777777
0.9916666666666667
0.9991666666666668
1.0
0.9883333333333333
0.9819444444444443
0.9966666666666668
0.9916666666666667
0.9897222222222222
0.9988888888888889
0.9986111111111112
0.995
0.9966666666666667
0.9925
0.9944444444444446
0.9961111111111112
0.9836111111111111
0.9875
0.9838888888888887
0.9852777777777778
0.9925
0.99
0.9888888888888889
0.9966666666666665
0.981111111111111
0.9913888888888891
0.9972222222222221
0.9961111111111111
0.9972222222222221
0.9113888888888889
0.9858333333333335
0.9950000000000002
0.9908333333333333
0.9875
0.9747222222222223
0.9938888888888889
0.9947222222222223
0.982777777777778
0.9938888888888889
0.9961111111111111
0.9941666666666668
0.9841666666666667
0.9794444444444446
0.9972222222222222
0.9997222222222223
0.9941666666666666
0.9927777777777778
0.9969444444444445
0.9875
0.9819444444444444
0.9877777777777775
0.9925
0.9891666666666666
1.0
0.9894444444444443
0.9911111111111112
0.9908333333333333
0.9977777777777779
0.9919444444444444
0.9977777777777779
0.9636111111111114
0.9933333333333334
0.9952777777777778
0.9788888888888889
0.9919444444444444
0.9958333333333335
0.9986111111111111
0.9952777777777778
0.9888888888888889
0.9874999999999999
1.0
0.9908333333333332
0.9924999999999999
0.9927777777777779
0.9869444444444443
0.986388888888889
0.9877777777777779
0.9924999999999998
0.9888888888888889
0.9955555555555555
0.9850000000000001
0.9977777777777778
0.9991666666666668
0.9919444444444443
0.9916666666666668
0.9947222222222222
0.9986111111111111
0.9961111111111112
0.991111111111111
0.9919444444444445
0.9969444444444444
0.9927777777777779
0.9908333333333332
0.9972222222222222
0.9872222222222222
0.9916666666666667
0.9983333333333333
0.9797222222222224
0.9966666666666666
0.9952777777777779
0.9988888888888889
0.9363888888888889
0.9869444444444444
0.9866666666666666
0.9958333333333335
0.9961111111111111
0.9891666666666666
0.9927777777777778
0.9966666666666666
0.9958333333333335
0.993611111111111
0.9972222222222221
0.9730555555555555
0.9966666666666667
0.9897222222222222
0.9983333333333334
0.9922222222222222
0.9955555555555555
0.9969444444444444
0.9974999999999999
0.9772222222222222
0.9977777777777778
0.973611111111111
0.9969444444444446
0.9936111111111112
0.9988888888888889
0.985
0.9936111111111112
0.9944444444444446
0.9969444444444445
0.9944444444444446
0.9955555555555555
0.9877777777777778
0.9833333333333333
