-0.9380952380952372
-0.9466666666666658
-0.9396825396825393
-0.9317460317460305
-0.9431746031746021
-0.9523809523809517
-0.9495238095238087
-0.945714285714285
-0.9466666666666661
-0.9539682539682537
-0.9501587301587293
-0.9374603174603161
-0.9473015873015864
-0.9260317460317452
-0.9520634920634911
-0.9384126984126973
-0.95047619047619
-0.9399999999999991
-0.9460317460317452
-0.9415873015873009
-0.9374603174603171
-0.9409523809523802
-0.9361904761904754
-0.9549206349206342
-0.9520634920634912
-0.9460317460317452
-0.9530158730158728
-0.9495238095238092
-0.9530158730158721
-0.937142857142857
-0.9333333333333323
-0.9530158730158721
-0.9520634920634916
-0.948888888888888
-0.9390476190476187
-0.942539682539682
-0.9403174603174594
-0.9403174603174597
-0.9390476190476181
-0.9520634920634918
-0.953650793650793
-0.9441269841269836
-0.9476190476190468
-0.9368253968253959
-0.9431746031746022
-0.945714285714285
-0.9396825396825392
-0.9463492063492053
-0.9523809523809519
-0.936825396825396
-0.9399999999999994
-0.9355555555555547
-0.9482539682539673
-0.9409523809523803
-0.9463492063492058
-0.9403174603174599
-0.9374603174603166
-0.9488888888888886
-0.9406349206349199
-0.9441269841269839
-0.9434920634920629
-0.9571428571428565
-0.9377777777777774
-0.9380952380952374
-0.9428571428571422
-0.9377777777777769
-0.9377777777777769
-0.9507936507936501
-0.9520634920634916
-0.9492063492063488
-0.9314285714285702
-0.9606349206349195
-0.9466666666666658
-0.9479365079365073
-0.9473015873015865
-0.9453968253968249
-0.9479365079365073
-0.935873015873015
-0.9511111111111107
-0.946349206349206
-0.9393650793650784
-0.9428571428571422
-0.9441269841269834
-0.936825396825396
-0.9511111111111107
-0.9307936507936501
-0.9447619047619042
-0.942539682539682
-0.9330158730158727
-0.9374603174603166
-0.9234920634920627
-0.9501587301587295
-0.9530158730158723
-0.9460317460317452
-0.9361904761904754
-0.9444444444444436
-0.9428571428571421
-0.9466666666666661
-0.9396825396825388
-0.9441269841269834
-0.9498412698412693
-0.9453968253968241
-0.9495238095238083
-0.9514285714285703
-0.9539682539682532
-0.9476190476190465
-0.9399999999999993
-0.9441269841269834
-0.9371428571428563
-0.9355555555555543
-0.9374603174603167
-0.9504761904761901
-0.9409523809523803
-0.9492063492063484
-0.9492063492063484
-0.9444444444444436
-0.9441269841269831
-0.946031746031745
-0.956825396825396
-0.924126984126983
-0.9444444444444439
-0.9526984126984119
-0.9377777777777775
-0.9473015873015864
-0.9425396825396818
-0.9463492063492055
-0.9288888888888884
-0.9374603174603161
-0.935873015873015
-0.9536507936507932
-0.9431746031746024
-0.9469841269841264
-0.948888888888888
-0.9428571428571424
-0.9498412698412692
-0.9495238095238087
-0.9463492063492055
-0.9453968253968243
-0.943492063492063
-0.9422222222222217
-0.9387301587301576
-0.9441269841269836
-0.9333333333333328
-0.9479365079365074
-0.939682539682539
-0.946031746031745
-0.9438095238095231
-0.9498412698412695
-0.9495238095238089
-0.9561904761904751
-0.9504761904761901
-0.9447619047619037
-0.9434920634920625
-0.9450793650793645
-0.9466666666666661
-0.9539682539682535
-0.9444444444444439
-0.9482539682539677
-0.9396825396825388
-0.9498412698412689
-0.9507936507936502
-0.9457142857142854
-0.944761904761904
-0.9526984126984123
-0.9514285714285705
-0.9514285714285707
-0.9438095238095231
-0.9434920634920629
-0.9466666666666658
-0.9409523809523802
-0.9374603174603166
-0.9466666666666661
-0.9533333333333328
-0.9422222222222212
-0.9561904761904754
-0.9466666666666658
-0.9523809523809514
-0.9403174603174599
-0.9444444444444439
-0.9488888888888883
-0.9396825396825388
-0.947301587301587
-0.9457142857142844
-0.9393650793650785
-0.9447619047619039
-0.9415873015873006
-0.9479365079365071
-0.9434920634920622
-0.951746031746031
-0.9431746031746024
-0.9441269841269834
-0.939682539682539
