-0.6742857142857138
-0.675555555555555
-0.6593650793650793
-0.6507936507936504
-0.6752380952380949
-0.635238095238095
-0.7050793650793646
-0.6469841269841268
-0.6768253968253962
-0.6698412698412698
-0.6355555555555557
-0.6682539682539679
-0.6612698412698411
-0.6796825396825397
-0.6660317460317458
-0.6860317460317457
-0.7165079365079359
-0.6530158730158728
-0.6784126984126977
-0.6787301587301585
-0.6663492063492059
-0.665714285714285
-0.6647619047619043
-0.6698412698412691
-0.678730158730158
-0.6488888888888884
-0.6758730158730153
-0.6752380952380949
-0.6723809523809519
-0.6803174603174601
-0.6961904761904756
-0.667301587301587
-0.7053968253968249
-0.6399999999999996
-0.6457142857142857
-0.6739682539682534
-0.6952380952380949
-0.6650793650793648
-0.6771428571428566
-0.6723809523809519
-0.7155555555555545
-0.677142857142857
-0.7028571428571426
-0.6847619047619045
-0.6142857142857141
-0.6701587301587295
-0.7028571428571424
-0.6526984126984122
-0.6888888888888886
-0.6647619047619042
-0.6269841269841269
-0.6993650793650792
-0.6803174603174601
-0.6415873015873014
-0.6799999999999996
-0.702222222222222
-0.6692063492063488
-0.6930158730158723
-0.6730158730158723
-0.6866666666666658
-0.6758730158730154
-0.6933333333333331
-0.6638095238095234
-0.6511111111111108
-0.6917460317460311
-0.6682539682539683
-0.6619047619047613
-0.7177777777777774
-0.6574603174603173
-0.69047619047619
-0.6669841269841267
-0.6857142857142855
-0.6787301587301581
-0.7095238095238091
-0.6495238095238095
-0.6771428571428567
-0.6501587301587296
-0.7073015873015869
-0.6790476190476187
-0.6834920634920629
-0.6676190476190469
-0.678412698412698
-0.6834920634920629
-0.6888888888888882
-0.6733333333333329
-0.6809523809523802
-0.6758730158730152
-0.7088888888888883
-0.6809523809523809
-0.6777777777777771
-0.6936507936507927
-0.6260317460317456
-0.6939682539682537
-0.6707936507936502
-0.7025396825396819
-0.6799999999999999
-0.6853968253968253
-0.6828571428571423
-0.6911111111111107
-0.6863492063492057
-0.732698412698412
-0.6907936507936504
-0.7034920634920633
-0.7050793650793651
-0.6523809523809521
-0.6577777777777776
-0.6504761904761901
-0.6679365079365076
-0.6707936507936506
-0.7038095238095231
-0.6869841269841263
-0.6682539682539682
-0.6536507936507938
-0.6853968253968248
-0.6507936507936508
-0.6847619047619041
-0.6822222222222222
-0.6885714285714283
-0.6869841269841266
-0.656507936507936
-0.6615873015873013
-0.7006349206349204
-0.6853968253968253
-0.6841269841269838
-0.7060317460317456
-0.6765079365079363
-0.6968253968253966
-0.6711111111111109
-0.6628571428571427
-0.6641269841269837
-0.6574603174603171
-0.6844444444444439
-0.6939682539682535
-0.6673015873015871
-0.6777777777777777
-0.6866666666666664
-0.6492063492063492
-0.6949206349206346
-0.6707936507936503
-0.6933333333333329
-0.686666666666666
-0.7022222222222217
-0.6580952380952376
-0.6301587301587297
-0.6946031746031739
-0.633015873015873
-0.6911111111111106
-0.6438095238095236
-0.6368253968253967
-0.6269841269841264
-0.6936507936507934
-0.6926984126984123
-0.6923809523809522
-0.6657142857142855
-0.6990476190476184
-0.7130158730158728
-0.6628571428571424
-0.6793650793650791
-0.6549206349206347
-0.6447619047619045
-0.6968253968253965
-0.7130158730158723
-0.7041269841269834
-0.6730158730158723
-0.6520634920634921
-0.6895238095238092
-0.659365079365079
-0.6698412698412698
-0.6511111111111105
-0.7142857142857137
-0.6349206349206347
-0.6873015873015866
-0.6663492063492064
-0.6638095238095234
-0.6434920634920632
-0.6495238095238094
-0.6685714285714278
-0.6647619047619043
-0.6584126984126978
-0.6904761904761901
-0.7066666666666666
-0.6968253968253965
-0.6742857142857135
-0.6726984126984121
-0.6561904761904759
-0.658412698412698
-0.6752380952380953
-0.6650793650793648
-0.6828571428571423
-0.6669841269841271
-0.6568253968253966
-0.6746031746031746
