-0.869841269841269
-0.8663492063492054
-0.8857142857142846
-0.8930158730158722
-0.8799999999999997
-0.8806349206349199
-0.8660317460317456
-0.8873015873015863
-0.8828571428571425
-0.8936507936507926
-0.879365079365078
-0.8860317460317453
-0.8860317460317451
-0.8736507936507927
-0.8926984126984119
-0.8736507936507928
-0.8819047619047607
-0.8793650793650781
-0.8933333333333322
-0.8742857142857137
-0.8958730158730152
-0.887936507936507
-0.9031746031746024
-0.8914285714285703
-0.8774603174603165
-0.8739682539682531
-0.8755555555555549
-0.8774603174603165
-0.8806349206349199
-0.9006349206349196
-0.875238095238094
-0.8939682539682533
-0.8765079365079352
-0.8942857142857134
-0.8996825396825392
-0.868571428571428
-0.8758730158730147
-0.887301587301586
-0.9015873015873
-0.8555555555555551
-0.8730158730158716
-0.894920634920634
-0.8841269841269834
-0.8987301587301577
-0.8834920634920629
-0.8847619047619039
-0.8644444444444436
-0.8850793650793645
-0.8882539682539673
-0.8892063492063482
-0.8774603174603165
-0.8815873015873001
-0.8885714285714279
-0.8936507936507925
-0.8917460317460306
-0.8952380952380944
-0.8558730158730151
-0.8914285714285706
-0.8838095238095229
-0.887936507936507
-0.8968253968253959
-0.8752380952380948
-0.8768253968253958
-0.8768253968253956
-0.8847619047619039
-0.8673015873015862
-0.8761904761904747
-0.8911111111111105
-0.8650793650793643
-0.8584126984126974
-0.887301587301586
-0.8923809523809516
-0.8733333333333324
-0.8796825396825386
-0.8838095238095227
-0.9057142857142846
-0.8765079365079355
-0.8907936507936498
-0.8822222222222209
-0.8736507936507925
-0.8711111111111101
-0.8749206349206342
-0.8882539682539675
-0.884444444444443
-0.8809523809523794
-0.8717460317460309
-0.892380952380951
-0.8790476190476183
-0.8853968253968244
-0.8882539682539672
-0.8669841269841262
-0.8733333333333324
-0.8720634920634914
-0.8996825396825389
-0.899047619047618
-0.8657142857142847
-0.8812698412698402
-0.905396825396824
-0.9060317460317451
-0.8847619047619044
-0.8777777777777764
-0.8701587301587294
-0.8726984126984118
-0.8914285714285701
-0.8853968253968247
-0.8695238095238087
-0.8806349206349192
-0.8857142857142846
-0.8838095238095227
-0.886984126984126
-0.8904761904761896
-0.8977777777777763
-0.892063492063491
-0.8676190476190468
-0.8806349206349193
-0.8882539682539673
-0.8898412698412689
-0.8739682539682533
-0.8571428571428563
-0.8844444444444433
-0.9003174603174596
-0.8831746031746026
-0.8892063492063484
-0.8917460317460307
-0.8876190476190466
-0.8984126984126971
-0.8761904761904755
-0.8730158730158719
-0.8599999999999992
-0.8749206349206337
-0.8838095238095226
-0.8980952380952371
-0.8584126984126974
-0.879047619047618
-0.8892063492063484
-0.8863492063492057
-0.8850793650793645
-0.8653968253968244
-0.8879365079365072
-0.8803174603174589
-0.8746031746031743
-0.8819047619047607
-0.8742857142857137
-0.8844444444444441
-0.8803174603174595
-0.8822222222222211
-0.8914285714285707
-0.8822222222222208
-0.8749206349206342
-0.8806349206349193
-0.8758730158730151
-0.8695238095238085
-0.8863492063492057
-0.8790476190476181
-0.8730158730158719
-0.874920634920634
-0.8939682539682526
-0.8685714285714276
-0.8676190476190466
-0.8568253968253956
-0.8765079365079355
-0.8663492063492056
-0.8765079365079356
-0.8977777777777763
-0.9006349206349196
-0.8926984126984117
-0.8996825396825389
-0.8930158730158719
-0.8882539682539677
-0.8946031746031737
-0.8815873015873005
-0.882857142857142
-0.8774603174603167
-0.8799999999999989
-0.8701587301587296
-0.8707936507936499
-0.8774603174603169
-0.8869841269841258
-0.8863492063492053
-0.8926984126984117
-0.8752380952380944
-0.8634920634920626
-0.8707936507936499
-0.8717460317460312
-0.887301587301586
-0.8819047619047609
-0.8885714285714278
-0.8752380952380943
-0.8974603174603167
-0.8885714285714272
-0.8796825396825388
-0.8711111111111103
