-0.361904761904762
-0.3533333333333334
-0.34031746031746046
-0.39238095238095255
-0.326031746031746
-0.30857142857142866
-0.32158730158730175
-0.3650793650793652
-0.45650793650793664
-0.3473015873015872
-0.3746031746031746
-0.3758730158730158
-0.3653968253968255
-0.32698412698412677
-0.38634920634920666
-0.3793650793650793
-0.3073015873015873
-0.39682539682539664
-0.3111111111111109
-0.3660317460317461
-0.35873015873015857
-0.36253968253968244
-0.4161904761904763
-0.40730158730158744
-0.3780952380952382
-0.3844444444444445
-0.43269841269841264
-0.3733333333333334
-0.3796825396825399
-0.37841269841269853
-0.34095238095238106
-0.4152380952380952
-0.36158730158730135
-0.3736507936507935
-0.366666666666667
-0.383174603174603
-0.31174603174603166
-0.3812698412698413
-0.3333333333333333
-0.29047619047619067
-0.4158730158730159
-0.38666666666666655
-0.3669841269841271
-0.43047619047619057
-0.3580952380952383
-0.430793650793651
-0.37619047619047624
-0.3450793650793652
-0.4003174603174604
-0.36825396825396806
-0.3974603174603174
-0.3685714285714287
-0.4260317460317461
-0.41555555555555546
-0.4298412698412698
-0.31396825396825423
-0.3717460317460318
-0.3336507936507934
-0.34761904761904777
-0.34730158730158733
-0.32952380952380944
-0.34793650793650793
-0.33809523809523817
-0.35460317460317475
-0.4196825396825397
-0.2895238095238095
-0.39746031746031757
-0.3669841269841271
-0.40412698412698406
-0.33460317460317446
-0.38761904761904764
-0.36539682539682544
-0.3076190476190478
-0.35269841269841284
-0.4358730158730157
-0.37619047619047613
-0.3730158730158732
-0.35460317460317464
-0.4349206349206348
-0.4069841269841271
-0.3330158730158732
-0.3920634920634921
-0.39015873015873004
-0.40666666666666657
-0.3634920634920637
-0.3907936507936507
-0.353968253968254
-0.3622222222222222
-0.4311111111111112
-0.4247619047619048
-0.3501587301587301
-0.35523809523809535
-0.31777777777777794
-0.3936507936507936
-0.35523809523809535
-0.36095238095238086
-0.3577777777777777
-0.3780952380952383
-0.3746031746031746
-0.3590476190476189
-0.37904761904761913
-0.31174603174603166
-0.4241269841269841
-0.313015873015873
-0.4742857142857141
-0.3479365079365081
-0.3631746031746032
-0.38063492063492066
-0.2812698412698413
-0.4457142857142857
-0.3012698412698414
-0.310793650793651
-0.3501587301587303
-0.3860317460317461
-0.3828571428571429
-0.39904761904761904
-0.3799999999999999
-0.40031746031746035
-0.4126984126984127
-0.3339682539682541
-0.32857142857142835
-0.4015873015873016
-0.36761904761904757
-0.38000000000000006
-0.3558730158730159
-0.39301587301587315
-0.3390476190476191
-0.37523809523809537
-0.4187301587301588
-0.3507936507936507
-0.3238095238095238
-0.2977777777777777
-0.3600000000000002
-0.3901587301587302
-0.37238095238095237
-0.3625396825396823
-0.35365079365079366
-0.35809523809523797
-0.4019047619047621
-0.3892063492063492
-0.39650793650793664
-0.4022222222222222
-0.36317460317460337
-0.4276190476190477
-0.3936507936507937
-0.3568253968253967
-0.40444444444444444
-0.34698412698412706
-0.3952380952380951
-0.31777777777777777
-0.3438095238095238
-0.39809523809523806
-0.4215873015873016
-0.40698412698412684
-0.3831746031746033
-0.3555555555555557
-0.35523809523809535
-0.38380952380952377
-0.33968253968253975
-0.3977777777777777
-0.40444444444444455
-0.39269841269841294
-0.3825396825396824
-0.39174603174603173
-0.3298412698412701
-0.33301587301587315
-0.4568253968253967
-0.36825396825396817
-0.4031746031746031
-0.43523809523809526
-0.341904761904762
-0.36888888888888877
-0.31111111111111106
-0.3736507936507937
-0.33682539682539686
-0.36603174603174604
-0.42126984126984124
-0.419047619047619
-0.40888888888888886
-0.45047619047619075
-0.3387301587301587
-0.4038095238095238
-0.3907936507936505
-0.35650793650793655
-0.36507936507936495
-0.3498412698412699
-0.42222222222222233
-0.40698412698412695
-0.36285714285714266
-0.3777777777777778
-0.42476190476190473
-0.29968253968253966
