-0.12888888888888894
-0.2422222222222222
-0.29936507936507945
-0.12984126984126984
-0.21333333333333324
-0.16063492063492057
-0.33333333333333337
-0.2117460317460316
-0.1895238095238094
-0.27777777777777773
-0.23650793650793636
-0.1796825396825396
-0.22444444444444447
-0.2276190476190475
-0.2047619047619046
-0.2396825396825398
-0.24825396825396828
-0.1917460317460317
-0.2088888888888889
-0.21746031746031724
-0.16730158730158728
-0.14253968253968255
-0.22984126984126974
-0.262857142857143
-0.25650793650793646
-0.12825396825396815
-0.19873015873015867
-0.2047619047619046
-0.2657142857142859
-0.1796825396825397
-0.11873015873015869
-0.25047619047619063
-0.16412698412698398
-0.2339682539682539
-0.1603174603174603
-0.14603174603174598
-0.22920634920634916
-0.2238095238095238
-0.1746031746031746
-0.2123809523809523
-0.16412698412698398
-0.259047619047619
-0.18158730158730155
-0.20412698412698405
-0.28793650793650793
-0.23079365079365094
-0.09460317460317456
-0.21523809523809503
-0.20507936507936492
-0.24984126984126973
-0.14698412698412697
-0.30380952380952386
-0.23047619047619047
-0.2587301587301587
-0.1311111111111111
-0.24253968253968247
-0.17650793650793647
-0.08634920634920633
-0.17333333333333342
-0.17142857142857135
-0.23079365079365075
-0.20952380952380933
-0.31301587301587297
-0.19396825396825393
-0.26793650793650786
-0.21428571428571422
-0.24444444444444446
-0.09269841269841277
-0.19555555555555545
-0.23111111111111096
-0.31523809523809515
-0.13936507936507933
-0.20476190476190476
-0.21460317460317446
-0.22634920634920624
-0.15714285714285703
-0.2044444444444445
-0.22126984126984123
-0.1936507936507936
-0.17904761904761893
-0.18349206349206348
-0.24444444444444446
-0.23682539682539674
-0.19333333333333327
-0.2396825396825396
-0.19809523809523794
-0.23841269841269844
-0.15555555555555553
-0.09777777777777785
-0.14920634920634923
-0.2825396825396826
-0.2647619047619047
-0.30126984126984135
-0.21682539682539664
-0.2041269841269841
-0.1326984126984127
-0.10317460317460314
-0.20412698412698407
-0.18730158730158714
-0.21047619047619043
-0.2898412698412699
-0.2542857142857143
-0.17396825396825386
-0.29587301587301584
-0.19650793650793646
-0.18285714285714275
-0.1888888888888888
-0.27523809523809534
-0.16190476190476188
-0.15619047619047616
-0.26253968253968263
-0.1965079365079364
-0.19777777777777777
-0.19396825396825387
-0.23650793650793636
-0.16761904761904756
-0.22285714285714286
-0.23396825396825396
-0.22444444444444442
-0.2558730158730157
-0.17714285714285705
-0.17142857142857137
-0.20571428571428574
-0.22317460317460316
-0.20920634920634912
-0.23523809523809527
-0.22317460317460322
-0.20253968253968255
-0.20920634920634915
-0.2276190476190475
-0.29365079365079366
-0.26793650793650786
-0.16095238095238099
-0.1571428571428571
-0.1885714285714284
-0.21301587301587294
-0.19396825396825396
-0.27206349206349195
-0.19523809523809527
-0.266031746031746
-0.169206349206349
-0.22952380952380955
-0.13047619047619036
-0.18761904761904746
-0.26190476190476186
-0.13904761904761903
-0.2488888888888888
-0.21809523809523806
-0.21460317460317446
-0.32888888888888895
-0.22825396825396818
-0.20507936507936494
-0.14634920634920634
-0.22317460317460308
-0.17936507936507934
-0.22666666666666652
-0.23206349206349192
-0.16793650793650786
-0.18253968253968247
-0.22666666666666652
-0.20444444444444435
-0.20507936507936492
-0.10984126984126984
-0.19555555555555557
-0.18666666666666654
-0.18444444444444438
-0.1447619047619047
-0.17428571428571424
-0.18888888888888877
-0.2784126984126983
-0.1634920634920634
-0.21841269841269825
-0.17047619047619042
-0.2647619047619048
-0.22253968253968254
-0.1612698412698412
-0.2495238095238096
-0.19555555555555545
-0.19873015873015867
-0.133968253968254
-0.2514285714285714
-0.08253968253968248
-0.2825396825396825
-0.09714285714285713
-0.16285714285714278
-0.1434920634920635
-0.20571428571428566
-0.11428571428571428
-0.1549206349206349
-0.2022222222222221
-0.26317460317460317
-0.2698412698412697
