0.12698412698412695
0.09333333333333332
0.11841269841269841
0.12571428571428567
0.2644444444444446
0.17619047619047623
0.1590476190476191
0.2698412698412699
0.19111111111111118
0.24857142857142867
0.15111111111111106
0.2876190476190476
0.10476190476190474
0.1514285714285715
0.1749206349206349
0.1946031746031745
0.17619047619047623
0.13619047619047617
0.17746031746031748
0.06412698412698412
0.2092063492063492
0.18571428571428578
0.07396825396825396
0.061904761904761886
0.0028571428571428545
0.19174603174603178
0.20761904761904762
0.09428571428571426
0.1590476190476191
0.08793650793650791
0.1726984126984127
0.12666666666666668
0.17587301587301574
0.20126984126984132
0.18507936507936512
0.19365079365079357
0.1914285714285715
0.17523809523809533
0.1787301587301588
0.18698412698412709
0.07999999999999995
0.2441269841269842
0.04666666666666669
0.22476190476190477
0.15142857142857144
0.23968253968253972
0.17968253968253972
0.14539682539682536
0.20666666666666675
0.12698412698412695
0.17650793650793653
0.1965079365079365
0.1228571428571429
0.21238095238095234
0.22000000000000008
0.09301587301587301
0.10444444444444446
0.27460317460317474
0.0980952380952381
0.22253968253968243
0.2044444444444445
0.21523809523809534
0.2441269841269842
0.17523809523809517
0.1660317460317461
0.08285714285714287
0.17047619047619056
0.22952380952380957
0.16380952380952385
0.16285714285714292
0.2711111111111108
0.14190476190476192
0.1485714285714286
0.14666666666666678
0.2657142857142859
0.2177777777777777
0.04793650793650792
0.19079365079365088
0.16539682539682551
0.2107936507936508
0.08000000000000003
0.24571428571428575
0.09396825396825394
0.2380952380952381
0.10095238095238106
0.16698412698412696
0.15301587301587305
0.13777777777777783
0.18888888888888894
0.14793650793650795
0.20507936507936514
0.1930158730158732
0.18444444444444452
0.22571428571428573
0.17047619047619053
0.21111111111111117
0.1965079365079366
0.1993650793650794
0.21682539682539684
0.15460317460317466
0.23365079365079378
0.13523809523809524
0.10857142857142858
0.2457142857142856
0.20190476190476195
0.2053968253968254
0.21238095238095242
0.15936507936507932
0.10063492063492066
0.20952380952380958
0.19555555555555557
0.22380952380952365
0.07714285714285714
0.2736507936507936
0.1412698412698413
0.08825396825396825
0.10952380952380954
0.22634920634920624
0.14349206349206356
0.1742857142857144
0.20412698412698413
0.18031746031746038
0.1571428571428572
0.1482539682539683
0.24634920634920623
0.17714285714285719
0.2184126984126985
0.192063492063492
0.1666666666666666
0.12888888888888886
0.17269841269841274
0.11873015873015874
0.19777777777777783
0.1869841269841271
0.057460317460317455
0.08380952380952383
0.15015873015873016
0.18031746031746027
0.1666666666666666
0.11650793650793655
0.15777777777777774
0.16285714285714292
0.194920634920635
0.23587301587301587
0.26444444444444437
0.13555555555555554
0.1415873015873016
0.23238095238095247
0.1307936507936509
0.1993650793650794
0.2736507936507937
0.13111111111111112
0.19555555555555548
0.19365079365079368
0.21619047619047624
0.2120634920634919
0.21301587301587302
0.2549206349206349
0.20000000000000012
0.17492063492063512
0.051428571428571414
0.13269841269841268
0.15968253968253968
0.12634920634920638
0.1844444444444445
0.13904761904761903
0.09015873015873016
0.2
0.21333333333333335
0.1355555555555555
0.18793650793650798
0.14698412698412697
0.19428571428571428
0.2330158730158731
0.17365079365079375
0.16476190476190475
0.22730158730158725
0.22000000000000014
0.1311111111111111
0.15492063492063485
0.14349206349206356
0.1723809523809524
0.22380952380952385
0.09587301587301589
0.17142857142857137
0.3276190476190476
0.1387301587301587
0.22571428571428584
0.11841269841269841
0.21936507936507924
0.13269841269841273
0.25587301587301603
