0.6974603174603174
0.7301587301587299
0.721269841269841
0.7825396825396815
0.731428571428571
0.7190476190476187
0.7269841269841267
0.7038095238095232
0.7409523809523804
0.689523809523809
0.7390476190476184
0.72063492063492
0.722539682539682
0.7841269841269837
0.7155555555555551
0.7384126984126984
0.7339682539682539
0.7269841269841264
0.7431746031746028
0.7615873015873013
0.7266666666666662
0.8012698412698405
0.7457142857142852
0.7711111111111105
0.7203174603174599
0.7606349206349202
0.716190476190476
0.7609523809523805
0.7504761904761901
0.7396825396825389
0.7796825396825394
0.7031746031746028
0.747301587301587
0.7155555555555552
0.7447619047619045
0.7142857142857139
0.7326984126984122
0.7485714285714286
0.7571428571428566
0.7038095238095232
0.7517460317460315
0.7346031746031743
0.6942857142857141
0.7746031746031738
0.7260317460317457
0.7726984126984118
0.7012698412698407
0.7552380952380949
0.698730158730158
0.7142857142857136
0.719365079365079
0.7019047619047613
0.7082539682539679
0.6863492063492062
0.7133333333333328
0.6958730158730154
0.7158730158730153
0.7526984126984124
0.6958730158730155
0.7482539682539674
0.7117460317460315
0.7187301587301584
0.7368253968253963
0.7222222222222218
0.7412698412698407
0.7079365079365075
0.7066666666666663
0.7009523809523804
0.7787301587301579
0.7168253968253967
0.7403174603174598
0.7244444444444439
0.731746031746031
0.6752380952380949
0.6866666666666663
0.7765079365079356
0.7263492063492059
0.72031746031746
0.7590476190476184
0.7314285714285709
0.7022222222222219
0.7457142857142852
0.7187301587301582
0.7542857142857141
0.7152380952380946
0.7288888888888884
0.6876190476190474
0.7025396825396818
0.7019047619047616
0.6873015873015863
0.7898412698412697
0.711428571428571
0.7171428571428569
0.7396825396825396
0.7631746031746025
0.7101587301587299
0.7984126984126977
0.694285714285714
0.7501587301587295
0.7330158730158727
0.7250793650793649
0.7834920634920631
0.7282539682539679
0.7422222222222216
0.7657142857142848
0.7466666666666659
0.7593650793650795
0.7669841269841268
0.748571428571428
0.7158730158730157
0.7257142857142855
0.7593650793650792
0.6971428571428565
0.7628571428571425
0.7399999999999997
0.6987301587301585
0.7498412698412691
0.7466666666666663
0.7358730158730153
0.7590476190476182
0.7012698412698408
0.7704761904761903
0.7355555555555552
0.7365079365079358
0.7215873015873013
0.68031746031746
0.739365079365079
0.7053968253968251
0.7441269841269839
0.7177777777777776
0.7552380952380947
0.7250793650793645
0.7736507936507931
0.8015873015873003
0.7330158730158725
0.7558730158730156
0.7253968253968252
0.7561904761904759
0.7692063492063487
0.7441269841269837
0.6866666666666661
0.6980952380952375
0.7580952380952378
0.7888888888888885
0.7523809523809518
0.8098412698412693
0.7101587301587298
0.7003174603174599
0.7219047619047617
0.711428571428571
0.694603174603174
0.6971428571428567
0.7139682539682536
0.735555555555555
0.7146031746031741
0.7298412698412693
0.7155555555555547
0.7584126984126977
0.6974603174603173
0.6968253968253966
0.705396825396825
0.7555555555555551
0.762539682539682
0.7469841269841268
0.6799999999999994
0.748253968253968
0.7746031746031741
0.7609523809523802
0.7307936507936501
0.751746031746031
0.7879365079365069
0.7612698412698407
0.7673015873015868
0.7326984126984122
0.7073015873015872
0.7041269841269835
0.7571428571428566
0.7698412698412693
0.7095238095238093
0.7606349206349204
0.6879365079365075
0.7663492063492052
0.7228571428571426
0.7288888888888883
0.7739682539682533
0.7409523809523805
0.7533333333333327
0.7657142857142846
0.768571428571428
0.747301587301587
0.6679365079365078
0.703492063492063
