0.9920634920634918
0.9888888888888886
0.9923809523809524
0.9914285714285714
0.9863492063492061
0.9838095238095237
0.9857142857142855
0.9933333333333332
0.9873015873015873
0.9942857142857141
0.9850793650793649
0.9882539682539683
0.9942857142857142
0.9926984126984126
0.9907936507936506
0.9790476190476187
0.9860317460317461
0.9895238095238093
0.991111111111111
0.9860317460317458
0.9904761904761904
0.992063492063492
0.99047619047619
0.9892063492063492
0.9901587301587299
0.9885714285714283
0.9939682539682541
0.9895238095238093
0.9917460317460315
0.9869841269841271
0.9853968253968252
0.9847619047619044
0.9907936507936506
0.9866666666666667
0.9825396825396824
0.988253968253968
0.9885714285714283
0.992063492063492
0.992063492063492
0.9917460317460315
0.9863492063492061
0.9930158730158729
0.9895238095238095
0.9907936507936508
0.9914285714285713
0.984126984126984
0.9882539682539679
0.9850793650793649
0.9933333333333332
0.9946031746031743
0.9761904761904759
0.9904761904761904
0.9850793650793652
0.986984126984127
0.9930158730158727
0.9876190476190474
0.9901587301587298
0.9879365079365079
0.9876190476190476
0.9926984126984124
0.9930158730158729
0.9904761904761905
0.9898412698412696
0.9866666666666665
0.9850793650793649
0.9920634920634918
0.9892063492063494
0.9841269841269837
0.997142857142857
0.991111111111111
0.9885714285714287
0.9917460317460317
0.9930158730158731
0.9879365079365079
0.9834920634920634
0.9831746031746034
0.9904761904761907
0.9879365079365074
0.9888888888888886
0.9901587301587301
0.9815873015873015
0.989206349206349
0.9898412698412699
0.9907936507936508
0.9882539682539683
0.9876190476190476
0.9930158730158727
0.988253968253968
0.9901587301587301
0.9863492063492061
0.9911111111111108
0.9869841269841267
0.9866666666666667
0.9911111111111108
0.9888888888888884
0.9831746031746033
0.993333333333333
0.9784126984126981
0.9857142857142858
0.9917460317460317
0.9901587301587299
0.9857142857142858
0.991111111111111
0.988253968253968
0.9863492063492062
0.9850793650793651
0.9917460317460319
0.9838095238095237
0.9898412698412696
0.9930158730158729
0.9892063492063492
0.9885714285714283
0.992063492063492
0.9901587301587301
0.9923809523809523
0.9885714285714287
0.9834920634920633
0.9923809523809524
0.9869841269841267
0.9901587301587299
0.9850793650793651
0.979047619047619
0.9879365079365074
0.9850793650793649
0.9866666666666665
0.9926984126984129
0.9876190476190476
0.9936507936507933
0.986031746031746
0.9857142857142855
0.9888888888888886
0.9946031746031745
0.9863492063492061
0.9933333333333333
0.9873015873015871
0.9793650793650795
0.9869841269841271
0.9793650793650791
0.9949206349206348
0.9952380952380951
0.9923809523809524
0.9930158730158729
0.9850793650793647
0.9895238095238093
0.9923809523809523
0.9822222222222221
0.989206349206349
0.9879365079365077
0.9895238095238093
0.9860317460317458
0.9857142857142855
0.9920634920634922
0.9882539682539683
0.9873015873015871
0.9882539682539679
0.9866666666666662
0.9844444444444443
0.9853968253968253
0.992063492063492
0.9879365079365077
0.9904761904761902
0.9926984126984126
0.9926984126984126
0.9873015873015873
0.9841269841269837
0.9907936507936506
0.986984126984127
0.9809523809523807
0.9933333333333333
0.9882539682539683
0.9898412698412699
0.9930158730158731
0.992380952380952
0.992063492063492
0.9819047619047616
0.9876190476190472
0.991111111111111
0.9863492063492064
0.9904761904761904
0.9847619047619046
0.9933333333333333
0.9857142857142855
0.9857142857142853
0.9895238095238093
0.9898412698412696
0.989206349206349
0.988253968253968
0.9869841269841267
0.9907936507936508
0.9873015873015871
0.9895238095238096
0.9901587301587301
