-0.9885470085470085
-0.9887179487179486
-0.9917948717948716
-0.983247863247863
-0.9892307692307689
-0.9887179487179488
-0.9839316239316236
-0.9839316239316241
-0.9854700854700853
-0.9841025641025641
-0.9835897435897433
-0.9813675213675211
-0.9856410256410256
-0.9798290598290597
-0.9813675213675211
-0.9873504273504274
-0.9888888888888888
-0.9873504273504277
-0.985982905982906
-0.9878632478632476
-0.9880341880341882
-0.9844444444444443
-0.9887179487179486
-0.9830769230769226
-0.9830769230769231
-0.9841025641025641
-0.9885470085470083
-0.9823931623931621
-0.9854700854700854
-0.9817094017094015
-0.9817094017094012
-0.9905982905982907
-0.9876923076923075
-0.9839316239316239
-0.9899145299145302
-0.9856410256410254
-0.9835897435897433
-0.9880341880341881
-0.9851282051282052
-0.9888888888888889
-0.9866666666666665
-0.9839316239316241
-0.9914529914529917
-0.9880341880341881
-0.9917948717948718
-0.9888888888888889
-0.9868376068376065
-0.9868376068376068
-0.9839316239316237
-0.9841025641025639
-0.9868376068376062
-0.9864957264957265
-0.9868376068376072
-0.9888888888888889
-0.984444444444444
-0.9844444444444443
-0.9856410256410256
-0.981880341880342
-0.9871794871794873
-0.9852991452991455
-0.9924786324786325
-0.9875213675213675
-0.9902564102564103
-0.9904273504273503
-0.9876923076923078
-0.9899145299145299
-0.9866666666666667
-0.9852991452991453
-0.9818803418803416
-0.9871794871794868
-0.9902564102564103
-0.990940170940171
-0.9808547008547005
-0.9931623931623932
-0.98991452991453
-0.9830769230769228
-0.985128205128205
-0.9868376068376068
-0.9890598290598291
-0.9871794871794873
-0.9839316239316239
-0.9892307692307696
-0.9861538461538458
-0.9878632478632476
-0.991111111111111
-0.9885470085470083
-0.9863247863247862
-0.9837606837606834
-0.9827350427350428
-0.9866666666666665
-0.9875213675213674
-0.9890598290598291
-0.9844444444444443
-0.9875213675213675
-0.9878632478632479
-0.9900854700854702
-0.9876923076923078
-0.9849572649572647
-0.9866666666666668
-0.9863247863247862
-0.9888888888888892
-0.9882051282051284
-0.9830769230769231
-0.9829059829059829
-0.9827350427350423
-0.9888888888888889
-0.9842735042735039
-0.9834188034188037
-0.9880341880341881
-0.9873504273504274
-0.9758974358974359
-0.987008547008547
-0.9880341880341882
-0.9817094017094018
-0.9873504273504272
-0.9873504273504272
-0.9817094017094017
-0.9841025641025641
-0.9887179487179486
-0.9892307692307692
-0.9876923076923078
-0.9876923076923078
-0.9911111111111108
-0.9899145299145297
-0.9878632478632476
-0.9866666666666667
-0.9866666666666667
-0.9864957264957265
-0.9863247863247862
-0.9834188034188032
-0.9818803418803418
-0.9873504273504272
-0.987008547008547
-0.9839316239316239
-0.9859829059829059
-0.990940170940171
-0.9873504273504274
-0.9909401709401711
-0.9904273504273506
-0.9846153846153846
-0.9926495726495725
-0.9839316239316237
-0.9890598290598289
-0.990769230769231
-0.9870085470085473
-0.9839316239316239
-0.9875213675213675
-0.9876923076923073
-0.9870085470085466
-0.9905982905982907
-0.9882051282051284
-0.9888888888888886
-0.9883760683760683
-0.9907692307692305
-0.9909401709401711
-0.9863247863247862
-0.9864957264957261
-0.9866666666666667
-0.9887179487179486
-0.9856410256410256
-0.9875213675213675
-0.9863247863247866
-0.9808547008547005
-0.9878632478632476
-0.9866666666666668
-0.9866666666666665
-0.9861538461538463
-0.9864957264957265
-0.9866666666666665
-0.9895726495726493
-0.9885470085470085
-0.9854700854700853
-0.985128205128205
-0.9907692307692305
-0.9887179487179486
-0.9940170940170943
-0.9868376068376066
-0.9875213675213675
-0.9914529914529912
-0.9873504273504271
-0.981025641025641
-0.9883760683760685
-0.9854700854700856
-0.9887179487179486
-0.9897435897435901
-0.9900854700854702
-0.987692307692308
-0.9866666666666665
-0.9885470085470085
-0.9892307692307692
-0.9852991452991451
-0.9883760683760682
