-0.949401709401709
-0.9557264957264954
-0.9685470085470083
-0.959487179487179
-0.94068376068376
-0.9557264957264954
-0.9487179487179485
-0.964273504273504
-0.958119658119658
-0.9541880341880336
-0.961196581196581
-0.9502564102564102
-0.9432478632478628
-0.9553846153846147
-0.9569230769230767
-0.9459829059829059
-0.9386324786324785
-0.9483760683760679
-0.9649572649572644
-0.9500854700854696
-0.951452991452991
-0.9535042735042729
-0.9541880341880339
-0.9459829059829051
-0.9579487179487175
-0.9558974358974357
-0.9512820512820507
-0.9485470085470085
-0.9466666666666664
-0.9632478632478632
-0.9454700854700853
-0.9574358974358971
-0.9565811965811959
-0.9333333333333329
-0.9490598290598288
-0.9480341880341878
-0.9512820512820508
-0.9570940170940165
-0.9577777777777773
-0.9490598290598289
-0.9514529914529913
-0.9564102564102566
-0.9594871794871793
-0.9531623931623928
-0.9374358974358973
-0.9463247863247862
-0.9439316239316238
-0.9572649572649573
-0.9507692307692301
-0.9490598290598291
-0.9558974358974354
-0.9290598290598285
-0.9494017094017084
-0.9504273504273497
-0.9557264957264954
-0.9420512820512812
-0.9480341880341878
-0.9557264957264959
-0.9480341880341875
-0.9540170940170936
-0.9524786324786318
-0.9523076923076917
-0.9620512820512815
-0.9613675213675208
-0.9485470085470081
-0.9548717948717941
-0.9514529914529913
-0.9456410256410253
-0.9521367521367512
-0.9444444444444444
-0.953846153846153
-0.956410256410256
-0.9528205128205123
-0.9656410256410252
-0.9521367521367518
-0.9598290598290595
-0.9610256410256409
-0.9582905982905982
-0.9454700854700847
-0.948888888888888
-0.9502564102564097
-0.9550427350427348
-0.9547008547008548
-0.9536752136752135
-0.9523076923076917
-0.9432478632478628
-0.9593162393162394
-0.9555555555555558
-0.9584615384615377
-0.9547008547008549
-0.9502564102564103
-0.9517948717948714
-0.9588034188034182
-0.9439316239316233
-0.95059829059829
-0.9625641025641024
-0.9605128205128204
-0.9553846153846145
-0.9490598290598286
-0.945470085470085
-0.9552136752136746
-0.9552136752136746
-0.948888888888888
-0.9511111111111112
-0.9502564102564096
-0.9495726495726492
-0.9499145299145298
-0.9476923076923075
-0.9464957264957261
-0.9521367521367515
-0.9429059829059827
-0.9473504273504265
-0.954358974358974
-0.9480341880341873
-0.9476923076923066
-0.9625641025641024
-0.9449572649572643
-0.9521367521367515
-0.9492307692307687
-0.9589743589743586
-0.9458119658119654
-0.9632478632478629
-0.9517948717948712
-0.9470085470085462
-0.9555555555555554
-0.955213675213675
-0.9611965811965808
-0.9490598290598289
-0.9524786324786321
-0.9666666666666667
-0.9541880341880339
-0.961196581196581
-0.9459829059829054
-0.9608547008547007
-0.9410256410256407
-0.9502564102564097
-0.939487179487179
-0.9521367521367515
-0.9458119658119651
-0.9646153846153843
-0.9620512820512814
-0.9507692307692304
-0.9523076923076921
-0.9523076923076915
-0.9483760683760679
-0.9478632478632479
-0.9567521367521362
-0.9524786324786322
-0.95076923076923
-0.9634188034188031
-0.9471794871794867
-0.9454700854700845
-0.9533333333333335
-0.9437606837606836
-0.9495726495726493
-0.9514529914529908
-0.9353846153846144
-0.9452991452991447
-0.9598290598290599
-0.9540170940170936
-0.9603418803418801
-0.9567521367521359
-0.9468376068376075
-0.9608547008547002
-0.9341880341880335
-0.9488888888888883
-0.9582905982905984
-0.9582905982905979
-0.9523076923076919
-0.9512820512820512
-0.9499145299145291
-0.9447863247863245
-0.9514529914529911
-0.9432478632478628
-0.9589743589743583
-0.9502564102564096
-0.9437606837606832
-0.9569230769230767
-0.9398290598290596
-0.9536752136752138
-0.9430769230769226
-0.945470085470085
-0.945641025641025
-0.9504273504273497
-0.954358974358974
-0.9444444444444442
-0.9550427350427348
-0.9437606837606834
-0.9519658119658114
-0.9581196581196578
-0.9605128205128203
-0.9427350427350422
