-0.8512820512820505
-0.8210256410256401
-0.8381196581196575
-0.8367521367521359
-0.8092307692307683
-0.8129914529914526
-0.8008547008547002
-0.819487179487179
-0.8670085470085462
-0.7993162393162389
-0.817948717948717
-0.8034188034188029
-0.8352136752136746
-0.8439316239316234
-0.8398290598290594
-0.8186324786324781
-0.8249572649572644
-0.8381196581196578
-0.7923076923076917
-0.8278632478632473
-0.8058119658119651
-0.8198290598290592
-0.8345299145299138
-0.8278632478632474
-0.8377777777777773
-0.7878632478632474
-0.8299145299145295
-0.8418803418803411
-0.813675213675213
-0.8316239316239308
-0.7905982905982898
-0.8567521367521361
-0.8047863247863243
-0.807179487179487
-0.8476923076923076
-0.8459829059829054
-0.8324786324786316
-0.8273504273504266
-0.7863247863247856
-0.7760683760683753
-0.8254700854700846
-0.8083760683760675
-0.8227350427350424
-0.8162393162393158
-0.8393162393162387
-0.8550427350427336
-0.8316239316239311
-0.8338461538461527
-0.8336752136752129
-0.7921367521367512
-0.7834188034188027
-0.7941880341880334
-0.8099145299145295
-0.8165811965811962
-0.8319658119658112
-0.8341880341880334
-0.8071794871794864
-0.8100854700854695
-0.8399999999999994
-0.7972649572649565
-0.8287179487179477
-0.8434188034188023
-0.8411965811965805
-0.818119658119657
-0.8328205128205123
-0.834871794871794
-0.8030769230769227
-0.8063247863247853
-0.8205128205128204
-0.8191452991452987
-0.8114529914529907
-0.8396581196581191
-0.8032478632478627
-0.8261538461538458
-0.8254700854700849
-0.8348717948717949
-0.8170940170940167
-0.831452991452991
-0.8150427350427341
-0.852478632478632
-0.8182905982905977
-0.8362393162393161
-0.8422222222222213
-0.8111111111111103
-0.847521367521367
-0.8350427350427344
-0.8232478632478626
-0.831452991452991
-0.8374358974358965
-0.8485470085470076
-0.8480341880341871
-0.8365811965811966
-0.8206837606837603
-0.8063247863247855
-0.8211965811965806
-0.809230769230769
-0.8292307692307688
-0.8319658119658109
-0.8311111111111107
-0.8418803418803411
-0.8297435897435892
-0.8177777777777773
-0.823760683760683
-0.8278632478632474
-0.8080341880341874
-0.7894017094017087
-0.77076923076923
-0.8312820512820512
-0.8138461538461533
-0.8196581196581192
-0.8117948717948712
-0.8058119658119657
-0.8210256410256404
-0.8321367521367516
-0.8319658119658117
-0.8343589743589737
-0.8252991452991445
-0.8567521367521359
-0.8241025641025637
-0.8437606837606828
-0.817435897435897
-0.8345299145299137
-0.8196581196581191
-0.784615384615384
-0.8124786324786322
-0.8222222222222216
-0.8107692307692301
-0.8314529914529909
-0.8184615384615381
-0.8386324786324781
-0.8264957264957259
-0.815726495726495
-0.8434188034188027
-0.812649572649572
-0.8398290598290594
-0.799145299145299
-0.8241025641025637
-0.8420512820512811
-0.8121367521367516
-0.8094017094017086
-0.8333333333333329
-0.8415384615384608
-0.8114529914529908
-0.8210256410256407
-0.7847863247863242
-0.7851282051282044
-0.8058119658119651
-0.8169230769230766
-0.8239316239316231
-0.8034188034188025
-0.8415384615384608
-0.8319658119658115
-0.8394871794871788
-0.8557264957264944
-0.8177777777777769
-0.7894017094017086
-0.8466666666666661
-0.8061538461538458
-0.8044444444444437
-0.8188034188034186
-0.817606837606837
-0.8141880341880332
-0.7902564102564097
-0.8572649572649567
-0.8290598290598286
-0.8401709401709393
-0.8364102564102558
-0.8321367521367512
-0.7962393162393159
-0.7953846153846148
-0.8350427350427345
-0.8215384615384613
-0.7960683760683752
-0.7863247863247858
-0.8345299145299139
-0.8278632478632475
-0.8323076923076919
-0.8297435897435894
-0.8622222222222213
-0.8401709401709392
-0.8331623931623925
-0.8263247863247855
-0.7936752136752129
-0.8278632478632472
-0.8167521367521356
-0.8403418803418798
-0.8353846153846151
-0.8261538461538454
-0.8324786324786319
-0.8256410256410253
-0.8531623931623928
-0.8601709401709398
