-0.8579487179487173
-0.8552136752136744
-0.8702564102564098
-0.8753846153846149
-0.8776068376068364
-0.8499145299145289
-0.8741880341880337
-0.869572649572649
-0.8541880341880335
-0.861880341880341
-0.8623931623931617
-0.8280341880341878
-0.8736752136752131
-0.8610256410256403
-0.8947008547008541
-0.8280341880341873
-0.8728205128205121
-0.8654700854700841
-0.8683760683760677
-0.8545299145299136
-0.8659829059829057
-0.8545299145299142
-0.8849572649572642
-0.8866666666666663
-0.8511111111111105
-0.8711111111111105
-0.8499145299145289
-0.8789743589743586
-0.8263247863247855
-0.8494017094017084
-0.8608547008547002
-0.8697435897435886
-0.8714529914529908
-0.862905982905982
-0.8452991452991446
-0.8576068376068372
-0.8711111111111103
-0.8569230769230765
-0.8381196581196576
-0.8728205128205123
-0.8629059829059825
-0.8545299145299134
-0.8499145299145292
-0.8678632478632473
-0.8822222222222217
-0.8711111111111103
-0.8420512820512813
-0.843589743589743
-0.8644444444444438
-0.8367521367521358
-0.8659829059829052
-0.8752136752136742
-0.8572649572649563
-0.8803418803418795
-0.884273504273504
-0.8579487179487171
-0.8570940170940163
-0.8825641025641022
-0.8389743589743587
-0.8745299145299138
-0.8483760683760678
-0.8570940170940168
-0.867692307692307
-0.8940170940170934
-0.8714529914529908
-0.8784615384615377
-0.8598290598290589
-0.8753846153846148
-0.904957264957264
-0.8789743589743582
-0.8598290598290586
-0.8565811965811957
-0.8517948717948709
-0.8398290598290591
-0.8552136752136744
-0.8803418803418793
-0.8654700854700849
-0.8461538461538457
-0.8487179487179479
-0.8801709401709396
-0.8543589743589737
-0.8747008547008539
-0.8444444444444437
-0.8905982905982904
-0.8637606837606834
-0.8634188034188025
-0.8784615384615377
-0.8488888888888881
-0.8683760683760677
-0.8357264957264952
-0.8555555555555551
-0.8830769230769221
-0.8736752136752131
-0.8803418803418799
-0.8661538461538456
-0.8558974358974354
-0.8505982905982901
-0.8570940170940168
-0.8921367521367516
-0.8552136752136745
-0.8743589743589733
-0.8548717948717939
-0.8870085470085463
-0.8803418803418798
-0.8562393162393155
-0.8495726495726488
-0.876923076923076
-0.8401709401709395
-0.8341880341880332
-0.8447863247863239
-0.872649572649572
-0.8531623931623923
-0.8468376068376062
-0.8581196581196574
-0.8675213675213669
-0.8490598290598288
-0.8630769230769223
-0.8875213675213667
-0.8664957264957256
-0.8615384615384607
-0.8634188034188027
-0.8752136752136745
-0.8764102564102556
-0.8798290598290589
-0.8553846153846149
-0.8735042735042731
-0.8637606837606828
-0.8524786324786313
-0.8535042735042729
-0.8784615384615374
-0.861880341880341
-0.8740170940170935
-0.8394871794871787
-0.8733333333333324
-0.8528205128205122
-0.8673504273504263
-0.8623931623931619
-0.8700854700854689
-0.863418803418803
-0.8413675213675207
-0.903418803418803
-0.8427350427350422
-0.8894017094017088
-0.821880341880341
-0.8752136752136743
-0.8878632478632469
-0.8340170940170933
-0.8488888888888884
-0.8716239316239313
-0.8526495726495718
-0.8328205128205118
-0.8594871794871786
-0.8647863247863239
-0.8517948717948711
-0.8656410256410249
-0.8593162393162387
-0.8427350427350422
-0.8617094017094009
-0.865811965811965
-0.8897435897435891
-0.8584615384615377
-0.8863247863247853
-0.8924786324786315
-0.8541880341880337
-0.8422222222222215
-0.875726495726495
-0.8764102564102562
-0.8928205128205123
-0.8699145299145289
-0.8406837606837602
-0.8870085470085463
-0.8345299145299139
-0.8560683760683752
-0.8581196581196571
-0.8620512820512818
-0.8294017094017088
-0.8605128205128193
-0.867521367521367
-0.8794871794871786
-0.8844444444444436
-0.8512820512820511
-0.8776068376068372
-0.8721367521367516
-0.8854700854700849
-0.8664957264957258
-0.8598290598290591
-0.8642735042735035
-0.8699145299145289
-0.8924786324786318
-0.8357264957264952
-0.8647863247863233
-0.8829059829059819
