-0.8124786324786318
-0.8083760683760676
-0.8263247863247857
-0.7883760683760684
-0.8246153846153843
-0.777094017094016
-0.8023931623931615
-0.7772649572649565
-0.8153846153846144
-0.8194871794871788
-0.8439316239316232
-0.8128205128205122
-0.8189743589743587
-0.7943589743589738
-0.8030769230769227
-0.8058119658119655
-0.8560683760683757
-0.8114529914529911
-0.7967521367521365
-0.8063247863247855
-0.7894017094017085
-0.8155555555555548
-0.8034188034188025
-0.8220512820512815
-0.8109401709401705
-0.8273504273504269
-0.7936752136752131
-0.7941880341880335
-0.7875213675213668
-0.8336752136752128
-0.8105982905982896
-0.7911111111111105
-0.7789743589743579
-0.8136752136752131
-0.826495726495726
-0.8080341880341876
-0.8294017094017089
-0.7936752136752131
-0.8051282051282043
-0.8126495726495717
-0.8008547008547
-0.789914529914529
-0.7923076923076918
-0.7900854700854697
-0.7912820512820506
-0.8152136752136743
-0.8063247863247858
-0.7981196581196577
-0.805299145299145
-0.8162393162393161
-0.8023931623931617
-0.8252991452991445
-0.8070085470085462
-0.8133333333333329
-0.8164102564102561
-0.8064957264957255
-0.7808547008547004
-0.80051282051282
-0.8305982905982897
-0.7878632478632472
-0.798119658119657
-0.7894017094017086
-0.8140170940170934
-0.8102564102564096
-0.7866666666666657
-0.8082051282051274
-0.8157264957264952
-0.8362393162393152
-0.7921367521367515
-0.8338461538461532
-0.817948717948717
-0.838803418803418
-0.7993162393162385
-0.8145299145299141
-0.8317948717948712
-0.8076923076923072
-0.7970940170940163
-0.8064957264957258
-0.8104273504273499
-0.7970940170940162
-0.8001709401709395
-0.8140170940170934
-0.8511111111111106
-0.8285470085470081
-0.8271794871794866
-0.8124786324786322
-0.8085470085470082
-0.8203418803418795
-0.7870085470085464
-0.8239316239316228
-0.7947008547008542
-0.8030769230769225
-0.7943589743589736
-0.8167521367521363
-0.8052991452991446
-0.7993162393162391
-0.8208547008547004
-0.8136752136752127
-0.8507692307692305
-0.7947008547008537
-0.7989743589743583
-0.8227350427350416
-0.8259829059829054
-0.8068376068376062
-0.8191452991452987
-0.7861538461538461
-0.8210256410256404
-0.811452991452991
-0.8015384615384606
-0.8066666666666663
-0.8264957264957256
-0.7996581196581188
-0.8299145299145295
-0.8099145299145291
-0.7993162393162383
-0.8124786324786316
-0.8095726495726493
-0.82017094017094
-0.7852991452991447
-0.8105982905982902
-0.7996581196581192
-0.774529914529914
-0.827692307692307
-0.8263247863247856
-0.784273504273504
-0.7964102564102556
-0.8047863247863245
-0.8165811965811955
-0.7656410256410248
-0.8056410256410248
-0.8158974358974352
-0.7743589743589738
-0.8215384615384609
-0.8061538461538454
-0.8064957264957258
-0.8211965811965805
-0.8148717948717942
-0.8027350427350419
-0.7841025641025638
-0.7582905982905975
-0.8494017094017084
-0.7834188034188031
-0.8340170940170931
-0.8097435897435891
-0.8189743589743587
-0.8071794871794865
-0.7974358974358968
-0.842564102564102
-0.8215384615384611
-0.818461538461538
-0.8278632478632472
-0.8003418803418797
-0.8266666666666656
-0.7979487179487179
-0.8023931623931615
-0.8268376068376065
-0.7454700854700851
-0.7861538461538458
-0.8323076923076914
-0.798632478632478
-0.8287179487179479
-0.8188034188034183
-0.8217094017094007
-0.8112820512820503
-0.7976068376068371
-0.8189743589743583
-0.8288888888888878
-0.789743589743589
-0.7615384615384609
-0.8034188034188022
-0.7887179487179484
-0.8023931623931617
-0.7933333333333329
-0.8382905982905977
-0.8177777777777772
-0.8244444444444436
-0.814358974358974
-0.8307692307692303
-0.8229059829059822
-0.7909401709401702
-0.7981196581196577
-0.7805128205128201
-0.8244444444444434
-0.8223931623931616
-0.7767521367521355
-0.8244444444444434
-0.8507692307692301
-0.8071794871794867
-0.7972649572649572
-0.8025641025641015
-0.7947008547008544
-0.8141880341880334
