-0.7176068376068372
-0.7451282051282047
-0.72034188034188
-0.7326495726495725
-0.7466666666666664
-0.6849572649572645
-0.7194871794871791
-0.6815384615384611
-0.7680341880341875
-0.7121367521367515
-0.6943589743589739
-0.7123076923076916
-0.7582905982905975
-0.7415384615384611
-0.6266666666666664
-0.6957264957264955
-0.7336752136752132
-0.7015384615384613
-0.7596581196581191
-0.7444444444444436
-0.7305982905982902
-0.7423931623931618
-0.7133333333333329
-0.74034188034188
-0.7345299145299136
-0.7540170940170936
-0.7143589743589739
-0.7169230769230769
-0.694358974358974
-0.6841025641025636
-0.7294017094017091
-0.7441025641025637
-0.7384615384615377
-0.7386324786324782
-0.7196581196581194
-0.7112820512820508
-0.7037606837606832
-0.6830769230769224
-0.7852991452991449
-0.676410256410256
-0.7311111111111107
-0.7750427350427345
-0.7052991452991448
-0.7466666666666661
-0.7447863247863242
-0.7492307692307688
-0.7589743589743583
-0.7535042735042728
-0.6818803418803421
-0.731452991452991
-0.768205128205128
-0.7545299145299144
-0.687521367521367
-0.6895726495726493
-0.7167521367521363
-0.7311111111111107
-0.6875213675213668
-0.7716239316239312
-0.6890598290598284
-0.6979487179487173
-0.7085470085470084
-0.758461538461538
-0.7504273504273499
-0.7487179487179481
-0.7150427350427342
-0.7157264957264954
-0.7347008547008534
-0.7594871794871786
-0.7176068376068373
-0.729572649572649
-0.7061538461538457
-0.7569230769230763
-0.698632478632478
-0.7418803418803418
-0.7162393162393158
-0.7599999999999996
-0.7377777777777772
-0.709401709401709
-0.7447863247863241
-0.7126495726495723
-0.7473504273504272
-0.7295726495726488
-0.7102564102564097
-0.6866666666666658
-0.6784615384615381
-0.7410256410256404
-0.7013675213675209
-0.6933333333333328
-0.7437606837606833
-0.72051282051282
-0.6839316239316238
-0.6960683760683757
-0.719316239316239
-0.7234188034188028
-0.7485470085470083
-0.7259829059829054
-0.728547008547008
-0.6972649572649567
-0.763931623931623
-0.7092307692307688
-0.7741880341880337
-0.7261538461538458
-0.7261538461538458
-0.7283760683760678
-0.7618803418803413
-0.6873504273504268
-0.7548717948717942
-0.6871794871794868
-0.7189743589743584
-0.7516239316239307
-0.6717948717948714
-0.694358974358974
-0.7311111111111105
-0.7035897435897434
-0.7353846153846149
-0.7287179487179485
-0.7104273504273502
-0.684444444444444
-0.7312820512820506
-0.7523076923076919
-0.732478632478632
-0.739316239316239
-0.6938461538461539
-0.7297435897435895
-0.7357264957264953
-0.7094017094017089
-0.6700854700854695
-0.6969230769230766
-0.7492307692307687
-0.709230769230769
-0.6931623931623927
-0.7439316239316234
-0.7158974358974357
-0.7100854700854697
-0.7726495726495723
-0.7063247863247856
-0.7447863247863241
-0.7535042735042726
-0.7311111111111105
-0.7162393162393157
-0.7104273504273502
-0.7505982905982898
-0.7010256410256407
-0.7430769230769224
-0.7622222222222214
-0.7389743589743585
-0.7429059829059823
-0.7377777777777774
-0.7625641025641019
-0.7596581196581195
-0.7042735042735041
-0.7432478632478628
-0.7533333333333325
-0.7013675213675211
-0.7379487179487176
-0.7109401709401713
-0.6977777777777774
-0.7140170940170939
-0.7305982905982901
-0.7001709401709396
-0.7138461538461535
-0.7282051282051278
-0.7417094017094017
-0.757264957264957
-0.737264957264957
-0.6900854700854693
-0.6880341880341878
-0.6950427350427347
-0.6962393162393157
-0.7500854700854698
-0.7157264957264952
-0.731623931623931
-0.7230769230769222
-0.7124786324786321
-0.7042735042735037
-0.71025641025641
-0.6641025641025639
-0.7222222222222215
-0.6694017094017091
-0.6960683760683759
-0.7263247863247856
-0.7039316239316237
-0.6820512820512817
-0.69059829059829
-0.6861538461538457
-0.6815384615384611
-0.7018803418803418
-0.7073504273504271
-0.6950427350427344
-0.7577777777777773
-0.7492307692307687
-0.713333333333333
