-0.7417094017094017
-0.7415384615384613
-0.7762393162393156
-0.6666666666666664
-0.7907692307692297
-0.7562393162393156
-0.7476923076923072
-0.7702564102564102
-0.6902564102564103
-0.7427350427350425
-0.7596581196581191
-0.7750427350427347
-0.6996581196581192
-0.7560683760683755
-0.799658119658119
-0.7398290598290591
-0.7794871794871786
-0.7164102564102559
-0.7673504273504268
-0.7776068376068366
-0.7345299145299141
-0.7540170940170933
-0.7523076923076918
-0.7529914529914523
-0.7464957264957255
-0.7649572649572642
-0.775042735042735
-0.7849572649572647
-0.7593162393162388
-0.7312820512820505
-0.7290598290598287
-0.699658119658119
-0.7733333333333329
-0.7223931623931621
-0.7413675213675209
-0.7466666666666659
-0.7591452991452986
-0.6981196581196575
-0.7230769230769222
-0.7577777777777774
-0.7294017094017091
-0.729401709401709
-0.774188034188034
-0.7782905982905975
-0.701367521367521
-0.7049572649572645
-0.7507692307692302
-0.7425641025641019
-0.7632478632478623
-0.7690598290598287
-0.6952136752136744
-0.7603418803418798
-0.7273504273504269
-0.7070085470085463
-0.7222222222222217
-0.7294017094017091
-0.753846153846153
-0.7589743589743585
-0.769401709401709
-0.7545299145299141
-0.7135042735042731
-0.7309401709401704
-0.7471794871794867
-0.7251282051282044
-0.7364102564102563
-0.7589743589743585
-0.7543589743589737
-0.7254700854700848
-0.7666666666666663
-0.7690598290598283
-0.7647863247863236
-0.7259829059829056
-0.7343589743589738
-0.7198290598290592
-0.7492307692307685
-0.7319658119658117
-0.7728205128205122
-0.7458119658119658
-0.7271794871794868
-0.6861538461538457
-0.7292307692307683
-0.7148717948717943
-0.7165811965811962
-0.7646153846153838
-0.6811965811965806
-0.7909401709401702
-0.7287179487179479
-0.736581196581196
-0.7598290598290592
-0.7394871794871789
-0.738119658119658
-0.7135042735042728
-0.7242735042735039
-0.7360683760683758
-0.7092307692307692
-0.742222222222222
-0.7834188034188029
-0.7381196581196574
-0.7574358974358971
-0.6663247863247861
-0.797435897435897
-0.7823931623931614
-0.7618803418803416
-0.7471794871794868
-0.7535042735042731
-0.7287179487179479
-0.723418803418803
-0.7391452991452985
-0.721367521367521
-0.7374358974358965
-0.7418803418803411
-0.7673504273504269
-0.7490598290598285
-0.7169230769230766
-0.7685470085470083
-0.7309401709401704
-0.7999999999999997
-0.7728205128205123
-0.7413675213675212
-0.7570940170940162
-0.7550427350427347
-0.767350427350427
-0.748717948717948
-0.787692307692307
-0.7432478632478625
-0.7470085470085465
-0.7415384615384609
-0.7781196581196578
-0.7295726495726493
-0.7584615384615383
-0.7381196581196575
-0.709743589743589
-0.7726495726495721
-0.7376068376068372
-0.7552136752136749
-0.7316239316239307
-0.7694017094017085
-0.7697435897435894
-0.7649572649572642
-0.7664957264957256
-0.777777777777777
-0.7282051282051273
-0.7198290598290598
-0.7552136752136744
-0.7316239316239308
-0.7329914529914521
-0.7500854700854699
-0.7565811965811959
-0.7411965811965808
-0.7058119658119656
-0.7377777777777772
-0.7608547008547005
-0.742393162393162
-0.7490598290598283
-0.7811965811965806
-0.7820512820512814
-0.7835897435897426
-0.7528205128205121
-0.7526495726495722
-0.7473504273504272
-0.8136752136752129
-0.7615384615384612
-0.7603418803418797
-0.7406837606837604
-0.7658119658119648
-0.7659829059829051
-0.7690598290598285
-0.756239316239316
-0.7623931623931619
-0.7837606837606832
-0.7273504273504268
-0.7437606837606833
-0.765641025641025
-0.7360683760683755
-0.725299145299145
-0.7466666666666667
-0.7519658119658119
-0.757606837606837
-0.7738461538461532
-0.7283760683760674
-0.7598290598290592
-0.7052991452991451
-0.7639316239316227
-0.7880341880341881
-0.7423931623931621
-0.7786324786324776
-0.7499145299145291
-0.7654700854700851
-0.7399999999999992
-0.7169230769230763
-0.7471794871794866
-0.7721367521367513
