-0.21777777777777776
-0.2753846153846153
-0.22034188034188024
-0.2670085470085469
-0.37658119658119665
-0.28324786324786305
-0.2670085470085468
-0.36136752136752137
-0.27076923076923065
-0.31418803418803404
-0.2793162393162394
-0.23794871794871786
-0.3205128205128204
-0.2923076923076921
-0.30529914529914526
-0.23213675213675203
-0.20752136752136743
-0.2442735042735042
-0.21692307692307689
-0.25572649572649564
-0.2952136752136752
-0.3278632478632478
-0.3044444444444445
-0.30495726495726494
-0.26512820512820523
-0.2965811965811966
-0.27538461538461545
-0.20820512820512807
-0.24495726495726478
-0.26034188034188027
-0.2974358974358974
-0.2692307692307692
-0.3061538461538461
-0.33401709401709406
-0.2579487179487182
-0.255042735042735
-0.11931623931623925
-0.26529914529914506
-0.19452991452991436
-0.26102564102564113
-0.32854700854700875
-0.2164102564102563
-0.35521367521367525
-0.17948717948717943
-0.3266666666666667
-0.22341880341880327
-0.39299145299145294
-0.2767521367521366
-0.2772649572649572
-0.3297435897435898
-0.28666666666666674
-0.26444444444444454
-0.29145299145299136
-0.3377777777777777
-0.23914529914529917
-0.3752136752136754
-0.28940170940170945
-0.2034188034188033
-0.19606837606837585
-0.17111111111111107
-0.24991452991452992
-0.2760683760683759
-0.272991452991453
-0.37863247863247856
-0.2641025641025641
-0.25863247863247874
-0.3126495726495725
-0.29777777777777764
-0.2533333333333335
-0.3167521367521367
-0.19059829059829048
-0.37264957264957266
-0.28376068376068386
-0.1808547008547008
-0.2996581196581198
-0.27247863247863224
-0.30991452991453006
-0.3456410256410256
-0.3475213675213678
-0.21897435897435888
-0.33538461538461534
-0.29538461538461536
-0.28119658119658136
-0.3206837606837606
-0.2654700854700854
-0.35367521367521365
-0.30512820512820527
-0.32974358974358975
-0.294188034188034
-0.3671794871794872
-0.33213675213675214
-0.2882051282051283
-0.26119658119658096
-0.18598290598290598
-0.24769230769230755
-0.3357264957264959
-0.2599999999999999
-0.3364102564102565
-0.18581196581196585
-0.2849572649572647
-0.23521367521367523
-0.368888888888889
-0.29299145299145296
-0.2145299145299144
-0.3217094017094017
-0.3006837606837606
-0.3970940170940172
-0.30547008547008553
-0.316752136752137
-0.18957264957264944
-0.2738461538461538
-0.2664957264957263
-0.31452991452991463
-0.26188034188034176
-0.12854700854700854
-0.38700854700854703
-0.3244444444444444
-0.3088888888888889
-0.33965811965811965
-0.34871794871794864
-0.27623931623931625
-0.3673504273504271
-0.2273504273504274
-0.41658119658119647
-0.25948717948717964
-0.3444444444444445
-0.33111111111111113
-0.2574358974358974
-0.10068376068376063
-0.34461538461538455
-0.20786324786324767
-0.3222222222222222
-0.28991452991453
-0.2620512820512818
-0.2502564102564101
-0.29641025641025626
-0.309059829059829
-0.36034188034188047
-0.29846153846153833
-0.28119658119658114
-0.2588034188034186
-0.26683760683760677
-0.28649572649572635
-0.23931623931623933
-0.23623931623931635
-0.24940170940170944
-0.2215384615384614
-0.22666666666666652
-0.3712820512820513
-0.3769230769230769
-0.25384615384615383
-0.3420512820512822
-0.1405128205128205
-0.1757264957264958
-0.4129914529914529
-0.16136752136752128
-0.23743589743589733
-0.2538461538461539
-0.25726495726495713
-0.24923076923076926
-0.31111111111111117
-0.2981196581196581
-0.31982905982905985
-0.3025641025641026
-0.2924786324786326
-0.23965811965811967
-0.27162393162393156
-0.3158974358974359
-0.2752136752136751
-0.43675213675213675
-0.2526495726495727
-0.3268376068376066
-0.3076923076923077
-0.28
-0.2714529914529912
-0.2782905982905982
-0.30820512820512813
-0.3376068376068374
-0.3164102564102566
-0.2815384615384615
-0.2502564102564103
-0.36820512820512846
-0.25350427350427346
-0.196068376068376
-0.385982905982906
-0.21948717948717936
-0.2543589743589743
-0.2921367521367522
-0.3461538461538462
-0.36547008547008547
-0.19111111111111112
-0.33025641025641017
