-0.5061538461538462
-0.5025641025641022
-0.4642735042735045
-0.5140170940170941
-0.5335042735042733
-0.536752136752137
-0.5574358974358973
-0.4517948717948717
-0.4389743589743591
-0.5068376068376066
-0.5552136752136747
-0.5290598290598288
-0.44547008547008543
-0.4846153846153846
-0.4965811965811964
-0.5164102564102564
-0.5283760683760683
-0.4263247863247864
-0.4649572649572648
-0.505982905982906
-0.4803418803418801
-0.572136752136752
-0.5155555555555554
-0.5459829059829058
-0.5581196581196582
-0.4637606837606837
-0.46786324786324796
-0.541025641025641
-0.5794871794871792
-0.5976068376068374
-0.5382905982905981
-0.5064957264957264
-0.5052991452991451
-0.49111111111111105
-0.5105982905982905
-0.5194871794871795
-0.45076923076923064
-0.4810256410256409
-0.5203418803418803
-0.5497435897435895
-0.5432478632478631
-0.49333333333333296
-0.5384615384615384
-0.49982905982905995
-0.5018803418803421
-0.576239316239316
-0.49076923076923085
-0.4422222222222224
-0.5316239316239314
-0.5297435897435898
-0.5367521367521367
-0.536068376068376
-0.5736752136752137
-0.5152136752136748
-0.4586324786324788
-0.5211965811965814
-0.5818803418803417
-0.5252991452991455
-0.5056410256410256
-0.5099145299145299
-0.5234188034188032
-0.5135042735042736
-0.5873504273504273
-0.4936752136752137
-0.45418803418803405
-0.5567521367521363
-0.5608547008547007
-0.5006837606837606
-0.5217094017094013
-0.48957264957264957
-0.5217094017094016
-0.5538461538461535
-0.4888888888888886
-0.5049572649572648
-0.4919658119658116
-0.4685470085470085
-0.47418803418803396
-0.5473504273504274
-0.5505982905982901
-0.5712820512820509
-0.4695726495726498
-0.4882051282051279
-0.4620512820512823
-0.5740170940170941
-0.4637606837606836
-0.556923076923077
-0.5035897435897436
-0.4929914529914526
-0.5328205128205127
-0.4917948717948719
-0.4977777777777777
-0.5847863247863248
-0.5275213675213675
-0.48444444444444446
-0.5157264957264956
-0.5044444444444446
-0.4705982905982904
-0.4948717948717947
-0.36205128205128206
-0.4360683760683759
-0.5555555555555554
-0.4374358974358975
-0.508034188034188
-0.5417094017094015
-0.5023931623931622
-0.6095726495726496
-0.4304273504273502
-0.43333333333333307
-0.4984615384615385
-0.5143589743589742
-0.5034188034188031
-0.4958974358974359
-0.5329914529914525
-0.4916239316239316
-0.41333333333333305
-0.5497435897435898
-0.5423931623931623
-0.500683760683761
-0.5211965811965813
-0.5806837606837606
-0.5292307692307692
-0.5500854700854696
-0.5034188034188034
-0.5087179487179485
-0.47538461538461535
-0.5463247863247865
-0.541025641025641
-0.5694017094017093
-0.5011965811965811
-0.5557264957264955
-0.5261538461538462
-0.5514529914529916
-0.4032478632478634
-0.5280341880341879
-0.5611965811965811
-0.47726495726495727
-0.5608547008547008
-0.5847863247863248
-0.5393162393162396
-0.5182905982905981
-0.5627350427350429
-0.4969230769230766
-0.504615384615385
-0.5167521367521368
-0.4523076923076922
-0.5348717948717946
-0.45008547008546995
-0.3999999999999999
-0.5032478632478634
-0.4991452991452995
-0.5485470085470083
-0.5618803418803415
-0.5343589743589741
-0.5006837606837609
-0.5184615384615384
-0.5126495726495724
-0.629059829059829
-0.5888888888888884
-0.5328205128205126
-0.478119658119658
-0.501025641025641
-0.5037606837606838
-0.5251282051282049
-0.5242735042735042
-0.524957264957265
-0.49076923076923096
-0.5278632478632477
-0.5229059829059824
-0.4735042735042735
-0.5606837606837604
-0.5015384615384613
-0.5545299145299144
-0.5263247863247863
-0.4940170940170941
-0.4634188034188034
-0.5398290598290598
-0.5603418803418805
-0.5427350427350426
-0.47589743589743594
-0.5627350427350426
-0.4666666666666667
-0.537948717948718
-0.5237606837606839
-0.512991452991453
-0.4986324786324787
-0.48888888888888904
-0.4904273504273506
-0.5073504273504275
-0.4916239316239316
-0.3993162393162393
-0.4820512820512818
-0.49059829059829063
