0.36034188034188025
0.38358974358974357
0.36512820512820504
0.36564102564102574
0.49299145299145286
0.4017094017094014
0.4058119658119659
0.40615384615384625
0.43042735042735036
0.444957264957265
0.42666666666666647
0.36871794871794883
0.4497435897435897
0.4444444444444443
0.44632478632478645
0.4543589743589745
0.4430769230769232
0.4347008547008548
0.4211965811965814
0.424957264957265
0.3418803418803419
0.45504273504273507
0.35589743589743594
0.3617094017094019
0.4928205128205126
0.3275213675213676
0.33692307692307666
0.3827350427350426
0.4502564102564102
0.3952136752136755
0.3485470085470087
0.4594871794871795
0.4384615384615385
0.4547008547008543
0.4399999999999999
0.3482051282051282
0.3880341880341881
0.462222222222222
0.37606837606837606
0.3818803418803421
0.34427350427350434
0.46598290598290615
0.3191452991452991
0.37299145299145287
0.4777777777777778
0.3817094017094016
0.46529914529914523
0.3032478632478634
0.4516239316239313
0.4519658119658121
0.3524786324786325
0.4135042735042735
0.45452991452991415
0.461880341880342
0.42512820512820526
0.43572649572649585
0.36803418803418797
0.4208547008547006
0.35282051282051297
0.38307692307692287
0.3984615384615382
0.3512820512820513
0.3613675213675213
0.27128205128205146
0.4878632478632478
0.42598290598290606
0.33931623931623917
0.35230769230769227
0.4781196581196581
0.3700854700854697
0.33999999999999997
0.34324786324786316
0.33658119658119645
0.5068376068376066
0.3646153846153846
0.2988034188034187
0.504957264957265
0.3673504273504273
0.361025641025641
0.33880341880341885
0.3994871794871795
0.40940170940170945
0.381025641025641
0.4343589743589742
0.3302564102564103
0.44461538461538463
0.41777777777777764
0.32905982905982906
0.42427350427350413
0.42803418803418813
0.41418803418803435
0.4196581196581195
0.42205128205128195
0.42495726495726466
0.42632478632478626
0.4439316239316238
0.35367521367521365
0.47709401709401705
0.42341880341880345
0.40700854700854683
0.43794871794871776
0.4005128205128204
0.4418803418803416
0.47829059829059845
0.36119658119658116
0.38085470085470075
0.4622222222222222
0.36170940170940175
0.3940170940170939
0.30957264957264974
0.3083760683760684
0.4287179487179488
0.3165811965811965
0.3150427350427351
0.3232478632478632
0.31196581196581186
0.4524786324786323
0.3765811965811966
0.37299145299145303
0.26478632478632474
0.39948717948717954
0.4494017094017093
0.47230769230769226
0.3261538461538461
0.4642735042735042
0.334017094017094
0.3557264957264956
0.44854700854700874
0.43829059829059813
0.3543589743589744
0.3073504273504275
0.43675213675213675
0.4717948717948719
0.36256410256410265
0.4482051282051282
0.4509401709401707
0.4588034188034185
0.5094017094017093
0.40803418803418784
0.3473504273504273
0.4097435897435896
0.36786324786324803
0.3687179487179488
0.3682051282051282
0.3526495726495726
0.42461538461538456
0.4531623931623928
0.4082051282051282
0.46529914529914523
0.40854700854700843
0.45641025641025623
0.38735042735042735
0.4514529914529915
0.4160683760683758
0.3415384615384615
0.3796581196581197
0.42700854700854707
0.42495726495726466
0.4769230769230768
0.3981196581196584
0.4064957264957267
0.3278632478632477
0.3423931623931623
0.4326495726495725
0.39076923076923065
0.41025641025641024
0.3899145299145301
0.3528205128205127
0.4022222222222221
0.31094017094017107
0.42222222222222217
0.4475213675213679
0.4305982905982907
0.3446153846153846
0.3926495726495725
0.3427350427350427
0.37726495726495735
0.4102564102564101
0.4716239316239315
0.464786324786325
0.37829059829059813
0.4331623931623932
0.42239316239316255
0.3902564102564102
0.4112820512820512
0.42341880341880334
0.4046153846153844
0.3767521367521368
0.39794871794871794
0.40222222222222215
0.28581196581196583
0.3844444444444444
