0.6246153846153847
0.6112820512820512
0.6953846153846149
0.676068376068376
0.6075213675213674
0.6878632478632476
0.6304273504273505
0.6528205128205122
0.6328205128205127
0.5994871794871792
0.5680341880341878
0.6193162393162389
0.6719658119658115
0.6140170940170936
0.6458119658119655
0.6437606837606836
0.6599999999999997
0.6143589743589744
0.6083760683760683
0.6105982905982905
0.6263247863247859
0.5803418803418803
0.6237606837606834
0.6909401709401708
0.5969230769230764
0.5594871794871796
0.6211965811965812
0.6523076923076917
0.6242735042735038
0.6177777777777774
0.6199999999999992
0.6748717948717944
0.6410256410256407
0.5572649572649572
0.6034188034188032
0.6494017094017089
0.654529914529914
0.5870085470085469
0.6683760683760683
0.6006837606837604
0.6227350427350429
0.6225641025641024
0.6251282051282051
0.671452991452991
0.6064957264957263
0.6088888888888887
0.6499145299145297
0.6138461538461535
0.6222222222222222
0.6165811965811966
0.6379487179487179
0.5846153846153841
0.6473504273504269
0.6570940170940167
0.5755555555555553
0.663076923076923
0.6466666666666664
0.5892307692307687
0.5300854700854699
0.6463247863247861
0.6172649572649569
0.6254700854700851
0.6494017094017096
0.6266666666666664
0.6480341880341879
0.6341880341880338
0.6047863247863244
0.5953846153846151
0.6136752136752137
0.6343589743589741
0.5770940170940169
0.5668376068376064
0.6008547008547008
0.6109401709401712
0.69059829059829
0.5176068376068378
0.5854700854700852
0.6545299145299142
0.639145299145299
0.6047863247863247
0.6842735042735039
0.6229059829059826
0.6432478632478632
0.6861538461538459
0.6340170940170938
0.6275213675213673
0.5452991452991452
0.6206837606837606
0.6547008547008542
0.5735042735042736
0.6177777777777773
0.5875213675213673
0.6507692307692307
0.6140170940170937
0.6295726495726495
0.6606837606837604
0.5668376068376069
0.6420512820512817
0.5858119658119657
0.703589743589743
0.6287179487179485
0.6630769230769229
0.6673504273504272
0.5570940170940166
0.6446153846153839
0.5622222222222221
0.6500854700854695
0.661196581196581
0.6095726495726489
0.6235897435897435
0.5894017094017088
0.6297435897435897
0.6976068376068374
0.6517948717948715
0.628205128205128
0.6760683760683757
0.6297435897435893
0.6211965811965807
0.5851282051282046
0.6203418803418804
0.6502564102564098
0.6827350427350425
0.5984615384615379
0.64034188034188
0.6972649572649571
0.6242735042735041
0.5647863247863248
0.6085470085470084
0.6599999999999998
0.5620512820512819
0.6237606837606836
0.629230769230769
0.6858119658119654
0.6042735042735038
0.6138461538461535
0.5704273504273502
0.6323076923076917
0.7087179487179481
0.6251282051282044
0.5953846153846153
0.6143589743589742
0.6451282051282049
0.6772649572649565
0.7001709401709401
0.6423931623931618
0.647521367521367
0.5965811965811968
0.6285470085470084
0.6314529914529914
0.6162393162393162
0.6386324786324786
0.6741880341880337
0.6114529914529909
0.6476923076923072
0.6283760683760684
0.6336752136752134
0.6533333333333331
0.6058119658119655
0.6261538461538461
0.6305982905982904
0.5791452991452988
0.6671794871794867
0.6377777777777776
0.6177777777777776
0.6165811965811963
0.6651282051282048
0.6164102564102562
0.6213675213675214
0.542222222222222
0.6630769230769227
0.6473504273504269
0.6512820512820513
0.5692307692307691
0.5760683760683762
0.6579487179487175
0.5815384615384613
0.6507692307692305
0.5842735042735042
0.6273504273504271
0.6140170940170934
0.6087179487179484
0.6184615384615382
0.6562393162393159
0.679316239316239
0.6362393162393162
0.6251282051282049
0.6762393162393161
0.6552136752136748
0.6234188034188031
0.5589743589743583
0.5709401709401707
0.6172649572649573
