0.5497435897435896
0.5806837606837606
0.5854700854700856
0.4810256410256407
0.5806837606837605
0.6210256410256403
0.5562393162393161
0.5767521367521367
0.5967521367521363
0.558290598290598
0.6278632478632474
0.5748717948717951
0.6177777777777778
0.6211965811965807
0.5411965811965808
0.47042735042735007
0.5835897435897431
0.5976068376068377
0.6396581196581193
0.5747008547008546
0.5748717948717945
0.5215384615384615
0.6345299145299144
0.6413675213675207
0.6492307692307688
0.5767521367521364
0.5938461538461537
0.6384615384615383
0.6415384615384614
0.5911111111111109
0.6666666666666662
0.5784615384615384
0.6560683760683759
0.6111111111111107
0.5297435897435898
0.6223931623931621
0.524102564102564
0.5979487179487176
0.5808547008547006
0.5765811965811963
0.6258119658119652
0.6018803418803416
0.6094017094017092
0.5434188034188034
0.6211965811965807
0.5213675213675211
0.5439316239316238
0.623076923076923
0.5723076923076922
0.5999999999999996
0.573162393162393
0.5799999999999996
0.5427350427350426
0.6035897435897436
0.6336752136752133
0.5331623931623927
0.5664957264957261
0.5364102564102561
0.621538461538461
0.506837606837607
0.5762393162393162
0.603760683760684
0.6058119658119653
0.5011965811965814
0.47623931623931637
0.573846153846154
0.5384615384615381
0.5347008547008543
0.5798290598290596
0.5904273504273503
0.4952136752136753
0.5470085470085468
0.5485470085470083
0.6064957264957261
0.5938461538461536
0.5046153846153846
0.5909401709401703
0.5957264957264954
0.5823931623931622
0.5317948717948717
0.5699145299145294
0.6080341880341875
0.5531623931623932
0.6398290598290594
0.5839316239316237
0.5439316239316239
0.5268376068376068
0.68
0.625128205128205
0.5652991452991452
0.6114529914529913
0.6724786324786326
0.5252991452991449
0.6297435897435892
0.5656410256410256
0.5523076923076916
0.602564102564102
0.6403418803418802
0.5326495726495727
0.557435897435897
0.6167521367521367
0.5999999999999999
0.60017094017094
0.6225641025641024
0.5810256410256405
0.584273504273504
0.5712820512820512
0.6075213675213673
0.5873504273504275
0.5878632478632478
0.6548717948717947
0.6160683760683757
0.6598290598290596
0.5511111111111111
0.5907692307692307
0.6343589743589743
0.5866666666666664
0.6348717948717947
0.6029059829059824
0.607350427350427
0.5705982905982901
0.5705982905982904
0.633504273504273
0.5432478632478627
0.5584615384615378
0.6186324786324783
0.6198290598290594
0.5495726495726494
0.5658119658119654
0.6135042735042733
0.658290598290598
0.6639316239316233
0.6423931623931619
0.6294017094017093
0.5389743589743591
0.6013675213675214
0.575384615384615
0.5128205128205128
0.5841025641025638
0.5835897435897431
0.5755555555555554
0.5839316239316236
0.5852991452991451
0.634188034188034
0.5878632478632474
0.5851282051282051
0.6059829059829059
0.5890598290598287
0.597094017094017
0.6205128205128205
0.59042735042735
0.6302564102564099
0.559145299145299
0.6189743589743589
0.5962393162393159
0.5417094017094012
0.5989743589743588
0.5680341880341877
0.5588034188034189
0.5682051282051277
0.5384615384615383
0.6302564102564101
0.6032478632478631
0.6011965811965813
0.6570940170940166
0.6488888888888886
0.5239316239316235
0.529059829059829
0.6095726495726494
0.5894017094017092
0.582564102564102
0.5634188034188035
0.5381196581196576
0.5365811965811964
0.5818803418803417
0.5540170940170941
0.609059829059829
0.5890598290598289
0.6232478632478629
0.5803418803418805
0.6514529914529912
0.504102564102564
0.694529914529914
0.5695726495726493
0.5994871794871792
0.6374358974358972
0.6117948717948715
0.6574358974358974
0.5576068376068376
0.6328205128205128
0.5550427350427349
0.537264957264957
