0.8294017094017089
0.8625641025641017
0.7707692307692302
0.8300854700854697
0.8249572649572644
0.8620512820512813
0.8165811965811961
0.7909401709401701
0.8399999999999994
0.8389743589743581
0.8254700854700844
0.8495726495726492
0.8165811965811962
0.8641025641025635
0.8699145299145292
0.8177777777777772
0.8317948717948714
0.8434188034188033
0.8355555555555552
0.8058119658119651
0.8083760683760679
0.8536752136752133
0.8475213675213671
0.8429059829059822
0.8781196581196574
0.8642735042735035
0.8247863247863241
0.8473504273504266
0.8499145299145295
0.8244444444444442
0.8358974358974353
0.8133333333333328
0.7788034188034184
0.8458119658119656
0.8688888888888887
0.8097435897435891
0.8264957264957264
0.8449572649572644
0.8504273504273501
0.846837606837606
0.8442735042735033
0.8203418803418799
0.8685470085470081
0.8379487179487174
0.7988034188034181
0.8406837606837602
0.8464957264957259
0.8547008547008543
0.831452991452991
0.8323076923076917
0.8261538461538458
0.834358974358974
0.8591452991452987
0.8651282051282045
0.8360683760683759
0.8083760683760678
0.8292307692307687
0.8177777777777772
0.8153846153846148
0.8685470085470083
0.8312820512820509
0.8285470085470084
0.8733333333333327
0.8743589743589738
0.8398290598290594
0.8528205128205122
0.8476923076923067
0.8358974358974351
0.8071794871794867
0.8022222222222221
0.8791452991452985
0.8581196581196574
0.8574358974358969
0.8372649572649568
0.8541880341880335
0.8386324786324781
0.8620512820512812
0.8304273504273502
0.8685470085470075
0.864273504273504
0.8138461538461534
0.8285470085470081
0.8041025641025636
0.8411965811965806
0.8300854700854697
0.8570940170940168
0.7680341880341874
0.871282051282051
0.8403418803418797
0.825470085470085
0.8757264957264954
0.8290598290598287
0.8654700854700849
0.8070085470085466
0.8422222222222213
0.8829059829059823
0.8454700854700848
0.8271794871794867
0.8230769230769226
0.8162393162393154
0.846666666666666
0.8379487179487171
0.8593162393162388
0.8598290598290593
0.8379487179487177
0.8018803418803412
0.8863247863247858
0.8408547008547003
0.816410256410256
0.8324786324786322
0.852649572649572
0.8396581196581198
0.8437606837606831
0.8051282051282042
0.8670085470085466
0.8678632478632475
0.8210256410256404
0.8738461538461532
0.8417094017094015
0.8478632478632474
0.834700854700854
0.8353846153846151
0.8579487179487175
0.8258119658119655
0.8444444444444442
0.8126495726495725
0.8288888888888888
0.818461538461538
0.835555555555555
0.823418803418803
0.8584615384615375
0.8176068376068373
0.8135042735042727
0.8471794871794868
0.8521367521367519
0.8494017094017087
0.7900854700854695
0.8649572649572642
0.7907692307692303
0.838461538461538
0.8435897435897429
0.8097435897435893
0.8447863247863242
0.8147008547008538
0.8464957264957258
0.8434188034188028
0.8552136752136744
0.8100854700854693
0.8326495726495722
0.8483760683760678
0.8316239316239309
0.8345299145299141
0.8459829059829056
0.8270085470085466
0.8540170940170934
0.7947008547008545
0.8461538461538453
0.8273504273504273
0.8336752136752136
0.808205128205128
0.8557264957264952
0.8341880341880341
0.8617094017094015
0.8225641025641024
0.8702564102564095
0.8567521367521362
0.8647863247863241
0.819658119658119
0.8589743589743584
0.835897435897435
0.8367521367521356
0.8495726495726492
0.839829059829059
0.8560683760683755
0.8618803418803415
0.8415384615384612
0.8516239316239311
0.8321367521367518
0.8900854700854696
0.8552136752136748
0.8784615384615375
0.8147008547008542
0.8232478632478623
0.8270085470085464
0.838632478632478
0.8338461538461535
0.8319658119658115
0.8006837606837598
0.8517948717948712
0.8059829059829056
0.8476923076923067
0.7767521367521363
