-0.9970940170940173
-0.9931623931623934
-0.9945299145299146
-0.9962393162393162
-0.9960683760683761
-0.9970940170940173
-0.9960683760683758
-0.999145299145299
-0.9948717948717949
-0.9972649572649571
-0.9953846153846156
-0.9957264957264956
-0.9960683760683763
-0.9970940170940171
-0.9965811965811965
-0.994871794871795
-0.9977777777777779
-0.9938461538461538
-0.9974358974358974
-0.9962393162393162
-0.9962393162393162
-0.995726495726496
-0.995897435897436
-0.9962393162393164
-0.9967521367521368
-0.9960683760683761
-0.9948717948717947
-0.9957264957264957
-0.9970940170940173
-0.9969230769230768
-0.9981196581196582
-0.9945299145299148
-0.9941880341880343
-0.9958974358974357
-0.996923076923077
-0.9960683760683761
-0.9970940170940169
-0.9960683760683761
-0.9947008547008547
-0.9953846153846154
-0.9964102564102564
-0.9986324786324786
-0.9955555555555554
-0.9962393162393162
-0.9965811965811967
-0.996239316239316
-0.9964102564102564
-0.9970940170940169
-0.9952136752136753
-0.9916239316239317
-0.9965811965811965
-0.9976068376068378
-0.9977777777777778
-0.9964102564102564
-0.9947008547008545
-0.9957264957264957
-0.9965811965811967
-0.9962393162393162
-0.9970940170940171
-0.9941880341880343
-0.9955555555555554
-0.994871794871795
-0.9953846153846154
-0.9955555555555556
-0.9955555555555556
-0.9967521367521368
-0.9964102564102564
-0.9964102564102564
-0.996923076923077
-0.9957264957264957
-0.9960683760683763
-0.9964102564102565
-0.9972649572649572
-0.9960683760683761
-0.9964102564102564
-0.9965811965811965
-0.9955555555555554
-0.9947008547008549
-0.995897435897436
-0.9924786324786324
-0.9979487179487179
-0.9972649572649572
-0.9967521367521367
-0.9988034188034189
-0.9943589743589746
-0.9957264957264957
-0.9981196581196582
-0.9957264957264957
-0.995897435897436
-0.9979487179487181
-0.9948717948717949
-0.9982905982905983
-0.9965811965811967
-0.9967521367521367
-0.9965811965811967
-0.9962393162393164
-0.9952136752136751
-0.9974358974358974
-0.9965811965811965
-0.996923076923077
-0.995042735042735
-0.9986324786324786
-0.9941880341880343
-0.993162393162393
-0.9957264957264957
-0.9974358974358974
-0.9955555555555559
-0.9965811965811965
-0.9947008547008545
-0.9988034188034189
-0.9969230769230768
-0.9955555555555554
-0.9967521367521368
-0.9955555555555554
-0.9977777777777778
-0.9938461538461539
-0.995897435897436
-0.9979487179487181
-0.996923076923077
-0.9948717948717949
-0.9957264957264956
-0.9957264957264957
-0.9984615384615387
-0.9948717948717949
-0.9955555555555556
-0.9982905982905983
-0.9976068376068375
-0.9941880341880343
-0.9962393162393164
-0.9948717948717949
-0.9967521367521368
-0.9974358974358976
-0.9964102564102564
-0.9964102564102564
-0.9958974358974357
-0.9976068376068378
-0.9977777777777778
-0.9989743589743589
-0.9974358974358974
-0.9950427350427348
-0.9952136752136755
-0.9962393162393162
-0.995897435897436
-0.9965811965811965
-0.9967521367521367
-0.9970940170940171
-0.9981196581196582
-0.9967521367521368
-0.9953846153846154
-0.994871794871795
-0.9955555555555554
-0.9953846153846154
-0.9970940170940171
-0.9981196581196582
-0.9969230769230768
-0.9964102564102565
-0.9967521367521367
-0.9970940170940169
-0.9986324786324786
-0.9986324786324786
-0.9976068376068375
-0.9989743589743589
-0.9965811965811967
-0.9964102564102565
-0.9974358974358974
-0.9931623931623934
-0.9936752136752136
-0.9938461538461538
-0.9981196581196582
-0.9936752136752134
-0.9943589743589742
-0.9977777777777778
-0.9977777777777778
-0.9970940170940169
-0.996923076923077
-0.9974358974358974
-0.9970940170940169
-0.9931623931623932
-0.9953846153846153
-0.9964102564102564
-0.9974358974358976
-0.9953846153846153
-0.9982905982905985
-0.9970940170940173
-0.9957264957264957
-0.9962393162393162
-0.9965811965811967
-0.9957264957264957
-0.9953846153846153
-0.9969230769230768
-0.9964102564102564
-0.9964102564102564
