0.984957264957265
0.9883760683760683
0.9844444444444446
0.9907692307692305
0.9835897435897435
0.985982905982906
0.9895726495726497
0.9764102564102561
0.9758974358974357
0.9875213675213675
0.9837606837606838
0.9856410256410256
0.9880341880341881
0.9834188034188032
0.9803418803418801
0.9822222222222223
0.9784615384615383
0.99025641025641
0.9880341880341881
0.99008547008547
0.9805128205128203
0.991794871794872
0.9883760683760685
0.9748717948717944
0.9844444444444446
0.9875213675213674
0.9861538461538458
0.9875213675213675
0.9813675213675214
0.9859829059829057
0.9805128205128204
0.9861538461538463
0.9808547008547007
0.9825641025641024
0.981880341880342
0.9856410256410257
0.994188034188034
0.9868376068376068
0.9900854700854698
0.9841025641025645
0.9868376068376068
0.9868376068376068
0.9849572649572644
0.9897435897435899
0.9844444444444448
0.9750427350427346
0.9788034188034189
0.9870085470085471
0.9868376068376066
0.9863247863247864
0.9829059829059831
0.9875213675213675
0.9897435897435897
0.984273504273504
0.9888888888888892
0.9904273504273503
0.9894017094017094
0.9863247863247864
0.9849572649572648
0.9798290598290597
0.9830769230769232
0.9885470085470086
0.99008547008547
0.9883760683760685
0.9902564102564103
0.9883760683760683
0.9907692307692307
0.9842735042735045
0.9841025641025641
0.9786324786324786
0.9805128205128203
0.9904273504273506
0.9924786324786322
0.987008547008547
0.9842735042735042
0.9832478632478634
0.984957264957265
0.9837606837606834
0.9880341880341881
0.9899145299145297
0.9839316239316237
0.9767521367521365
0.9815384615384617
0.9882051282051282
0.9894017094017094
0.9882051282051282
0.9829059829059826
0.9924786324786324
0.9868376068376068
0.98991452991453
0.9902564102564101
0.9875213675213674
0.9863247863247862
0.9842735042735042
0.9897435897435897
0.9947008547008547
0.976239316239316
0.9902564102564101
0.9873504273504272
0.9888888888888888
0.9904273504273503
0.9890598290598291
0.9793162393162392
0.9895726495726496
0.9808547008547005
0.9786324786324786
0.990940170940171
0.982051282051282
0.9846153846153847
0.9822222222222221
0.9866666666666665
0.9846153846153847
0.9873504273504272
0.9738461538461539
0.9882051282051284
0.9832478632478632
0.9909401709401707
0.9861538461538458
0.9888888888888888
0.9779487179487176
0.9894017094017092
0.9839316239316239
0.9847863247863247
0.9856410256410256
0.9830769230769231
0.9864957264957265
0.9864957264957265
0.9895726495726496
0.9753846153846155
0.9871794871794869
0.9897435897435897
0.9894017094017092
0.9834188034188035
0.9894017094017096
0.9791452991452989
0.9880341880341881
0.9835897435897433
0.9851282051282055
0.991111111111111
0.9861538461538463
0.98991452991453
0.9852991452991451
0.9905982905982904
0.982051282051282
0.9885470085470086
0.9926495726495725
0.984957264957265
0.9888888888888888
0.9847863247863249
0.981196581196581
0.991282051282051
0.9818803418803418
0.9873504273504271
0.9914529914529915
0.9866666666666667
0.9854700854700853
0.9846153846153847
0.9782905982905982
0.994871794871795
0.9916239316239319
0.9887179487179488
0.9863247863247862
0.9788034188034184
0.9799999999999998
0.9810256410256407
0.9762393162393163
0.9871794871794873
0.9900854700854703
0.9875213675213675
0.988205128205128
0.9916239316239317
0.985982905982906
0.979316239316239
0.9933333333333335
0.9875213675213675
0.9825641025641022
0.9905982905982907
0.9875213675213675
0.9835897435897435
0.9844444444444442
0.9755555555555553
0.9885470085470085
0.9830769230769231
0.9880341880341881
0.9841025641025641
0.9861538461538463
0.9789743589743587
0.9829059829059831
0.9887179487179486
0.9827350427350425
0.9844444444444442
0.9917948717948718
