-0.9877083333333335
-0.9835416666666669
-0.9814583333333333
-0.9852083333333336
-0.979375
-0.9822916666666667
-0.9858333333333335
-0.9879166666666667
-0.9827083333333333
-0.9858333333333335
-0.993125
-0.9835416666666668
-0.9862500000000002
-0.9891666666666667
-0.9839583333333333
-0.9841666666666667
-0.9797916666666667
-0.9839583333333333
-0.9891666666666669
-0.9829166666666667
-0.9837499999999999
-0.9822916666666667
-0.986875
-0.9918750000000002
-0.9881250000000001
-0.9781249999999996
-0.9808333333333334
-0.9883333333333333
-0.9775
-0.9822916666666665
-0.9850000000000001
-0.9937500000000002
-0.9862499999999998
-0.983541666666667
-0.98
-0.9891666666666669
-0.9845833333333337
-0.9920833333333334
-0.9870833333333334
-0.9833333333333337
-0.986875
-0.98125
-0.9910416666666666
-0.9795833333333336
-0.985625
-0.984375
-0.9810416666666667
-0.9816666666666666
-0.9872916666666667
-0.9881250000000001
-0.9893750000000003
-0.9775000000000003
-0.9895833333333335
-0.9914583333333334
-0.983125
-0.9685416666666665
-0.9866666666666668
-0.9741666666666667
-0.9706249999999997
-0.9910416666666666
-0.9872916666666667
-0.9841666666666664
-0.980625
-0.9866666666666667
-0.9841666666666665
-0.9881249999999998
-0.9858333333333335
-0.9933333333333334
-0.9835416666666668
-0.9916666666666666
-0.9829166666666667
-0.986875
-0.9872916666666666
-0.9841666666666669
-0.9897916666666672
-0.9787500000000001
-0.9852083333333336
-0.9841666666666669
-0.989375
-0.984375
-0.981875
-0.9910416666666668
-0.9835416666666665
-0.9883333333333334
-0.9885416666666669
-0.9837500000000001
-0.9885416666666665
-0.9841666666666664
-0.9887499999999999
-0.9910416666666666
-0.9918750000000002
-0.9827083333333334
-0.986041666666667
-0.9939583333333333
-0.9833333333333334
-0.9797916666666668
-0.9829166666666665
-0.9824999999999996
-0.9816666666666669
-0.9862500000000002
-0.984375
-0.9829166666666669
-0.9885416666666669
-0.9762499999999998
-0.9827083333333334
-0.9833333333333333
-0.9756250000000002
-0.9785416666666664
-0.9814583333333333
-0.9814583333333333
-0.9706249999999998
-0.9877083333333334
-0.9904166666666666
-0.9762500000000002
-0.9856249999999998
-0.993125
-0.9941666666666665
-0.9877083333333332
-0.9883333333333336
-0.9772916666666667
-0.9825
-0.9868750000000003
-0.9822916666666666
-0.9818749999999998
-0.9879166666666666
-0.9797916666666666
-0.9904166666666666
-0.982916666666667
-0.987916666666667
-0.9754166666666666
-0.9750000000000003
-0.98875
-0.989375
-0.9747916666666668
-0.9820833333333334
-0.9866666666666668
-0.9747916666666667
-0.9797916666666666
-0.9906250000000001
-0.9893749999999999
-0.9889583333333334
-0.9804166666666664
-0.9854166666666668
-0.9870833333333334
-0.9868749999999998
-0.9833333333333334
-0.9912500000000002
-0.9816666666666666
-0.9779166666666668
-0.987916666666667
-0.977291666666667
-0.9860416666666667
-0.9854166666666668
-0.9850000000000003
-0.9860416666666666
-0.9935416666666668
-0.9752083333333332
-0.9875
-0.9808333333333336
-0.9810416666666665
-0.9891666666666669
-0.9860416666666667
-0.9852083333333336
-0.9849999999999999
-0.9833333333333333
-0.9856249999999999
-0.9941666666666665
-0.9818749999999998
-0.9720833333333335
-0.9904166666666667
-0.974375
-0.9816666666666667
-0.9877083333333334
-0.9900000000000001
-0.98625
-0.985416666666667
-0.9852083333333331
-0.9862499999999998
-0.9847916666666666
-0.98875
-0.9839583333333332
-0.9872916666666667
-0.9824999999999998
-0.9883333333333336
-0.9816666666666667
-0.9837499999999997
-0.980625
-0.9839583333333333
-0.9883333333333336
-0.99375
-0.9849999999999998
-0.9889583333333336
