-0.9899999999999999
-0.9925
-0.9947916666666664
-0.9925000000000002
-0.9835416666666669
-0.9910416666666667
-0.9954166666666666
-0.9900000000000001
-0.9920833333333335
-0.9939583333333332
-0.9945833333333334
-0.99375
-0.9962500000000002
-0.9954166666666666
-0.9964583333333333
-0.9862499999999998
-0.9954166666666667
-0.9968750000000002
-0.9925
-0.9952083333333335
-0.9958333333333332
-0.9958333333333332
-0.990625
-0.9968750000000002
-0.9850000000000003
-0.9902083333333336
-0.9964583333333334
-0.9977083333333334
-0.9866666666666667
-0.9914583333333333
-0.9960416666666666
-0.9895833333333333
-0.9977083333333333
-0.9897916666666668
-0.9952083333333335
-0.9958333333333332
-0.9958333333333331
-0.9929166666666667
-0.9910416666666667
-0.995
-0.9933333333333333
-0.9947916666666667
-0.9912500000000002
-0.994375
-0.9952083333333331
-0.99375
-0.9941666666666665
-0.9947916666666667
-0.9927083333333334
-0.9933333333333332
-0.9935416666666668
-0.9918750000000003
-0.9954166666666668
-0.9914583333333333
-0.9979166666666667
-0.9962499999999999
-0.9879166666666667
-0.9897916666666666
-0.9897916666666667
-0.9954166666666667
-0.99375
-0.9966666666666666
-0.9945833333333334
-0.9935416666666668
-0.9949999999999999
-0.994375
-0.9916666666666668
-0.9966666666666666
-0.9922916666666666
-0.994375
-0.99375
-0.9922916666666667
-0.9927083333333334
-0.9914583333333333
-0.9974999999999998
-0.992291666666667
-0.9950000000000001
-0.9939583333333333
-0.9941666666666665
-0.9931249999999998
-0.9931250000000001
-0.9920833333333333
-0.9950000000000001
-0.9958333333333335
-0.990625
-0.9920833333333334
-0.9937500000000001
-0.995
-0.9891666666666669
-0.998125
-0.9908333333333335
-0.9939583333333334
-0.9933333333333334
-0.9897916666666668
-0.9939583333333332
-0.9947916666666669
-0.9922916666666666
-0.9916666666666667
-0.9958333333333335
-0.9947916666666665
-0.9904166666666667
-0.9933333333333333
-0.9974999999999998
-0.9927083333333334
-0.9922916666666667
-0.9922916666666667
-0.9929166666666667
-0.9952083333333333
-0.9964583333333334
-0.9954166666666666
-0.99375
-0.9975
-0.9939583333333334
-0.9922916666666667
-0.9941666666666669
-0.9954166666666667
-0.9979166666666667
-0.9887500000000002
-0.9954166666666667
-0.9960416666666666
-0.995
-0.9954166666666667
-0.9920833333333335
-0.9947916666666664
-0.99
-0.9895833333333335
-0.9954166666666668
-0.9925000000000002
-0.9964583333333336
-0.9954166666666666
-0.9870833333333331
-0.9958333333333336
-0.9952083333333335
-0.9945833333333333
-0.9954166666666667
-0.9902083333333336
-0.995625
-0.9947916666666667
-0.9906250000000001
-0.9924999999999998
-0.9941666666666669
-0.9952083333333336
-0.995
-0.995625
-0.99625
-0.9933333333333332
-0.99125
-0.9837500000000002
-0.9927083333333335
-0.9887499999999999
-0.9964583333333333
-0.9968750000000002
-0.9966666666666667
-0.9937499999999999
-0.9958333333333335
-0.9910416666666667
-0.9941666666666665
-0.9939583333333333
-0.9816666666666667
-0.9929166666666667
-0.9947916666666665
-0.9945833333333333
-0.9941666666666669
-0.9925
-0.9941666666666668
-0.9916666666666668
-0.9941666666666668
-0.9979166666666669
-0.9920833333333334
-0.9933333333333334
-0.9947916666666665
-0.9954166666666668
-0.9956249999999999
-0.9945833333333332
-0.9941666666666668
-0.9993750000000001
-0.9945833333333334
-0.9952083333333335
-0.9941666666666668
-0.9954166666666668
-0.99375
-0.9914583333333334
-0.994375
-0.9941666666666665
-0.9924999999999998
-0.9952083333333333
-0.9954166666666667
-0.9922916666666667
-0.9943749999999999
-0.986875
-0.9941666666666669
-0.9943749999999999
