-0.7527083333333333
-0.7435416666666665
-0.7691666666666667
-0.7875
-0.7887499999999997
-0.7941666666666665
-0.7866666666666672
-0.8233333333333335
-0.7983333333333333
-0.7641666666666669
-0.8114583333333332
-0.794375
-0.8199999999999998
-0.7891666666666671
-0.7875000000000003
-0.7804166666666665
-0.8124999999999999
-0.8187500000000001
-0.8270833333333332
-0.8016666666666667
-0.7600000000000002
-0.8247916666666668
-0.8091666666666666
-0.8272916666666665
-0.8274999999999999
-0.8250000000000004
-0.7597916666666668
-0.765625
-0.7972916666666667
-0.8177083333333328
-0.7858333333333333
-0.7931250000000002
-0.791875
-0.8049999999999998
-0.7308333333333331
-0.7508333333333332
-0.835208333333333
-0.768541666666667
-0.7285416666666664
-0.814166666666667
-0.7635416666666667
-0.7914583333333332
-0.8079166666666666
-0.8060416666666669
-0.8037499999999997
-0.8210416666666664
-0.7675000000000003
-0.799375
-0.7741666666666667
-0.7670833333333335
-0.7902083333333332
-0.8137500000000002
-0.7579166666666669
-0.8239583333333331
-0.8508333333333333
-0.7533333333333335
-0.7508333333333337
-0.7641666666666665
-0.7720833333333332
-0.7856249999999999
-0.8225000000000002
-0.8597916666666666
-0.778125
-0.8166666666666665
-0.8168749999999996
-0.8177083333333336
-0.822083333333333
-0.8047916666666666
-0.8054166666666664
-0.7954166666666665
-0.8308333333333333
-0.8166666666666668
-0.74375
-0.8058333333333333
-0.8066666666666668
-0.7887499999999997
-0.8158333333333332
-0.7789583333333333
-0.7664583333333337
-0.7560416666666667
-0.8141666666666671
-0.7704166666666667
-0.806458333333333
-0.7997916666666669
-0.7952083333333334
-0.8039583333333336
-0.7847916666666666
-0.7985416666666666
-0.7570833333333333
-0.8014583333333333
-0.835833333333333
-0.80875
-0.8043749999999997
-0.774375
-0.803125
-0.7708333333333333
-0.8179166666666668
-0.7991666666666666
-0.7864583333333335
-0.7704166666666669
-0.8131249999999998
-0.7206250000000002
-0.8108333333333332
-0.8139583333333335
-0.7364583333333333
-0.7770833333333336
-0.795625
-0.8212500000000005
-0.7812500000000001
-0.7654166666666669
-0.7695833333333332
-0.7556249999999998
-0.7589583333333332
-0.7785416666666665
-0.7610416666666664
-0.7918750000000003
-0.824791666666667
-0.7445833333333336
-0.815
-0.7831250000000002
-0.8435416666666664
-0.7749999999999999
-0.8366666666666669
-0.7868749999999995
-0.7495833333333332
-0.8070833333333337
-0.7977083333333332
-0.7914583333333333
-0.7950000000000004
-0.7679166666666667
-0.7452083333333333
-0.7647916666666664
-0.8664583333333334
-0.7533333333333334
-0.804375
-0.83
-0.821875
-0.7874999999999999
-0.7604166666666664
-0.831875
-0.8297916666666668
-0.8552083333333336
-0.7883333333333336
-0.7481250000000003
-0.7970833333333337
-0.7616666666666667
-0.7768749999999999
-0.7491666666666665
-0.8364583333333334
-0.7883333333333331
-0.7493750000000002
-0.7358333333333333
-0.8191666666666666
-0.7822916666666666
-0.848541666666666
-0.835
-0.835208333333333
-0.8300000000000002
-0.8410416666666666
-0.7729166666666666
-0.7527083333333335
-0.8135416666666664
-0.7945833333333332
-0.8085416666666664
-0.8014583333333333
-0.8206250000000003
-0.8329166666666667
-0.8283333333333335
-0.835833333333333
-0.7610416666666668
-0.7633333333333333
-0.8237500000000003
-0.8062499999999997
-0.7818749999999998
-0.8143750000000004
-0.7970833333333336
-0.7781250000000002
-0.7770833333333335
-0.833958333333333
-0.7958333333333334
-0.7581249999999997
-0.7889583333333331
-0.7972916666666663
-0.764583333333333
-0.7741666666666664
-0.7620833333333331
-0.7308333333333331
-0.7481250000000002
-0.8208333333333332
-0.7675000000000003
-0.7570833333333336
-0.8162499999999997
