-0.7820833333333332
-0.7539583333333336
-0.7495833333333328
-0.70875
-0.7172916666666665
-0.6945833333333333
-0.6983333333333331
-0.7831249999999998
-0.7008333333333334
-0.7220833333333334
-0.7358333333333336
-0.691041666666667
-0.7147916666666667
-0.7175000000000002
-0.79125
-0.7781250000000003
-0.7683333333333333
-0.6979166666666667
-0.7706250000000001
-0.7662500000000001
-0.78375
-0.7531249999999997
-0.7172916666666663
-0.7931250000000003
-0.7314583333333334
-0.7689583333333332
-0.7689583333333334
-0.7929166666666667
-0.7856250000000002
-0.7322916666666667
-0.6266666666666668
-0.6958333333333335
-0.726875
-0.7402083333333335
-0.6716666666666665
-0.7112500000000002
-0.7452083333333333
-0.7245833333333336
-0.7466666666666666
-0.6535416666666666
-0.7018750000000001
-0.7325
-0.7281249999999999
-0.7310416666666665
-0.7660416666666664
-0.7916666666666665
-0.7427083333333332
-0.7091666666666667
-0.73125
-0.7256250000000003
-0.7672916666666667
-0.7627083333333333
-0.7466666666666663
-0.6947916666666665
-0.7487500000000001
-0.7422916666666667
-0.7245833333333332
-0.7795833333333334
-0.742708333333333
-0.7620833333333336
-0.7429166666666667
-0.7033333333333333
-0.7474999999999996
-0.6770833333333333
-0.7133333333333333
-0.6825
-0.7527083333333333
-0.675625
-0.7241666666666666
-0.7354166666666666
-0.7341666666666667
-0.7275000000000003
-0.6960416666666664
-0.7420833333333334
-0.7129166666666669
-0.7812499999999999
-0.7104166666666667
-0.8154166666666669
-0.7587499999999996
-0.7799999999999998
-0.7760416666666665
-0.7385416666666665
-0.8166666666666664
-0.7204166666666665
-0.7749999999999999
-0.7570833333333336
-0.7329166666666667
-0.7387499999999997
-0.7464583333333336
-0.7035416666666663
-0.7250000000000003
-0.773125
-0.7920833333333335
-0.7341666666666664
-0.735
-0.751875
-0.7433333333333336
-0.761875
-0.8070833333333333
-0.7227083333333333
-0.7843749999999996
-0.6964583333333334
-0.7972916666666666
-0.7399999999999995
-0.7222916666666667
-0.667916666666667
-0.7031250000000001
-0.6560416666666667
-0.7077083333333336
-0.770625
-0.77125
-0.6729166666666664
-0.774583333333333
-0.7264583333333333
-0.7506250000000001
-0.7318749999999996
-0.7174999999999998
-0.6379166666666668
-0.7722916666666667
-0.6702083333333333
-0.79
-0.7120833333333336
-0.7470833333333331
-0.7849999999999997
-0.7370833333333334
-0.7652083333333333
-0.761875
-0.7156250000000002
-0.7647916666666668
-0.7149999999999999
-0.6995833333333333
-0.7789583333333334
-0.7662499999999998
-0.7445833333333332
-0.7795833333333335
-0.6808333333333334
-0.7379166666666666
-0.7660416666666666
-0.7812500000000003
-0.7110416666666669
-0.7683333333333334
-0.6858333333333334
-0.7754166666666669
-0.798958333333333
-0.7752083333333333
-0.7850000000000005
-0.7297916666666667
-0.6677083333333332
-0.7231249999999999
-0.7710416666666664
-0.7787499999999996
-0.6852083333333334
-0.6822916666666665
-0.7270833333333333
-0.7233333333333334
-0.7027083333333333
-0.7391666666666664
-0.791875
-0.6681249999999999
-0.7387500000000005
-0.6979166666666665
-0.7916666666666665
-0.7627083333333333
-0.7672916666666666
-0.8433333333333334
-0.7645833333333332
-0.7658333333333335
-0.7052083333333333
-0.7416666666666663
-0.7716666666666664
-0.7454166666666672
-0.7343749999999997
-0.7302083333333336
-0.7350000000000001
-0.6925000000000003
-0.7252083333333331
-0.7533333333333333
-0.73625
-0.7377083333333333
-0.732083333333333
-0.7656250000000003
-0.6791666666666668
-0.7483333333333334
-0.6958333333333332
-0.7883333333333336
-0.7797916666666664
-0.708125
-0.7370833333333334
-0.7864583333333335
-0.7660416666666666
-0.7395833333333338
-0.8110416666666664
