-0.09208333333333335
-0.14187499999999997
-0.12208333333333338
-0.02250000000000004
0.02541666666666667
-0.01499999999999996
-0.06958333333333332
0.006249999999999986
-0.26062499999999994
-0.055416666666666704
-0.08020833333333334
0.0025000000000000478
0.08874999999999998
-0.1310416666666666
-0.003541666666666673
0.08520833333333334
0.05458333333333334
-0.2783333333333332
-0.16854166666666665
-0.13708333333333336
-0.038333333333333316
0.13125
0.0897916666666668
0.04125000000000001
-0.17875000000000005
-0.03458333333333334
0.05270833333333338
-0.1949999999999999
-0.09729166666666672
-0.2587499999999999
-0.18875000000000008
-0.2370833333333333
-0.08125
0.06374999999999997
0.02791666666666668
0.05583333333333334
-0.18125
-0.17750000000000007
0.020833333333333294
0.04208333333333334
-0.178125
-0.049166666666666685
0.0022916666666666784
-0.18854166666666658
0.023958333333333352
-0.0475
-0.0879166666666667
-0.09916666666666674
0.14979166666666668
-0.08687499999999998
-0.0020833333333333207
0.11125000000000008
-0.12104166666666666
-0.03395833333333334
-0.12604166666666664
-0.05625000000000004
-0.06729166666666667
-0.04729166666666666
-0.16437500000000005
-0.09020833333333332
0.006875000000000045
-0.17166666666666675
0.12312500000000004
0.1241666666666667
-0.2310416666666667
0.06999999999999995
-0.04520833333333333
0.07979166666666666
-0.06812499999999999
-0.07479166666666667
0.2820833333333334
-0.17
-0.09708333333333337
-0.03416666666666665
-0.04458333333333333
-0.034166666666666685
0.06249999999999999
-0.1914583333333332
-0.19833333333333328
-0.17062500000000003
-0.21979166666666664
-0.07770833333333331
0.04166666666666666
0.13145833333333332
-0.27583333333333326
-0.08291666666666667
-0.10166666666666668
-0.04645833333333331
0.0945833333333333
-0.28583333333333333
-0.08541666666666668
0.11000000000000006
0.08666666666666668
-0.3141666666666666
0.09333333333333338
-0.06416666666666668
-0.17520833333333333
-0.2033333333333333
-0.04791666666666669
-0.23583333333333345
0.048541666666666636
0.12500000000000008
-0.20083333333333322
-0.2879166666666667
-0.1766666666666666
0.08020833333333333
0.1045833333333333
-0.10875
-0.08645833333333337
-0.21249999999999997
-0.008333333333333285
-0.029999999999999992
-0.027500000000000045
-0.1564583333333333
-0.15499999999999997
0.07875000000000001
-0.12729166666666664
-0.053125000000000006
-0.15875000000000003
-0.1545833333333333
-0.1775
-0.23979166666666665
-0.001250000000000014
-0.21729166666666672
-0.24312500000000004
0.13145833333333332
0.08249999999999998
-0.20312499999999992
0.12916666666666665
0.06958333333333329
-0.18562499999999993
-0.17083333333333348
-0.011041666666666651
0.12249999999999998
0.16583333333333328
0.07395833333333332
0.11375000000000002
-0.11104166666666662
-0.07416666666666669
-0.04937499999999998
-0.08208333333333336
0.0074999999999999815
0.11708333333333332
-0.0064583333333333125
-0.141875
-0.07583333333333331
0.20937500000000014
-0.16083333333333336
-0.09937499999999996
-0.11999999999999998
-0.07999999999999996
-0.11395833333333336
-0.16041666666666657
0.014791666666666682
-0.07395833333333332
0.15520833333333336
-0.18416666666666667
0.05562500000000001
0.08770833333333332
-0.17854166666666674
0.08750000000000002
-0.2849999999999999
-0.09854166666666662
-0.23062500000000002
0.08416666666666667
-0.25375000000000003
-0.09083333333333334
-0.08041666666666664
-0.18708333333333343
-0.09583333333333333
0.18145833333333333
-0.056250000000000015
0.037500000000000006
-0.12895833333333334
-0.24458333333333332
-0.00604166666666667
-0.255625
-0.06895833333333332
0.054166666666666675
0.061041666666666626
-0.14854166666666666
-0.04125
0.011458333333333326
-0.14208333333333337
-0.093125
0.10250000000000002
-0.009374999999999979
-0.18395833333333328
0.17687499999999998
0.03458333333333337
-0.16208333333333344
-0.21458333333333332
