-0.47145833333333337
-0.5149999999999999
-0.5127083333333331
-0.4597916666666667
-0.4562499999999999
-0.5724999999999999
-0.5795833333333333
-0.4181249999999999
-0.45479166666666665
-0.6087500000000001
-0.5074999999999998
-0.5266666666666666
-0.5072916666666668
-0.6466666666666668
-0.5266666666666667
-0.5524999999999999
-0.5743749999999997
-0.6127083333333334
-0.4747916666666667
-0.5360416666666666
-0.4977083333333334
-0.6087500000000001
-0.5585416666666666
-0.6600000000000001
-0.5579166666666665
-0.47041666666666676
-0.46249999999999986
-0.580625
-0.5695833333333333
-0.47729166666666656
-0.48520833333333324
-0.4539583333333333
-0.5735416666666666
-0.5608333333333334
-0.6231249999999999
-0.5647916666666667
-0.5158333333333333
-0.5420833333333337
-0.5112499999999999
-0.5352083333333333
-0.5314583333333335
-0.48791666666666667
-0.45770833333333344
-0.4366666666666666
-0.6341666666666665
-0.518125
-0.47791666666666655
-0.5300000000000002
-0.6508333333333332
-0.48916666666666664
-0.48812499999999986
-0.42333333333333356
-0.5904166666666666
-0.5247916666666667
-0.5435416666666667
-0.5899999999999999
-0.5227083333333333
-0.5027083333333331
-0.6566666666666666
-0.428125
-0.564375
-0.5183333333333333
-0.5341666666666667
-0.5791666666666667
-0.5970833333333332
-0.49104166666666665
-0.6020833333333335
-0.5474999999999999
-0.5772916666666666
-0.4004166666666667
-0.5431250000000002
-0.3947916666666667
-0.5056250000000002
-0.5189583333333333
-0.6895833333333335
-0.5322916666666666
-0.6341666666666669
-0.4956250000000001
-0.5862499999999999
-0.6033333333333336
-0.5085416666666663
-0.4491666666666667
-0.5531249999999999
-0.45291666666666663
-0.5097916666666666
-0.5772916666666668
-0.59125
-0.4704166666666667
-0.57875
-0.5539583333333332
-0.4408333333333333
-0.49479166666666663
-0.5433333333333334
-0.6358333333333336
-0.5283333333333333
-0.5299999999999998
-0.5599999999999996
-0.5125
-0.5720833333333332
-0.5312500000000001
-0.5291666666666667
-0.5104166666666667
-0.4925
-0.5983333333333334
-0.6241666666666665
-0.5275000000000002
-0.5872916666666668
-0.47062500000000007
-0.49520833333333314
-0.5614583333333335
-0.4504166666666669
-0.4035416666666666
-0.6433333333333333
-0.525833333333333
-0.5608333333333334
-0.44791666666666674
-0.48833333333333345
-0.56875
-0.5695833333333334
-0.5733333333333331
-0.56125
-0.5554166666666664
-0.6197916666666669
-0.5920833333333334
-0.5629166666666667
-0.535
-0.5587499999999999
-0.60625
-0.6039583333333333
-0.4225000000000001
-0.5506250000000003
-0.58125
-0.6145833333333333
-0.5891666666666666
-0.5233333333333333
-0.6087499999999999
-0.5639583333333335
-0.48479166666666673
-0.6199999999999999
-0.5283333333333332
-0.5929166666666668
-0.4402083333333333
-0.5247916666666668
-0.6135416666666664
-0.5441666666666667
-0.5339583333333335
-0.41770833333333335
-0.49895833333333317
-0.6127083333333331
-0.5154166666666664
-0.5764583333333334
-0.4056250000000003
-0.49937499999999985
-0.46270833333333306
-0.5791666666666664
-0.4533333333333332
-0.6058333333333331
-0.656875
-0.5614583333333335
-0.5770833333333334
-0.6527083333333333
-0.6639583333333331
-0.4906250000000001
-0.495625
-0.5772916666666668
-0.5922916666666664
-0.5279166666666665
-0.5756250000000002
-0.5412499999999999
-0.6147916666666667
-0.5947916666666666
-0.5283333333333333
-0.5114583333333333
-0.5062500000000001
-0.5508333333333328
-0.5704166666666665
-0.45062499999999994
-0.5670833333333336
-0.43062500000000015
-0.6258333333333336
-0.4770833333333334
-0.5558333333333334
-0.6149999999999995
-0.5718749999999999
-0.40104166666666663
-0.45833333333333326
-0.5027083333333335
-0.5058333333333332
-0.6222916666666665
-0.5762499999999999
-0.5964583333333335
-0.5077083333333334
