-0.03125000000000002
-0.08291666666666668
0.1572916666666667
-0.03645833333333332
0.00020833333333333037
0.24812500000000004
0.1325
-0.1210416666666667
0.13291666666666663
-0.030000000000000006
-0.06916666666666665
0.064375
0.26104166666666667
-0.04562500000000002
0.27833333333333327
-0.163125
-0.07541666666666662
0.03750000000000002
0.03916666666666665
0.033125
-0.03666666666666665
0.10416666666666666
0.1902083333333333
0.094375
0.1666666666666666
0.02187500000000002
0.02125000000000002
-0.03833333333333331
0.03937499999999999
0.0741666666666667
0.2275
-0.19791666666666663
-0.07229166666666664
0.22916666666666657
0.09999999999999996
0.043125
0.326875
0.024791666666666646
0.2554166666666665
0.105625
0.023958333333333325
0.07499999999999991
-0.062291666666666676
0.05479166666666669
-0.05583333333333331
-0.114375
0.02229166666666669
0.1341666666666666
-0.07458333333333332
0.24291666666666673
0.29479166666666656
-0.028958333333333336
0.05166666666666666
0.032916666666666664
0.30562500000000004
-0.023541666666666673
0.04729166666666664
-0.09354166666666668
0.2175000000000001
0.18770833333333328
0.3187499999999999
0.20062499999999997
-0.007499999999999988
0.23854166666666668
0.026874999999999996
0.2320833333333333
0.11666666666666664
0.05749999999999995
-0.0452083333333333
0.012291666666666666
-0.06791666666666668
0.18625000000000017
-0.08395833333333336
0.115625
-0.03708333333333333
0.12854166666666664
0.06666666666666662
-0.228125
0.14208333333333337
0.27875000000000005
0.09229166666666667
-0.10083333333333334
0.18395833333333342
0.024791666666666667
-0.014583333333333332
0.2177083333333333
0.13520833333333335
0.027083333333333317
-0.00645833333333334
-0.03770833333333334
0.017083333333333325
0.04979166666666668
-0.00604166666666665
0.035000000000000045
0.1216666666666667
-0.0022916666666666693
0.225625
0.12145833333333333
-0.08854166666666669
0.19208333333333333
0.07749999999999997
0.0989583333333333
0.13333333333333333
0.0006249999999999778
-0.009583333333333322
0.20875
0.10520833333333339
-0.08104166666666668
0.07708333333333338
0.015000000000000008
-0.009166666666666679
0.0022916666666666207
0.15312499999999996
0.26854166666666673
0.189375
0.128125
-0.1833333333333333
-0.05729166666666668
-0.11625000000000002
0.1445833333333333
-0.0016666666666666763
-0.04583333333333333
-0.12770833333333334
0.0329166666666667
-0.09499999999999996
0.30208333333333326
-0.12874999999999998
-0.09416666666666669
0.08687499999999998
-0.06916666666666658
0.002500000000000018
0.08895833333333336
0.12833333333333333
0.21958333333333344
-0.05229166666666667
0.09250000000000001
0.0358333333333333
0.06729166666666665
0.003124999999999991
0.151875
-0.05562500000000001
-0.20645833333333333
-0.013958333333333345
-0.02416666666666668
0.11479166666666661
0.160625
0.05895833333333328
0.10645833333333331
-0.03020833333333334
-0.05729166666666665
0.15645833333333337
0.1258333333333333
0.24541666666666662
0.05062499999999999
-0.038125000000000006
-0.1120833333333333
0.10666666666666667
-0.026874999999999993
0.15125
-0.1441666666666667
0.15833333333333333
-0.14583333333333337
0.070625
0.2208333333333333
0.11499999999999996
0.004166666666666676
-0.10125000000000002
0.15625000000000003
-0.02395833333333333
0.05437500000000001
0.11270833333333337
-0.2479166666666667
0.0010416666666666502
0.08833333333333337
0.100625
-0.20374999999999985
-0.006458333333333399
-0.0997916666666667
-0.02208333333333331
0.18874999999999997
0.12208333333333327
0.09145833333333331
0.05812499999999998
0.18062499999999992
0.164375
0.005208333333333359
0.09208333333333331
0.3233333333333332
0.07458333333333333
0.17645833333333327
-0.23645833333333335
0.08604166666666666
