0.6493749999999998
0.8185416666666668
0.7591666666666669
0.8166666666666664
0.62375
0.734375
0.7170833333333332
0.6556250000000001
0.7754166666666668
0.7677083333333334
0.7337499999999996
0.7410416666666666
0.822291666666667
0.7345833333333333
0.6991666666666667
0.790625
0.7189583333333335
0.7460416666666667
0.7491666666666665
0.7133333333333334
0.4952083333333334
0.6929166666666667
0.7325000000000002
0.7783333333333334
0.6904166666666667
0.7202083333333335
0.8452083333333333
0.713125
0.7508333333333332
0.7120833333333333
0.7866666666666663
0.8554166666666664
0.8139583333333333
0.8397916666666667
0.676875
0.7785416666666669
0.7016666666666665
0.7933333333333337
0.7481250000000002
0.7839583333333335
0.7856249999999999
0.6772916666666667
0.71125
0.7610416666666668
0.5850000000000001
0.75625
0.7635416666666666
0.7666666666666668
0.7552083333333333
0.7345833333333333
0.6897916666666666
0.6954166666666667
0.7829166666666666
0.6808333333333336
0.7881249999999997
0.7312499999999996
0.7070833333333332
0.804791666666667
0.6643750000000003
0.7947916666666666
0.5949999999999999
0.7729166666666668
0.6908333333333334
0.8158333333333334
0.7850000000000001
0.7254166666666668
0.7039583333333332
0.7089583333333336
0.5070833333333333
0.7635416666666663
0.7958333333333337
0.6722916666666666
0.5997916666666666
0.7739583333333335
0.6406249999999999
0.7329166666666667
0.7616666666666667
0.8152083333333331
0.6706249999999998
0.720625
0.6456250000000001
0.8172916666666669
0.8020833333333335
0.7247916666666667
0.7956250000000001
0.7210416666666667
0.7508333333333329
0.6837499999999999
0.71
0.6504166666666665
0.5591666666666667
0.741875
0.7018750000000001
0.6593749999999998
0.8408333333333338
0.7145833333333339
0.6837500000000002
0.8027083333333335
0.6760416666666665
0.7308333333333331
0.7487499999999998
0.768541666666667
0.7152083333333331
0.7389583333333338
0.7808333333333333
0.7445833333333334
0.8435416666666667
0.78375
0.7341666666666667
0.6768749999999999
0.727291666666667
0.6893750000000002
0.8364583333333333
0.7091666666666668
0.7408333333333332
0.7116666666666667
0.8356250000000003
0.5756250000000002
0.6877083333333333
0.7741666666666661
0.7045833333333331
0.7062500000000002
0.6214583333333332
0.688125
0.67375
0.7720833333333335
0.8266666666666665
0.71125
0.71875
0.7289583333333332
0.6747916666666669
0.7345833333333337
0.7579166666666669
0.7989583333333334
0.7233333333333336
0.8427083333333336
0.6583333333333334
0.684375
0.7012500000000002
0.8029166666666667
0.6639583333333333
0.745625
0.7164583333333334
0.8099999999999997
0.8460416666666661
0.751875
0.7610416666666667
0.7791666666666665
0.7781249999999997
0.7606249999999999
0.8164583333333332
0.7033333333333336
0.7177083333333334
0.6787500000000003
0.6479166666666667
0.7212500000000003
0.751875
0.785
0.7549999999999999
0.8120833333333334
0.7608333333333336
0.6681249999999999
0.7541666666666664
0.7795833333333332
0.8239583333333331
0.7858333333333334
0.7545833333333332
0.7775000000000002
0.5302083333333334
0.7235416666666669
0.7597916666666665
0.73625
0.6722916666666667
0.7460416666666668
0.5960416666666665
0.7016666666666665
0.7722916666666666
0.7147916666666667
0.7135416666666665
0.7329166666666669
0.7854166666666665
0.7083333333333336
0.7818750000000001
0.7097916666666664
0.7647916666666668
0.6668749999999999
0.7729166666666667
0.6645833333333332
0.7456250000000003
0.7695833333333334
0.7258333333333331
0.6454166666666667
