0.38833333333333336
0.498958333333333
0.4691666666666666
0.5614583333333334
0.45833333333333315
0.4062500000000002
0.49958333333333327
0.456875
0.5856249999999998
0.45625
0.4716666666666666
0.5491666666666667
0.4125000000000001
0.27583333333333343
0.4766666666666666
0.45062500000000005
0.5429166666666666
0.4064583333333332
0.32583333333333336
0.17541666666666667
0.7354166666666666
0.47958333333333336
0.3404166666666665
0.5875000000000002
0.6545833333333333
0.4591666666666667
0.4177083333333333
0.19604166666666673
0.340625
0.3864583333333335
0.23791666666666667
0.4564583333333333
0.4381249999999999
0.3847916666666667
0.4370833333333334
0.12125
0.4372916666666667
0.42
0.4604166666666667
0.42270833333333335
0.3052083333333333
0.41416666666666674
0.480625
0.4989583333333333
0.3677083333333336
0.42687499999999995
0.5508333333333331
0.3772916666666668
0.6118749999999998
0.23604166666666665
0.26208333333333333
0.47833333333333344
0.3264583333333333
0.26562500000000006
0.41416666666666674
0.424375
0.3279166666666665
0.4318750000000001
0.3700000000000002
0.4647916666666665
0.5470833333333333
0.44229166666666664
0.4902083333333335
0.5618750000000001
0.26979166666666665
0.39854166666666657
0.48375000000000007
0.37416666666666665
0.2987499999999998
0.4566666666666668
0.39062500000000006
0.4333333333333333
0.5768749999999998
0.49583333333333335
0.5641666666666668
0.37791666666666657
0.3497916666666665
0.42729166666666657
0.3552083333333334
0.3756250000000001
0.24
0.44958333333333345
0.40916666666666685
0.4335416666666665
0.41270833333333345
0.57375
0.448125
0.22874999999999993
0.5710416666666668
0.5814583333333333
0.215625
0.4966666666666665
0.5164583333333334
0.16395833333333334
0.3818750000000001
0.37958333333333316
0.4241666666666668
0.4835416666666666
0.44458333333333333
0.5447916666666665
0.18625
0.5062499999999999
0.3022916666666667
0.40416666666666656
0.3397916666666667
0.4010416666666666
0.2300000000000001
0.6104166666666666
0.4535416666666665
0.3572916666666666
0.29958333333333337
0.5772916666666669
0.515625
0.6275
0.3243749999999998
0.39020833333333327
0.6202083333333333
0.49625
0.5683333333333335
0.3747916666666666
0.37416666666666637
0.4177083333333333
0.41729166666666656
0.4256250000000001
0.5706249999999999
0.4333333333333334
0.3522916666666667
0.49291666666666617
0.31291666666666684
0.5091666666666668
0.4100000000000001
0.4654166666666664
0.5287499999999997
0.6075000000000002
0.1879166666666667
0.393125
0.36687499999999995
0.3889583333333333
0.3393749999999999
0.385625
0.32604166666666673
0.21520833333333353
0.41375000000000006
0.4537500000000001
0.523125
0.5375000000000001
0.5012500000000002
0.31249999999999994
0.42916666666666686
0.115625
0.336875
0.45104166666666645
0.3308333333333333
0.5991666666666667
0.6087500000000001
0.2864583333333334
0.3591666666666667
0.5814583333333335
0.6072916666666663
0.4025
0.21604166666666663
0.2956249999999999
0.2477083333333334
0.4302083333333333
0.21354166666666669
0.6237499999999998
0.36125000000000007
0.40791666666666676
0.38437500000000013
0.46979166666666666
0.46208333333333357
0.4114583333333332
0.31520833333333326
0.2189583333333333
0.425
0.43395833333333333
0.4877083333333333
0.5064583333333332
0.40729166666666666
0.5029166666666669
0.47916666666666674
0.4112500000000001
0.32833333333333337
0.2658333333333332
0.4039583333333333
0.3706249999999999
0.21500000000000002
0.6783333333333335
0.5260416666666667
0.5631250000000001
0.2497916666666667
0.4197916666666666
