0.6575
0.7610416666666664
0.69125
0.6081250000000002
0.6427083333333334
0.6306249999999998
0.5679166666666664
0.6154166666666667
0.735625
0.65625
0.6885416666666667
0.7818750000000001
0.7014583333333334
0.5452083333333334
0.729375
0.6633333333333336
0.6697916666666666
0.5862499999999998
0.7893749999999997
0.6556250000000002
0.5610416666666667
0.6279166666666667
0.7204166666666666
0.5320833333333334
0.6687499999999998
0.7889583333333334
0.7050000000000003
0.7639583333333333
0.751458333333333
0.6210416666666666
0.6641666666666666
0.7772916666666666
0.823125
0.6999999999999997
0.7637500000000003
0.5622916666666666
0.6558333333333333
0.7474999999999997
0.7233333333333334
0.7006249999999997
0.6285416666666669
0.6322916666666667
0.7310416666666668
0.6710416666666665
0.562083333333333
0.75125
0.6981249999999999
0.6595833333333333
0.7364583333333334
0.7445833333333334
0.65875
0.8099999999999996
0.6729166666666668
0.6449999999999999
0.6333333333333333
0.5097916666666668
0.6358333333333333
0.6341666666666668
0.5456249999999998
0.6770833333333333
0.6574999999999999
0.8612500000000003
0.7818749999999998
0.6850000000000003
0.5649999999999998
0.6512499999999997
0.7487500000000001
0.6789583333333331
0.6347916666666669
0.7345833333333335
0.7566666666666667
0.7060416666666667
0.7389583333333332
0.7216666666666667
0.5264583333333334
0.7302083333333332
0.6779166666666667
0.54
0.5454166666666667
0.7741666666666664
0.7025000000000001
0.6979166666666667
0.7208333333333331
0.6389583333333333
0.41979166666666645
0.6143750000000001
0.7462499999999995
0.7368750000000002
0.6414583333333331
0.7777083333333334
0.6972916666666669
0.7114583333333333
0.6718749999999999
0.6295833333333333
0.6010416666666663
0.7556249999999998
0.6835416666666666
0.661875
0.7314583333333331
0.7127083333333336
0.651875
0.7310416666666666
0.711875
0.6466666666666667
0.8156250000000002
0.5172916666666666
0.6247916666666665
0.7739583333333335
0.6614583333333333
0.7845833333333332
0.7018749999999997
0.6472916666666667
0.6866666666666669
0.7237499999999999
0.6891666666666665
0.5566666666666665
0.6949999999999998
0.44916666666666655
0.78875
0.8775000000000002
0.7508333333333335
0.7475
0.571875
0.6756249999999998
0.7112499999999998
0.7789583333333333
0.7235416666666665
0.6972916666666668
0.731875
0.6489583333333334
0.6185416666666667
0.6479166666666667
0.7285416666666668
0.7235416666666665
0.6479166666666666
0.7379166666666667
0.7110416666666666
0.6620833333333332
0.7672916666666667
0.7804166666666664
0.6318750000000001
0.655
0.6564583333333333
0.6308333333333331
0.5816666666666667
0.7906249999999999
0.6202083333333333
0.7583333333333335
0.639375
0.6891666666666668
0.6864583333333334
0.568125
0.5939583333333334
0.5779166666666667
0.7014583333333335
0.710208333333333
0.8143750000000002
0.6077083333333335
0.7810416666666664
0.7845833333333334
0.7229166666666663
0.7299999999999995
0.6787500000000002
0.69125
0.48770833333333335
0.7445833333333332
0.567083333333333
0.745625
0.6072916666666669
0.78875
0.40270833333333356
0.7360416666666665
0.7445833333333332
0.7497916666666669
0.7072916666666668
0.7141666666666668
0.6614583333333333
0.7866666666666663
0.5995833333333332
0.7385416666666664
0.6875
0.5960416666666666
0.6787499999999999
0.723125
0.7020833333333334
0.6281249999999999
0.6333333333333335
0.7824999999999999
0.7174999999999998
0.7764583333333333
0.8231249999999999
0.57375
