0.19750000000000018
0.07895833333333335
-0.04479166666666668
0.02937500000000002
0.24291666666666664
0.20520833333333346
0.017916666666666643
0.1270833333333334
0.007499999999999986
0.1427083333333334
0.18020833333333325
0.054583333333333366
0.18062500000000004
0.2329166666666667
0.1020833333333333
0.06270833333333331
-0.00833333333333331
0.11083333333333334
0.27375000000000005
0.17395833333333335
-0.07833333333333341
-0.03979166666666667
0.09833333333333337
0.22583333333333336
0.09541666666666668
0.2210416666666666
0.09520833333333328
0.19937499999999997
0.3629166666666667
0.19791666666666657
0.12666666666666665
-0.05958333333333332
0.05166666666666666
0.11104166666666661
0.11145833333333334
0.12479166666666668
0.16479166666666667
0.265625
0.3047916666666666
0.07041666666666668
0.2020833333333333
0.02916666666666666
0.35833333333333345
0.04708333333333334
0.12937499999999996
0.2647916666666667
0.15562499999999996
0.1039583333333333
0.18791666666666662
0.07374999999999998
-0.16499999999999995
0.00499999999999999
0.14
0.0014583333333333375
0.18562499999999993
0.10499999999999997
0.41750000000000015
0.1152083333333333
0.5589583333333331
0.10666666666666666
0.27895833333333336
0.2110416666666666
0.129375
0.0029166666666666547
-0.01583333333333333
0.14375
0.001249999999999987
0.0964583333333333
0.19937499999999997
0.15166666666666667
0.06375000000000001
0.19354166666666667
0.1245833333333334
0.16270833333333343
0.23562500000000003
0.16749999999999995
0.34520833333333323
0.17979166666666666
0.19104166666666667
0.016458333333333356
0.255
0.11500000000000005
0.2829166666666668
0.1252083333333333
0.23687500000000006
0.2516666666666667
0.1677083333333334
0.3052083333333333
0.019374999999999996
0.02000000000000002
0.08166666666666662
0.17625
0.33395833333333336
0.21479166666666674
0.16645833333333335
-0.017083333333333336
0.1916666666666666
0.22625000000000006
0.19499999999999995
0.211875
0.18124999999999986
0.020208333333333335
0.2070833333333333
0.051249999999999976
0.14500000000000005
0.07937500000000001
0.08979166666666663
0.30041666666666667
0.2827083333333334
0.08666666666666664
0.24666666666666665
-0.06291666666666668
0.17208333333333328
0.13645833333333335
-0.06333333333333327
-0.2275
0.04020833333333333
0.18958333333333321
-0.020833333333333343
0.2320833333333333
0.281875
0.029166666666666678
-0.01895833333333333
0.2677083333333333
0.032916666666666664
0.1733333333333333
0.25125000000000003
0.13833333333333334
-0.006041666666666663
0.15875
0.3525
0.11333333333333333
0.12645833333333337
0.16083333333333333
0.16083333333333333
0.07208333333333332
0.12916666666666668
-0.031666666666666676
0.20041666666666672
-0.04624999999999999
0.0877083333333333
0.21270833333333328
0.08020833333333326
0.146875
0.06312499999999999
0.1410416666666667
0.13687499999999997
0.09416666666666666
0.020625
0.10145833333333332
0.20874999999999996
0.15604166666666663
0.19708333333333325
0.03208333333333331
0.30333333333333334
0.2410416666666666
0.22937499999999997
0.085
0.030416666666666668
0.24229166666666674
0.04208333333333331
0.058958333333333376
0.10770833333333335
-0.10791666666666667
-0.04458333333333329
0.15791666666666673
0.1547916666666667
0.19104166666666672
0.3454166666666667
0.016666666666666653
0.1466666666666666
0.075625
0.18166666666666664
-0.005208333333333319
0.1606250000000001
-0.03604166666666666
0.07020833333333337
0.28874999999999995
0.09145833333333332
0.20562500000000003
0.12229166666666674
0.34937499999999994
-0.008958333333333316
0.19416666666666665
0.20000000000000018
0.20062499999999994
0.09770833333333327
0.231875
0.26916666666666667
-0.0022916666666666727
0.28145833333333337
0.08145833333333334
