0.7729166666666666
0.818541666666667
0.8647916666666666
0.7885416666666665
0.8204166666666669
0.8225
0.8770833333333333
0.8310416666666669
0.7647916666666665
0.7737500000000002
0.7045833333333331
0.7306250000000003
0.8316666666666667
0.770625
0.8054166666666666
0.6629166666666664
0.8766666666666667
0.78
0.7714583333333332
0.7985416666666665
0.8347916666666667
0.7904166666666671
0.660625
0.7139583333333331
0.7583333333333334
0.7247916666666668
0.815
0.8004166666666667
0.7287499999999997
0.733125
0.8747916666666667
0.6074999999999999
0.7268750000000002
0.8391666666666666
0.8391666666666666
0.8204166666666669
0.6939583333333336
0.8027083333333336
0.8435416666666669
0.7064583333333334
0.8054166666666664
0.7397916666666667
0.8350000000000002
0.8372916666666664
0.7870833333333335
0.8470833333333334
0.7027083333333333
0.7674999999999998
0.6795833333333334
0.7297916666666666
0.9054166666666669
0.75125
0.7118749999999998
0.840625
0.7349999999999999
0.7008333333333334
0.8145833333333335
0.7739583333333334
0.7795833333333334
0.8320833333333333
0.6008333333333334
0.7408333333333331
0.7631250000000002
0.7714583333333332
0.6691666666666666
0.8274999999999999
0.6808333333333336
0.77875
0.831875
0.7872916666666663
0.8245833333333337
0.7108333333333334
0.80875
0.8058333333333334
0.8043749999999997
0.845625
0.7295833333333336
0.774791666666667
0.7402083333333331
0.846666666666667
0.7391666666666664
0.7572916666666666
0.7614583333333332
0.7
0.8331249999999999
0.8441666666666667
0.6379166666666667
0.7347916666666667
0.7572916666666668
0.7462499999999999
0.8472916666666667
0.8152083333333331
0.7445833333333336
0.7674999999999998
0.7829166666666666
0.8733333333333337
0.7302083333333335
0.8514583333333333
0.6487499999999998
0.7874999999999995
0.7756250000000001
0.8433333333333336
0.7964583333333336
0.7866666666666667
0.7518749999999998
0.7697916666666665
0.8206250000000002
0.7897916666666667
0.7958333333333336
0.7495833333333332
0.7289583333333332
0.7835416666666671
0.8572916666666669
0.7562500000000003
0.8158333333333335
0.7618750000000003
0.888125
0.7302083333333331
0.870625
0.8245833333333334
0.8560416666666665
0.7239583333333333
0.7787499999999997
0.78375
0.7179166666666665
0.8341666666666666
0.7854166666666668
0.7077083333333334
0.8264583333333335
0.8033333333333335
0.7660416666666666
0.6795833333333338
0.7958333333333334
0.7225000000000001
0.6958333333333335
0.771875
0.7572916666666666
0.7962500000000001
0.7431250000000001
0.8433333333333334
0.7645833333333336
0.6839583333333333
0.8018750000000003
0.7391666666666665
0.8006250000000003
0.8414583333333329
0.817916666666667
0.808125
0.8333333333333333
0.7614583333333336
0.8360416666666666
0.7870833333333335
0.7691666666666663
0.7558333333333337
0.8554166666666663
0.7672916666666666
0.7427083333333334
0.8458333333333333
0.7133333333333338
0.8329166666666667
0.7720833333333332
0.7520833333333333
0.6733333333333331
0.7727083333333339
0.8206249999999997
0.7902083333333333
0.7922916666666667
0.6910416666666664
0.8097916666666669
0.734375
0.8072916666666667
0.7397916666666666
0.757083333333333
0.8537499999999996
0.800625
0.80375
0.7922916666666666
0.8466666666666669
0.7802083333333334
0.7212500000000002
0.7756250000000001
0.8166666666666668
0.7237500000000001
0.7422916666666666
0.7325
0.6766666666666667
0.7018750000000006
0.7172916666666667
0.7741666666666666
0.8614583333333331
0.8170833333333337
0.7260416666666667
