0.949375
0.9506250000000002
0.9489583333333335
0.9145833333333333
0.9106250000000001
0.9543750000000002
0.8958333333333328
0.9054166666666664
0.9464583333333333
0.8860416666666672
0.9558333333333334
0.8729166666666666
0.9547916666666668
0.9687500000000003
0.9335416666666667
0.9597916666666668
0.9410416666666664
0.9252083333333334
0.9131249999999999
0.9397916666666668
0.9570833333333333
0.9225
0.9152083333333333
0.8920833333333331
0.91
0.9179166666666666
0.9191666666666669
0.8991666666666663
0.9127083333333332
0.9193750000000003
0.970625
0.8875000000000002
0.9102083333333333
0.9560416666666667
0.9389583333333335
0.9410416666666667
0.9033333333333335
0.8877083333333335
0.9075000000000002
0.9352083333333334
0.9116666666666667
0.9285416666666667
0.9431249999999999
0.9522916666666665
0.8991666666666666
0.9172916666666667
0.818958333333333
0.8760416666666664
0.8645833333333337
0.950416666666667
0.9262500000000001
0.9310416666666668
0.9697916666666668
0.9285416666666666
0.9360416666666665
0.9306250000000003
0.9604166666666666
0.9193749999999998
0.9733333333333332
0.963125
0.9412500000000001
0.9241666666666666
0.9245833333333333
0.9272916666666666
0.916458333333333
0.9097916666666666
0.915625
0.9295833333333333
0.9264583333333337
0.9114583333333333
0.9300000000000002
0.90375
0.8902083333333332
0.9302083333333334
0.9214583333333334
0.9608333333333331
0.9381250000000001
0.9460416666666667
0.927291666666667
0.95375
0.9650000000000002
0.9372916666666669
0.9243749999999998
0.9575
0.9329166666666667
0.9329166666666664
0.9352083333333335
0.9364583333333333
0.8847916666666665
0.9237499999999998
0.8572916666666663
0.8575000000000002
0.9118749999999999
0.9020833333333335
0.9452083333333333
0.9247916666666666
0.9491666666666668
0.8941666666666664
0.8977083333333333
0.9499999999999997
0.9104166666666665
0.8918749999999999
0.9224999999999999
0.9443750000000003
0.9227083333333336
0.9197916666666666
0.9485416666666668
0.9491666666666664
0.8864583333333332
0.9585416666666666
0.9539583333333335
0.9449999999999998
0.9535416666666667
0.9314583333333336
0.9247916666666667
0.9566666666666667
0.9018750000000003
0.9102083333333334
0.9745833333333336
0.92
0.9352083333333338
0.941875
0.9379166666666668
0.9383333333333335
0.9062499999999999
0.9477083333333333
0.9583333333333335
0.8708333333333335
0.9554166666666667
0.8918749999999999
0.9345833333333334
0.8827083333333331
0.9460416666666666
0.901875
0.9024999999999999
0.9206249999999998
0.9141666666666669
0.9354166666666663
0.9208333333333336
0.928958333333333
0.960625
0.8541666666666664
0.9420833333333334
0.9195833333333332
0.9102083333333333
0.9241666666666667
0.9056249999999999
0.9210416666666669
0.9170833333333333
0.9362500000000001
0.8883333333333333
0.8972916666666667
0.9070833333333332
0.905
0.9358333333333334
0.9302083333333334
0.9308333333333333
0.90375
0.9504166666666669
0.9289583333333331
0.9387499999999999
0.8960416666666667
0.8885416666666667
0.9210416666666664
0.9556250000000003
0.9441666666666666
0.9320833333333332
0.9441666666666668
0.9104166666666668
0.9352083333333333
0.930416666666667
0.8747916666666664
0.93
0.9456249999999997
0.9074999999999998
0.940625
0.9458333333333332
0.8889583333333335
0.9531249999999999
0.9612500000000003
0.9018749999999999
0.8622916666666666
0.8947916666666665
0.8733333333333333
0.9120833333333331
0.9577083333333332
0.9147916666666667
0.941041666666667
0.9039583333333332
0.9466666666666668
0.9193749999999998
0.8856249999999999
