0.9858333333333335
0.9997916666666665
0.9922916666666666
0.9989583333333334
0.9922916666666666
0.9950000000000001
0.9904166666666667
0.9972916666666666
0.9954166666666666
0.9933333333333333
0.9952083333333335
0.9952083333333333
0.9966666666666667
0.9987499999999998
0.991875
0.993125
0.99875
0.9964583333333334
0.9872916666666667
0.9975
0.9920833333333331
0.986875
0.9929166666666667
0.9943750000000001
0.9964583333333334
0.9947916666666667
0.9931249999999998
0.9850000000000001
0.9977083333333333
0.9964583333333333
0.9964583333333333
0.9983333333333333
0.998125
0.994375
0.988125
0.998125
0.9966666666666666
0.993125
0.99375
0.9877083333333332
0.9983333333333333
0.9966666666666667
0.9966666666666668
0.9985416666666665
0.9943750000000001
0.9947916666666667
0.9995833333333334
0.995625
0.9952083333333335
0.993125
0.98875
0.9985416666666665
0.9947916666666667
0.99
0.9983333333333333
0.98375
0.9960416666666667
0.9939583333333333
0.9902083333333335
0.9966666666666666
0.9989583333333333
0.9989583333333333
0.9972916666666667
0.9972916666666667
0.9997916666666667
0.9964583333333334
0.9866666666666667
0.9966666666666667
0.9818749999999998
0.9939583333333334
0.9966666666666666
0.9983333333333333
0.9972916666666667
0.9970833333333333
0.9922916666666667
0.99875
0.9927083333333333
0.9902083333333332
0.9958333333333332
0.9966666666666666
0.9972916666666667
0.9943750000000001
0.9877083333333333
0.9958333333333335
0.99625
0.9966666666666666
0.9927083333333334
0.995625
0.9879166666666667
0.985625
0.9912500000000002
0.996875
0.9960416666666667
0.9889583333333334
0.990625
0.9920833333333334
0.9958333333333332
0.9995833333333333
0.9906249999999999
0.9954166666666666
0.9877083333333333
0.9947916666666667
0.9960416666666667
0.9908333333333332
0.9960416666666666
0.9941666666666668
0.995625
0.9845833333333333
0.9947916666666667
0.9945833333333334
0.9989583333333334
0.9935416666666668
0.9970833333333334
0.9933333333333334
0.9977083333333333
0.998125
0.9966666666666668
0.9960416666666666
0.9979166666666667
0.995625
0.9952083333333331
0.9799999999999999
0.9983333333333334
0.9939583333333334
0.9947916666666667
0.9933333333333333
0.9964583333333333
0.9929166666666667
0.9947916666666669
0.9983333333333334
0.995
0.9952083333333333
0.9997916666666667
0.9977083333333333
0.9979166666666666
0.9981250000000002
0.995
0.99875
0.995625
0.9954166666666666
0.9975
0.9958333333333335
0.9927083333333334
0.9816666666666666
0.9950000000000001
0.9983333333333335
0.9943750000000001
0.9995833333333333
0.9991666666666668
0.9991666666666665
0.9949999999999999
0.9860416666666666
0.9960416666666668
0.9889583333333336
0.9966666666666666
0.996875
0.9979166666666666
0.9960416666666666
0.9950000000000001
0.9991666666666668
0.9958333333333332
0.9933333333333334
0.9983333333333333
0.9956250000000001
0.9956250000000001
0.9895833333333336
0.9962499999999999
1.0
0.9954166666666668
0.9997916666666667
0.998125
0.9893750000000003
0.986875
0.998125
0.9960416666666667
0.99625
0.9952083333333333
0.9933333333333332
0.9950000000000001
0.99375
0.9989583333333334
0.9958333333333335
0.9910416666666667
0.988125
0.9949999999999999
0.9897916666666667
0.995625
0.9825
0.9977083333333333
0.9991666666666668
0.9929166666666667
0.9945833333333333
