0.9808333333333334
0.9762499999999997
0.9889583333333333
0.98125
0.9939583333333334
0.9883333333333333
0.99
0.9958333333333335
0.9883333333333334
0.9927083333333332
0.995
0.9922916666666667
0.9958333333333332
0.9875000000000002
0.989375
0.9958333333333332
0.9879166666666666
0.986875
0.9910416666666667
0.9874999999999998
0.9879166666666667
0.99
0.9922916666666667
0.9758333333333334
0.9910416666666667
0.990625
0.9827083333333335
0.9897916666666667
0.9889583333333334
0.9920833333333335
0.9943750000000001
0.98875
0.9914583333333334
0.9929166666666669
0.9872916666666666
0.9845833333333333
0.9783333333333333
0.9939583333333333
0.9954166666666667
0.991875
0.9902083333333332
0.9966666666666667
0.9777083333333333
0.9904166666666667
0.988125
0.9943749999999999
0.981875
0.9843750000000001
0.9866666666666668
0.995
0.9927083333333334
0.9881250000000001
0.9956250000000001
0.9954166666666666
0.9933333333333334
0.991875
0.9875000000000002
0.9966666666666667
0.9785416666666665
0.9962499999999999
0.9874999999999998
0.9927083333333333
0.9966666666666666
0.9602083333333334
0.9845833333333333
0.9941666666666669
0.9883333333333333
0.9956249999999999
0.989375
0.9910416666666666
0.9989583333333333
0.9810416666666666
0.9954166666666667
0.9939583333333332
0.9895833333333333
0.9860416666666667
0.9868749999999998
0.9933333333333334
0.9912499999999999
0.9991666666666668
0.9891666666666667
0.9777083333333332
0.9922916666666666
0.9933333333333333
0.9833333333333333
0.9916666666666665
0.9872916666666666
0.9866666666666666
0.9972916666666667
0.9895833333333333
0.994583333333333
0.9820833333333334
0.9852083333333332
0.989375
0.9945833333333334
0.9910416666666666
0.9910416666666668
0.9835416666666668
0.9914583333333333
0.983125
0.9891666666666665
0.9825
0.9729166666666669
0.9902083333333332
0.9870833333333333
0.9945833333333333
0.9964583333333334
0.9897916666666666
0.9839583333333333
0.9804166666666667
0.9879166666666666
0.9827083333333332
0.9835416666666669
0.9820833333333333
0.9845833333333333
0.993125
0.9891666666666667
0.9947916666666665
0.9970833333333334
0.98875
0.9910416666666668
0.9922916666666666
0.9902083333333332
0.9974999999999998
0.9922916666666667
0.995625
0.9922916666666666
0.983541666666667
0.98625
0.9925000000000002
0.9822916666666667
0.9875
0.998125
0.9862499999999998
0.9908333333333335
0.9804166666666666
0.9960416666666666
0.9808333333333334
0.9887499999999999
0.9843750000000001
0.9931249999999998
0.9891666666666665
0.9925
0.9868750000000002
0.9958333333333335
0.9900000000000001
0.99375
0.9900000000000001
0.9925000000000002
0.9845833333333333
0.9870833333333333
0.9904166666666667
0.9920833333333334
0.9935416666666668
0.9935416666666668
0.9922916666666666
0.9689583333333333
0.9927083333333333
0.9814583333333331
0.9891666666666665
0.9810416666666666
0.9827083333333333
0.9950000000000001
0.9912500000000003
0.9889583333333334
0.9925
0.9952083333333333
0.989375
0.9858333333333333
0.9897916666666667
0.9908333333333332
0.9933333333333334
0.9941666666666668
0.9972916666666666
0.988125
0.9847916666666668
0.99
0.9920833333333333
0.988125
0.9766666666666666
0.9833333333333333
0.9904166666666667
0.9839583333333333
0.9833333333333334
0.9947916666666669
0.9597916666666668
0.9943750000000001
0.9922916666666666
0.985
0.9914583333333333
0.9885416666666668
0.97
