0.9831250000000001
0.9849999999999999
0.9929166666666667
0.9822916666666666
0.9864583333333334
0.9843750000000001
0.98125
0.9702083333333335
0.9779166666666669
0.9906249999999999
0.9810416666666666
0.9872916666666666
0.9927083333333332
0.9795833333333333
0.9787500000000001
0.9916666666666667
0.9745833333333332
0.985625
0.9950000000000001
0.9922916666666666
0.9895833333333336
0.9918750000000002
0.9927083333333335
0.9745833333333335
0.9743749999999999
0.9914583333333334
0.9975000000000002
0.9918749999999998
0.9839583333333334
0.9954166666666668
0.9929166666666667
0.9808333333333331
0.9931249999999998
0.9887499999999997
0.9829166666666669
0.9854166666666664
0.9943750000000001
0.9868750000000002
0.97
0.9897916666666666
0.9900000000000001
0.9829166666666664
0.9927083333333334
0.985
0.9841666666666665
0.9812499999999997
0.9922916666666666
0.9922916666666667
0.9875000000000002
0.9608333333333334
0.9795833333333335
0.9843749999999997
0.9841666666666667
0.99375
0.9945833333333334
0.994375
0.9906249999999999
0.9795833333333331
0.985625
0.9874999999999998
0.9843749999999999
0.9902083333333332
0.9885416666666669
0.9881249999999998
0.9900000000000003
0.9891666666666665
0.9754166666666667
0.9810416666666666
0.9660416666666669
0.9825000000000002
0.9802083333333336
0.9935416666666668
0.9843750000000001
0.9910416666666667
0.9927083333333334
0.9850000000000001
0.9843750000000001
0.9872916666666669
0.983125
0.9835416666666668
0.991875
0.9889583333333334
0.9891666666666667
0.9937499999999999
0.994375
0.99
0.9733333333333334
0.9985416666666669
0.99125
0.9756250000000002
0.9970833333333333
0.9906250000000001
0.9941666666666665
0.9835416666666668
0.9979166666666666
0.9735416666666669
0.9927083333333335
0.9779166666666669
0.9945833333333334
0.9931250000000001
0.98875
0.99625
0.9752083333333332
0.9947916666666667
0.9939583333333334
0.9758333333333334
0.9858333333333333
0.9785416666666668
0.9829166666666669
0.9918750000000002
0.9856249999999999
0.9895833333333335
0.9866666666666668
0.9872916666666669
0.9883333333333334
0.9883333333333336
0.9810416666666666
0.9868750000000002
0.9885416666666669
0.9889583333333334
0.99
0.9774999999999998
0.988125
0.9964583333333334
0.9933333333333334
0.9922916666666667
0.9891666666666667
0.992291666666667
0.9945833333333333
0.9970833333333334
0.9887500000000001
0.9906250000000001
0.9912500000000002
0.9904166666666668
0.994375
0.9956250000000001
0.9791666666666667
0.9906250000000001
0.9787500000000001
0.9785416666666664
0.9895833333333333
0.979791666666667
0.9785416666666668
0.9800000000000001
0.9977083333333333
0.9879166666666666
0.9695833333333331
0.9920833333333334
0.9854166666666668
0.9733333333333334
0.9829166666666671
0.9866666666666667
0.9629166666666669
0.9664583333333335
0.9914583333333333
0.9935416666666668
0.9960416666666668
0.9922916666666667
0.98875
0.9895833333333333
0.9687499999999997
0.9937499999999999
0.9870833333333335
0.9922916666666667
0.9918750000000002
0.9929166666666666
0.9918750000000002
0.9829166666666667
0.9818749999999998
0.9816666666666666
0.9920833333333334
0.9897916666666667
0.9889583333333334
0.9585416666666667
0.9706250000000002
0.9912500000000002
0.9904166666666667
0.9893750000000001
0.985
0.9929166666666667
0.994375
0.9837499999999999
0.9818749999999998
0.993125
0.9872916666666666
0.9556249999999998
0.9887500000000001
0.9781249999999999
0.9797916666666666
0.9918749999999998
0.9889583333333333
0.9835416666666668
