0.9964583333333333
0.9891666666666667
0.9964583333333333
0.9958333333333332
0.9943749999999999
0.9872916666666666
0.9929166666666667
0.9966666666666666
0.99125
0.9960416666666666
0.9964583333333333
0.9877083333333333
0.9918750000000002
0.9970833333333334
0.9916666666666666
0.9833333333333334
0.9960416666666666
0.9943750000000001
0.9891666666666669
0.9960416666666666
0.9925
0.9902083333333332
0.9927083333333334
0.9966666666666667
0.9975
0.9954166666666667
0.9952083333333335
0.9904166666666666
0.9956250000000001
0.9883333333333333
0.9977083333333334
0.998125
0.99125
0.998125
0.9916666666666666
0.9945833333333334
0.993125
0.98625
0.9895833333333333
0.9935416666666668
0.9977083333333334
0.9820833333333334
0.9927083333333335
0.9897916666666668
0.9910416666666667
0.9941666666666665
0.9914583333333333
0.999375
0.9852083333333332
0.9891666666666669
0.9904166666666664
0.9935416666666664
0.9941666666666668
0.99375
0.9947916666666667
0.9958333333333335
0.9933333333333333
0.9906250000000001
0.9927083333333333
0.983125
0.9910416666666666
0.9693749999999998
0.99
0.989375
0.9827083333333333
0.9979166666666667
0.9925000000000002
0.9977083333333333
0.9945833333333334
0.9816666666666666
0.9925
0.9916666666666667
0.9939583333333333
0.9827083333333333
0.998125
0.9966666666666666
0.9891666666666665
0.9810416666666666
0.9954166666666667
0.9879166666666667
0.9964583333333334
0.9939583333333333
0.9991666666666668
0.9925
0.99375
0.9845833333333333
0.9908333333333332
0.9910416666666668
0.99125
0.9939583333333332
0.9872916666666667
0.990833333333333
0.9947916666666665
0.9895833333333335
0.9812500000000002
0.99625
0.9914583333333334
0.9925
0.9852083333333332
0.9916666666666666
0.9891666666666664
0.989375
0.993125
0.9847916666666666
0.9883333333333333
0.9954166666666667
0.9904166666666666
0.9877083333333333
0.9972916666666666
0.9939583333333333
0.9820833333333334
0.99
0.9827083333333333
0.995625
0.9683333333333333
0.9847916666666666
0.991875
0.9954166666666667
0.9879166666666666
0.9941666666666668
0.9877083333333332
0.9927083333333334
0.9879166666666666
0.985625
0.9854166666666667
0.9975
0.9922916666666667
0.9910416666666666
0.9954166666666666
0.9954166666666667
0.9904166666666666
0.9860416666666667
0.9947916666666669
0.9931249999999998
0.9920833333333333
0.9879166666666667
0.9889583333333336
0.9933333333333333
0.995625
0.9891666666666667
0.9954166666666667
0.9872916666666666
0.9745833333333332
0.993125
0.9958333333333332
0.9875
0.9877083333333333
0.9885416666666668
0.995
0.9839583333333333
0.9975
0.9762500000000002
0.9970833333333334
0.9929166666666669
0.9970833333333334
0.9845833333333335
0.9922916666666667
0.9983333333333334
0.9783333333333333
0.9983333333333334
0.98875
0.9989583333333333
0.9922916666666666
0.9952083333333333
0.9952083333333333
0.9904166666666668
0.9910416666666667
0.9939583333333332
0.99625
0.995
0.9764583333333333
0.9764583333333333
0.9954166666666667
0.97875
0.9964583333333333
0.985625
0.9972916666666667
0.98375
0.9899999999999999
0.995625
0.9925
0.9935416666666668
0.9954166666666668
0.9916666666666666
0.9881249999999998
0.9920833333333333
0.9856250000000002
0.990625
0.9968750000000002
0.9862499999999998
0.9885416666666668
0.9960416666666667
