0.99625
0.9941666666666665
0.995
1.0
0.99875
0.9966666666666666
0.9927083333333333
0.9983333333333333
0.995625
0.99875
0.9897916666666666
0.9885416666666668
0.9970833333333333
0.9899999999999999
0.9947916666666665
0.9975
0.9970833333333333
0.9941666666666669
0.998125
0.9977083333333333
0.9927083333333334
0.9956249999999999
0.9972916666666666
0.9929166666666669
0.9866666666666666
0.996875
0.9933333333333336
0.9989583333333333
0.9970833333333333
0.9925
0.9977083333333333
0.9941666666666669
0.9979166666666666
0.9954166666666667
0.99875
0.9975
0.9916666666666666
0.9970833333333331
0.9925
0.9941666666666669
0.9916666666666667
0.9956249999999999
0.9970833333333331
0.9922916666666665
0.9995833333333333
0.9885416666666664
0.9985416666666667
0.9929166666666667
0.9983333333333333
0.996875
0.98875
0.9941666666666668
0.9970833333333334
0.9935416666666668
0.9952083333333333
0.9966666666666667
0.9968750000000002
0.9939583333333334
0.9897916666666667
0.9989583333333333
0.9958333333333332
0.9981250000000002
0.9989583333333333
0.9985416666666667
0.9979166666666667
0.9945833333333333
0.9966666666666666
0.9958333333333332
0.9872916666666669
0.998125
0.9954166666666667
0.9925
0.9991666666666665
0.9950000000000001
0.9912499999999999
0.9985416666666667
0.99875
0.9914583333333334
0.9979166666666667
0.9991666666666668
0.9983333333333334
0.9897916666666666
0.998125
0.9991666666666665
0.9929166666666666
0.995625
0.99875
0.9979166666666667
0.9966666666666668
0.9952083333333336
0.9700000000000002
0.9960416666666668
0.9979166666666667
0.9975
0.9958333333333335
0.9970833333333333
0.9895833333333333
0.9912499999999999
0.9966666666666667
0.993125
0.9985416666666667
0.9983333333333333
0.9972916666666667
0.9954166666666666
0.9947916666666665
0.9987500000000001
0.9966666666666667
0.9975000000000002
0.994375
0.9841666666666665
0.9970833333333333
0.9952083333333335
0.996875
0.9997916666666667
0.9914583333333334
0.9977083333333333
0.9995833333333334
0.9995833333333333
0.9977083333333334
0.9979166666666666
0.995625
0.998125
0.9970833333333334
0.996875
0.995625
0.9977083333333334
0.9895833333333335
0.9981250000000002
0.9956250000000001
0.9981250000000002
0.9910416666666666
0.9981249999999998
0.9952083333333335
0.9964583333333333
0.9983333333333334
0.9981249999999998
0.9977083333333334
0.9991666666666668
0.9972916666666666
0.9977083333333333
0.9970833333333333
0.9931249999999998
0.9983333333333333
0.9958333333333332
0.9991666666666665
0.99375
0.9985416666666665
0.995625
0.9914583333333333
0.9927083333333334
0.9952083333333333
0.9918749999999998
0.9979166666666666
0.9964583333333333
0.9983333333333333
0.991875
0.9949999999999999
0.9964583333333334
0.9966666666666666
0.9964583333333333
0.9975
0.9939583333333333
0.9922916666666666
0.9970833333333334
0.9958333333333331
0.9964583333333333
0.9975000000000002
0.9975
0.9949999999999999
0.998125
0.9947916666666667
0.9970833333333333
0.9997916666666665
1.0
0.9966666666666668
0.9979166666666666
0.99375
0.9966666666666668
0.9968750000000002
0.9931249999999998
0.9964583333333333
0.9922916666666666
0.9985416666666667
0.9964583333333334
0.9889583333333334
0.9989583333333333
0.99875
0.9979166666666667
0.9958333333333335
0.998125
0.9941666666666668
0.9914583333333333
