1.0
1.0
0.9995833333333334
1.0
0.999375
0.9997916666666667
1.0
0.9991666666666665
1.0
1.0
0.9991666666666665
0.9983333333333334
0.9989583333333333
0.9983333333333333
1.0
1.0
0.9985416666666667
0.9991666666666668
0.9997916666666665
0.9991666666666668
0.9983333333333334
0.9989583333333334
0.9979166666666667
1.0
1.0
1.0
1.0
1.0
1.0
1.0
0.999375
1.0
1.0
0.998125
1.0
1.0
1.0
1.0
0.9985416666666667
0.9983333333333334
1.0
1.0
0.9972916666666667
0.9995833333333334
0.996875
1.0
1.0
0.9997916666666667
0.9997916666666665
0.9997916666666667
0.999375
0.9995833333333333
0.9989583333333334
1.0
0.9997916666666667
0.9991666666666668
0.9995833333333333
1.0
0.9964583333333334
1.0
1.0
0.9995833333333333
1.0
0.999375
0.9979166666666667
0.9997916666666667
0.99875
0.9997916666666665
0.9995833333333334
0.9975
1.0
0.9995833333333333
0.9995833333333334
0.9985416666666667
0.9970833333333333
0.9966666666666666
1.0
0.9989583333333333
0.9995833333333333
1.0
0.9991666666666668
1.0
0.9997916666666665
0.9995833333333333
1.0
0.9989583333333333
0.9997916666666667
0.9995833333333334
1.0
1.0
0.9995833333333333
0.99625
1.0
0.999375
1.0
1.0
0.9997916666666667
0.9995833333333334
0.999375
1.0
1.0
0.9977083333333334
1.0
1.0
0.9989583333333334
0.9997916666666665
0.9991666666666668
1.0
0.9991666666666668
0.999375
0.9997916666666665
1.0
0.999375
0.999375
1.0
0.9989583333333333
0.9997916666666665
0.9970833333333333
0.998125
0.9993750000000001
0.9939583333333333
1.0
1.0
0.9993750000000001
1.0
0.9997916666666665
0.999375
0.9991666666666668
0.9989583333333334
1.0
0.999375
0.9991666666666668
0.9997916666666665
0.9979166666666667
0.9985416666666665
0.9989583333333333
1.0
0.9989583333333333
1.0
1.0
1.0
0.999375
1.0
1.0
0.999375
1.0
0.9995833333333334
0.9989583333333333
0.9995833333333334
1.0
1.0
1.0
0.9995833333333333
0.9958333333333332
0.999375
0.9995833333333334
1.0
0.9997916666666665
0.99875
1.0
1.0
0.9989583333333334
1.0
1.0
1.0
0.998125
1.0
1.0
0.9995833333333334
0.9972916666666666
0.9947916666666667
1.0
1.0
0.9995833333333334
0.9995833333333333
1.0
0.9983333333333333
1.0
0.9997916666666665
0.9997916666666667
1.0
0.9997916666666667
1.0
1.0
0.9995833333333334
0.9991666666666668
1.0
0.9997916666666667
1.0
1.0
1.0
1.0
