1.0
1.0
0.999375
1.0
1.0
0.9977083333333334
1.0
1.0
1.0
1.0
1.0
1.0
1.0
1.0
0.99875
0.9989583333333334
1.0
1.0
1.0
1.0
0.9995833333333334
0.9997916666666665
0.9985416666666667
1.0
1.0
1.0
0.9995833333333333
0.99875
0.9991666666666668
1.0
0.999375
1.0
0.9989583333333333
0.999375
1.0
1.0
1.0
1.0
1.0
1.0
1.0
0.9991666666666668
1.0
1.0
1.0
1.0
1.0
1.0
0.9991666666666668
0.9997916666666667
1.0
1.0
1.0
1.0
1.0
1.0
0.9991666666666668
1.0
1.0
1.0
0.9997916666666667
1.0
1.0
1.0
0.9995833333333333
1.0
1.0
1.0
1.0
1.0
1.0
1.0
1.0
0.9997916666666667
0.9997916666666667
1.0
1.0
1.0
0.9997916666666665
1.0
1.0
1.0
1.0
1.0
1.0
1.0
1.0
1.0
1.0
1.0
1.0
1.0
1.0
1.0
1.0
1.0
1.0
1.0
1.0
0.9995833333333333
1.0
1.0
0.99875
1.0
1.0
1.0
1.0
0.9997916666666667
0.999375
1.0
1.0
0.9997916666666667
1.0
0.9997916666666667
0.9983333333333334
1.0
1.0
0.9997916666666667
1.0
0.9995833333333334
1.0
1.0
1.0
1.0
0.9995833333333333
1.0
1.0
1.0
1.0
1.0
1.0
0.9997916666666667
1.0
1.0
0.9991666666666665
1.0
1.0
1.0
1.0
1.0
1.0
1.0
1.0
0.9997916666666665
1.0
1.0
1.0
0.99875
1.0
1.0
1.0
1.0
1.0
1.0
1.0
1.0
1.0
1.0
1.0
1.0
0.9977083333333333
1.0
1.0
0.999375
1.0
1.0
0.9997916666666665
1.0
1.0
1.0
1.0
1.0
0.9997916666666667
1.0
0.9995833333333333
1.0
1.0
1.0
1.0
0.9997916666666665
1.0
1.0
0.9995833333333333
0.9995833333333333
1.0
1.0
0.9995833333333334
1.0
1.0
1.0
0.999375
1.0
