-0.9973333333333335
-0.994888888888889
-0.9988888888888889
-0.9957777777777779
-0.9942222222222223
-0.9973333333333333
-0.9982222222222223
-0.9955555555555559
-0.9973333333333335
-0.9980000000000001
-0.9973333333333335
-0.9962222222222225
-0.9973333333333333
-0.996888888888889
-0.9966666666666668
-0.9940000000000001
-0.9966666666666668
-0.9975555555555556
-0.9973333333333335
-0.9957777777777779
-0.9971111111111113
-0.9971111111111111
-0.9973333333333333
-0.9980000000000001
-0.9982222222222223
-0.994888888888889
-0.995777777777778
-0.9944444444444446
-0.996
-0.9975555555555556
-0.9980000000000001
-0.9971111111111113
-0.9984444444444446
-0.9955555555555559
-0.9964444444444447
-0.9960000000000002
-0.9973333333333335
-0.9964444444444445
-0.9948888888888892
-0.9960000000000002
-0.9953333333333334
-0.9964444444444445
-0.9982222222222223
-0.996888888888889
-0.996888888888889
-0.993777777777778
-0.9971111111111111
-0.9960000000000002
-0.9955555555555556
-0.996888888888889
-0.9979999999999999
-0.9975555555555556
-0.996
-0.9944444444444446
-0.9957777777777779
-0.9971111111111113
-0.9962222222222225
-0.9979999999999999
-0.9968888888888888
-0.9991111111111112
-0.9946666666666668
-0.9955555555555559
-0.9962222222222222
-0.9955555555555556
-0.9977777777777779
-0.9980000000000001
-0.9971111111111113
-0.9977777777777779
-0.9971111111111113
-0.995777777777778
-0.9975555555555556
-0.996888888888889
-0.9968888888888888
-0.9971111111111113
-0.9977777777777779
-0.9982222222222223
-0.9977777777777779
-0.9973333333333335
-0.9955555555555556
-0.9962222222222222
-0.9960000000000002
-0.9977777777777779
-0.9966666666666668
-0.9948888888888888
-0.9964444444444445
-0.9971111111111113
-0.9964444444444445
-0.995777777777778
-0.9942222222222221
-0.9951111111111112
-0.9968888888888888
-0.9962222222222225
-0.9977777777777779
-0.9960000000000002
-0.9960000000000002
-0.9962222222222225
-0.9960000000000002
-0.9971111111111113
-0.9982222222222223
-0.9955555555555559
-0.994888888888889
-0.9966666666666668
-0.9980000000000001
-0.994888888888889
-0.9944444444444448
-0.9973333333333335
-0.9971111111111113
-0.9975555555555555
-0.9971111111111113
-0.996888888888889
-0.9962222222222222
-0.9942222222222223
-0.9973333333333335
-0.9979999999999999
-0.9942222222222223
-0.9975555555555556
-0.9953333333333334
-0.9975555555555556
-0.9973333333333333
-0.9966666666666668
-0.9968888888888888
-0.9971111111111111
-0.9964444444444445
-0.9975555555555555
-0.9962222222222222
-0.9962222222222225
-0.9971111111111113
-0.9968888888888888
-0.9971111111111111
-0.9966666666666667
-0.9973333333333333
-0.9942222222222221
-0.9975555555555556
-0.996
-0.9964444444444447
-0.9953333333333334
-0.9966666666666667
-0.996888888888889
-0.9973333333333333
-0.993777777777778
-0.9955555555555556
-0.996888888888889
-0.9975555555555555
-0.995777777777778
-0.9964444444444447
-0.9980000000000001
-0.9955555555555556
-0.996888888888889
-0.9964444444444445
-0.996888888888889
-0.9975555555555555
-0.9951111111111112
-0.996888888888889
-0.9971111111111113
-0.9975555555555555
-0.9977777777777778
-0.9971111111111111
-0.9953333333333332
-0.9962222222222225
-0.996
-0.9962222222222225
-0.9957777777777779
-0.9953333333333334
-0.996
-0.9944444444444446
-0.9988888888888889
-0.9955555555555559
-0.9964444444444447
-0.9977777777777779
-0.9960000000000002
-0.9968888888888888
-0.9982222222222223
-0.996888888888889
-0.9971111111111113
-0.9966666666666668
-0.9962222222222222
-0.9971111111111113
-0.9973333333333335
-0.9955555555555559
-0.9971111111111111
-0.9955555555555556
-0.9962222222222225
-0.9933333333333335
-0.9953333333333334
-0.9966666666666668
-0.996
-0.9951111111111112
-0.9980000000000001
-0.9951111111111112
-0.9975555555555556
-0.9955555555555556
-0.9953333333333336
