-0.9793333333333337
-0.9791111111111112
-0.9851111111111114
-0.976888888888889
-0.980666666666667
-0.9773333333333337
-0.9802222222222226
-0.9780000000000006
-0.9768888888888895
-0.9840000000000003
-0.984666666666667
-0.9811111111111118
-0.9793333333333334
-0.9775555555555561
-0.9793333333333337
-0.973777777777778
-0.9853333333333338
-0.9700000000000004
-0.9828888888888893
-0.9804444444444448
-0.9797777777777785
-0.9788888888888891
-0.9848888888888891
-0.9833333333333335
-0.9817777777777781
-0.9844444444444449
-0.9751111111111116
-0.9802222222222224
-0.9824444444444449
-0.9717777777777781
-0.9800000000000004
-0.9733333333333337
-0.9764444444444444
-0.9835555555555557
-0.970222222222223
-0.9740000000000003
-0.9760000000000004
-0.9815555555555556
-0.9771111111111115
-0.9733333333333337
-0.9831111111111115
-0.9755555555555556
-0.9788888888888891
-0.9826666666666669
-0.9813333333333338
-0.9777777777777781
-0.9802222222222224
-0.979777777777778
-0.9848888888888891
-0.9724444444444449
-0.9828888888888893
-0.976444444444445
-0.9853333333333336
-0.9822222222222227
-0.985555555555556
-0.9780000000000001
-0.9831111111111115
-0.9826666666666671
-0.9757777777777782
-0.976666666666667
-0.9784444444444449
-0.9793333333333337
-0.9728888888888891
-0.9806666666666672
-0.9791111111111112
-0.9708888888888894
-0.9771111111111117
-0.9864444444444448
-0.9793333333333334
-0.9806666666666674
-0.9757777777777782
-0.9791111111111114
-0.9771111111111115
-0.9826666666666671
-0.9800000000000002
-0.9780000000000006
-0.9748888888888894
-0.9751111111111116
-0.9804444444444448
-0.974666666666667
-0.9791111111111117
-0.9737777777777783
-0.9795555555555562
-0.979777777777778
-0.9762222222222227
-0.974666666666667
-0.9724444444444451
-0.9800000000000004
-0.9784444444444451
-0.9868888888888893
-0.9842222222222226
-0.9788888888888894
-0.9831111111111115
-0.9742222222222225
-0.9773333333333335
-0.9780000000000003
-0.9771111111111117
-0.9751111111111116
-0.9853333333333338
-0.9740000000000008
-0.9744444444444448
-0.9748888888888896
-0.973555555555556
-0.9740000000000003
-0.9820000000000003
-0.9813333333333336
-0.9862222222222227
-0.9791111111111115
-0.980444444444445
-0.9784444444444449
-0.9788888888888894
-0.9735555555555561
-0.9880000000000003
-0.9811111111111114
-0.9824444444444449
-0.9817777777777782
-0.9793333333333339
-0.975555555555556
-0.9802222222222228
-0.9784444444444449
-0.9775555555555558
-0.9844444444444448
-0.985555555555556
-0.9797777777777777
-0.9773333333333337
-0.9773333333333338
-0.973777777777778
-0.975555555555556
-0.9831111111111115
-0.9784444444444449
-0.9833333333333335
-0.9811111111111114
-0.9737777777777783
-0.9786666666666674
-0.9822222222222223
-0.9833333333333333
-0.9755555555555562
-0.9797777777777784
-0.9748888888888891
-0.9782222222222227
-0.9853333333333338
-0.9797777777777782
-0.9708888888888892
-0.9733333333333335
-0.9722222222222229
-0.9742222222222229
-0.9813333333333338
-0.9815555555555561
-0.9811111111111114
-0.9806666666666668
-0.9815555555555561
-0.9795555555555557
-0.9773333333333337
-0.9840000000000005
-0.9782222222222225
-0.9786666666666668
-0.9791111111111114
-0.9811111111111113
-0.9786666666666669
-0.9773333333333338
-0.9833333333333337
-0.9835555555555561
-0.9762222222222227
-0.9820000000000004
-0.9788888888888895
-0.9802222222222228
-0.9733333333333335
-0.9802222222222226
-0.9746666666666671
-0.9788888888888891
-0.9837777777777783
-0.9808888888888893
-0.9791111111111115
-0.9848888888888894
-0.9831111111111115
-0.9762222222222227
-0.9715555555555558
-0.9793333333333337
-0.9802222222222226
-0.9760000000000006
-0.975777777777778
-0.9726666666666669
-0.9840000000000001
-0.9724444444444449
-0.9828888888888891
-0.9784444444444447
-0.9831111111111115
-0.9828888888888893
-0.9800000000000002
-0.9775555555555558
-0.9733333333333337
-0.9846666666666668
