-0.792222222222222
-0.8084444444444443
-0.7753333333333331
-0.7762222222222223
-0.7622222222222222
-0.8028888888888888
-0.7935555555555556
-0.8035555555555557
-0.7735555555555558
-0.7788888888888889
-0.7806666666666673
-0.7813333333333334
-0.7599999999999998
-0.7926666666666664
-0.7791111111111112
-0.7855555555555557
-0.8004444444444446
-0.7606666666666663
-0.810888888888889
-0.7822222222222223
-0.8075555555555554
-0.8164444444444446
-0.8057777777777777
-0.7504444444444444
-0.7564444444444445
-0.7746666666666664
-0.7726666666666668
-0.7988888888888885
-0.790888888888889
-0.7342222222222227
-0.7888888888888892
-0.8008888888888891
-0.7746666666666666
-0.7746666666666664
-0.8002222222222222
-0.8060000000000005
-0.8011111111111113
-0.8040000000000002
-0.796222222222222
-0.8
-0.7646666666666668
-0.8075555555555555
-0.7604444444444441
-0.767555555555555
-0.7806666666666671
-0.7731111111111111
-0.7871111111111113
-0.7824444444444446
-0.8039999999999998
-0.7611111111111116
-0.802
-0.7775555555555554
-0.7928888888888883
-0.7568888888888887
-0.7971111111111107
-0.7766666666666661
-0.7946666666666666
-0.7373333333333333
-0.7808888888888886
-0.7628888888888891
-0.7855555555555552
-0.7553333333333334
-0.7702222222222221
-0.7851111111111114
-0.77
-0.7835555555555557
-0.750888888888889
-0.7524444444444444
-0.7619999999999998
-0.7833333333333334
-0.751777777777778
-0.7746666666666666
-0.7633333333333333
-0.7684444444444445
-0.7866666666666667
-0.782666666666666
-0.7899999999999998
-0.7695555555555555
-0.7895555555555553
-0.7671111111111113
-0.7860000000000003
-0.7757777777777771
-0.7899999999999998
-0.7666666666666667
-0.7599999999999999
-0.7693333333333335
-0.8080000000000002
-0.7928888888888889
-0.7877777777777782
-0.7948888888888889
-0.788
-0.7911111111111111
-0.7826666666666668
-0.7686666666666666
-0.757777777777778
-0.7884444444444445
-0.7802222222222223
-0.7513333333333332
-0.7457777777777778
-0.7782222222222221
-0.7839999999999995
-0.817555555555555
-0.7715555555555559
-0.7775555555555561
-0.8286666666666671
-0.7704444444444445
-0.7662222222222221
-0.7588888888888886
-0.7600000000000002
-0.7868888888888893
-0.8040000000000003
-0.7982222222222223
-0.8142222222222217
-0.7535555555555553
-0.782222222222222
-0.789777777777778
-0.811111111111111
-0.7922222222222222
-0.7760000000000001
-0.803111111111111
-0.778222222222222
-0.7648888888888892
-0.7960000000000003
-0.7993333333333329
-0.7797777777777777
-0.831555555555555
-0.7388888888888887
-0.8055555555555557
-0.758888888888889
-0.7851111111111109
-0.7775555555555556
-0.7824444444444444
-0.8235555555555558
-0.7526666666666664
-0.7615555555555555
-0.7795555555555554
-0.7746666666666667
-0.778
-0.7860000000000004
-0.7735555555555559
-0.7993333333333332
-0.770888888888889
-0.780222222222222
-0.7666666666666665
-0.7933333333333331
-0.795777777777778
-0.7819999999999995
-0.7928888888888886
-0.7808888888888891
-0.766
-0.7840000000000005
-0.7637777777777774
-0.7977777777777775
-0.7891111111111109
-0.7608888888888885
-0.8177777777777779
-0.7991111111111117
-0.7733333333333337
-0.7446666666666668
-0.7431111111111111
-0.7544444444444443
-0.7657777777777778
-0.7820000000000003
-0.7815555555555559
-0.7926666666666669
-0.7880000000000001
-0.7831111111111111
-0.7904444444444443
-0.786666666666667
-0.7757777777777775
-0.7924444444444446
-0.7855555555555557
-0.783777777777778
-0.7788888888888891
-0.7655555555555557
-0.7673333333333335
-0.7433333333333333
-0.7706666666666664
-0.7724444444444443
-0.777333333333333
-0.8144444444444445
-0.7731111111111112
-0.8097777777777773
-0.7744444444444445
-0.7915555555555555
-0.781555555555556
-0.7773333333333333
-0.7553333333333336
-0.7731111111111111
-0.7895555555555551
-0.747555555555555
-0.7682222222222225
