-0.8293333333333328
-0.8502222222222222
-0.8222222222222223
-0.8259999999999995
-0.814
-0.7953333333333337
-0.8526666666666668
-0.8288888888888889
-0.8451111111111113
-0.8091111111111111
-0.822444444444445
-0.8193333333333335
-0.8215555555555554
-0.840888888888889
-0.8215555555555557
-0.8677777777777778
-0.8424444444444444
-0.828666666666667
-0.8286666666666667
-0.8315555555555553
-0.8239999999999998
-0.8155555555555556
-0.839777777777778
-0.8788888888888887
-0.8397777777777775
-0.8475555555555553
-0.833111111111111
-0.8355555555555558
-0.8384444444444448
-0.8406666666666672
-0.8371111111111109
-0.8360000000000001
-0.839555555555555
-0.8406666666666665
-0.8302222222222219
-0.8800000000000003
-0.8268888888888891
-0.8344444444444444
-0.804888888888889
-0.8108888888888888
-0.8273333333333338
-0.839111111111111
-0.8348888888888891
-0.847111111111111
-0.8495555555555558
-0.8288888888888887
-0.8220000000000001
-0.8637777777777781
-0.8122222222222218
-0.8295555555555554
-0.8217777777777778
-0.838888888888889
-0.832888888888889
-0.8451111111111108
-0.8515555555555553
-0.8213333333333335
-0.8300000000000003
-0.8377777777777777
-0.8397777777777778
-0.8340000000000003
-0.8402222222222219
-0.814888888888889
-0.8255555555555554
-0.8415555555555557
-0.8235555555555558
-0.8246666666666667
-0.8120000000000002
-0.8144444444444443
-0.8346666666666671
-0.8333333333333328
-0.8444444444444443
-0.8535555555555557
-0.8226666666666662
-0.8255555555555552
-0.8153333333333334
-0.8075555555555557
-0.8135555555555551
-0.8368888888888889
-0.8460000000000002
-0.8339999999999996
-0.8115555555555557
-0.8588888888888888
-0.836222222222222
-0.8015555555555557
-0.8208888888888888
-0.8128888888888888
-0.8286666666666669
-0.8315555555555553
-0.8371111111111111
-0.8444444444444442
-0.8115555555555555
-0.816888888888889
-0.8073333333333331
-0.8097777777777776
-0.8313333333333337
-0.8464444444444443
-0.8499999999999999
-0.8422222222222219
-0.8315555555555556
-0.830888888888889
-0.8315555555555556
-0.8431111111111113
-0.8222222222222223
-0.8162222222222228
-0.8315555555555559
-0.8453333333333332
-0.8199999999999996
-0.8373333333333334
-0.8288888888888888
-0.8375555555555556
-0.8295555555555554
-0.8135555555555556
-0.8068888888888885
-0.839333333333333
-0.8402222222222224
-0.8255555555555558
-0.8462222222222224
-0.8166666666666668
-0.8486666666666668
-0.8411111111111109
-0.805333333333333
-0.8275555555555556
-0.8333333333333335
-0.8337777777777785
-0.8380000000000001
-0.7891111111111109
-0.8324444444444445
-0.813111111111111
-0.7995555555555552
-0.8131111111111113
-0.8357777777777782
-0.8306666666666672
-0.8264444444444445
-0.8117777777777777
-0.8402222222222222
-0.8375555555555552
-0.8155555555555553
-0.8257777777777779
-0.8331111111111107
-0.8208888888888889
-0.8488888888888891
-0.8373333333333328
-0.8684444444444446
-0.8362222222222221
-0.8451111111111111
-0.8204444444444441
-0.8144444444444439
-0.8282222222222227
-0.8088888888888889
-0.8357777777777777
-0.8415555555555557
-0.8340000000000003
-0.8326666666666669
-0.8486666666666667
-0.8204444444444446
-0.8182222222222222
-0.8344444444444439
-0.8286666666666663
-0.854666666666667
-0.8151111111111107
-0.8297777777777776
-0.8326666666666668
-0.8137777777777777
-0.8308888888888888
-0.792222222222222
-0.8208888888888889
-0.8137777777777777
-0.8344444444444445
-0.8437777777777776
-0.8433333333333336
-0.8344444444444444
-0.8422222222222224
-0.8153333333333331
-0.7828888888888889
-0.8088888888888884
-0.8297777777777775
-0.8399999999999999
-0.8066666666666668
-0.8122222222222226
-0.8366666666666666
-0.8302222222222221
-0.832
-0.853111111111111
-0.8473333333333336
-0.8231111111111106
-0.8346666666666668
-0.8400000000000003
-0.854
-0.8342222222222223
-0.8357777777777776
-0.8366666666666667
-0.8339999999999999
