-0.41999999999999993
-0.3824444444444444
-0.30688888888888893
-0.40911111111111115
-0.394
-0.42888888888888893
-0.3026666666666666
-0.34777777777777796
-0.37577777777777754
-0.4131111111111112
-0.3973333333333333
-0.39266666666666666
-0.3377777777777778
-0.41799999999999987
-0.41311111111111115
-0.366222222222222
-0.3240000000000001
-0.4306666666666667
-0.41
-0.27333333333333343
-0.3628888888888891
-0.32155555555555554
-0.3526666666666668
-0.3806666666666667
-0.28444444444444433
-0.39777777777777773
-0.38666666666666655
-0.3624444444444444
-0.35133333333333316
-0.368
-0.35800000000000004
-0.38711111111111113
-0.3286666666666667
-0.3422222222222223
-0.40999999999999975
-0.4362222222222222
-0.3700000000000002
-0.3593333333333335
-0.3715555555555554
-0.4428888888888892
-0.28733333333333333
-0.31688888888888883
-0.3164444444444445
-0.3413333333333334
-0.38133333333333336
-0.3359999999999999
-0.3653333333333333
-0.3708888888888886
-0.3284444444444443
-0.3833333333333335
-0.3282222222222222
-0.3657777777777777
-0.3666666666666665
-0.3317777777777777
-0.39399999999999996
-0.3464444444444442
-0.41622222222222227
-0.3651111111111112
-0.34511111111111104
-0.32244444444444453
-0.36844444444444446
-0.29266666666666674
-0.4302222222222225
-0.40044444444444444
-0.3697777777777777
-0.3784444444444444
-0.33644444444444455
-0.40022222222222237
-0.3891111111111111
-0.32599999999999996
-0.39400000000000013
-0.43888888888888894
-0.43644444444444436
-0.42599999999999993
-0.43355555555555536
-0.36066666666666675
-0.35222222222222216
-0.3639999999999999
-0.33377777777777784
-0.3751111111111113
-0.42933333333333334
-0.3957777777777779
-0.37111111111111117
-0.42222222222222217
-0.3866666666666666
-0.29888888888888887
-0.3631111111111111
-0.39422222222222214
-0.40066666666666656
-0.3606666666666666
-0.40000000000000024
-0.3526666666666667
-0.4262222222222224
-0.3975555555555554
-0.3091111111111112
-0.353111111111111
-0.35888888888888887
-0.3255555555555554
-0.31022222222222223
-0.3677777777777774
-0.33000000000000007
-0.37733333333333346
-0.35977777777777775
-0.32400000000000007
-0.2515555555555555
-0.34311111111111114
-0.3662222222222222
-0.3633333333333334
-0.3433333333333332
-0.42844444444444446
-0.339111111111111
-0.40933333333333327
-0.30955555555555553
-0.3513333333333333
-0.429111111111111
-0.27555555555555533
-0.4613333333333334
-0.41288888888888875
-0.3655555555555557
-0.35777777777777786
-0.3795555555555554
-0.452666666666667
-0.33377777777777773
-0.3426666666666667
-0.2917777777777778
-0.4053333333333332
-0.37444444444444447
-0.3371111111111112
-0.39555555555555544
-0.28755555555555556
-0.36333333333333334
-0.3304444444444445
-0.4308888888888888
-0.42266666666666663
-0.35711111111111093
-0.416888888888889
-0.30400000000000005
-0.3253333333333334
-0.37111111111111117
-0.35822222222222233
-0.4228888888888887
-0.35777777777777797
-0.4144444444444447
-0.3406666666666667
-0.3024444444444447
-0.3686666666666667
-0.29600000000000004
-0.38311111111111096
-0.42222222222222217
-0.37555555555555564
-0.3137777777777778
-0.3660000000000001
-0.35244444444444434
-0.3826666666666668
-0.3795555555555556
-0.346888888888889
-0.3464444444444444
-0.3388888888888889
-0.37133333333333357
-0.3071111111111111
-0.458
-0.31311111111111106
-0.3584444444444445
-0.4068888888888888
-0.38688888888888884
-0.3900000000000001
-0.4048888888888888
-0.34866666666666674
-0.4424444444444446
-0.3473333333333332
-0.33822222222222226
-0.36933333333333335
-0.26311111111111113
-0.38955555555555543
-0.3688888888888889
-0.32222222222222213
-0.38688888888888895
-0.30555555555555536
-0.3977777777777778
-0.4600000000000001
-0.41622222222222244
-0.3342222222222221
-0.38422222222222213
-0.33866666666666684
-0.3328888888888889
-0.450888888888889
-0.3702222222222222
-0.300888888888889
-0.28733333333333333
-0.35044444444444417
-0.3402222222222221
-0.2815555555555555
