-0.641111111111111
-0.6362222222222226
-0.6437777777777779
-0.6788888888888891
-0.6153333333333333
-0.5480000000000002
-0.625777777777778
-0.5991111111111109
-0.609111111111111
-0.6557777777777777
-0.6244444444444446
-0.6819999999999995
-0.636888888888889
-0.6271111111111108
-0.7044444444444444
-0.6448888888888893
-0.6366666666666666
-0.5893333333333333
-0.627111111111111
-0.6397777777777779
-0.6577777777777777
-0.6193333333333331
-0.6186666666666673
-0.595111111111111
-0.6435555555555558
-0.6382222222222224
-0.6466666666666666
-0.5839999999999994
-0.607111111111111
-0.6622222222222227
-0.6644444444444443
-0.6355555555555555
-0.6493333333333333
-0.6104444444444446
-0.6322222222222222
-0.6664444444444444
-0.6326666666666666
-0.6815555555555557
-0.6459999999999999
-0.6193333333333333
-0.6873333333333334
-0.6582222222222224
-0.6562222222222225
-0.6599999999999999
-0.6360000000000001
-0.6382222222222221
-0.6237777777777775
-0.5766666666666665
-0.5997777777777777
-0.6502222222222223
-0.5951111111111113
-0.649777777777778
-0.5960000000000001
-0.6157777777777779
-0.5882222222222219
-0.6173333333333334
-0.6757777777777778
-0.6744444444444444
-0.625333333333333
-0.6075555555555557
-0.6500000000000001
-0.6742222222222223
-0.5966666666666665
-0.5500000000000002
-0.6626666666666663
-0.6779999999999996
-0.6617777777777776
-0.6280000000000001
-0.6611111111111106
-0.6515555555555553
-0.6313333333333334
-0.6282222222222223
-0.6224444444444444
-0.6673333333333339
-0.6517777777777779
-0.6379999999999998
-0.663333333333333
-0.6508888888888887
-0.6835555555555558
-0.5453333333333332
-0.6571111111111111
-0.6662222222222224
-0.6244444444444446
-0.6437777777777779
-0.6406666666666664
-0.5915555555555556
-0.6406666666666667
-0.6102222222222224
-0.6200000000000001
-0.665333333333333
-0.6737777777777778
-0.6124444444444443
-0.6357777777777776
-0.6597777777777775
-0.6608888888888891
-0.6062222222222223
-0.652
-0.6524444444444448
-0.648888888888889
-0.6273333333333334
-0.6166666666666669
-0.6377777777777779
-0.6224444444444444
-0.6548888888888889
-0.6435555555555553
-0.6166666666666669
-0.640888888888889
-0.627555555555556
-0.6480000000000001
-0.5891111111111114
-0.6291111111111113
-0.6275555555555556
-0.6788888888888891
-0.6564444444444445
-0.6273333333333336
-0.6164444444444441
-0.6599999999999996
-0.6333333333333333
-0.6273333333333331
-0.6173333333333336
-0.6024444444444447
-0.5964444444444442
-0.7175555555555553
-0.6564444444444445
-0.644
-0.6011111111111113
-0.63
-0.6397777777777776
-0.6480000000000004
-0.6651111111111113
-0.5993333333333329
-0.6606666666666667
-0.6193333333333334
-0.6568888888888886
-0.5933333333333334
-0.627111111111111
-0.6106666666666669
-0.6139999999999999
-0.612888888888889
-0.674888888888889
-0.6031111111111113
-0.6093333333333336
-0.6655555555555555
-0.614888888888889
-0.6482222222222223
-0.66
-0.6715555555555554
-0.6275555555555554
-0.6233333333333335
-0.6144444444444445
-0.5924444444444443
-0.5953333333333334
-0.6302222222222221
-0.6844444444444446
-0.6593333333333337
-0.595777777777778
-0.6166666666666668
-0.6311111111111113
-0.6326666666666667
-0.6484444444444446
-0.5891111111111109
-0.6266666666666668
-0.6282222222222223
-0.6017777777777776
-0.609111111111111
-0.6671111111111109
-0.6042222222222224
-0.6164444444444444
-0.634888888888889
-0.6308888888888892
-0.6266666666666668
-0.6511111111111112
-0.6262222222222225
-0.6413333333333334
-0.6024444444444447
-0.6615555555555553
-0.6217777777777775
-0.671555555555555
-0.6582222222222224
-0.6491111111111114
-0.6148888888888889
-0.634888888888889
-0.6324444444444443
-0.5839999999999997
-0.6511111111111112
-0.6220000000000001
-0.6153333333333332
-0.6113333333333337
-0.6164444444444442
-0.6242222222222222
-0.6959999999999998
-0.6355555555555554
