0.4148888888888889
0.4302222222222223
0.4055555555555554
0.49333333333333323
0.3915555555555553
0.4431111111111113
0.4431111111111113
0.4760000000000002
0.4384444444444444
0.4066666666666668
0.4446666666666666
0.3846666666666665
0.41222222222222216
0.40200000000000014
0.42111111111111127
0.4035555555555556
0.4424444444444445
0.3508888888888889
0.41400000000000015
0.413111111111111
0.3493333333333331
0.3002222222222222
0.43066666666666664
0.4804444444444445
0.4511111111111111
0.3797777777777779
0.40111111111111125
0.516888888888889
0.37755555555555553
0.39022222222222214
0.4015555555555556
0.4491111111111112
0.4053333333333334
0.42844444444444424
0.4277777777777778
0.5033333333333333
0.41711111111111115
0.431777777777778
0.4844444444444444
0.5013333333333333
0.39399999999999996
0.47066666666666684
0.39533333333333315
0.42933333333333346
0.3604444444444444
0.40777777777777774
0.4273333333333335
0.3408888888888891
0.38333333333333336
0.38600000000000007
0.4786666666666669
0.38222222222222246
0.3853333333333332
0.34533333333333327
0.41288888888888875
0.4648888888888885
0.37599999999999983
0.4797777777777776
0.33488888888888907
0.41444444444444434
0.45400000000000024
0.45022222222222213
0.40933333333333316
0.4268888888888889
0.44688888888888906
0.40533333333333316
0.4504444444444446
0.46844444444444455
0.40133333333333343
0.31755555555555554
0.4624444444444446
0.43666666666666665
0.4184444444444444
0.354
0.39777777777777745
0.410888888888889
0.4013333333333332
0.35400000000000004
0.40800000000000003
0.45133333333333325
0.40422222222222215
0.5022222222222225
0.42799999999999994
0.3942222222222223
0.4422222222222223
0.38999999999999996
0.39755555555555566
0.449777777777778
0.4268888888888889
0.45599999999999985
0.4326666666666668
0.3971111111111111
0.3579999999999998
0.34688888888888875
0.4351111111111109
0.4135555555555557
0.3811111111111111
0.4477777777777776
0.4126666666666665
0.44444444444444475
0.3715555555555557
0.43533333333333324
0.36088888888888876
0.42333333333333345
0.47066666666666646
0.47599999999999976
0.3486666666666667
0.39711111111111097
0.4597777777777778
0.4108888888888888
0.33622222222222226
0.4313333333333332
0.48177777777777747
0.4053333333333332
0.41533333333333333
0.4093333333333332
0.38044444444444436
0.4475555555555555
0.426888888888889
0.41644444444444456
0.4075555555555555
0.4564444444444444
0.3695555555555558
0.44866666666666677
0.38288888888888867
0.5115555555555559
0.35599999999999987
0.4228888888888887
0.41288888888888886
0.4495555555555554
0.44911111111111124
0.39866666666666656
0.37400000000000005
0.4282222222222222
0.4324444444444444
0.3982222222222221
0.39755555555555566
0.3966666666666667
0.4455555555555553
0.4642222222222221
0.38044444444444464
0.42311111111111127
0.44577777777777783
0.37600000000000006
0.5422222222222219
0.4602222222222225
0.3860000000000002
0.4533333333333334
0.40155555555555567
0.4146666666666668
0.48333333333333317
0.3766666666666666
0.4124444444444443
0.41155555555555556
0.37200000000000005
0.3988888888888888
0.426
0.3944444444444444
0.4626666666666668
0.38622222222222213
0.45866666666666656
0.43622222222222223
0.3622222222222223
0.35111111111111126
0.3846666666666667
0.43577777777777765
0.418888888888889
0.4255555555555555
0.44888888888888906
0.3719999999999998
0.4546666666666665
0.3995555555555554
0.45377777777777745
0.42111111111111116
0.40199999999999997
0.4595555555555554
0.4373333333333333
0.43933333333333335
0.40177777777777773
0.4406666666666668
0.42511111111111094
0.4091111111111111
0.40511111111111103
0.4433333333333334
0.39222222222222225
0.4982222222222226
0.43666666666666637
0.3948888888888889
0.40688888888888886
0.3942222222222222
0.42222222222222205
0.4351111111111112
