0.8677777777777778
0.8942222222222231
0.9053333333333332
0.8975555555555561
0.8762222222222222
0.8926666666666667
0.8775555555555555
0.8888888888888886
0.8506666666666668
0.8897777777777778
0.8677777777777783
0.8868888888888888
0.8977777777777777
0.8860000000000002
0.8835555555555558
0.8900000000000003
0.904666666666667
0.8971111111111114
0.8826666666666669
0.8877777777777783
0.8982222222222224
0.8988888888888892
0.8944444444444444
0.8931111111111113
0.8875555555555551
0.8968888888888891
0.9168888888888893
0.8693333333333332
0.906
0.9100000000000004
0.866
0.8882222222222221
0.9004444444444448
0.8802222222222226
0.880222222222222
0.8779999999999998
0.918444444444445
0.914444444444445
0.8793333333333337
0.866222222222222
0.9082222222222227
0.9013333333333337
0.8688888888888889
0.8975555555555553
0.8946666666666669
0.8797777777777775
0.8826666666666669
0.8904444444444448
0.9071111111111114
0.8673333333333335
0.8680000000000001
0.8862222222222225
0.9051111111111112
0.8804444444444448
0.8773333333333333
0.8533333333333334
0.8817777777777779
0.8771111111111111
0.8782222222222221
0.9151111111111114
0.8971111111111113
0.8693333333333337
0.8944444444444449
0.9091111111111113
0.8811111111111114
0.886
0.9075555555555559
0.8795555555555562
0.9075555555555561
0.884888888888889
0.8908888888888891
0.8837777777777778
0.8913333333333333
0.8731111111111113
0.8655555555555559
0.8951111111111117
0.876222222222222
0.9162222222222226
0.886
0.894888888888889
0.8504444444444444
0.8853333333333336
0.8722222222222222
0.8931111111111113
0.9026666666666667
0.889777777777778
0.9108888888888892
0.8851111111111112
0.8806666666666672
0.8762222222222225
0.8731111111111115
0.8957777777777778
0.8835555555555555
0.8286666666666669
0.8720000000000001
0.9051111111111115
0.8575555555555557
0.8971111111111114
0.9142222222222224
0.8771111111111111
0.8957777777777777
0.8528888888888888
0.8448888888888888
0.8860000000000002
0.9111111111111111
0.9117777777777777
0.855777777777778
0.8815555555555559
0.8893333333333338
0.8788888888888887
0.9315555555555562
0.8786666666666667
0.8808888888888886
0.8771111111111115
0.8608888888888888
0.8666666666666673
0.8686666666666671
0.8897777777777782
0.9064444444444446
0.8591111111111112
0.8835555555555561
0.8691111111111112
0.8444444444444447
0.8931111111111113
0.8855555555555558
0.8975555555555564
0.9042222222222227
0.8964444444444443
0.885555555555556
0.8735555555555558
0.9002222222222228
0.8775555555555555
0.9008888888888886
0.9040000000000004
0.8926666666666673
0.9106666666666672
0.8755555555555556
0.8908888888888891
0.8679999999999999
0.8844444444444446
0.891777777777778
0.8766666666666673
0.882888888888889
0.9017777777777777
0.8846666666666668
0.8862222222222225
0.8771111111111111
0.8853333333333336
0.8786666666666667
0.8753333333333337
0.8906666666666666
0.8651111111111114
0.8533333333333333
0.8475555555555555
0.8964444444444446
0.8982222222222221
0.8757777777777779
0.860666666666667
0.8933333333333338
0.892666666666667
0.879777777777778
0.9122222222222228
0.8962222222222223
0.8891111111111113
0.8868888888888891
0.9277777777777779
0.8513333333333333
0.8677777777777784
0.8900000000000002
0.8931111111111111
0.8691111111111112
0.899777777777778
0.876666666666667
0.9082222222222225
0.8895555555555558
0.8928888888888895
0.9151111111111115
0.9073333333333334
0.9042222222222226
0.8782222222222225
0.8986666666666675
0.8788888888888889
0.8804444444444443
0.8786666666666669
0.8913333333333334
0.9075555555555559
0.8833333333333337
0.870666666666667
0.8813333333333339
0.9133333333333337
0.8977777777777781
0.8788888888888892
