0.8235555555555554
0.8502222222222221
0.8604444444444442
0.866888888888889
0.8322222222222224
0.7988888888888889
0.8708888888888894
0.8553333333333334
0.8506666666666672
0.8582222222222226
0.8542222222222225
0.8400000000000001
0.8435555555555558
0.8439999999999998
0.8317777777777777
0.8582222222222226
0.8360000000000002
0.7951111111111109
0.8544444444444443
0.8315555555555555
0.8322222222222221
0.8684444444444446
0.8664444444444442
0.8515555555555562
0.8464444444444447
0.8562222222222227
0.8431111111111111
0.8628888888888889
0.8335555555555556
0.8662222222222222
0.8348888888888889
0.8653333333333338
0.8675555555555557
0.8662222222222224
0.8808888888888888
0.8333333333333335
0.8579999999999999
0.8148888888888889
0.8153333333333329
0.8631111111111115
0.8831111111111113
0.816444444444444
0.826444444444445
0.864222222222222
0.8457777777777777
0.8606666666666666
0.8262222222222225
0.8648888888888892
0.8782222222222225
0.8453333333333334
0.8493333333333333
0.8255555555555556
0.8833333333333337
0.857111111111111
0.866666666666667
0.8726666666666669
0.8582222222222226
0.8308888888888886
0.856888888888889
0.8568888888888893
0.8308888888888895
0.8448888888888892
0.8426666666666667
0.8422222222222221
0.853777777777778
0.8851111111111114
0.8428888888888889
0.8460000000000001
0.844222222222222
0.8502222222222223
0.8395555555555554
0.8528888888888891
0.816666666666667
0.8402222222222223
0.8533333333333334
0.830444444444445
0.8644444444444449
0.8406666666666668
0.8200000000000003
0.882444444444445
0.8417777777777778
0.8468888888888894
0.810888888888889
0.8600000000000004
0.8475555555555557
0.8735555555555558
0.8255555555555559
0.8464444444444448
0.8315555555555557
0.9053333333333342
0.8704444444444442
0.840666666666667
0.8448888888888887
0.8784444444444446
0.8488888888888888
0.8788888888888894
0.8417777777777777
0.8573333333333335
0.8459999999999999
0.8566666666666667
0.8582222222222223
0.866666666666667
0.8628888888888891
0.8295555555555553
0.8560000000000002
0.8537777777777781
0.8402222222222224
0.8722222222222225
0.8522222222222227
0.8451111111111115
0.8515555555555562
0.8608888888888893
0.840666666666666
0.8626666666666667
0.8253333333333336
0.8408888888888889
0.8484444444444446
0.8160000000000006
0.829333333333333
0.8762222222222225
0.8220000000000004
0.8291111111111111
0.8408888888888888
0.8493333333333333
0.8635555555555557
0.824222222222222
0.84
0.8262222222222227
0.8342222222222223
0.826666666666667
0.8457777777777776
0.8508888888888892
0.8211111111111115
0.8757777777777777
0.8446666666666669
0.8302222222222225
0.8542222222222222
0.8186666666666665
0.8437777777777776
0.8415555555555557
0.855555555555556
0.8755555555555556
0.8437777777777778
0.8586666666666667
0.7948888888888892
0.8680000000000003
0.8453333333333334
0.8540000000000002
0.8480000000000003
0.8644444444444446
0.8468888888888889
0.8524444444444446
0.8315555555555556
0.8602222222222228
0.8273333333333333
0.8502222222222225
0.8324444444444444
0.8453333333333332
0.8448888888888887
0.8513333333333336
0.839333333333333
0.816666666666667
0.8197777777777777
0.8266666666666669
0.8680000000000001
0.8235555555555562
0.8611111111111108
0.8291111111111112
0.8588888888888891
0.8393333333333334
0.8493333333333333
0.8377777777777776
0.8213333333333336
0.8488888888888888
0.8488888888888896
0.8093333333333335
0.8340000000000002
0.8297777777777776
0.8837777777777776
0.8331111111111109
0.8506666666666666
0.832
0.8460000000000004
0.7833333333333332
0.8079999999999999
0.8331111111111107
0.8891111111111115
0.816666666666667
0.7937777777777781
0.8624444444444443
0.8291111111111116
0.8482222222222222
