0.9166666666666666
0.9135555555555558
0.9275555555555557
0.9144444444444446
0.9088888888888893
0.9271111111111117
0.9093333333333338
0.9102222222222224
0.9284444444444451
0.8988888888888887
0.9280000000000002
0.9035555555555558
0.9193333333333336
0.9097777777777776
0.9188888888888891
0.9326666666666671
0.9066666666666668
0.911777777777778
0.9233333333333336
0.9235555555555564
0.899555555555556
0.9242222222222224
0.9168888888888891
0.9248888888888888
0.9068888888888886
0.9060000000000002
0.8926666666666669
0.9168888888888894
0.9335555555555561
0.9204444444444448
0.9200000000000006
0.9164444444444448
0.9235555555555554
0.8948888888888894
0.9240000000000004
0.9120000000000003
0.9180000000000003
0.9211111111111117
0.9111111111111112
0.9304444444444449
0.9308888888888892
0.905555555555556
0.895777777777778
0.920888888888889
0.9266666666666671
0.9344444444444447
0.9211111111111117
0.9091111111111106
0.9068888888888891
0.9222222222222223
0.9180000000000001
0.9035555555555558
0.9128888888888891
0.9044444444444447
0.9117777777777779
0.9215555555555558
0.9344444444444445
0.9171111111111113
0.9095555555555558
0.9213333333333332
0.9406666666666672
0.9104444444444448
0.896222222222222
0.9228888888888895
0.9448888888888898
0.9162222222222223
0.9171111111111111
0.919555555555556
0.9126666666666668
0.9166666666666665
0.9233333333333337
0.9115555555555552
0.9373333333333339
0.9257777777777784
0.909777777777778
0.9202222222222224
0.9182222222222225
0.9251111111111114
0.9084444444444444
0.9179999999999999
0.9182222222222227
0.9160000000000003
0.9211111111111114
0.9128888888888891
0.9266666666666671
0.9335555555555559
0.9242222222222227
0.935777777777778
0.8886666666666669
0.9248888888888892
0.9331111111111117
0.9162222222222226
0.8988888888888893
0.908666666666667
0.8953333333333334
0.9217777777777777
0.9260000000000004
0.9282222222222223
0.9164444444444446
0.9391111111111111
0.9088888888888893
0.912222222222222
0.8977777777777781
0.9075555555555561
0.9177777777777782
0.9171111111111111
0.9151111111111109
0.9133333333333336
0.9142222222222226
0.906
0.9266666666666669
0.9288888888888898
0.9082222222222225
0.934666666666667
0.9200000000000004
0.9208888888888892
0.924666666666667
0.9197777777777778
0.9091111111111115
0.9162222222222223
0.9226666666666669
0.9046666666666667
0.9237777777777784
0.9157777777777782
0.9313333333333338
0.9197777777777786
0.9071111111111113
0.9075555555555561
0.9195555555555558
0.9306666666666672
0.8993333333333335
0.9188888888888891
0.918444444444445
0.9324444444444453
0.9102222222222229
0.9071111111111114
0.9193333333333332
0.9224444444444448
0.9022222222222228
0.9166666666666671
0.9157777777777782
0.9260000000000003
0.8917777777777782
0.9195555555555553
0.9037777777777778
0.8948888888888894
0.8946666666666669
0.9260000000000003
0.9191111111111113
0.9026666666666667
0.9266666666666672
0.9135555555555556
0.922
0.9228888888888893
0.9044444444444446
0.92
0.919555555555556
0.9051111111111114
0.9306666666666672
0.9233333333333336
0.9037777777777776
0.9142222222222222
0.9242222222222227
0.9191111111111113
0.8813333333333334
0.9293333333333333
0.9082222222222227
0.9184444444444444
0.9282222222222223
0.9286666666666673
0.9006666666666672
0.9204444444444448
0.9328888888888893
0.9044444444444447
0.9402222222222222
0.9264444444444451
0.9102222222222229
0.9073333333333334
0.944444444444445
0.8926666666666667
0.9055555555555558
0.912
0.9413333333333337
0.9420000000000003
0.934222222222223
0.8922222222222225
0.9282222222222225
0.920888888888889
0.9184444444444447
0.9153333333333338
0.9266666666666669
0.9075555555555557
