0.9640000000000003
0.9733333333333335
0.969555555555556
0.969555555555556
0.974666666666667
0.9742222222222228
0.9662222222222222
0.9682222222222225
0.9720000000000001
0.9640000000000005
0.9691111111111116
0.9584444444444443
0.9717777777777781
0.9780000000000003
0.9824444444444449
0.9740000000000002
0.9611111111111115
0.9675555555555557
0.9715555555555556
0.9633333333333339
0.9600000000000002
0.9651111111111114
0.9677777777777781
0.9691111111111111
0.9704444444444448
0.9644444444444448
0.9735555555555555
0.9755555555555558
0.9551111111111114
0.9740000000000003
0.9664444444444444
0.973555555555556
0.9773333333333337
0.9682222222222223
0.9686666666666671
0.9760000000000001
0.9724444444444447
0.963777777777778
0.9662222222222224
0.9682222222222225
0.9744444444444443
0.9740000000000003
0.9688888888888891
0.9671111111111115
0.975777777777778
0.9613333333333338
0.9657777777777782
0.9671111111111113
0.966888888888889
0.974444444444445
0.96
0.9691111111111117
0.9535555555555559
0.9546666666666673
0.9557777777777776
0.969555555555556
0.9697777777777782
0.9646666666666668
0.9731111111111115
0.9624444444444447
0.9653333333333336
0.9793333333333336
0.9595555555555557
0.970666666666667
0.9726666666666669
0.9644444444444445
0.964888888888889
0.9711111111111113
0.9753333333333338
0.9719999999999999
0.9700000000000005
0.9722222222222224
0.9788888888888891
0.9668888888888895
0.9666666666666669
0.963777777777778
0.9657777777777781
0.9766666666666669
0.9715555555555558
0.9622222222222224
0.9720000000000001
0.9726666666666671
0.9695555555555556
0.9753333333333334
0.9624444444444449
0.9635555555555562
0.9691111111111116
0.970444444444445
0.9628888888888891
0.9724444444444447
0.968
0.9557777777777778
0.9666666666666669
0.9691111111111114
0.9693333333333336
0.9688888888888891
0.9646666666666668
0.9742222222222223
0.9715555555555556
0.9600000000000004
0.973555555555556
0.9733333333333334
0.9702222222222224
0.9675555555555557
0.973555555555556
0.9675555555555557
0.9637777777777783
0.9575555555555559
0.9611111111111112
0.9722222222222224
0.9704444444444448
0.9573333333333337
0.9640000000000005
0.9760000000000004
0.9740000000000003
0.969777777777778
0.9737777777777782
0.9742222222222228
0.9693333333333337
0.9815555555555561
0.9586666666666671
0.9806666666666668
0.9713333333333336
0.9735555555555557
0.9702222222222225
0.9780000000000001
0.9713333333333335
0.9782222222222223
0.9657777777777781
0.9726666666666671
0.9682222222222225
0.9704444444444444
0.9686666666666671
0.9668888888888895
0.9740000000000003
0.9762222222222224
0.967777777777778
0.961111111111111
0.9791111111111112
0.9795555555555557
0.970222222222222
0.9624444444444447
0.9686666666666669
0.9682222222222225
0.9653333333333336
0.9735555555555557
0.970666666666667
0.9664444444444447
0.9660000000000004
0.9811111111111114
0.9737777777777783
0.9777777777777781
0.9740000000000003
0.963777777777778
0.9771111111111113
0.9786666666666668
0.969555555555556
0.9744444444444448
0.9695555555555557
0.9682222222222223
0.9784444444444446
0.973777777777778
0.9664444444444447
0.9597777777777782
0.9731111111111113
0.9666666666666669
0.9600000000000002
0.9715555555555556
0.956888888888889
0.9682222222222227
0.9622222222222229
0.9715555555555561
0.9777777777777783
0.9553333333333338
0.9602222222222224
0.9651111111111114
0.9597777777777782
0.9657777777777782
0.9811111111111113
0.9648888888888894
0.9684444444444451
0.970666666666667
0.9682222222222223
0.9737777777777782
0.9611111111111115
0.9537777777777782
0.9704444444444446
0.9777777777777781
0.9717777777777779
0.9788888888888891
0.96
0.9633333333333335
