0.9833333333333333
0.9835555555555557
0.9893333333333335
0.9866666666666668
0.9862222222222224
0.989777777777778
0.9848888888888891
0.9864444444444447
0.986
0.9868888888888893
0.9844444444444448
0.9877777777777781
0.9864444444444447
0.9833333333333333
0.9780000000000003
0.9935555555555557
0.9877777777777779
0.9877777777777781
0.9884444444444446
0.9804444444444446
0.9855555555555559
0.9884444444444446
0.9942222222222223
0.980888888888889
0.9793333333333334
0.9815555555555558
0.9797777777777782
0.985777777777778
0.9848888888888894
0.9815555555555558
0.9822222222222223
0.9822222222222223
0.9860000000000002
0.9811111111111114
0.9833333333333335
0.9844444444444448
0.986
0.9877777777777781
0.984888888888889
0.9824444444444445
0.9826666666666669
0.9855555555555556
0.9926666666666669
0.9808888888888894
0.984
0.9882222222222223
0.9811111111111114
0.9924444444444447
0.9835555555555557
0.9895555555555557
0.9884444444444447
0.9833333333333335
0.9822222222222224
0.9862222222222222
0.9868888888888893
0.9926666666666667
0.9877777777777779
0.9877777777777781
0.9780000000000001
0.984666666666667
0.9780000000000001
0.9886666666666667
0.9864444444444448
0.9835555555555557
0.9846666666666668
0.9837777777777781
0.9904444444444445
0.9844444444444448
0.9815555555555558
0.983555555555556
0.9844444444444446
0.986888888888889
0.9811111111111113
0.9882222222222223
0.9804444444444448
0.9815555555555558
0.9842222222222222
0.9866666666666668
0.984888888888889
0.9904444444444446
0.9884444444444446
0.9886666666666667
0.9795555555555557
0.981111111111111
0.9811111111111113
0.9913333333333334
0.974666666666667
0.9824444444444445
0.9802222222222224
0.9906666666666668
0.9802222222222222
0.9817777777777781
0.9815555555555556
0.9862222222222224
0.9846666666666668
0.9815555555555558
0.9884444444444443
0.9886666666666667
0.9904444444444448
0.9782222222222225
0.985777777777778
0.9802222222222222
0.9840000000000003
0.9884444444444446
0.9895555555555557
0.9904444444444445
0.9875555555555557
0.9880000000000001
0.9935555555555555
0.9888888888888894
0.986888888888889
0.9846666666666668
0.9886666666666669
0.9886666666666669
0.9851111111111114
0.9904444444444446
0.9875555555555559
0.9904444444444446
0.9928888888888892
0.9835555555555557
0.9875555555555555
0.9795555555555557
0.9835555555555557
0.9884444444444447
0.9853333333333336
0.9842222222222226
0.9891111111111115
0.986
0.9826666666666671
0.980666666666667
0.9853333333333336
0.9837777777777783
0.9828888888888889
0.9875555555555559
0.9851111111111114
0.9835555555555557
0.9875555555555557
0.9853333333333336
0.9802222222222224
0.9808888888888893
0.9891111111111114
0.9873333333333335
0.9833333333333335
0.9846666666666666
0.9888888888888889
0.9820000000000003
0.9868888888888889
0.9855555555555556
0.9866666666666668
0.9797777777777776
0.9911111111111114
0.9877777777777779
0.9862222222222224
0.979777777777778
0.974888888888889
0.9862222222222227
0.9853333333333338
0.9857777777777779
0.9902222222222226
0.9831111111111112
0.9882222222222226
0.9902222222222224
0.9873333333333337
0.9873333333333337
0.9791111111111115
0.983555555555556
0.9882222222222223
0.9813333333333335
0.9848888888888891
0.9846666666666668
0.98
0.9913333333333336
0.9882222222222223
0.986888888888889
0.9900000000000002
0.9820000000000003
0.9871111111111113
0.986888888888889
0.9864444444444447
0.9751111111111112
0.9835555555555557
0.9880000000000003
0.9831111111111112
0.9862222222222222
0.9866666666666668
0.9871111111111113
0.9795555555555556
0.9753333333333334
0.9775555555555557
0.9855555555555559
0.9835555555555561
0.984888888888889
