0.9891111111111114
0.9911111111111113
0.9882222222222226
0.9904444444444446
0.9946666666666668
0.9957777777777779
0.9942222222222226
0.9951111111111114
0.9908888888888893
0.9893333333333337
0.9913333333333334
0.9855555555555556
0.9920000000000001
0.9880000000000001
0.9924444444444445
0.9902222222222224
0.9942222222222226
0.9906666666666666
0.9886666666666669
0.9942222222222223
0.9864444444444445
0.991111111111111
0.9942222222222226
0.9888888888888892
0.9917777777777779
0.9940000000000001
0.9922222222222223
0.993777777777778
0.9924444444444447
0.9886666666666669
0.9884444444444446
0.9893333333333334
0.986
0.9877777777777779
0.987111111111111
0.9926666666666667
0.9906666666666668
0.9911111111111113
0.9946666666666668
0.9851111111111112
0.9933333333333337
0.9951111111111114
0.9913333333333336
0.9893333333333335
0.9893333333333335
0.9915555555555556
0.9920000000000002
0.9931111111111112
0.9926666666666667
0.9922222222222223
0.996888888888889
0.989777777777778
0.9915555555555556
0.9926666666666669
0.9891111111111114
0.9924444444444445
0.9886666666666667
0.9897777777777778
0.9928888888888889
0.9935555555555555
0.9915555555555554
0.9931111111111115
0.994888888888889
0.9884444444444447
0.9924444444444445
0.996
0.9900000000000003
0.9922222222222224
0.9882222222222226
0.9855555555555554
0.99
0.993777777777778
0.986888888888889
0.9928888888888892
0.9871111111111113
0.9908888888888893
0.99
0.9928888888888892
0.9935555555555557
0.9880000000000003
0.9933333333333335
0.9922222222222224
0.9931111111111112
0.9913333333333336
0.9953333333333334
0.9926666666666669
0.99
0.9920000000000001
0.994
0.9928888888888889
0.9886666666666669
0.9955555555555554
0.9922222222222224
0.9833333333333335
0.9893333333333337
0.9893333333333334
0.9902222222222224
0.9944444444444446
0.9955555555555556
0.9924444444444447
0.9935555555555555
0.9966666666666668
0.9917777777777781
0.9917777777777779
0.9891111111111109
0.9911111111111113
0.9937777777777778
0.989777777777778
0.9922222222222223
0.9931111111111113
0.9942222222222221
0.9953333333333334
0.9920000000000001
0.990888888888889
0.990888888888889
0.9891111111111114
0.986888888888889
0.9915555555555556
0.9900000000000002
0.9913333333333336
0.9897777777777778
0.9917777777777779
0.9935555555555557
0.9884444444444443
0.9948888888888888
0.9906666666666666
0.9951111111111114
0.992666666666667
0.9913333333333334
0.9844444444444443
0.9922222222222223
0.991111111111111
0.9882222222222226
0.9875555555555557
0.9935555555555557
0.9888888888888894
0.9937777777777778
0.9926666666666667
0.9893333333333335
0.9915555555555556
0.9886666666666667
0.9924444444444445
0.9922222222222223
0.9931111111111113
0.9906666666666668
0.9888888888888889
0.9940000000000001
0.9904444444444446
0.9895555555555557
0.9911111111111113
0.9922222222222223
0.9924444444444447
0.9942222222222221
0.9944444444444446
0.9940000000000001
0.9955555555555556
0.9933333333333333
0.9853333333333334
0.9855555555555556
0.9944444444444446
0.9884444444444447
0.9904444444444445
0.9940000000000001
0.9875555555555557
0.9893333333333335
0.9922222222222224
0.9891111111111112
0.9920000000000002
0.993777777777778
0.9922222222222224
0.9915555555555556
0.991111111111111
0.9902222222222224
0.9911111111111113
0.9940000000000001
0.9919999999999999
0.994888888888889
0.9928888888888889
0.9860000000000004
0.9891111111111112
0.9911111111111113
0.9920000000000002
0.9933333333333335
0.9915555555555559
0.990888888888889
0.9955555555555556
0.9891111111111112
0.9888888888888892
0.9953333333333332
0.9913333333333336
0.9920000000000001
0.9946666666666668
