0.9915555555555556
0.9862222222222224
0.9884444444444447
0.9888888888888889
0.9913333333333336
0.9875555555555557
0.9924444444444447
0.986888888888889
0.9926666666666669
0.9835555555555557
0.9924444444444445
0.9866666666666668
0.9882222222222226
0.993777777777778
0.9900000000000003
0.9915555555555559
0.9902222222222224
0.9931111111111113
0.990666666666667
0.9882222222222223
0.9906666666666668
0.9908888888888893
0.9917777777777775
0.9873333333333337
0.9837777777777778
0.99
0.9891111111111114
0.9906666666666668
0.9928888888888892
0.990222222222222
0.9884444444444443
0.9824444444444445
0.9902222222222224
0.9886666666666667
0.9937777777777778
0.9933333333333337
0.990666666666667
0.9884444444444446
0.9884444444444446
0.9846666666666671
0.9911111111111113
0.987111111111111
0.9855555555555559
0.9948888888888888
0.9904444444444446
0.9879999999999999
0.9895555555555557
0.9906666666666666
0.9924444444444445
0.9913333333333334
0.9920000000000001
0.984888888888889
0.9877777777777779
0.990888888888889
0.9862222222222224
0.9911111111111113
0.9817777777777779
0.9944444444444444
0.9844444444444448
0.986666666666667
0.986
0.985777777777778
0.9891111111111114
0.9877777777777781
0.9926666666666667
0.9846666666666668
0.9922222222222224
0.9908888888888893
0.9931111111111113
0.9913333333333336
0.980666666666667
0.9875555555555557
0.9877777777777779
0.9888888888888892
0.989777777777778
0.9895555555555557
0.9893333333333334
0.9877777777777778
0.9922222222222224
0.9893333333333337
0.979555555555556
0.9906666666666668
0.9928888888888892
0.9813333333333335
0.9820000000000001
0.9871111111111115
0.9915555555555556
0.9893333333333334
0.9868888888888893
0.9866666666666667
0.996888888888889
0.986888888888889
0.9895555555555556
0.9840000000000003
0.9880000000000001
0.990888888888889
0.9922222222222223
0.9864444444444447
0.9884444444444447
0.990888888888889
0.9920000000000001
0.9920000000000002
0.9866666666666667
0.990888888888889
0.9911111111111114
0.9822222222222223
0.9917777777777781
0.990888888888889
0.9857777777777779
0.9908888888888893
0.980888888888889
0.9955555555555556
0.985777777777778
0.9886666666666669
0.9906666666666666
0.9933333333333333
0.9920000000000001
0.9722222222222224
0.9848888888888894
0.994888888888889
0.9906666666666668
0.9886666666666667
0.9933333333333335
0.9877777777777779
0.9895555555555556
0.9900000000000002
0.9891111111111114
0.9886666666666669
0.9902222222222224
0.9804444444444448
0.9928888888888892
0.987111111111111
0.9835555555555555
0.9946666666666666
0.993777777777778
0.9924444444444445
0.990888888888889
0.9862222222222222
0.9920000000000002
0.9895555555555556
0.9871111111111113
0.9857777777777779
0.9828888888888889
0.9928888888888892
0.9882222222222223
0.9884444444444446
0.9935555555555557
0.994888888888889
0.9902222222222224
0.9835555555555555
0.9906666666666668
0.9864444444444445
0.9933333333333335
0.9904444444444448
0.9893333333333334
0.9893333333333335
0.9917777777777781
0.9824444444444449
0.9866666666666668
0.9913333333333336
0.9915555555555559
0.9886666666666667
0.9902222222222224
0.9920000000000001
0.9908888888888888
0.9902222222222224
0.99
0.9902222222222224
0.9860000000000002
0.9842222222222223
0.9911111111111113
0.9846666666666668
0.9862222222222222
0.9837777777777778
0.990666666666667
0.9886666666666667
0.9935555555555557
0.9922222222222223
0.9875555555555559
0.9933333333333335
0.9900000000000002
0.9833333333333333
0.9924444444444447
0.9888888888888892
0.9926666666666669
0.9908888888888893
0.9902222222222224
0.9906666666666668
0.9917777777777781
0.9940000000000001
0.987111111111111
0.9862222222222222
