0.9997777777777778
1.0
0.9997777777777778
1.0
0.9973333333333333
1.0
0.9995555555555555
1.0
1.0
1.0
0.9997777777777778
1.0
0.9993333333333334
0.9997777777777778
1.0
1.0
0.9995555555555555
0.9995555555555555
1.0
1.0
1.0
1.0
0.9995555555555555
1.0
0.9997777777777778
0.9997777777777778
1.0
0.9995555555555555
1.0
0.9997777777777778
0.9995555555555555
1.0
1.0
1.0
1.0
0.9997777777777778
1.0
1.0
0.9997777777777778
0.9997777777777778
0.9995555555555555
0.9991111111111112
1.0
1.0
0.9995555555555555
0.9993333333333334
1.0
1.0
0.9995555555555555
1.0
1.0
1.0
1.0
0.9997777777777778
0.9993333333333334
0.9993333333333334
1.0
0.9997777777777778
1.0
1.0
0.9997777777777778
1.0
0.9995555555555555
1.0
1.0
0.9997777777777778
1.0
0.9995555555555555
1.0
0.9995555555555555
1.0
1.0
1.0
0.9995555555555555
0.9995555555555555
0.9997777777777778
1.0
1.0
1.0
1.0
1.0
1.0
1.0
1.0
1.0
0.9995555555555555
0.9995555555555555
0.9997777777777778
1.0
0.9995555555555555
0.9997777777777778
1.0
1.0
1.0
1.0
1.0
1.0
1.0
0.9995555555555555
0.9997777777777778
0.9993333333333334
0.9995555555555555
1.0
1.0
1.0
0.9997777777777778
1.0
1.0
1.0
0.9995555555555555
0.9997777777777778
0.9997777777777778
1.0
1.0
0.9995555555555555
1.0
1.0
0.9997777777777778
1.0
1.0
1.0
1.0
1.0
1.0
1.0
0.9997777777777778
1.0
0.9997777777777778
0.9997777777777778
1.0
0.9993333333333334
1.0
1.0
0.9997777777777778
0.9993333333333334
1.0
1.0
0.9995555555555555
1.0
0.9997777777777778
1.0
0.9997777777777778
1.0
1.0
0.9997777777777778
1.0
1.0
1.0
1.0
1.0
1.0
0.9993333333333334
1.0
1.0
0.9988888888888889
1.0
1.0
1.0
0.9997777777777778
1.0
1.0
0.9997777777777778
1.0
1.0
1.0
0.9997777777777778
1.0
1.0
0.9991111111111112
1.0
1.0
1.0
1.0
1.0
1.0
0.9997777777777778
0.9997777777777778
1.0
0.9997777777777778
1.0
1.0
1.0
0.9993333333333334
1.0
0.9993333333333334
1.0
1.0
0.9991111111111112
1.0
1.0
0.9997777777777778
0.9997777777777778
