-0.7444444444444442
-0.7599999999999996
-0.7266666666666667
-0.7533333333333332
-0.743333333333333
-0.7522222222222219
-0.7611111111111106
-0.7755555555555553
-0.7611111111111104
-0.7288888888888887
-0.7522222222222217
-0.724444444444444
-0.7388888888888887
-0.7377777777777772
-0.736666666666666
-0.7655555555555554
-0.7388888888888882
-0.744444444444444
-0.7633333333333328
-0.7655555555555549
-0.7688888888888883
-0.7022222222222219
-0.7755555555555549
-0.7411111111111107
-0.6944444444444443
-0.7711111111111105
-0.7344444444444437
-0.7766666666666658
-0.7322222222222219
-0.756666666666666
-0.7899999999999993
-0.7622222222222219
-0.7377777777777772
-0.7688888888888886
-0.7111111111111106
-0.7344444444444441
-0.7411111111111107
-0.7899999999999996
-0.7722222222222221
-0.7677777777777773
-0.7477777777777775
-0.7477777777777774
-0.7555555555555553
-0.7433333333333332
-0.7777777777777771
-0.7444444444444442
-0.7466666666666661
-0.755555555555555
-0.7622222222222215
-0.753333333333333
-0.7677777777777773
-0.7533333333333327
-0.7655555555555554
-0.7322222222222216
-0.7766666666666663
-0.7377777777777774
-0.753333333333333
-0.7533333333333332
-0.723333333333333
-0.753333333333333
-0.7344444444444441
-0.7522222222222219
-0.7177777777777773
-0.7155555555555553
-0.7411111111111104
-0.7511111111111107
-0.742222222222222
-0.7355555555555554
-0.7166666666666666
-0.795555555555555
-0.741111111111111
-0.7344444444444442
-0.7699999999999995
-0.7366666666666662
-0.7388888888888883
-0.7688888888888886
-0.7344444444444441
-0.7377777777777775
-0.764444444444444
-0.7511111111111107
-0.7399999999999999
-0.731111111111111
-0.7388888888888885
-0.723333333333333
-0.755555555555555
-0.7722222222222218
-0.7333333333333328
-0.7411111111111106
-0.7077777777777774
-0.7722222222222217
-0.753333333333333
-0.7511111111111107
-0.7
-0.7277777777777774
-0.774444444444444
-0.7544444444444441
