-0.7799999999999995
-0.7722222222222217
-0.7777777777777769
-0.7899999999999997
-0.7811111111111104
-0.7899999999999996
-0.7622222222222216
-0.7699999999999996
-0.7544444444444438
-0.7688888888888886
-0.7699999999999995
-0.7699999999999996
-0.7855555555555553
-0.7511111111111108
-0.7599999999999996
-0.7822222222222217
-0.7711111111111105
-0.7833333333333328
-0.7888888888888884
-0.762222222222222
-0.7833333333333329
-0.7577777777777771
-0.7533333333333327
-0.7677777777777774
-0.7666666666666664
-0.7755555555555553
-0.7944444444444434
-0.7822222222222215
-0.7655555555555553
-0.7644444444444438
-0.7322222222222219
-0.7944444444444437
-0.7566666666666664
-0.7622222222222221
-0.7722222222222217
-0.7366666666666662
-0.797777777777777
-0.796666666666666
-0.7777777777777775
-0.7622222222222217
-0.7611111111111108
-0.7711111111111105
-0.754444444444444
-0.7699999999999995
-0.7388888888888888
-0.753333333333333
-0.7733333333333329
-0.7888888888888885
-0.7855555555555547
-0.734444444444444
-0.7511111111111108
-0.7699999999999997
-0.7766666666666662
-0.7488888888888886
-0.7699999999999996
-0.7411111111111108
-0.7488888888888884
-0.757777777777777
-0.7566666666666664
-0.7688888888888884
-0.8011111111111106
-0.7644444444444443
-0.7555555555555551
-0.7422222222222217
-0.7777777777777771
-0.7644444444444438
-0.7711111111111104
-0.7366666666666666
-0.7522222222222217
-0.7522222222222219
-0.7255555555555556
-0.7744444444444438
-0.786666666666666
-0.7522222222222216
-0.753333333333333
-0.7655555555555553
-0.7488888888888887
-0.766666666666666
-0.7588888888888882
-0.767777777777777
-0.7566666666666663
-0.7811111111111104
-0.7677777777777774
-0.7711111111111109
-0.7811111111111103
-0.7777777777777771
-0.7444444444444439
-0.7666666666666667
-0.7077777777777772
-0.7788888888888884
-0.7777777777777771
-0.7533333333333329
-0.7499999999999996
-0.7222222222222219
-0.7588888888888886
-0.774444444444444
