-0.6999999999999996
-0.7233333333333328
-0.7144444444444441
-0.7177777777777776
-0.662222222222222
-0.7122222222222221
-0.7433333333333333
-0.6788888888888885
-0.712222222222222
-0.7388888888888883
-0.6799999999999998
-0.703333333333333
-0.6988888888888884
-0.7399999999999995
-0.7199999999999995
-0.6911111111111107
-0.6777777777777773
-0.7333333333333332
-0.7077777777777768
-0.7344444444444442
-0.6955555555555555
-0.7033333333333331
-0.7122222222222219
-0.7199999999999993
-0.7155555555555553
-0.7355555555555553
-0.741111111111111
-0.7066666666666661
-0.6844444444444443
-0.7055555555555552
-0.7266666666666662
-0.7299999999999995
-0.6855555555555555
-0.7122222222222221
-0.7177777777777774
-0.7077777777777773
-0.714444444444444
-0.7177777777777774
-0.7266666666666662
-0.681111111111111
-0.6800000000000002
-0.6899999999999998
-0.7066666666666664
-0.7266666666666662
-0.652222222222222
-0.6766666666666667
-0.7199999999999998
-0.7377777777777775
-0.7099999999999994
-0.7133333333333333
-0.7499999999999994
-0.7155555555555551
-0.6866666666666664
-0.7199999999999999
-0.7255555555555553
-0.7099999999999999
-0.6866666666666668
-0.7233333333333328
-0.7222222222222218
-0.6911111111111109
-0.6733333333333333
-0.7099999999999999
-0.7355555555555553
-0.6888888888888886
-0.7022222222222219
-0.7499999999999996
-0.6866666666666665
-0.7377777777777774
-0.713333333333333
-0.7344444444444436
-0.7088888888888886
-0.6966666666666664
-0.7477777777777771
-0.69
-0.6844444444444442
-0.671111111111111
-0.722222222222222
-0.7288888888888883
-0.6844444444444442
-0.7044444444444443
-0.7288888888888885
-0.712222222222222
-0.7066666666666661
-0.6822222222222218
-0.7311111111111106
-0.7277777777777774
-0.6933333333333331
-0.6899999999999994
-0.7333333333333328
-0.712222222222222
-0.71
-0.7377777777777779
-0.652222222222222
-0.7244444444444439
-0.7333333333333333
-0.7033333333333328
