-0.6311111111111111
-0.6944444444444443
-0.5944444444444443
-0.631111111111111
-0.6188888888888888
-0.5888888888888889
-0.6377777777777776
-0.6344444444444443
-0.6433333333333331
-0.6344444444444443
-0.6211111111111108
-0.6588888888888885
-0.6222222222222222
-0.643333333333333
-0.6144444444444445
-0.6144444444444442
-0.6333333333333333
-0.618888888888889
-0.6177777777777776
-0.6477777777777777
-0.6277777777777778
-0.6544444444444442
-0.6177777777777775
-0.6188888888888887
-0.618888888888889
-0.6122222222222223
-0.6333333333333334
-0.5699999999999998
-0.5900000000000002
-0.6388888888888888
-0.6577777777777776
-0.6499999999999996
-0.6155555555555555
-0.6599999999999996
-0.6122222222222221
-0.6366666666666668
-0.6133333333333334
-0.5933333333333334
-0.5777777777777778
-0.6077777777777775
-0.6355555555555555
-0.6299999999999996
-0.6288888888888888
-0.6499999999999999
-0.6144444444444445
-0.6133333333333332
-0.6022222222222219
-0.6411111111111109
-0.6322222222222219
-0.6355555555555557
-0.5899999999999999
-0.6377777777777776
-0.642222222222222
-0.6088888888888888
-0.5666666666666665
-0.6199999999999999
-0.6622222222222222
-0.6044444444444443
-0.621111111111111
-0.6177777777777778
-0.6533333333333333
-0.603333333333333
-0.6066666666666666
-0.5888888888888887
-0.618888888888889
-0.6177777777777778
-0.582222222222222
-0.6466666666666666
-0.6388888888888886
-0.6133333333333332
-0.6099999999999999
-0.6288888888888887
-0.6766666666666664
-0.6577777777777775
-0.6144444444444445
-0.6100000000000001
-0.5844444444444443
-0.6088888888888889
-0.6299999999999998
-0.6411111111111112
-0.6288888888888886
-0.6055555555555555
-0.6022222222222222
-0.617777777777778
-0.6077777777777779
-0.6077777777777774
-0.622222222222222
-0.6466666666666663
-0.6488888888888887
-0.6477777777777779
-0.5588888888888889
-0.6133333333333332
-0.6311111111111111
-0.6166666666666666
-0.6044444444444445
-0.5966666666666667
