-0.6077777777777775
-0.6155555555555552
-0.6355555555555554
-0.6522222222222225
-0.6277777777777777
-0.6355555555555552
-0.6177777777777778
-0.6377777777777779
-0.6055555555555557
-0.6633333333333333
-0.6144444444444445
-0.6388888888888886
-0.642222222222222
-0.6322222222222222
-0.608888888888889
-0.6288888888888889
-0.6188888888888886
-0.5977777777777777
-0.5799999999999998
-0.6344444444444445
-0.6255555555555553
-0.6277777777777775
-0.6377777777777779
-0.6233333333333332
-0.6355555555555553
-0.6022222222222223
-0.6299999999999999
-0.6144444444444443
-0.6377777777777776
-0.6266666666666665
-0.6277777777777774
-0.624444444444444
-0.682222222222222
-0.6288888888888888
-0.5988888888888887
-0.6188888888888888
-0.6044444444444445
-0.6011111111111112
-0.6144444444444445
-0.6
-0.6555555555555554
-0.6455555555555551
-0.6244444444444445
-0.591111111111111
-0.6077777777777774
-0.6344444444444444
-0.6033333333333333
-0.6544444444444444
-0.6388888888888886
-0.6277777777777775
-0.6422222222222218
-0.6466666666666663
-0.6144444444444445
-0.6655555555555552
-0.6422222222222218
-0.6133333333333332
-0.6266666666666668
-0.5966666666666668
-0.5933333333333332
-0.6255555555555553
-0.5988888888888887
-0.6299999999999998
-0.6366666666666664
-0.6399999999999998
-0.6766666666666663
-0.6233333333333332
-0.6244444444444444
-0.6299999999999997
-0.6522222222222223
-0.654444444444444
-0.6299999999999999
-0.6322222222222222
-0.62
-0.5988888888888889
-0.6133333333333332
-0.6033333333333334
-0.5822222222222222
-0.6088888888888887
-0.6199999999999999
-0.6122222222222224
-0.6211111111111111
-0.5966666666666665
-0.6166666666666668
-0.6455555555555555
-0.5600000000000002
-0.6344444444444446
-0.6311111111111106
-0.5877777777777776
-0.6333333333333331
-0.6533333333333333
-0.6000000000000001
-0.6255555555555555
-0.6077777777777778
-0.6477777777777777
-0.6444444444444442
-0.6055555555555554
