-0.6611111111111111
-0.6688888888888888
-0.6377777777777779
-0.6688888888888885
-0.6766666666666664
-0.6766666666666663
-0.7099999999999995
-0.6499999999999999
-0.6566666666666666
-0.6499999999999999
-0.6633333333333333
-0.6799999999999997
-0.6811111111111109
-0.6055555555555557
-0.6411111111111109
-0.6755555555555552
-0.6399999999999998
-0.6566666666666664
-0.6399999999999999
-0.6844444444444443
-0.6688888888888885
-0.651111111111111
-0.6688888888888889
-0.683333333333333
-0.6533333333333333
-0.6822222222222218
-0.6577777777777775
-0.6555555555555553
-0.6622222222222222
-0.6677777777777775
-0.684444444444444
-0.641111111111111
-0.6844444444444442
-0.6699999999999998
-0.6666666666666664
-0.6599999999999997
-0.658888888888889
-0.6366666666666666
-0.6444444444444443
-0.6711111111111108
-0.6588888888888889
-0.6899999999999997
-0.691111111111111
-0.642222222222222
-0.681111111111111
-0.6344444444444445
-0.6344444444444443
-0.6633333333333334
-0.6611111111111111
-0.661111111111111
-0.6544444444444442
-0.668888888888889
-0.653333333333333
-0.6455555555555555
-0.672222222222222
-0.6399999999999998
-0.6544444444444443
-0.6388888888888888
-0.6344444444444444
-0.6299999999999999
-0.661111111111111
-0.6377777777777777
-0.6355555555555554
-0.6
-0.67
-0.6933333333333331
-0.6733333333333333
-0.6466666666666666
-0.6677777777777776
-0.6533333333333333
-0.6633333333333331
-0.6444444444444442
-0.7166666666666663
-0.6688888888888885
-0.6633333333333331
-0.7055555555555554
-0.7011111111111107
-0.661111111111111
-0.7122222222222218
-0.6877777777777774
-0.693333333333333
-0.6766666666666669
-0.6688888888888888
-0.661111111111111
-0.6644444444444443
-0.674444444444444
-0.6755555555555555
-0.6611111111111108
-0.6533333333333333
-0.6577777777777775
-0.6655555555555552
-0.6799999999999998
-0.6122222222222222
-0.6566666666666664
-0.6655555555555555
-0.6622222222222222
