-0.3999999999999998
-0.3144444444444443
-0.3655555555555556
-0.38777777777777755
-0.37999999999999995
-0.3955555555555557
-0.312222222222222
-0.30777777777777754
-0.38888888888888895
-0.38777777777777767
-0.2933333333333333
-0.3577777777777778
-0.32222222222222185
-0.3744444444444444
-0.30111111111111094
-0.3855555555555555
-0.3444444444444443
-0.35666666666666663
-0.331111111111111
-0.32333333333333314
-0.33444444444444443
-0.3233333333333333
-0.38444444444444437
-0.3666666666666665
-0.35777777777777764
-0.3411111111111111
-0.32666666666666644
-0.3399999999999998
-0.3322222222222223
-0.31333333333333313
-0.312222222222222
-0.34999999999999987
-0.3211111111111109
-0.372222222222222
-0.35222222222222177
-0.34666666666666657
-0.358888888888889
-0.34444444444444433
-0.35444444444444423
-0.3477777777777778
-0.3833333333333332
-0.4188888888888889
-0.3466666666666666
-0.34222222222222215
-0.4033333333333332
-0.31333333333333335
-0.3822222222222223
-0.3966666666666667
-0.3455555555555555
-0.3999999999999999
-0.3222222222222221
-0.312222222222222
-0.40666666666666657
-0.3800000000000001
-0.3355555555555555
-0.3499999999999997
-0.3577777777777777
-0.4022222222222224
-0.31222222222222207
-0.3744444444444444
-0.28222222222222204
-0.32777777777777767
-0.3799999999999997
-0.33
-0.36111111111111116
-0.31666666666666665
-0.3566666666666666
-0.4111111111111112
-0.33666666666666656
-0.3244444444444442
-0.3622222222222223
-0.331111111111111
-0.27666666666666656
-0.36111111111111105
-0.35777777777777786
-0.3277777777777775
-0.35444444444444456
-0.34777777777777785
-0.4288888888888889
-0.3388888888888888
-0.3466666666666665
-0.32111111111111107
-0.322222222222222
-0.3911111111111108
-0.3655555555555555
-0.3366666666666665
-0.3655555555555555
-0.39666666666666645
-0.3711111111111107
-0.3766666666666666
-0.31555555555555537
-0.3477777777777776
-0.3633333333333331
-0.4144444444444442
-0.3755555555555555
-0.3033333333333331
