-0.4111111111111111
-0.44222222222222224
-0.45555555555555566
-0.4788888888888891
-0.45444444444444443
-0.41888888888888887
-0.408888888888889
-0.46555555555555567
-0.4488888888888892
-0.39777777777777773
-0.4166666666666668
-0.47888888888888886
-0.5144444444444444
-0.49111111111111083
-0.4611111111111111
-0.5077777777777777
-0.427777777777778
-0.48222222222222244
-0.43444444444444413
-0.471111111111111
-0.43666666666666665
-0.4733333333333335
-0.44
-0.41777777777777786
-0.49333333333333335
-0.4699999999999999
-0.4722222222222222
-0.45666666666666655
-0.39666666666666683
-0.4933333333333334
-0.47999999999999976
-0.4444444444444444
-0.4955555555555555
-0.4266666666666664
-0.44666666666666643
-0.4166666666666666
-0.48
-0.4866666666666665
-0.4488888888888887
-0.4933333333333334
-0.41666666666666663
-0.4344444444444446
-0.451111111111111
-0.47444444444444434
-0.45444444444444443
-0.5044444444444444
-0.4377777777777779
-0.37111111111111106
-0.4355555555555556
-0.477777777777778
-0.4611111111111111
-0.44333333333333313
-0.4277777777777777
-0.45333333333333314
-0.45222222222222236
-0.4688888888888889
-0.4777777777777778
-0.40333333333333315
-0.46444444444444427
-0.44000000000000006
-0.44999999999999984
-0.41999999999999993
-0.46111111111111086
-0.48111111111111104
-0.46444444444444444
-0.4544444444444446
-0.3977777777777778
-0.4533333333333332
-0.4300000000000002
-0.48000000000000015
-0.4455555555555555
-0.5411111111111112
-0.42222222222222205
-0.4555555555555554
-0.45555555555555555
-0.4777777777777775
-0.4144444444444442
-0.47888888888888886
-0.5088888888888888
-0.47666666666666657
-0.45888888888888885
-0.4544444444444446
-0.48111111111111104
-0.45555555555555555
-0.47555555555555573
-0.43888888888888855
-0.37777777777777766
-0.46666666666666684
-0.4722222222222224
-0.4477777777777777
-0.4488888888888888
-0.46666666666666673
-0.43000000000000005
-0.4977777777777777
-0.49222222222222234
-0.4088888888888889
