-0.012222222222222223
-0.026666666666666665
-0.0044444444444444444
-0.012222222222222214
-0.06333333333333334
-0.03111111111111112
-0.045555555555555564
-0.014444444444444447
-0.00888888888888889
-0.041111111111111126
-0.04000000000000001
-0.0588888888888889
-0.010000000000000004
-0.01888888888888889
-0.044444444444444446
-0.03444444444444446
-0.016666666666666666
-0.025555555555555554
-0.05222222222222223
0.0066666666666666515
-0.004444444444444441
-0.051111111111111086
-0.03555555555555557
-0.004444444444444446
-0.05555555555555556
0.02333333333333333
-0.04
-0.05444444444444445
-0.05222222222222221
-0.03333333333333335
-0.01333333333333334
-0.032222222222222235
-0.006666666666666665
-0.03444444444444444
-0.02777777777777778
-0.0011111111111111126
0.005555555555555551
-0.032222222222222235
-0.03333333333333333
-0.033333333333333354
-0.021111111111111112
-0.016666666666666673
-0.03666666666666667
0.005555555555555556
0.004444444444444445
-0.027777777777777773
-0.0577777777777778
-0.024444444444444456
-0.01555555555555556
-0.022222222222222227
-0.01777777777777779
0.007777777777777784
-0.031111111111111103
-0.039999999999999994
-0.013333333333333338
-0.06111111111111109
-0.017777777777777774
-0.01888888888888889
0.007777777777777779
-0.054444444444444434
-0.013333333333333326
-0.05777777777777779
0.005555555555555553
-0.015555555555555559
-0.01666666666666666
-0.0533333333333333
7.771561172376097e-18
-0.06222222222222222
-0.04222222222222223
-0.025555555555555567
-0.03555555555555556
-0.04222222222222219
-0.01666666666666667
-0.025555555555555557
-0.027777777777777776
5.551115123125783e-19
-0.04666666666666669
-0.032222222222222235
-0.06999999999999994
-0.0711111111111111
-0.007777777777777784
-0.007777777777777775
0.022222222222222213
-0.027777777777777776
-0.045555555555555564
-0.05000000000000001
-0.046666666666666655
-0.040000000000000015
-0.03333333333333334
-0.031111111111111117
-0.023333333333333345
-0.01111111111111111
-0.03000000000000001
-0.08000000000000002
-0.05777777777777777
-0.014444444444444437
