-0.6133333333333334
-0.6466666666666664
-0.5955555555555556
-0.6466666666666666
-0.658888888888889
-0.6266666666666663
-0.6688888888888885
-0.6411111111111109
-0.6122222222222222
-0.6555555555555553
-0.66
-0.6466666666666666
-0.671111111111111
-0.6044444444444443
-0.6222222222222222
-0.6411111111111112
-0.6211111111111108
-0.6477777777777776
-0.65
-0.6744444444444443
-0.6711111111111111
-0.6111111111111108
-0.6366666666666664
-0.672222222222222
-0.6233333333333332
-0.6733333333333331
-0.6311111111111111
-0.652222222222222
-0.6455555555555551
-0.612222222222222
-0.6377777777777777
-0.6455555555555554
-0.6677777777777778
-0.6755555555555552
-0.6533333333333333
-0.6211111111111112
-0.6566666666666666
-0.653333333333333
-0.6511111111111109
-0.6300000000000001
-0.6699999999999997
-0.6555555555555554
-0.6277777777777777
-0.6555555555555551
-0.6255555555555554
-0.624444444444444
-0.6455555555555554
-0.6022222222222222
-0.6299999999999998
-0.6288888888888889
-0.6188888888888886
-0.6588888888888887
-0.6444444444444443
-0.661111111111111
-0.638888888888889
-0.6566666666666664
-0.6455555555555551
-0.6477777777777779
-0.6588888888888889
-0.6355555555555553
-0.6477777777777776
-0.6699999999999998
-0.6455555555555554
-0.6522222222222221
-0.643333333333333
-0.6133333333333332
-0.6266666666666667
-0.6455555555555554
-0.6488888888888888
-0.6788888888888885
-0.6444444444444443
-0.6088888888888887
-0.598888888888889
-0.5955555555555552
-0.5966666666666665
-0.6344444444444445
-0.6188888888888889
-0.6444444444444446
-0.6455555555555553
-0.6477777777777777
-0.6044444444444445
-0.6433333333333335
-0.6299999999999996
-0.62
-0.6644444444444442
-0.6488888888888886
-0.6366666666666664
-0.6466666666666664
-0.6111111111111109
-0.6255555555555553
-0.6577777777777776
-0.6744444444444442
-0.6777777777777775
-0.6566666666666664
-0.641111111111111
-0.6355555555555555
