-0.7433333333333327
-0.7477777777777773
-0.7688888888888883
-0.7455555555555552
-0.7411111111111112
-0.7722222222222217
-0.7499999999999994
-0.7166666666666665
-0.7433333333333327
-0.7311111111111108
-0.7866666666666662
-0.734444444444444
-0.7488888888888884
-0.7644444444444441
-0.7266666666666666
-0.7755555555555549
-0.744444444444444
-0.7199999999999995
-0.7799999999999996
-0.7133333333333332
-0.7266666666666662
-0.7655555555555551
-0.7411111111111106
-0.743333333333333
-0.7433333333333333
-0.7488888888888884
-0.746666666666666
-0.7566666666666664
-0.7199999999999995
-0.7655555555555555
-0.7599999999999996
-0.7577777777777773
-0.7311111111111104
-0.7699999999999995
-0.7344444444444437
-0.765555555555555
-0.7922222222222217
-0.7733333333333325
-0.7455555555555553
-0.7377777777777774
-0.7533333333333332
-0.7422222222222215
-0.7433333333333328
-0.7622222222222219
-0.7599999999999997
-0.7666666666666666
-0.7699999999999992
-0.7622222222222217
-0.7333333333333328
-0.8011111111111104
-0.7499999999999994
-0.7722222222222221
-0.7411111111111106
-0.7599999999999999
-0.7688888888888882
-0.7377777777777774
-0.7633333333333329
-0.7411111111111104
-0.7244444444444437
-0.7455555555555552
-0.7611111111111107
-0.7577777777777771
-0.7844444444444438
-0.764444444444444
-0.7177777777777772
-0.7599999999999996
-0.7655555555555553
-0.736666666666666
-0.7566666666666664
-0.7422222222222216
-0.7711111111111104
-0.7399999999999994
-0.7377777777777773
-0.764444444444444
-0.7766666666666663
-0.7666666666666663
-0.7533333333333329
-0.7499999999999994
-0.777777777777777
-0.761111111111111
-0.7455555555555552
-0.7722222222222216
-0.7288888888888887
-0.7588888888888882
-0.7833333333333329
-0.7544444444444438
-0.7533333333333329
-0.761111111111111
-0.7766666666666663
-0.7211111111111106
-0.7411111111111104
-0.7211111111111108
-0.7733333333333328
-0.7677777777777773
-0.7444444444444441
-0.762222222222222
