-0.7455555555555552
-0.7511111111111107
-0.7533333333333327
-0.7266666666666662
-0.7255555555555552
-0.7488888888888884
-0.7355555555555549
-0.7644444444444441
-0.7122222222222218
-0.7277777777777773
-0.671111111111111
-0.735555555555555
-0.7611111111111107
-0.7177777777777778
-0.7166666666666661
-0.7222222222222218
-0.758888888888889
-0.7522222222222217
-0.713333333333333
-0.7233333333333328
-0.7488888888888886
-0.7177777777777772
-0.6955555555555555
-0.7555555555555549
-0.7311111111111106
-0.7077777777777773
-0.7233333333333332
-0.7277777777777775
-0.7411111111111107
-0.7277777777777775
-0.7444444444444441
-0.7488888888888883
-0.7266666666666665
-0.701111111111111
-0.7322222222222219
-0.7455555555555549
-0.7311111111111106
-0.7288888888888883
-0.7499999999999996
-0.7611111111111107
-0.721111111111111
-0.713333333333333
-0.7311111111111108
-0.725555555555555
-0.7377777777777778
-0.7122222222222221
-0.7366666666666661
-0.72
-0.7411111111111107
-0.7233333333333328
-0.7299999999999995
-0.732222222222222
-0.7366666666666661
-0.743333333333333
-0.7411111111111107
-0.7466666666666663
-0.7188888888888882
-0.7611111111111106
-0.7488888888888886
-0.7222222222222223
-0.6988888888888887
-0.7211111111111108
-0.7188888888888885
-0.721111111111111
-0.7377777777777772
-0.7222222222222219
-0.718888888888889
-0.7588888888888887
-0.7666666666666662
-0.7255555555555553
-0.7199999999999998
-0.732222222222222
-0.7222222222222218
-0.7255555555555552
-0.7233333333333328
-0.7311111111111108
-0.7366666666666661
-0.7566666666666662
-0.712222222222222
-0.7033333333333326
-0.7466666666666661
-0.7422222222222211
-0.7544444444444438
-0.7577777777777777
-0.7411111111111107
-0.7299999999999999
-0.735555555555555
-0.7599999999999993
-0.7288888888888885
-0.7266666666666665
-0.7455555555555554
-0.691111111111111
-0.7255555555555553
-0.734444444444444
-0.7066666666666661
-0.7277777777777773
