-0.6922222222222223
-0.6077777777777775
-0.6522222222222221
-0.6677777777777778
-0.6577777777777772
-0.6211111111111111
-0.6422222222222218
-0.6599999999999998
-0.6555555555555551
-0.64
-0.6311111111111108
-0.6377777777777779
-0.6233333333333335
-0.6666666666666664
-0.7188888888888887
-0.612222222222222
-0.6566666666666664
-0.6477777777777776
-0.6577777777777779
-0.6455555555555554
-0.6344444444444445
-0.651111111111111
-0.6566666666666664
-0.6622222222222224
-0.6433333333333333
-0.6755555555555556
-0.6688888888888889
-0.6288888888888885
-0.6377777777777776
-0.6611111111111111
-0.6888888888888887
-0.662222222222222
-0.6855555555555553
-0.6544444444444443
-0.6622222222222222
-0.6533333333333331
-0.6577777777777776
-0.663333333333333
-0.681111111111111
-0.6488888888888888
-0.641111111111111
-0.6377777777777776
-0.65
-0.6522222222222218
-0.6677777777777778
-0.6555555555555556
-0.67
-0.6599999999999997
-0.6622222222222222
-0.6499999999999997
-0.6333333333333332
-0.6788888888888885
-0.6644444444444443
-0.6611111111111109
-0.6955555555555551
-0.6399999999999998
-0.6566666666666666
-0.6655555555555551
-0.6333333333333333
-0.664444444444444
-0.6711111111111108
-0.6655555555555551
-0.644444444444444
-0.6633333333333333
-0.6666666666666667
-0.6966666666666665
-0.6211111111111108
-0.6588888888888887
-0.6455555555555554
-0.6200000000000001
-0.6822222222222223
-0.6555555555555553
-0.6844444444444442
-0.6777777777777777
-0.6411111111111112
-0.6799999999999998
-0.6833333333333331
-0.6488888888888886
-0.6755555555555551
-0.6177777777777774
-0.6522222222222221
-0.6699999999999998
-0.6322222222222221
-0.642222222222222
-0.6366666666666665
-0.7111111111111108
-0.6311111111111108
-0.7166666666666663
-0.6399999999999999
-0.651111111111111
-0.6633333333333333
-0.6755555555555551
-0.6666666666666667
-0.6944444444444438
-0.7199999999999995
-0.6722222222222222
