-0.7766666666666662
-0.7577777777777773
-0.7777777777777777
-0.7611111111111108
-0.7466666666666661
-0.7711111111111104
-0.775555555555555
-0.7522222222222219
-0.7677777777777773
-0.7855555555555556
-0.7633333333333328
-0.7566666666666662
-0.7599999999999996
-0.7288888888888886
-0.7655555555555551
-0.7544444444444438
-0.7633333333333329
-0.7511111111111108
-0.7311111111111104
-0.7988888888888885
-0.7477777777777775
-0.7833333333333329
-0.7599999999999995
-0.7588888888888884
-0.763333333333333
-0.7588888888888884
-0.763333333333333
-0.8033333333333326
-0.7877777777777772
-0.7888888888888883
-0.8077777777777773
-0.7366666666666661
-0.7222222222222218
-0.7699999999999997
-0.7622222222222222
-0.7811111111111105
-0.7844444444444443
-0.7755555555555549
-0.7377777777777775
-0.7411111111111107
-0.7599999999999996
-0.7544444444444438
-0.746666666666666
-0.7722222222222223
-0.7788888888888882
-0.793333333333333
-0.7899999999999991
-0.7866666666666663
-0.773333333333333
-0.7533333333333332
-0.7477777777777773
-0.7644444444444441
-0.7677777777777771
-0.7433333333333326
-0.7677777777777774
-0.794444444444444
-0.7655555555555548
-0.7922222222222218
-0.7688888888888883
-0.7522222222222212
-0.7599999999999996
-0.751111111111111
-0.7522222222222221
-0.7511111111111104
-0.7933333333333327
-0.751111111111111
-0.7844444444444437
-0.7666666666666664
-0.7355555555555553
-0.7377777777777773
-0.7522222222222219
-0.775555555555555
-0.746666666666666
-0.7633333333333325
-0.7666666666666663
-0.7666666666666662
-0.7588888888888883
-0.7211111111111108
-0.7422222222222219
-0.7155555555555552
-0.7722222222222218
-0.7555555555555551
-0.753333333333333
-0.7799999999999995
-0.7799999999999997
-0.774444444444444
-0.7877777777777772
-0.7822222222222217
-0.7888888888888884
-0.7699999999999995
-0.7655555555555549
-0.7466666666666665
-0.7388888888888886
-0.7799999999999997
-0.7299999999999995
-0.7655555555555549
