-0.7066666666666664
-0.6666666666666665
-0.7077777777777774
-0.7
-0.6999999999999997
-0.7322222222222216
-0.7188888888888887
-0.7077777777777773
-0.7222222222222221
-0.7055555555555554
-0.6899999999999997
-0.673333333333333
-0.7199999999999999
-0.7266666666666661
-0.6855555555555555
-0.7133333333333332
-0.7044444444444441
-0.6988888888888886
-0.693333333333333
-0.6977777777777777
-0.7266666666666662
-0.6966666666666665
-0.6966666666666664
-0.6755555555555556
-0.6388888888888888
-0.7066666666666664
-0.6766666666666664
-0.694444444444444
-0.703333333333333
-0.7388888888888885
-0.7188888888888885
-0.712222222222222
-0.7199999999999998
-0.6733333333333331
-0.682222222222222
-0.7155555555555556
-0.7266666666666662
-0.6966666666666668
-0.7177777777777773
-0.713333333333333
-0.7011111111111106
-0.6722222222222222
-0.723333333333333
-0.6955555555555557
-0.7199999999999994
-0.6844444444444443
-0.7277777777777774
-0.7122222222222218
-0.7188888888888889
-0.703333333333333
-0.6966666666666664
-0.6766666666666664
-0.6988888888888887
-0.7033333333333331
-0.7177777777777773
-0.7188888888888885
-0.724444444444444
-0.7211111111111108
-0.7377777777777778
-0.722222222222222
-0.6888888888888886
-0.6888888888888887
-0.6777777777777778
-0.6833333333333331
-0.7099999999999994
-0.7188888888888887
-0.6911111111111109
-0.6899999999999994
-0.6966666666666664
-0.7122222222222221
-0.6577777777777775
-0.6877777777777776
-0.7177777777777773
-0.7044444444444444
-0.716666666666666
-0.6777777777777776
-0.703333333333333
-0.7388888888888886
-0.712222222222222
-0.7099999999999994
-0.7477777777777775
-0.7022222222222215
-0.7177777777777777
-0.722222222222222
-0.7288888888888885
-0.702222222222222
-0.7166666666666667
-0.6844444444444443
-0.7088888888888886
-0.7466666666666665
-0.6988888888888886
-0.7222222222222221
-0.746666666666666
-0.7222222222222219
-0.7155555555555552
-0.7199999999999994
