0.8244444444444438
0.8033333333333329
0.8222222222222217
0.8055555555555552
0.7688888888888886
0.8277777777777773
0.7922222222222217
0.8077777777777773
0.8144444444444439
0.7888888888888884
0.7899999999999996
0.7899999999999995
0.7933333333333326
0.796666666666666
0.8099999999999996
0.7922222222222217
0.8199999999999997
0.7944444444444438
0.7944444444444442
0.7988888888888883
0.8099999999999994
0.7833333333333329
0.7888888888888882
0.8199999999999992
0.773333333333333
0.7777777777777775
0.8111111111111107
0.7822222222222216
0.753333333333333
0.7888888888888882
0.7888888888888884
0.8211111111111105
0.7888888888888888
0.8288888888888881
0.7766666666666662
0.7777777777777772
0.7655555555555554
0.7911111111111109
0.8233333333333327
0.765555555555555
0.7644444444444441
0.8199999999999996
0.8266666666666659
0.7566666666666663
0.8177777777777773
0.8188888888888887
0.7344444444444442
0.7877777777777775
0.762222222222222
0.8233333333333327
0.8044444444444442
0.8144444444444435
0.7644444444444438
0.7988888888888881
0.8066666666666662
0.8111111111111106
0.7877777777777776
0.785555555555555
0.8111111111111107
0.7888888888888885
0.804444444444444
0.7933333333333324
0.7988888888888883
0.7866666666666664
0.7577777777777773
0.8277777777777774
0.7877777777777772
0.793333333333333
0.7666666666666663
0.7744444444444442
0.8044444444444437
0.7777777777777772
0.8322222222222215
0.8188888888888886
0.7922222222222214
0.7911111111111104
0.8099999999999997
0.8211111111111105
0.8488888888888881
0.777777777777777
0.7866666666666663
0.8155555555555546
0.8299999999999996
0.8233333333333328
0.8199999999999997
0.7799999999999995
0.8233333333333325
0.8099999999999996
0.7955555555555549
0.762222222222222
0.814444444444444
0.7666666666666663
0.7555555555555551
0.8155555555555547
0.7988888888888883
0.8055555555555551
