-0.5066666666666665
-0.5177777777777776
-0.5088888888888891
-0.5444444444444445
-0.5511111111111112
-0.538888888888889
-0.5288888888888887
-0.5499999999999997
-0.5222222222222223
-0.5633333333333331
-0.5111111111111111
-0.5422222222222222
-0.4777777777777778
-0.5222222222222225
-0.5833333333333333
-0.5366666666666666
-0.5555555555555556
-0.5555555555555555
-0.49111111111111116
-0.5255555555555557
-0.5044444444444443
-0.5077777777777778
-0.5522222222222224
-0.5233333333333333
-0.52
-0.5033333333333332
-0.517777777777778
-0.48888888888888915
-0.5244444444444445
-0.5233333333333333
-0.5122222222222221
-0.5144444444444445
-0.5644444444444445
-0.5199999999999998
-0.542222222222222
-0.5033333333333334
-0.5188888888888891
-0.5588888888888887
-0.5011111111111112
-0.5455555555555557
-0.5355555555555559
-0.5433333333333334
-0.552222222222222
-0.46777777777777774
-0.5544444444444445
-0.502222222222222
-0.5922222222222221
-0.546666666666667
-0.5122222222222221
-0.5277777777777777
-0.4655555555555557
-0.5222222222222225
-0.5299999999999999
-0.5666666666666668
-0.5333333333333332
-0.5355555555555555
-0.5755555555555556
-0.5222222222222224
-0.5122222222222225
-0.5355555555555555
-0.5100000000000001
-0.5844444444444444
-0.5311111111111111
-0.5522222222222222
-0.4933333333333333
-0.5277777777777777
-0.532222222222222
-0.5433333333333333
-0.5177777777777779
-0.5111111111111114
-0.5500000000000003
-0.5622222222222221
-0.5088888888888888
-0.5266666666666666
-0.5388888888888889
-0.5033333333333333
-0.5633333333333332
-0.49111111111111094
-0.5166666666666668
-0.5455555555555557
-0.5022222222222225
-0.5277777777777777
-0.5066666666666666
-0.53
-0.5155555555555558
-0.49999999999999994
-0.4977777777777779
-0.5522222222222223
-0.5166666666666663
-0.48333333333333334
-0.4888888888888887
-0.5111111111111111
-0.48222222222222244
-0.5311111111111109
-0.593333333333333
-0.5188888888888887
