-0.6188888888888886
-0.6599999999999998
-0.6044444444444442
-0.661111111111111
-0.6
-0.6255555555555554
-0.6444444444444447
-0.6622222222222223
-0.6677777777777777
-0.6544444444444443
-0.6399999999999999
-0.602222222222222
-0.6599999999999998
-0.6177777777777774
-0.6466666666666666
-0.6499999999999997
-0.652222222222222
-0.5911111111111109
-0.6511111111111112
-0.6288888888888887
-0.6055555555555551
-0.5966666666666666
-0.6299999999999997
-0.6766666666666664
-0.6233333333333333
-0.6433333333333329
-0.6422222222222218
-0.6911111111111107
-0.6655555555555552
-0.6577777777777776
-0.6599999999999997
-0.6733333333333331
-0.6522222222222221
-0.6688888888888889
-0.6399999999999999
-0.6288888888888886
-0.6344444444444445
-0.6277777777777778
-0.6499999999999999
-0.6355555555555554
-0.6355555555555555
-0.644444444444444
-0.6577777777777777
-0.6066666666666665
-0.621111111111111
-0.6477777777777775
-0.6499999999999999
-0.6566666666666666
-0.631111111111111
-0.6488888888888886
-0.6266666666666666
-0.6233333333333332
-0.6166666666666666
-0.6344444444444443
-0.6333333333333333
-0.6499999999999999
-0.673333333333333
-0.6133333333333332
-0.6177777777777775
-0.6422222222222222
-0.6544444444444446
-0.6711111111111108
-0.6166666666666663
-0.662222222222222
-0.6277777777777778
-0.6355555555555554
-0.643333333333333
-0.662222222222222
-0.66
-0.6122222222222222
-0.652222222222222
-0.6422222222222217
-0.6733333333333329
-0.6266666666666666
-0.6644444444444443
-0.6599999999999997
-0.6777777777777775
-0.6755555555555555
-0.6577777777777776
-0.6799999999999997
-0.6666666666666663
-0.5877777777777776
-0.6699999999999998
-0.662222222222222
-0.6211111111111108
-0.6766666666666665
-0.6377777777777776
-0.6399999999999999
-0.6588888888888885
-0.6344444444444441
-0.6666666666666664
-0.6422222222222221
-0.642222222222222
-0.6566666666666664
-0.6399999999999999
-0.5888888888888889
