-0.5788888888888889
-0.6088888888888889
-0.6088888888888884
-0.5822222222222222
-0.542222222222222
-0.6044444444444441
-0.6144444444444445
-0.6044444444444445
-0.6099999999999998
-0.591111111111111
-0.5622222222222224
-0.6166666666666667
-0.6088888888888888
-0.6166666666666666
-0.5877777777777776
-0.6133333333333332
-0.5900000000000004
-0.5377777777777777
-0.5988888888888888
-0.6166666666666667
-0.6155555555555556
-0.6066666666666665
-0.5922222222222223
-0.6155555555555557
-0.6055555555555552
-0.5944444444444442
-0.6077777777777775
-0.6044444444444445
-0.5966666666666667
-0.5655555555555554
-0.6255555555555553
-0.6033333333333332
-0.5955555555555555
-0.58
-0.6144444444444442
-0.5455555555555555
-0.5955555555555555
-0.6133333333333334
-0.6099999999999999
-0.603333333333333
-0.6000000000000001
-0.5855555555555556
-0.6133333333333335
-0.6477777777777775
-0.5722222222222222
-0.5977777777777779
-0.5844444444444444
-0.5988888888888887
-0.6244444444444445
-0.6444444444444443
-0.6377777777777776
-0.5977777777777775
-0.6188888888888888
-0.6166666666666663
-0.66
-0.6544444444444444
-0.5633333333333331
-0.6
-0.6144444444444443
-0.6299999999999999
-0.6033333333333333
-0.6188888888888888
-0.5977777777777777
-0.6222222222222223
-0.5988888888888888
-0.5844444444444443
-0.5611111111111111
-0.6044444444444443
-0.5677777777777774
-0.5655555555555555
-0.5733333333333333
-0.6355555555555553
-0.5933333333333332
-0.5966666666666668
-0.5844444444444445
-0.6044444444444443
-0.5477777777777777
-0.6133333333333332
-0.613333333333333
-0.5933333333333334
-0.5955555555555554
-0.5988888888888888
-0.5966666666666666
-0.6322222222222221
-0.6500000000000001
-0.5877777777777776
-0.5555555555555555
-0.5966666666666663
-0.5899999999999997
-0.5622222222222222
-0.6066666666666667
-0.6033333333333333
-0.631111111111111
-0.5899999999999999
-0.5744444444444444
-0.598888888888889
