-0.654444444444444
-0.5944444444444443
-0.6211111111111113
-0.6488888888888887
-0.6377777777777777
-0.5555555555555556
-0.6522222222222221
-0.6633333333333333
-0.6177777777777776
-0.6366666666666665
-0.6466666666666663
-0.621111111111111
-0.6233333333333332
-0.6455555555555554
-0.6599999999999996
-0.643333333333333
-0.6244444444444444
-0.6577777777777776
-0.5922222222222222
-0.6366666666666664
-0.64
-0.6555555555555554
-0.6266666666666664
-0.6266666666666666
-0.6222222222222221
-0.6333333333333332
-0.64
-0.6222222222222222
-0.6377777777777776
-0.6255555555555555
-0.6499999999999996
-0.6455555555555553
-0.671111111111111
-0.6355555555555555
-0.6077777777777778
-0.5955555555555555
-0.6488888888888887
-0.6222222222222221
-0.6288888888888889
-0.6466666666666666
-0.642222222222222
-0.6344444444444443
-0.6577777777777777
-0.6266666666666666
-0.6022222222222223
-0.6199999999999999
-0.6266666666666667
-0.6433333333333331
-0.6044444444444442
-0.6577777777777776
-0.6311111111111111
-0.6377777777777777
-0.6277777777777777
-0.6966666666666663
-0.5988888888888888
-0.6155555555555555
-0.6488888888888888
-0.6755555555555556
-0.6422222222222221
-0.6277777777777774
-0.6288888888888888
-0.6277777777777778
-0.6066666666666667
-0.6099999999999999
-0.6066666666666665
-0.601111111111111
-0.6555555555555554
-0.6811111111111109
-0.6211111111111112
-0.6588888888888887
-0.6577777777777775
-0.6444444444444443
-0.6200000000000001
-0.5977777777777775
-0.6433333333333333
-0.6666666666666664
-0.641111111111111
-0.6655555555555551
-0.6388888888888888
-0.6066666666666667
-0.6277777777777778
-0.6499999999999999
-0.608888888888889
-0.601111111111111
-0.6577777777777775
-0.591111111111111
-0.6644444444444442
-0.6
-0.6111111111111112
-0.6077777777777775
-0.6588888888888889
-0.6577777777777776
-0.6055555555555553
-0.6555555555555554
-0.664444444444444
-0.632222222222222
