-0.28333333333333316
-0.2477777777777778
-0.2944444444444443
-0.22333333333333333
-0.2566666666666665
-0.28222222222222215
-0.2899999999999999
-0.2933333333333332
-0.24888888888888885
-0.25666666666666654
-0.3033333333333334
-0.32111111111111107
-0.25333333333333335
-0.24222222222222212
-0.2977777777777776
-0.2388888888888888
-0.32111111111111107
-0.31777777777777755
-0.3099999999999998
-0.28555555555555545
-0.28777777777777774
-0.28777777777777763
-0.2833333333333332
-0.30777777777777765
-0.25555555555555537
-0.29444444444444445
-0.25666666666666665
-0.3166666666666666
-0.3266666666666667
-0.29444444444444445
-0.30111111111111116
-0.30555555555555564
-0.25888888888888884
-0.32666666666666666
-0.2977777777777777
-0.3377777777777776
-0.2677777777777778
-0.292222222222222
-0.3099999999999998
-0.2922222222222222
-0.2655555555555555
-0.26999999999999996
-0.3488888888888887
-0.32999999999999985
-0.27555555555555544
-0.3011111111111109
-0.26
-0.26999999999999985
-0.32222222222222213
-0.2611111111111111
-0.3233333333333332
-0.28444444444444444
-0.23777777777777767
-0.3311111111111111
-0.30111111111111094
-0.2744444444444444
-0.2999999999999999
-0.24444444444444421
-0.30777777777777776
-0.2955555555555554
-0.2555555555555555
-0.2722222222222222
-0.29777777777777736
-0.23888888888888885
-0.3422222222222221
-0.2655555555555555
-0.2533333333333334
-0.29888888888888887
-0.30999999999999994
-0.2599999999999999
-0.2455555555555555
-0.2711111111111109
-0.2877777777777777
-0.33333333333333337
-0.2922222222222221
-0.29111111111111093
-0.29444444444444434
-0.30888888888888866
-0.29666666666666663
-0.2633333333333332
-0.26111111111111107
-0.3099999999999999
-0.32
-0.3122222222222221
-0.27
-0.3111111111111111
-0.2722222222222221
-0.271111111111111
-0.26777777777777767
-0.3166666666666667
-0.2788888888888888
-0.2755555555555554
-0.3233333333333333
-0.3122222222222221
-0.29333333333333317
-0.26444444444444437
