0.37111111111111106
0.2333333333333333
0.3055555555555555
0.22555555555555556
0.37666666666666676
0.31111111111111106
0.25222222222222224
0.26999999999999996
0.3011111111111112
0.29444444444444445
0.21666666666666654
0.2933333333333332
0.2788888888888889
0.2977777777777778
0.25999999999999995
0.24333333333333343
0.281111111111111
0.3211111111111111
0.3066666666666666
0.2555555555555555
0.29444444444444434
0.2922222222222221
0.29444444444444445
0.33333333333333315
0.25999999999999995
0.24222222222222214
0.31999999999999995
0.2866666666666666
0.30333333333333345
0.30111111111111094
0.2966666666666665
0.26222222222222213
0.26888888888888873
0.311111111111111
0.2599999999999999
0.22111111111111095
0.3722222222222223
0.23555555555555557
0.24
0.27
0.21555555555555547
0.28333333333333327
0.3133333333333333
0.2766666666666666
0.2899999999999997
0.27999999999999997
0.31888888888888883
0.2544444444444444
0.31777777777777766
0.2866666666666666
0.27444444444444427
0.3355555555555555
0.2811111111111112
0.2644444444444444
0.26444444444444437
0.2877777777777777
0.2266666666666666
0.2788888888888889
0.30999999999999994
0.2533333333333333
0.27666666666666645
0.28888888888888886
0.30777777777777776
0.2911111111111111
0.22444444444444428
0.3022222222222221
0.2988888888888888
0.26555555555555554
0.2755555555555556
0.23333333333333323
0.2744444444444445
0.3044444444444443
0.3299999999999999
0.19444444444444436
0.31777777777777777
0.281111111111111
0.33666666666666656
0.30666666666666653
0.3066666666666666
0.24333333333333318
0.22888888888888875
0.3655555555555556
0.29555555555555557
0.32000000000000006
0.3022222222222222
0.2955555555555554
0.22666666666666666
0.26
0.2566666666666667
0.27333333333333326
0.3422222222222221
0.24111111111111108
0.3433333333333332
0.23555555555555555
0.252222222222222
0.29222222222222216
