0.7633333333333328
0.7966666666666663
0.7999999999999994
0.7744444444444442
0.753333333333333
0.7822222222222217
0.7499999999999996
0.786666666666666
0.7699999999999999
0.734444444444444
0.7766666666666664
0.7077777777777776
0.7844444444444437
0.7244444444444439
0.7911111111111103
0.7733333333333333
0.7733333333333328
0.7744444444444438
0.7966666666666662
0.7522222222222216
0.7377777777777774
0.7411111111111107
0.7933333333333331
0.7622222222222217
0.7899999999999996
0.7577777777777774
0.7622222222222217
0.7088888888888886
0.7477777777777778
0.7711111111111107
0.7977777777777773
0.7644444444444438
0.7811111111111105
0.7944444444444442
0.7366666666666667
0.7355555555555552
0.7866666666666658
0.7311111111111108
0.7555555555555551
0.7488888888888886
0.7844444444444441
0.768888888888888
0.7866666666666666
0.7499999999999996
0.71
0.7522222222222217
0.7488888888888886
0.7822222222222217
0.7466666666666661
0.7388888888888882
0.7577777777777774
0.7533333333333327
0.7155555555555551
0.753333333333333
0.7566666666666664
0.734444444444444
0.7477777777777774
0.771111111111111
0.7366666666666662
0.7211111111111108
0.7866666666666662
0.7511111111111107
0.7722222222222216
0.7699999999999995
0.7544444444444437
0.7744444444444438
0.733333333333333
0.7544444444444438
0.7633333333333332
0.7399999999999995
0.7533333333333332
0.7777777777777775
0.7777777777777772
0.7655555555555553
0.7788888888888883
0.7344444444444441
0.7288888888888888
0.766666666666666
0.7455555555555552
0.7199999999999994
0.7499999999999994
0.775555555555555
0.792222222222222
0.752222222222222
0.756666666666666
0.7733333333333329
0.752222222222222
0.8011111111111107
0.7733333333333328
0.7811111111111111
0.7466666666666663
0.7399999999999998
0.7566666666666662
0.7577777777777774
0.7955555555555547
0.7788888888888882
