0.9866666666666665
0.9833333333333332
0.9855555555555554
0.9788888888888887
0.9855555555555554
0.9855555555555553
0.9766666666666666
0.9788888888888886
0.9844444444444441
0.9833333333333332
0.9866666666666666
0.9833333333333332
0.9866666666666665
0.9755555555555554
0.971111111111111
0.9822222222222221
0.968888888888889
0.9877777777777775
0.9766666666666662
0.9755555555555554
0.9844444444444442
0.9788888888888887
0.982222222222222
0.9699999999999995
0.9844444444444445
0.9811111111111108
0.9722222222222221
0.9855555555555555
0.9811111111111108
0.9766666666666666
0.9866666666666662
0.9888888888888888
0.9855555555555554
0.9788888888888888
0.9844444444444442
0.9688888888888886
0.9833333333333332
0.9799999999999998
0.9688888888888887
0.9911111111111108
0.9788888888888886
0.99
0.9866666666666665
0.9866666666666667
0.9866666666666665
0.9855555555555554
0.9833333333333333
0.9744444444444443
0.9911111111111112
0.9899999999999999
0.9722222222222218
0.9922222222222221
0.9899999999999998
0.9777777777777779
0.9766666666666665
0.9888888888888888
0.9822222222222221
0.9799999999999998
0.9766666666666662
0.9833333333333332
0.9899999999999999
0.9777777777777777
0.9933333333333332
0.9888888888888886
0.9877777777777778
0.9788888888888887
0.9866666666666666
0.9833333333333333
0.9877777777777775
0.982222222222222
0.9699999999999999
0.9833333333333333
0.9933333333333333
0.982222222222222
0.9755555555555554
0.9744444444444443
0.9866666666666666
0.9866666666666665
0.9866666666666666
0.9777777777777777
0.9888888888888887
0.9855555555555555
0.9833333333333333
0.9799999999999998
0.9833333333333332
0.9933333333333332
0.9811111111111108
0.991111111111111
0.981111111111111
0.9766666666666665
0.9955555555555554
0.981111111111111
0.9855555555555555
0.9755555555555553
0.9866666666666665
0.9877777777777778
