-0.7444444444444441
-0.7633333333333329
-0.7688888888888886
-0.7633333333333332
-0.7822222222222216
-0.8077777777777773
-0.7766666666666657
-0.7811111111111104
-0.7755555555555547
-0.7444444444444439
-0.7899999999999993
-0.7666666666666663
-0.7533333333333327
-0.7799999999999997
-0.7822222222222217
-0.7333333333333327
-0.7522222222222215
-0.7522222222222217
-0.766666666666666
-0.7222222222222219
-0.7688888888888887
-0.7577777777777774
-0.7622222222222212
-0.7533333333333332
-0.7777777777777772
-0.7744444444444437
-0.7811111111111104
-0.746666666666666
-0.7611111111111107
-0.7844444444444434
-0.7899999999999997
-0.7766666666666664
-0.7666666666666658
-0.7511111111111106
-0.7877777777777771
-0.7744444444444438
-0.7922222222222216
-0.7588888888888883
-0.7699999999999997
-0.7977777777777773
-0.7788888888888887
-0.7777777777777771
-0.7622222222222217
-0.7477777777777775
-0.7533333333333329
-0.7799999999999995
-0.7599999999999996
-0.7899999999999997
-0.7755555555555551
-0.7555555555555553
-0.7433333333333326
-0.7533333333333324
-0.7355555555555552
-0.7799999999999992
-0.7388888888888886
-0.7688888888888886
-0.7366666666666666
-0.7644444444444437
-0.7577777777777776
-0.7311111111111107
-0.774444444444444
-0.7833333333333329
-0.7511111111111108
-0.7888888888888889
-0.7733333333333329
-0.7533333333333329
-0.7555555555555549
-0.7533333333333325
-0.7699999999999996
-0.7788888888888883
-0.7733333333333331
-0.7444444444444442
-0.7577777777777774
-0.7599999999999995
-0.7844444444444437
-0.7622222222222216
-0.7444444444444445
-0.783333333333333
-0.7977777777777768
-0.7944444444444442
-0.7922222222222217
-0.7844444444444443
-0.7444444444444442
-0.7566666666666663
-0.7766666666666657
-0.7699999999999996
-0.7711111111111107
-0.7722222222222217
-0.7788888888888883
-0.7544444444444438
-0.7566666666666662
-0.7499999999999997
-0.7488888888888884
-0.7711111111111105
-0.733333333333333
-0.7522222222222219
