-0.6466666666666663
-0.6533333333333333
-0.6566666666666667
-0.6677777777777776
-0.664444444444444
-0.6688888888888888
-0.6366666666666667
-0.678888888888889
-0.6433333333333334
-0.6644444444444443
-0.6811111111111106
-0.6811111111111107
-0.6388888888888887
-0.6366666666666664
-0.6566666666666667
-0.6377777777777777
-0.673333333333333
-0.651111111111111
-0.6477777777777776
-0.662222222222222
-0.6788888888888888
-0.6366666666666663
-0.6788888888888889
-0.6555555555555554
-0.6655555555555556
-0.6255555555555554
-0.641111111111111
-0.6688888888888889
-0.6344444444444441
-0.6555555555555553
-0.6177777777777778
-0.6622222222222223
-0.6255555555555555
-0.663333333333333
-0.6455555555555557
-0.6755555555555551
-0.6655555555555551
-0.6488888888888887
-0.6599999999999998
-0.6277777777777777
-0.6599999999999997
-0.6711111111111111
-0.642222222222222
-0.6455555555555553
-0.6355555555555554
-0.6711111111111108
-0.6300000000000001
-0.6699999999999998
-0.6366666666666665
-0.6633333333333331
-0.6255555555555552
-0.6722222222222223
-0.6466666666666666
-0.6211111111111108
-0.6599999999999997
-0.6277777777777778
-0.632222222222222
-0.6377777777777777
-0.6155555555555554
-0.6533333333333329
-0.6544444444444446
-0.672222222222222
-0.6577777777777775
-0.6888888888888887
-0.6588888888888887
-0.6622222222222223
-0.6377777777777778
-0.6455555555555551
-0.6777777777777776
-0.6555555555555556
-0.6633333333333333
-0.6588888888888887
-0.6466666666666664
-0.6588888888888889
-0.6177777777777775
-0.6444444444444444
-0.6988888888888886
-0.6144444444444442
-0.6577777777777777
-0.6555555555555553
-0.6411111111111109
-0.6455555555555554
-0.6755555555555555
-0.6855555555555555
-0.6555555555555556
-0.6311111111111112
-0.6622222222222223
-0.6888888888888886
-0.6044444444444445
-0.6222222222222222
-0.6888888888888886
-0.6222222222222221
-0.6355555555555553
-0.6766666666666663
-0.6177777777777775
-0.6933333333333329
