-0.7388888888888887
-0.7222222222222221
-0.6877777777777776
-0.723333333333333
-0.752222222222222
-0.721111111111111
-0.7444444444444441
-0.7055555555555552
-0.7155555555555553
-0.7399999999999995
-0.6966666666666663
-0.705555555555555
-0.7022222222222219
-0.7177777777777773
-0.6933333333333335
-0.7288888888888885
-0.7088888888888885
-0.7044444444444439
-0.7244444444444441
-0.7233333333333332
-0.722222222222222
-0.6711111111111108
-0.7166666666666663
-0.7266666666666661
-0.6833333333333332
-0.7411111111111108
-0.7133333333333333
-0.7144444444444441
-0.7222222222222221
-0.6955555555555553
-0.7288888888888888
-0.6955555555555551
-0.672222222222222
-0.7277777777777777
-0.7033333333333333
-0.7
-0.7133333333333328
-0.6955555555555555
-0.7222222222222218
-0.733333333333333
-0.7244444444444439
-0.6877777777777774
-0.703333333333333
-0.6888888888888891
-0.7244444444444441
-0.7388888888888883
-0.734444444444444
-0.702222222222222
-0.7266666666666662
-0.733333333333333
-0.722222222222222
-0.705555555555555
-0.7022222222222219
-0.6955555555555553
-0.6788888888888889
-0.714444444444444
-0.7044444444444443
-0.7188888888888887
-0.6933333333333329
-0.7477777777777769
-0.7188888888888881
-0.7099999999999999
-0.6999999999999996
-0.7166666666666666
-0.6833333333333332
-0.7288888888888885
-0.7211111111111108
-0.7366666666666662
-0.6955555555555555
-0.7066666666666664
-0.702222222222222
-0.7288888888888886
-0.7199999999999995
-0.7055555555555552
-0.7066666666666666
-0.7022222222222222
-0.6933333333333331
-0.7211111111111108
-0.6822222222222222
-0.722222222222222
-0.703333333333333
-0.7222222222222219
-0.7455555555555553
-0.7055555555555552
-0.7155555555555551
-0.691111111111111
-0.748888888888888
-0.7111111111111106
-0.6977777777777774
-0.6733333333333331
-0.7288888888888883
-0.7011111111111109
-0.6822222222222218
-0.7322222222222221
-0.7166666666666666
-0.6899999999999997
