-0.05666666666666667
-0.06333333333333332
-0.06111111111111111
-0.07111111111111108
-0.1322222222222222
-0.09888888888888889
-0.10888888888888883
-0.03555555555555553
-0.10555555555555557
-0.06333333333333335
-0.06777777777777778
-0.1033333333333333
-0.12333333333333332
-0.0733333333333333
-0.11555555555555559
-0.13666666666666663
-0.05111111111111111
-0.1122222222222222
-0.06555555555555553
-0.06111111111111109
-0.08000000000000006
-0.10999999999999999
-0.08111111111111109
-0.08222222222222221
-0.10888888888888884
-0.09555555555555559
-0.06222222222222222
0.01111111111111111
-0.11111111111111109
-0.0833333333333333
-0.06666666666666667
-0.08666666666666666
-0.10777777777777776
-0.11222222222222226
-0.014444444444444442
-0.1144444444444444
-0.1433333333333333
-0.10111111111111114
-0.04333333333333335
-0.05444444444444443
-0.06
-0.12333333333333331
-0.05666666666666667
-0.12555555555555556
-0.03222222222222222
-0.15111111111111114
-0.0822222222222222
-0.024444444444444463
-0.11666666666666663
-0.06666666666666667
-0.12555555555555556
-0.13222222222222219
-0.11777777777777773
0.003333333333333351
-0.10111111111111111
-0.12777777777777774
-0.09222222222222216
-0.15444444444444438
-0.07888888888888887
-0.057777777777777796
-0.11222222222222224
-0.12333333333333328
-0.1
-0.044444444444444446
-0.04888888888888888
-0.07888888888888888
-0.1133333333333333
-0.08
-0.045555555555555544
-0.05222222222222221
-0.14555555555555555
-0.04777777777777779
-0.11777777777777775
-0.12333333333333334
-0.07222222222222217
-0.048888888888888885
-0.10333333333333332
-0.01888888888888889
-0.1133333333333333
-0.08777777777777773
-0.10555555555555554
-0.1655555555555556
-0.061111111111111116
-0.07555555555555554
-0.1366666666666667
-0.15555555555555547
-0.1122222222222222
-0.10111111111111111
-0.058888888888888886
-0.12666666666666673
-0.12777777777777782
-0.07777777777777772
-0.1544444444444444
-0.06777777777777777
-0.09777777777777778
-0.044444444444444446
