-0.7688888888888883
-0.7911111111111111
-0.7633333333333328
-0.7555555555555551
-0.767777777777777
-0.7722222222222216
-0.7633333333333329
-0.7811111111111104
-0.7677777777777773
-0.7711111111111109
-0.7766666666666662
-0.7922222222222216
-0.757777777777777
-0.774444444444444
-0.7911111111111105
-0.7688888888888884
-0.7877777777777775
-0.7644444444444436
-0.7922222222222214
-0.7911111111111104
-0.8155555555555547
-0.785555555555555
-0.7866666666666658
-0.7888888888888885
-0.7533333333333329
-0.775555555555555
-0.733333333333333
-0.7833333333333328
-0.7688888888888884
-0.7999999999999993
-0.7966666666666662
-0.7699999999999992
-0.756666666666666
-0.774444444444444
-0.7788888888888883
-0.7977777777777771
-0.7777777777777771
-0.7733333333333329
-0.7688888888888883
-0.755555555555555
-0.774444444444444
-0.8311111111111105
-0.7566666666666662
-0.7477777777777775
-0.8111111111111103
-0.7866666666666663
-0.7744444444444438
-0.7566666666666664
-0.7711111111111107
-0.7844444444444437
-0.7688888888888884
-0.7711111111111109
-0.7822222222222218
-0.743333333333333
-0.7933333333333329
-0.8066666666666662
-0.7633333333333329
-0.7777777777777771
-0.7877777777777771
-0.7666666666666663
-0.8011111111111104
-0.7555555555555554
-0.7788888888888883
-0.7888888888888883
-0.796666666666666
-0.8088888888888881
-0.7577777777777774
-0.7833333333333328
-0.7688888888888882
-0.7611111111111103
-0.7866666666666663
-0.7911111111111105
-0.8155555555555547
-0.7877777777777775
-0.754444444444444
-0.7399999999999995
-0.7955555555555547
-0.7399999999999994
-0.7699999999999999
-0.8099999999999992
-0.796666666666666
-0.7777777777777775
-0.7922222222222216
-0.7544444444444438
-0.7799999999999992
-0.7488888888888884
-0.7833333333333329
-0.7488888888888884
-0.7866666666666662
-0.7844444444444442
-0.7911111111111105
-0.763333333333333
-0.7766666666666663
-0.7666666666666662
-0.7699999999999996
-0.7877777777777771
