0.7266666666666661
0.7411111111111107
0.6844444444444442
0.6588888888888887
0.6699999999999997
0.6711111111111109
0.6555555555555554
0.6488888888888887
0.651111111111111
0.6722222222222216
0.7444444444444437
0.6888888888888884
0.6688888888888888
0.6811111111111109
0.673333333333333
0.6444444444444444
0.6344444444444445
0.6744444444444444
0.6855555555555555
0.6733333333333333
0.6922222222222219
0.653333333333333
0.633333333333333
0.6899999999999996
0.7077777777777774
0.6866666666666661
0.6699999999999996
0.6644444444444442
0.6166666666666665
0.6777777777777776
0.6744444444444443
0.6444444444444443
0.662222222222222
0.6866666666666665
0.704444444444444
0.693333333333333
0.678888888888889
0.6633333333333331
0.6633333333333331
0.7066666666666663
0.6555555555555554
0.6999999999999997
0.6366666666666664
0.6744444444444444
0.6488888888888888
0.6299999999999994
0.6788888888888884
0.7222222222222214
0.6333333333333334
0.6888888888888883
0.6699999999999996
0.6222222222222222
0.6522222222222217
0.6733333333333331
0.7033333333333331
0.6711111111111108
0.6855555555555551
0.6833333333333331
0.6744444444444442
0.6622222222222218
0.692222222222222
0.6822222222222218
0.662222222222222
0.6911111111111107
0.6488888888888888
0.6655555555555549
0.653333333333333
0.6877777777777776
0.6811111111111109
0.6511111111111109
0.6644444444444443
0.6511111111111112
0.643333333333333
0.7
0.6733333333333333
0.7088888888888889
0.6599999999999998
0.6544444444444442
0.6833333333333329
0.693333333333333
0.692222222222222
0.7055555555555554
0.6199999999999999
0.6355555555555555
0.693333333333333
0.6788888888888885
0.6899999999999998
0.6322222222222222
0.6122222222222221
0.6366666666666666
0.6499999999999999
0.6944444444444442
0.6777777777777776
0.672222222222222
0.6877777777777777
0.6599999999999997
