-0.7422222222222217
-0.7333333333333328
-0.7322222222222219
-0.704444444444444
-0.7322222222222214
-0.7444444444444439
-0.7388888888888882
-0.7399999999999999
-0.7299999999999995
-0.7199999999999993
-0.7322222222222219
-0.725555555555555
-0.725555555555555
-0.7488888888888888
-0.711111111111111
-0.731111111111111
-0.746666666666666
-0.7299999999999994
-0.7688888888888886
-0.7433333333333328
-0.7322222222222221
-0.7344444444444442
-0.7088888888888886
-0.754444444444444
-0.7355555555555552
-0.7277777777777775
-0.7255555555555552
-0.7433333333333327
-0.7688888888888883
-0.7188888888888887
-0.7233333333333332
-0.7355555555555552
-0.7377777777777774
-0.7333333333333328
-0.7
-0.723333333333333
-0.7099999999999994
-0.748888888888888
-0.757777777777777
-0.7188888888888885
-0.7299999999999998
-0.7044444444444444
-0.7099999999999995
-0.7455555555555554
-0.724444444444444
-0.7366666666666659
-0.714444444444444
-0.71
-0.7533333333333327
-0.7344444444444439
-0.7177777777777773
-0.7066666666666663
-0.7399999999999998
-0.7166666666666667
-0.7133333333333332
-0.7244444444444443
-0.7899999999999993
-0.7455555555555552
-0.7177777777777776
-0.7411111111111108
-0.7377777777777773
-0.7411111111111106
-0.682222222222222
-0.7444444444444445
-0.7211111111111107
-0.7422222222222221
-0.7177777777777774
-0.7544444444444441
-0.6888888888888886
-0.7433333333333328
-0.7277777777777774
-0.7433333333333332
-0.7544444444444438
-0.7633333333333328
-0.7733333333333328
-0.731111111111111
-0.7522222222222217
-0.7344444444444439
-0.7277777777777772
-0.7155555555555553
-0.7233333333333327
-0.756666666666666
-0.7411111111111106
-0.7177777777777774
-0.7277777777777773
-0.7488888888888887
-0.7322222222222219
-0.7444444444444439
-0.7299999999999999
-0.7222222222222219
-0.7388888888888886
-0.7588888888888881
-0.7511111111111107
-0.7155555555555551
-0.7488888888888886
-0.7266666666666662
