-0.7822222222222222
-0.7755555555555547
-0.7822222222222217
-0.7688888888888883
-0.772222222222222
-0.7866666666666662
-0.7777777777777775
-0.7655555555555551
-0.7588888888888886
-0.804444444444444
-0.7833333333333329
-0.7577777777777776
-0.7688888888888887
-0.7622222222222217
-0.7533333333333327
-0.7833333333333328
-0.779999999999999
-0.8011111111111103
-0.7577777777777769
-0.7877777777777776
-0.7955555555555555
-0.7622222222222217
-0.7833333333333325
-0.7644444444444441
-0.746666666666666
-0.7844444444444434
-0.7599999999999997
-0.783333333333333
-0.7955555555555547
-0.7766666666666664
-0.785555555555555
-0.8155555555555547
-0.7877777777777775
-0.8088888888888881
-0.7499999999999997
-0.775555555555555
-0.752222222222222
-0.7844444444444437
-0.7966666666666664
-0.7811111111111105
-0.7899999999999995
-0.7899999999999997
-0.7777777777777772
-0.7611111111111106
-0.7933333333333326
-0.7688888888888888
-0.7622222222222219
-0.7833333333333329
-0.772222222222222
-0.7611111111111108
-0.7711111111111107
-0.8066666666666663
-0.7588888888888882
-0.8077777777777772
-0.7711111111111104
-0.7933333333333327
-0.7599999999999995
-0.8055555555555551
-0.775555555555555
-0.785555555555555
-0.7577777777777773
-0.7899999999999995
-0.773333333333333
-0.7844444444444437
-0.7366666666666662
-0.776666666666666
-0.7711111111111103
-0.7733333333333331
-0.775555555555555
-0.8088888888888883
-0.785555555555555
-0.7977777777777767
-0.7666666666666662
-0.8044444444444439
-0.7844444444444438
-0.7688888888888886
-0.783333333333333
-0.8033333333333326
-0.7699999999999997
-0.7666666666666662
-0.7988888888888884
-0.7988888888888883
-0.7599999999999995
-0.7677777777777773
-0.7855555555555549
-0.7644444444444437
-0.7811111111111103
-0.7611111111111106
-0.764444444444444
-0.7911111111111108
-0.7488888888888886
-0.7844444444444437
-0.7344444444444439
-0.736666666666666
-0.7722222222222216
-0.75
