-0.5900000000000001
-0.6555555555555553
-0.6399999999999997
-0.5866666666666667
-0.6522222222222223
-0.6455555555555553
-0.6577777777777779
-0.6211111111111108
-0.6366666666666667
-0.6222222222222221
-0.65
-0.5822222222222221
-0.6466666666666664
-0.6277777777777775
-0.6033333333333332
-0.6388888888888887
-0.6444444444444444
-0.6633333333333331
-0.6577777777777779
-0.6211111111111111
-0.6177777777777779
-0.6555555555555554
-0.587777777777778
-0.6177777777777775
-0.6533333333333331
-0.6555555555555551
-0.6311111111111106
-0.6533333333333334
-0.6333333333333331
-0.611111111111111
-0.6455555555555551
-0.6266666666666665
-0.641111111111111
-0.622222222222222
-0.6244444444444442
-0.6055555555555556
-0.5888888888888886
-0.6066666666666666
-0.6166666666666665
-0.6066666666666667
-0.6844444444444443
-0.6255555555555555
-0.6322222222222221
-0.6166666666666665
-0.6511111111111109
-0.6533333333333331
-0.6388888888888888
-0.6488888888888888
-0.6199999999999997
-0.6299999999999999
-0.6133333333333334
-0.5922222222222223
-0.6044444444444441
-0.6088888888888888
-0.622222222222222
-0.6599999999999998
-0.6088888888888888
-0.613333333333333
-0.6488888888888886
-0.6355555555555555
-0.6488888888888887
-0.6399999999999999
-0.618888888888889
-0.6533333333333333
-0.6188888888888885
-0.6244444444444447
-0.6433333333333331
-0.6488888888888887
-0.6399999999999997
-0.6122222222222223
-0.6166666666666667
-0.6299999999999997
-0.6677777777777776
-0.6522222222222223
-0.6099999999999998
-0.631111111111111
-0.6366666666666663
-0.6033333333333334
-0.6122222222222221
-0.6188888888888887
-0.6588888888888885
-0.6466666666666667
-0.5988888888888887
-0.6144444444444442
-0.6477777777777776
-0.6555555555555556
-0.623333333333333
-0.6499999999999996
-0.6211111111111111
-0.5855555555555556
-0.64
-0.6122222222222221
-0.6522222222222221
-0.6144444444444445
-0.6477777777777775
-0.653333333333333
