-0.591111111111111
-0.6077777777777775
-0.6333333333333329
-0.6199999999999999
-0.6366666666666665
-0.5633333333333334
-0.6188888888888886
-0.6044444444444443
-0.5933333333333336
-0.5844444444444442
-0.584444444444444
-0.5488888888888886
-0.5799999999999997
-0.6055555555555553
-0.6099999999999998
-0.6166666666666664
-0.5922222222222222
-0.6366666666666664
-0.6066666666666665
-0.5877777777777776
-0.6
-0.5811111111111109
-0.5888888888888888
-0.5755555555555553
-0.6066666666666666
-0.5877777777777776
-0.591111111111111
-0.5777777777777775
-0.5988888888888888
-0.6133333333333332
-0.5933333333333334
-0.6211111111111111
-0.5700000000000001
-0.5799999999999997
-0.6044444444444445
-0.5999999999999999
-0.5933333333333333
-0.6422222222222217
-0.558888888888889
-0.5244444444444446
-0.6011111111111112
-0.5788888888888889
-0.618888888888889
-0.5788888888888889
-0.6255555555555552
-0.5422222222222222
-0.5966666666666667
-0.6033333333333334
-0.5811111111111109
-0.5800000000000002
-0.6133333333333336
-0.6222222222222222
-0.5644444444444443
-0.6033333333333332
-0.6044444444444445
-0.5922222222222221
-0.6155555555555555
-0.5844444444444443
-0.5722222222222223
-0.6244444444444446
-0.6044444444444442
-0.5966666666666667
-0.5777777777777781
-0.6077777777777778
-0.5666666666666664
-0.5555555555555557
-0.5766666666666664
-0.6066666666666668
-0.5866666666666664
-0.57
-0.5944444444444444
-0.5944444444444446
-0.5422222222222222
-0.55
-0.6
-0.5844444444444447
-0.5844444444444441
-0.5899999999999997
-0.5922222222222222
-0.6155555555555554
-0.5588888888888888
-0.6122222222222221
-0.6255555555555552
-0.6011111111111112
-0.5822222222222222
-0.591111111111111
-0.5955555555555554
-0.5577777777777779
-0.5488888888888888
-0.5455555555555555
-0.6211111111111111
-0.5633333333333331
-0.6277777777777778
-0.6077777777777778
-0.6233333333333332
-0.608888888888889
