2.220446049250313e-18
0.03666666666666666
0.0011111111111111083
0.0033333333333333283
-0.04111111111111112
0.05222222222222221
0.07444444444444448
0.031111111111111124
0.07888888888888887
-0.011111111111111106
-0.009999999999999983
-0.021111111111111112
-0.027777777777777787
0.06444444444444444
-0.03000000000000001
-0.025555555555555554
-0.09555555555555552
-0.0288888888888889
-0.07444444444444444
-0.009999999999999988
-0.0066666666666666645
-0.01444444444444444
-0.01777777777777778
0.007777777777777777
-0.003333333333333335
0.012222222222222221
0.019999999999999997
0.011111111111111106
-0.09888888888888886
0.012222222222222232
0.023333333333333334
-0.007777777777777776
-0.018888888888888882
0.02888888888888888
0.026666666666666675
0.06444444444444443
-0.011111111111111117
-0.00777777777777777
-0.01777777777777777
-0.05222222222222223
-0.010000000000000004
0.07999999999999999
-0.01555555555555558
-0.005555555555555559
-0.016666666666666666
-0.045555555555555564
-0.026666666666666658
-0.03333333333333334
0.0011111111111111094
-0.036666666666666695
0.039999999999999994
0.03
0.06444444444444443
-0.07
0.006666666666666647
0.03555555555555554
-0.030000000000000016
0.051111111111111045
0.047777777777777766
0.034444444444444444
0.04
-0.002222222222222219
-0.005555555555555564
0.05555555555555551
-0.02333333333333333
0.012222222222222223
-0.03777777777777779
-0.002222222222222223
-0.01444444444444444
0.025555555555555543
0.00222222222222222
0.009999999999999993
-0.017777777777777785
-0.00555555555555556
0.07111111111111108
0.04222222222222222
0.038888888888888876
0.0044444444444444306
0.027777777777777776
0.005555555555555558
-0.0066666666666666645
-0.007777777777777775
0.035555555555555556
0.02666666666666666
-0.021111111111111112
0.02111111111111111
0.039999999999999994
-0.1011111111111111
0.025555555555555564
0.00444444444444445
0.03444444444444444
0.04777777777777778
0.015555555555555555
0.07888888888888887
0.05555555555555556
0.01222222222222222
