-0.682222222222222
-0.6644444444444443
-0.6333333333333334
-0.6644444444444438
-0.6699999999999998
-0.6633333333333334
-0.6522222222222218
-0.6555555555555554
-0.6422222222222221
-0.6444444444444443
-0.6488888888888886
-0.634444444444444
-0.7066666666666663
-0.6622222222222222
-0.6811111111111109
-0.6555555555555554
-0.6066666666666664
-0.6344444444444444
-0.662222222222222
-0.6877777777777773
-0.662222222222222
-0.6477777777777775
-0.64
-0.6544444444444444
-0.6366666666666663
-0.6566666666666664
-0.666666666666666
-0.6277777777777778
-0.6666666666666664
-0.691111111111111
-0.6755555555555555
-0.6644444444444442
-0.6655555555555552
-0.6677777777777776
-0.6611111111111109
-0.6755555555555549
-0.6566666666666666
-0.6666666666666665
-0.6233333333333333
-0.6533333333333333
-0.6233333333333335
-0.6588888888888885
-0.6333333333333331
-0.6755555555555555
-0.6488888888888888
-0.6288888888888887
-0.6911111111111109
-0.682222222222222
-0.6722222222222218
-0.6633333333333331
-0.6744444444444444
-0.6488888888888887
-0.6711111111111109
-0.6799999999999996
-0.6722222222222222
-0.6533333333333333
-0.65
-0.6499999999999999
-0.6500000000000001
-0.6455555555555554
-0.6777777777777775
-0.6522222222222221
-0.6299999999999999
-0.6633333333333331
-0.6566666666666666
-0.6344444444444444
-0.6133333333333334
-0.6799999999999996
-0.6744444444444444
-0.6711111111111108
-0.6877777777777777
-0.6677777777777778
-0.6455555555555551
-0.6444444444444442
-0.6477777777777777
-0.6444444444444444
-0.6644444444444444
-0.6522222222222223
-0.6455555555555553
-0.6122222222222221
-0.6799999999999997
-0.6744444444444443
-0.6799999999999997
-0.6177777777777776
-0.6511111111111109
-0.6666666666666663
-0.6399999999999998
-0.64
-0.6744444444444443
-0.6399999999999998
-0.63
-0.6366666666666667
-0.6766666666666663
-0.6288888888888888
-0.6688888888888885
-0.6566666666666666
