-0.746666666666666
-0.7811111111111104
-0.7799999999999992
-0.7677777777777774
-0.7511111111111106
-0.7533333333333325
-0.7533333333333327
-0.777777777777777
-0.7277777777777774
-0.7555555555555551
-0.7488888888888887
-0.7422222222222217
-0.7522222222222216
-0.7433333333333328
-0.7844444444444441
-0.7455555555555552
-0.7588888888888886
-0.7711111111111109
-0.765555555555555
-0.7455555555555552
-0.7355555555555554
-0.7577777777777774
-0.7766666666666662
-0.7377777777777775
-0.7355555555555549
-0.7611111111111106
-0.7588888888888881
-0.7166666666666661
-0.7655555555555551
-0.7711111111111105
-0.7733333333333324
-0.7577777777777771
-0.768888888888888
-0.7322222222222216
-0.7677777777777771
-0.7655555555555551
-0.7588888888888884
-0.7799999999999992
-0.7633333333333325
-0.7266666666666662
-0.7488888888888886
-0.7066666666666663
-0.7511111111111102
-0.754444444444444
-0.7622222222222221
-0.773333333333333
-0.7333333333333327
-0.7622222222222217
-0.7733333333333329
-0.7577777777777773
-0.7433333333333328
-0.7599999999999996
-0.745555555555555
-0.7877777777777772
-0.7033333333333333
-0.7777777777777772
-0.755555555555555
-0.7399999999999994
-0.7744444444444438
-0.786666666666666
-0.7544444444444443
-0.7755555555555553
-0.7577777777777771
-0.7555555555555549
-0.7833333333333331
-0.6977777777777777
-0.7811111111111103
-0.7677777777777773
-0.713333333333333
-0.7188888888888889
-0.7677777777777771
-0.7177777777777777
-0.7711111111111107
-0.7777777777777771
-0.7522222222222219
-0.7699999999999995
-0.7499999999999994
-0.7166666666666665
-0.7611111111111103
-0.7666666666666664
-0.7655555555555553
-0.7766666666666663
-0.7511111111111108
-0.7466666666666661
-0.7377777777777772
-0.7288888888888883
-0.7777777777777775
-0.7477777777777771
-0.7877777777777776
-0.7422222222222217
-0.7622222222222217
-0.7466666666666663
-0.7511111111111108
-0.7711111111111105
-0.7266666666666667
-0.7733333333333325
