0.0	44.06	45.98	46.513333333333335	47.08	47.22666666666667	47.16	47.1	46.986666666666665	47.00666666666667	47.0	47.25333333333333	47.31333333333333	47.21333333333333	47.266666666666666	47.233333333333334	47.28	47.16	47.03333333333333	47.126666666666665	47.473333333333336	47.24	47.346666666666664	47.07333333333333	46.95333333333333	47.13333333333333	47.27333333333333	47.20666666666666	47.28	47.693333333333335	47.18666666666667	46.84	47.14	46.29333333333334	45.81333333333333	43.833333333333336	0.0
0.0	43.86	45.84	46.32	46.846666666666664	47.013333333333335	46.98	47.26	47.36	47.16	47.56	47.586666666666666	47.653333333333336	47.34	47.193333333333335	47.20666666666666	47.6	47.593333333333334	47.34	47.35333333333333	47.36	47.093333333333334	47.1	47.21333333333333	47.446666666666665	47.11333333333334	47.626666666666665	47.38666666666666	47.24666666666667	46.973333333333336	47.08	46.82666666666667	47.026666666666664	46.586666666666666	46.053333333333335	44.053333333333335	0.0
0.0	44.17333333333333	45.85333333333333	46.78666666666667	47.22	47.45333333333333	47.27333333333333	47.12	47.42666666666667	47.07333333333333	47.36666666666667	47.38666666666666	47.666666666666664	47.36666666666667	47.193333333333335	46.973333333333336	47.12	47.10666666666667	46.98	47.346666666666664	47.166666666666664	47.49333333333333	47.27333333333333	47.34	47.63333333333333	47.50666666666667	47.22666666666667	47.72	47.52	47.06666666666667	47.013333333333335	47.18	46.81333333333333	46.306666666666665	46.14	43.99333333333333	0.0
0.0	43.96666666666667	45.586666666666666	46.62	46.78	47.27333333333333	46.913333333333334	47.03333333333333	46.82666666666667	46.86	46.96666666666667	47.026666666666664	46.9	47.14666666666667	46.96	47.093333333333334	47.1	46.806666666666665	46.973333333333336	47.04666666666667	46.98	47.193333333333335	47.2	47.1	46.88	46.99333333333333	47.00666666666667	47.24	47.17333333333333	47.04666666666667	46.68	47.026666666666664	46.693333333333335	46.60666666666667	45.82	43.9	0.0
0.0	43.906666666666666	45.71333333333333	46.08	46.20666666666666	46.82	46.913333333333334	47.026666666666664	46.94	47.086666666666666	47.25333333333333	47.20666666666666	47.07333333333333	47.086666666666666	46.906666666666666	47.093333333333334	46.92	47.32	47.29333333333334	47.31333333333333	47.14666666666667	47.13333333333333	47.053333333333335	47.02	46.8	46.79333333333334	46.833333333333336	47.04	47.153333333333336	47.053333333333335	47.093333333333334	46.85333333333333	46.63333333333333	46.54666666666667	45.81333333333333	43.81333333333333	0.0
0.0	43.96	45.66	46.653333333333336	46.70666666666666	46.733333333333334	46.89333333333333	46.75333333333333	46.99333333333333	47.29333333333334	47.193333333333335	47.02	47.166666666666664	47.093333333333334	47.093333333333334	46.86666666666667	46.906666666666666	47.28	47.153333333333336	47.093333333333334	46.89333333333333	47.2	47.10666666666667	46.74	47.026666666666664	47.11333333333334	47.126666666666665	47.086666666666666	47.58	47.166666666666664	47.10666666666667	46.89333333333333	46.72	46.17333333333333	45.833333333333336	44.1	0.0
0.0	43.906666666666666	45.39333333333333	46.32666666666667	46.63333333333333	46.6	46.99333333333333	47.306666666666665	47.22	47.24	47.093333333333334	46.98	47.13333333333333	46.913333333333334	46.67333333333333	47.32	46.94	47.053333333333335	47.04	47.086666666666666	47.093333333333334	46.82	47.42666666666667	47.026666666666664	47.193333333333335	47.14666666666667	47.306666666666665	47.26	46.99333333333333	47.0	46.75333333333333	47.0	46.78666666666667	46.20666666666666	45.766666666666666	44.093333333333334	0.0
0.0	44.166666666666664	45.96666666666667	46.946666666666665	46.93333333333333	47.45333333333333	47.473333333333336	47.513333333333335	47.28	47.54	47.3	47.25333333333333	47.44	47.153333333333336	47.46666666666667	47.126666666666665	47.43333333333333	47.52	47.413333333333334	47.43333333333333	47.32666666666667	47.20666666666666	47.593333333333334	47.32666666666667	47.36	47.306666666666665	47.42666666666667	47.233333333333334	47.31333333333333	47.38666666666666	47.11333333333334	47.34	46.78666666666667	46.806666666666665	45.913333333333334	44.346666666666664	0.0
0.0	44.07333333333333	45.67333333333333	46.446666666666665	47.10666666666667	47.17333333333333	47.54	47.68666666666667	47.46666666666667	47.62	47.22	47.48	47.77333333333333	47.653333333333336	47.34	47.08	47.74	47.53333333333333	47.46	47.666666666666664	47.593333333333334	47.54	47.46666666666667	47.46666666666667	47.42	47.06666666666667	47.32666666666667	47.306666666666665	47.413333333333334	47.266666666666666	47.28	47.166666666666664	47.00666666666667	46.806666666666665	46.20666666666666	44.346666666666664	0.0
0.0	43.89333333333333	45.82666666666667	46.846666666666664	46.92666666666667	47.28	47.053333333333335	47.28666666666667	47.60666666666667	47.57333333333333	47.68	47.49333333333333	47.526666666666664	47.64666666666667	47.513333333333335	47.7	47.54666666666667	47.68666666666667	47.766666666666666	47.486666666666665	47.553333333333335	47.42	47.79333333333334	47.38666666666666	47.66	47.5	47.58	47.586666666666666	47.46	47.14666666666667	47.60666666666667	46.95333333333333	46.873333333333335	46.88	46.16	44.086666666666666	0.0
0.0	43.92666666666667	45.7	46.74	46.913333333333334	47.14	46.95333333333333	47.29333333333334	47.56	47.58	47.28	47.14666666666667	47.46666666666667	47.4	47.24	47.26	47.13333333333333	47.35333333333333	47.093333333333334	47.29333333333334	47.233333333333334	47.16	47.39333333333333	47.17333333333333	47.553333333333335	47.486666666666665	47.42	47.44	47.18	47.053333333333335	47.12	47.08	46.906666666666666	46.5	46.086666666666666	44.10666666666667	0.0
0.0	44.3	46.07333333333333	46.766666666666666	47.093333333333334	47.45333333333333	47.53333333333333	47.406666666666666	47.46	47.20666666666666	47.77333333333333	47.333333333333336	47.58	47.78666666666667	47.60666666666667	47.84	47.70666666666666	47.513333333333335	47.38666666666666	47.60666666666667	47.666666666666664	47.7	47.45333333333333	47.48	47.766666666666666	47.54	47.67333333333333	47.42666666666667	47.653333333333336	47.57333333333333	47.50666666666667	47.39333333333333	47.28	46.833333333333336	46.2	43.85333333333333	0.0
0.0	44.08	46.11333333333334	46.75333333333333	47.07333333333333	47.35333333333333	47.4	47.44	47.413333333333334	47.42	47.43333333333333	47.333333333333336	47.446666666666665	47.373333333333335	47.693333333333335	47.71333333333333	47.54	47.486666666666665	47.35333333333333	47.18666666666667	47.626666666666665	47.666666666666664	47.31333333333333	47.13333333333333	47.333333333333336	47.42	47.346666666666664	47.35333333333333	47.38666666666666	47.32	47.36666666666667	47.36666666666667	47.20666666666666	46.68666666666667	46.06666666666667	43.9	0.0
0.0	44.026666666666664	45.89333333333333	46.513333333333335	46.92	47.16	47.346666666666664	47.026666666666664	46.94	47.20666666666666	47.28666666666667	47.36	47.153333333333336	46.96	47.46	47.16	47.25333333333333	47.26	47.45333333333333	47.39333333333333	47.60666666666667	47.28	47.45333333333333	47.4	47.49333333333333	47.42	46.99333333333333	47.10666666666667	47.24	47.31333333333333	47.04666666666667	46.92	46.99333333333333	46.66	45.906666666666666	43.9	0.0
0.0	43.74666666666667	45.9	46.34	46.49333333333333	46.95333333333333	46.84	46.76	46.46666666666667	46.986666666666665	46.72	46.9	46.693333333333335	46.6	46.92	46.906666666666666	46.74666666666667	46.846666666666664	46.9	47.093333333333334	46.8	46.586666666666666	46.78	46.79333333333334	46.986666666666665	46.82	46.96	46.64	46.94	46.92	46.82666666666667	46.84	46.88	46.526666666666664	45.54	43.99333333333333	0.0
0.0	44.13333333333333	46.00666666666667	46.45333333333333	46.733333333333334	47.013333333333335	46.653333333333336	47.02	46.99333333333333	47.306666666666665	47.053333333333335	46.95333333333333	47.126666666666665	46.88666666666666	47.1	47.11333333333334	47.053333333333335	47.126666666666665	47.00666666666667	46.84	46.986666666666665	47.21333333333333	47.31333333333333	47.02	47.28666666666667	47.2	47.06	47.026666666666664	47.193333333333335	46.986666666666665	46.99333333333333	46.946666666666665	46.88666666666666	46.45333333333333	45.84	44.03333333333333	0.0
0.0	44.28666666666667	46.153333333333336	46.56666666666667	47.22666666666667	47.31333333333333	47.26	46.973333333333336	47.16	47.38	47.39333333333333	47.3	47.14666666666667	47.053333333333335	46.77333333333333	47.32	47.88	47.306666666666665	47.56	47.266666666666666	47.39333333333333	47.126666666666665	46.98	47.26	47.16	46.89333333333333	47.3	47.12	47.233333333333334	47.21333333333333	46.68666666666667	46.973333333333336	46.99333333333333	47.08	45.96666666666667	44.0	0.0
0.0	44.00666666666667	45.82666666666667	46.56666666666667	46.57333333333333	46.64	46.98	46.74	47.50666666666667	47.36	46.92666666666667	47.22666666666667	47.28666666666667	47.57333333333333	47.38666666666666	47.306666666666665	47.54	47.31333333333333	47.473333333333336	47.373333333333335	47.26	47.12	47.54	47.18	47.64	47.193333333333335	46.92666666666667	47.36666666666667	47.10666666666667	47.17333333333333	46.846666666666664	47.13333333333333	47.07333333333333	46.46	46.03333333333333	44.126666666666665	0.0
0.0	44.04666666666667	46.14	46.39333333333333	46.86666666666667	47.12	47.13333333333333	47.486666666666665	47.53333333333333	47.64666666666667	47.54666666666667	47.526666666666664	47.53333333333333	47.473333333333336	47.406666666666666	47.61333333333334	47.39333333333333	47.42666666666667	47.49333333333333	47.68666666666667	47.31333333333333	47.406666666666666	47.60666666666667	47.446666666666665	47.32666666666667	47.16	47.17333333333333	47.54666666666667	47.1	47.27333333333333	47.346666666666664	47.11333333333334	46.986666666666665	46.77333333333333	46.08	44.086666666666666	0.0
0.0	43.81333333333333	45.973333333333336	46.56666666666667	46.96666666666667	46.9	46.873333333333335	47.24666666666667	47.086666666666666	46.913333333333334	47.22	47.13333333333333	47.42666666666667	47.166666666666664	47.266666666666666	47.20666666666666	47.27333333333333	47.2	47.13333333333333	47.406666666666666	47.193333333333335	46.79333333333334	47.02	47.0	46.986666666666665	47.08	47.00666666666667	47.44	47.153333333333336	47.11333333333334	47.04666666666667	47.026666666666664	46.74666666666667	46.373333333333335	45.60666666666667	44.28666666666667	0.0
0.0	44.28666666666667	46.20666666666666	46.42	46.82666666666667	47.193333333333335	47.32666666666667	47.306666666666665	47.346666666666664	47.74666666666667	47.593333333333334	47.44	47.35333333333333	47.38	47.00666666666667	47.52	47.32	47.053333333333335	47.60666666666667	47.60666666666667	47.52	47.166666666666664	47.373333333333335	47.413333333333334	47.626666666666665	47.67333333333333	47.29333333333334	47.593333333333334	47.473333333333336	47.333333333333336	47.11333333333334	47.10666666666667	47.25333333333333	46.94	46.27333333333333	44.04666666666667	0.0
0.0	44.32	46.513333333333335	46.74	47.06666666666667	47.64	47.84	47.61333333333334	47.70666666666666	47.266666666666666	47.446666666666665	47.43333333333333	47.486666666666665	47.9	47.82	47.75333333333333	47.8	47.57333333333333	47.54666666666667	47.56	47.56	47.906666666666666	47.8	47.86666666666667	47.513333333333335	47.64	47.78	47.78	47.35333333333333	47.44	47.34	47.14666666666667	47.473333333333336	46.86	46.36666666666667	44.333333333333336	0.0
0.0	44.026666666666664	45.94	46.68	47.06666666666667	47.233333333333334	47.14	47.333333333333336	47.44	47.28666666666667	47.266666666666666	47.29333333333334	47.586666666666666	47.58	47.3	47.02	47.38666666666666	46.973333333333336	47.5	47.32666666666667	47.2	47.04	46.95333333333333	47.04	47.0	47.406666666666666	47.1	47.12	47.34	47.18666666666667	47.14666666666667	46.92	46.39333333333333	46.38	46.16	43.95333333333333	0.0
0.0	44.266666666666666	46.013333333333335	46.72666666666667	47.026666666666664	47.266666666666666	47.34	47.21333333333333	47.18666666666667	47.25333333333333	47.56	47.526666666666664	47.666666666666664	47.27333333333333	47.413333333333334	47.22666666666667	47.31333333333333	47.31333333333333	47.60666666666667	47.31333333333333	47.46666666666667	47.13333333333333	47.36	47.56666666666667	47.553333333333335	47.18666666666667	47.38666666666666	47.22	47.34	47.64	47.29333333333334	46.986666666666665	46.85333333333333	46.6	45.70666666666666	44.0	0.0
0.0	44.14	46.0	46.60666666666667	47.07333333333333	47.02	47.04666666666667	47.45333333333333	47.28666666666667	46.99333333333333	47.25333333333333	47.22666666666667	47.38	47.21333333333333	46.95333333333333	47.0	47.153333333333336	47.61333333333334	47.52	47.32	47.32	47.266666666666666	47.17333333333333	47.02	47.266666666666666	47.08	47.53333333333333	47.29333333333334	47.36666666666667	47.28666666666667	47.0	46.973333333333336	46.99333333333333	46.62	45.88	44.24	0.0
0.0	43.88666666666666	45.71333333333333	46.766666666666666	47.06666666666667	46.9	47.12	47.126666666666665	47.086666666666666	47.28666666666667	47.34	47.14666666666667	47.02	47.14666666666667	47.32	47.1	47.16	47.14	47.306666666666665	47.28	47.07333333333333	47.29333333333334	47.03333333333333	47.553333333333335	47.13333333333333	47.17333333333333	47.053333333333335	47.44	47.61333333333334	47.373333333333335	47.28666666666667	47.03333333333333	46.57333333333333	46.56	45.833333333333336	43.96666666666667	0.0
0.0	43.906666666666666	45.9	46.54666666666667	47.2	47.27333333333333	47.28	47.32666666666667	47.6	47.6	47.626666666666665	47.513333333333335	47.42666666666667	47.36666666666667	47.2	47.64666666666667	47.473333333333336	47.6	47.553333333333335	47.31333333333333	47.6	47.626666666666665	47.22666666666667	47.586666666666666	47.6	47.46666666666667	47.46666666666667	47.553333333333335	47.45333333333333	47.3	47.026666666666664	47.04666666666667	46.72	46.6	45.92	44.11333333333334	0.0
0.0	44.06666666666667	45.92666666666667	46.36	46.75333333333333	47.026666666666664	47.31333333333333	47.02	47.26	47.0	47.28	47.54	47.306666666666665	47.29333333333334	47.46	47.17333333333333	46.96	47.46	47.04666666666667	47.14	47.32	47.50666666666667	47.2	47.29333333333334	47.14	47.093333333333334	46.86666666666667	47.28666666666667	47.4	47.2	47.24	47.0	46.86666666666667	46.52	46.026666666666664	43.96	0.0
0.0	44.14666666666667	45.95333333333333	46.766666666666666	46.906666666666666	47.3	47.21333333333333	47.3	47.26	47.06	47.11333333333334	47.34	47.46666666666667	47.54666666666667	47.3	47.413333333333334	47.61333333333334	47.22666666666667	47.35333333333333	47.34	47.6	47.06666666666667	47.346666666666664	47.04	47.42666666666667	47.72	47.50666666666667	47.18666666666667	47.1	47.513333333333335	47.373333333333335	47.16	46.833333333333336	46.62	46.053333333333335	44.013333333333335	0.0
0.0	43.71333333333333	45.74	46.013333333333335	46.38	46.88666666666666	46.96666666666667	46.81333333333333	46.88666666666666	47.18	46.77333333333333	46.733333333333334	47.14	47.22	46.72666666666667	46.71333333333333	46.82666666666667	46.833333333333336	46.92666666666667	46.68666666666667	46.92	47.22666666666667	47.086666666666666	47.013333333333335	46.986666666666665	46.833333333333336	46.733333333333334	46.94	46.82666666666667	47.0	46.99333333333333	46.60666666666667	46.78666666666667	46.586666666666666	45.413333333333334	43.98	0.0
0.0	44.24666666666667	46.00666666666667	46.75333333333333	47.04666666666667	47.08	47.20666666666666	47.1	47.4	47.513333333333335	47.44	47.71333333333333	47.74666666666667	47.56	47.27333333333333	47.22666666666667	47.36	47.39333333333333	47.42	47.58	47.74	47.46	47.42666666666667	47.32	47.346666666666664	47.16	47.13333333333333	47.29333333333334	47.306666666666665	47.473333333333336	47.12	47.11333333333334	47.07333333333333	46.85333333333333	46.02	44.166666666666664	0.0
0.0	44.32	46.11333333333334	46.74	46.986666666666665	47.04	46.99333333333333	46.94	47.32	47.306666666666665	47.27333333333333	47.806666666666665	47.43333333333333	47.62	47.24666666666667	46.81333333333333	47.16	47.39333333333333	47.22	47.07333333333333	47.20666666666666	47.42666666666667	47.64666666666667	47.266666666666666	47.46	47.54666666666667	47.54	47.413333333333334	47.38666666666666	47.10666666666667	47.11333333333334	46.77333333333333	46.76	46.56666666666667	45.82666666666667	44.31333333333333	0.0
0.0	43.89333333333333	45.77333333333333	46.13333333333333	46.62	47.02	46.833333333333336	46.68	46.99333333333333	47.14666666666667	46.92666666666667	46.913333333333334	46.653333333333336	47.24	46.666666666666664	46.96666666666667	46.766666666666666	47.053333333333335	46.92666666666667	46.99333333333333	46.8	47.093333333333334	46.86	46.88	46.67333333333333	47.04	47.013333333333335	46.846666666666664	46.833333333333336	46.626666666666665	46.766666666666666	46.85333333333333	46.553333333333335	46.306666666666665	45.44	43.54	0.0
0.0	44.266666666666666	46.06666666666667	46.89333333333333	46.906666666666666	47.52	47.16	47.60666666666667	48.03333333333333	47.653333333333336	47.89333333333333	47.72666666666667	47.526666666666664	47.81333333333333	47.526666666666664	47.34	47.58	47.626666666666665	47.32666666666667	47.63333333333333	47.54	47.653333333333336	47.68	47.79333333333334	47.553333333333335	47.53333333333333	47.54666666666667	47.43333333333333	47.486666666666665	47.486666666666665	47.48	47.093333333333334	47.03333333333333	46.8	46.13333333333333	44.1	0.0
0.0	44.35333333333333	46.31333333333333	46.666666666666664	47.1	47.43333333333333	47.44	47.20666666666666	47.35333333333333	47.78	47.38666666666666	47.92666666666667	47.46666666666667	47.5	47.94	47.553333333333335	47.96666666666667	47.64666666666667	47.74	47.72	47.32	47.48	47.373333333333335	47.626666666666665	47.50666666666667	47.5	47.626666666666665	47.67333333333333	47.44	47.38666666666666	47.36	47.50666666666667	47.446666666666665	46.78666666666667	46.25333333333333	44.266666666666666	0.0
0.0	43.92666666666667	45.38666666666666	46.38	46.68	47.153333333333336	47.02	47.21333333333333	46.82	47.14	46.85333333333333	46.95333333333333	47.17333333333333	46.89333333333333	47.06	47.026666666666664	47.266666666666666	46.93333333333333	47.00666666666667	47.02	47.24	47.04666666666667	47.10666666666667	47.346666666666664	47.093333333333334	46.9	47.22666666666667	47.16	46.9	46.9	46.666666666666664	46.64666666666667	46.913333333333334	46.626666666666665	45.99333333333333	44.013333333333335	0.0
0.0	44.193333333333335	46.12	46.70666666666666	47.053333333333335	47.04	47.29333333333334	47.39333333333333	47.413333333333334	47.64666666666667	47.76	47.56666666666667	47.166666666666664	47.233333333333334	47.39333333333333	47.406666666666666	47.71333333333333	47.35333333333333	47.333333333333336	47.36666666666667	47.373333333333335	47.36	47.306666666666665	47.66	47.406666666666666	47.406666666666666	47.46	47.56	47.36	47.31333333333333	47.39333333333333	47.346666666666664	47.126666666666665	46.88666666666666	46.26	44.413333333333334	0.0
0.0	43.85333333333333	45.82	46.513333333333335	46.78666666666667	46.96	47.086666666666666	47.44	47.22666666666667	47.24	47.24	47.20666666666666	47.24666666666667	47.43333333333333	47.36	46.986666666666665	47.093333333333334	47.06	47.266666666666666	47.24	47.1	47.306666666666665	47.473333333333336	47.10666666666667	47.54	47.08	47.36666666666667	47.013333333333335	47.12	47.193333333333335	46.693333333333335	46.873333333333335	46.82666666666667	46.72	45.96666666666667	43.95333333333333	0.0
0.0	44.26	45.88666666666666	46.693333333333335	47.10666666666667	47.22666666666667	47.34	47.68666666666667	47.25333333333333	47.5	47.89333333333333	47.68	47.52	47.693333333333335	47.50666666666667	47.766666666666666	47.586666666666666	47.28666666666667	47.553333333333335	47.4	47.586666666666666	47.60666666666667	47.42	47.406666666666666	47.27333333333333	47.10666666666667	47.29333333333334	47.63333333333333	47.48	47.71333333333333	47.14666666666667	47.14	46.913333333333334	46.973333333333336	46.34	44.06666666666667	0.0
0.0	43.733333333333334	45.79333333333334	46.36666666666667	46.74666666666667	46.93333333333333	47.00666666666667	47.14	46.95333333333333	47.0	47.00666666666667	47.02	47.00666666666667	46.92	47.14	47.153333333333336	47.446666666666665	47.42666666666667	47.3	47.39333333333333	47.14	47.13333333333333	47.18	47.28	47.22666666666667	46.986666666666665	47.266666666666666	46.94	47.11333333333334	47.12	46.85333333333333	46.846666666666664	47.04	46.373333333333335	45.72666666666667	43.873333333333335	0.0
0.0	44.053333333333335	45.6	46.486666666666665	47.00666666666667	46.96	47.31333333333333	46.92666666666667	47.12	47.36	47.2	47.166666666666664	47.46666666666667	47.52	47.093333333333334	46.94	47.026666666666664	46.846666666666664	47.18666666666667	47.446666666666665	47.21333333333333	47.44	47.11333333333334	47.013333333333335	47.02	46.593333333333334	47.04	46.86	47.22666666666667	47.02	46.96	46.76	46.52	46.32	45.66	44.04	0.0
0.0	43.96666666666667	45.94	46.92666666666667	46.98	47.36	47.27333333333333	47.35333333333333	47.28666666666667	47.5	47.3	47.64	47.486666666666665	47.63333333333333	47.46	47.513333333333335	47.32666666666667	47.846666666666664	47.413333333333334	47.733333333333334	47.72	47.586666666666666	47.833333333333336	47.92666666666667	47.5	47.653333333333336	47.98	47.913333333333334	47.72666666666667	47.58	47.5	47.406666666666666	46.86666666666667	46.986666666666665	46.093333333333334	44.54	0.0
0.0	44.10666666666667	45.64	46.24	46.86666666666667	46.93333333333333	47.11333333333334	47.14	47.06	47.06	47.39333333333333	47.20666666666666	47.20666666666666	47.333333333333336	47.333333333333336	47.22666666666667	47.473333333333336	46.906666666666666	47.18	47.14	47.52	47.473333333333336	47.193333333333335	47.43333333333333	47.333333333333336	47.29333333333334	47.42	47.29333333333334	47.18	47.06	47.026666666666664	47.17333333333333	47.08	46.58	45.71333333333333	43.913333333333334	0.0
0.0	43.82666666666667	46.02	46.58	46.98	46.986666666666665	46.9	47.17333333333333	47.233333333333334	47.66	47.35333333333333	47.22	47.32	47.1	47.306666666666665	47.27333333333333	47.16	47.2	47.38666666666666	47.10666666666667	47.086666666666666	47.63333333333333	47.50666666666667	47.53333333333333	47.17333333333333	46.96	47.36666666666667	46.973333333333336	47.08	47.11333333333334	47.4	47.4	47.13333333333333	46.96666666666667	46.18	44.00666666666667	0.0
0.0	44.04	45.98	46.56	46.68	46.986666666666665	47.013333333333335	46.75333333333333	47.16	47.093333333333334	47.04666666666667	47.06666666666667	47.04	47.166666666666664	47.60666666666667	47.06	47.22	47.39333333333333	47.28666666666667	47.446666666666665	47.22666666666667	47.2	47.45333333333333	47.346666666666664	47.06	47.166666666666664	47.25333333333333	47.4	47.31333333333333	47.0	47.06666666666667	47.24666666666667	47.00666666666667	46.54	45.946666666666665	44.06666666666667	0.0
0.0	43.61333333333334	45.68666666666667	46.68	46.61333333333334	46.72666666666667	46.45333333333333	46.81333333333333	46.96666666666667	46.92666666666667	46.64666666666667	46.873333333333335	46.96666666666667	46.7	46.79333333333334	46.76	46.99333333333333	46.946666666666665	47.0	46.95333333333333	46.78	46.89333333333333	46.913333333333334	47.03333333333333	46.76	47.10666666666667	46.93333333333333	47.35333333333333	47.28	46.6	46.68	46.56	46.70666666666666	46.22666666666667	45.586666666666666	44.06	0.0
0.0	44.02	46.00666666666667	46.6	47.10666666666667	46.98	47.00666666666667	47.153333333333336	46.96	47.486666666666665	47.31333333333333	47.233333333333334	47.473333333333336	47.053333333333335	47.14666666666667	47.14	47.166666666666664	47.42666666666667	47.32	47.42	47.38	47.13333333333333	47.25333333333333	47.56	47.086666666666666	47.14	47.14666666666667	47.5	47.3	47.34	47.27333333333333	46.973333333333336	46.57333333333333	46.4	45.946666666666665	43.913333333333334	0.0
0.0	43.666666666666664	45.64666666666667	46.26	46.60666666666667	46.68666666666667	47.086666666666666	46.78	46.86	46.92666666666667	46.67333333333333	46.72	46.82	46.766666666666666	46.986666666666665	46.82666666666667	46.85333333333333	47.06	46.46	46.766666666666666	46.99333333333333	47.013333333333335	46.62	46.973333333333336	47.06	47.25333333333333	46.986666666666665	47.053333333333335	46.913333333333334	46.99333333333333	47.026666666666664	46.986666666666665	46.79333333333334	46.18	45.6	43.833333333333336	0.0
0.0	44.02	46.02	46.78	47.14666666666667	47.21333333333333	47.153333333333336	47.166666666666664	47.12	47.32666666666667	47.413333333333334	47.36666666666667	47.06	47.13333333333333	47.666666666666664	47.473333333333336	47.56	47.22	47.306666666666665	47.38666666666666	47.22666666666667	47.593333333333334	47.266666666666666	47.20666666666666	47.27333333333333	47.333333333333336	47.36666666666667	47.58	47.586666666666666	47.22	47.03333333333333	46.693333333333335	46.973333333333336	46.766666666666666	46.06666666666667	44.11333333333334	0.0
0.0	44.0	46.013333333333335	46.513333333333335	47.03333333333333	47.22666666666667	47.53333333333333	47.026666666666664	47.10666666666667	47.4	47.53333333333333	47.38	47.28666666666667	47.58	47.28	47.17333333333333	47.28666666666667	47.32666666666667	47.306666666666665	46.99333333333333	47.473333333333336	47.50666666666667	47.76	47.46	47.17333333333333	47.26	47.306666666666665	47.593333333333334	47.233333333333334	47.48	47.18666666666667	47.12	46.98	46.68666666666667	45.93333333333333	43.66	0.0
0.0	44.26	45.913333333333334	46.86666666666667	46.85333333333333	47.07333333333333	47.46	47.22666666666667	47.42	47.406666666666666	47.553333333333335	47.42666666666667	47.593333333333334	47.32666666666667	47.45333333333333	47.7	47.35333333333333	47.28666666666667	47.45333333333333	47.806666666666665	47.66	47.46666666666667	47.5	47.86	47.46666666666667	47.17333333333333	47.52	47.52	47.14666666666667	47.39333333333333	47.406666666666666	46.99333333333333	47.11333333333334	46.86666666666667	46.053333333333335	44.06666666666667	0.0
0.0	44.36	46.00666666666667	46.75333333333333	47.50666666666667	47.086666666666666	47.34	47.17333333333333	47.22	47.35333333333333	47.22	47.306666666666665	47.18666666666667	47.58	47.526666666666664	47.57333333333333	47.62	47.86	47.99333333333333	47.873333333333335	47.513333333333335	47.46666666666667	47.67333333333333	47.593333333333334	47.61333333333334	47.766666666666666	47.46666666666667	47.42666666666667	47.333333333333336	47.653333333333336	47.78	47.3	47.153333333333336	47.193333333333335	46.25333333333333	44.32	0.0
0.0	43.5	45.72	46.35333333333333	46.60666666666667	46.86666666666667	46.626666666666665	47.13333333333333	47.04	46.99333333333333	46.96666666666667	46.86	46.99333333333333	47.11333333333334	47.373333333333335	46.86666666666667	46.72	47.086666666666666	47.026666666666664	47.346666666666664	47.26	47.346666666666664	46.84	46.89333333333333	47.126666666666665	46.85333333333333	47.32	47.306666666666665	47.22666666666667	47.07333333333333	46.61333333333334	46.46	46.56	46.71333333333333	45.766666666666666	43.95333333333333	0.0
0.0	43.92	45.70666666666666	46.18	46.76	46.74666666666667	46.86666666666667	47.266666666666666	47.16	47.28	47.25333333333333	47.18	47.18666666666667	46.8	46.906666666666666	47.04	47.086666666666666	47.31333333333333	46.7	47.18666666666667	47.20666666666666	47.31333333333333	47.346666666666664	47.153333333333336	47.20666666666666	47.1	47.3	47.346666666666664	47.00666666666667	46.89333333333333	46.86666666666667	46.8	47.07333333333333	46.57333333333333	45.54666666666667	43.74	0.0
0.0	44.43333333333333	45.93333333333333	46.38	46.77333333333333	46.81333333333333	47.32666666666667	47.0	46.88	47.2	47.14	47.1	47.446666666666665	47.1	47.42	47.31333333333333	46.92	46.94	47.21333333333333	47.4	47.44	47.31333333333333	47.24	47.46	47.346666666666664	47.49333333333333	47.053333333333335	47.3	47.24666666666667	46.833333333333336	47.126666666666665	46.833333333333336	46.92	46.57333333333333	45.58	44.06	0.0
0.0	44.486666666666665	45.88666666666666	46.72	47.06666666666667	47.08	47.486666666666665	47.28666666666667	47.06	46.946666666666665	47.42	47.56	47.67333333333333	47.17333333333333	47.24	47.406666666666666	47.44	47.78	47.38	47.346666666666664	47.38	47.14666666666667	47.54666666666667	47.306666666666665	47.34	47.2	47.20666666666666	47.35333333333333	47.28	47.24666666666667	47.3	47.31333333333333	47.38	46.68	46.14	44.06666666666667	0.0
0.0	43.7	45.71333333333333	46.22666666666667	46.53333333333333	46.60666666666667	47.06666666666667	46.973333333333336	47.00666666666667	46.81333333333333	46.653333333333336	47.013333333333335	47.16	46.58	46.733333333333334	46.873333333333335	46.96	46.906666666666666	46.88	46.77333333333333	47.266666666666666	47.18	47.16	47.21333333333333	47.346666666666664	47.13333333333333	46.833333333333336	46.68	46.85333333333333	47.22666666666667	46.68	46.693333333333335	46.61333333333334	46.35333333333333	45.3	43.72	0.0
0.0	44.1	45.846666666666664	46.513333333333335	46.75333333333333	47.0	47.39333333333333	47.36666666666667	47.36	47.193333333333335	47.46	47.233333333333334	47.126666666666665	47.08	47.16	47.266666666666666	47.42	47.593333333333334	47.653333333333336	47.413333333333334	47.20666666666666	47.2	47.553333333333335	47.50666666666667	47.406666666666666	47.26	47.66	47.333333333333336	47.36	47.02	47.266666666666666	47.45333333333333	46.70666666666666	46.553333333333335	45.96	44.07333333333333	0.0
0.0	44.013333333333335	46.22666666666667	47.0	47.0	47.306666666666665	47.48	47.39333333333333	47.626666666666665	47.68	47.89333333333333	47.61333333333334	47.29333333333334	47.32666666666667	47.26	47.5	47.36	47.82	47.52	47.81333333333333	47.733333333333334	47.35333333333333	47.333333333333336	47.68	47.413333333333334	47.4	47.29333333333334	47.43333333333333	47.693333333333335	47.5	47.12	47.21333333333333	47.266666666666666	47.06666666666667	46.10666666666667	43.94	0.0
0.0	44.18	46.03333333333333	46.66	46.833333333333336	47.11333333333334	47.2	47.3	47.21333333333333	47.3	47.24	47.18	47.29333333333334	47.17333333333333	47.44	47.333333333333336	47.48	47.413333333333334	47.18	47.3	47.126666666666665	47.24	47.266666666666666	47.24	47.54666666666667	47.78	47.78666666666667	47.52	47.72	47.48	47.12	47.14666666666667	46.8	46.42666666666667	46.14666666666667	44.16	0.0
0.0	44.586666666666666	46.00666666666667	46.973333333333336	47.13333333333333	47.22666666666667	47.28666666666667	47.5	47.18	47.3	47.24	47.25333333333333	47.42	47.60666666666667	47.43333333333333	47.50666666666667	47.22	47.76	47.373333333333335	46.986666666666665	47.34	47.28	47.413333333333334	47.26	47.126666666666665	47.126666666666665	46.68	47.28	47.18	47.526666666666664	47.43333333333333	47.22666666666667	46.88	46.88666666666666	46.08	44.28666666666667	0.0
0.0	43.78666666666667	45.8	46.56666666666667	46.62	46.653333333333336	47.11333333333334	46.913333333333334	47.16	47.24	47.053333333333335	47.1	47.0	47.486666666666665	47.25333333333333	47.38666666666666	47.373333333333335	47.34	47.406666666666666	47.56666666666667	47.306666666666665	47.32	47.026666666666664	47.193333333333335	47.2	47.04	47.3	47.333333333333336	46.89333333333333	46.88	46.986666666666665	46.986666666666665	46.99333333333333	46.50666666666667	45.86666666666667	44.04666666666667	0.0
0.0	44.12	45.94	46.733333333333334	47.233333333333334	47.28	47.48	47.42666666666667	47.82	47.61333333333334	47.14666666666667	47.34	47.42666666666667	47.38666666666666	47.42666666666667	47.36	47.35333333333333	47.626666666666665	47.833333333333336	47.553333333333335	47.74	47.7	47.42666666666667	47.62	47.48	47.593333333333334	47.43333333333333	46.806666666666665	47.46	47.46	46.973333333333336	47.2	47.18	47.04	46.0	44.233333333333334	0.0
0.0	44.31333333333333	46.093333333333334	46.4	47.1	47.026666666666664	47.153333333333336	47.29333333333334	47.21333333333333	47.43333333333333	47.54666666666667	47.79333333333334	47.333333333333336	47.593333333333334	47.68	47.266666666666666	47.35333333333333	47.486666666666665	47.48	47.22	47.42	47.28666666666667	47.32666666666667	47.3	47.373333333333335	47.43333333333333	47.446666666666665	47.32	47.593333333333334	47.26	46.94	46.846666666666664	46.62	46.63333333333333	45.86	43.99333333333333	0.0
0.0	44.14	46.12	46.79333333333334	46.81333333333333	47.20666666666666	46.986666666666665	47.12	47.233333333333334	47.306666666666665	47.57333333333333	47.52	47.76	47.61333333333334	47.50666666666667	47.44	46.78666666666667	47.473333333333336	47.49333333333333	47.526666666666664	47.74666666666667	47.64666666666667	47.36666666666667	47.42	47.553333333333335	47.593333333333334	47.38666666666666	47.16	47.473333333333336	47.24666666666667	47.193333333333335	47.24	46.79333333333334	46.96	46.2	44.24666666666667	0.0
0.0	44.35333333333333	46.25333333333333	46.693333333333335	47.03333333333333	47.17333333333333	47.35333333333333	47.653333333333336	47.406666666666666	47.333333333333336	47.36666666666667	47.26	47.22	47.62	47.5	47.75333333333333	47.57333333333333	47.82	47.74	47.44	47.44	47.54	47.586666666666666	47.67333333333333	47.413333333333334	47.70666666666666	47.36666666666667	47.586666666666666	47.58	47.53333333333333	47.60666666666667	47.306666666666665	47.38	46.906666666666666	46.45333333333333	44.306666666666665	0.0
0.0	44.126666666666665	45.693333333333335	46.513333333333335	47.22	46.806666666666665	47.03333333333333	47.04666666666667	47.2	46.913333333333334	47.00666666666667	47.26	47.153333333333336	47.166666666666664	47.03333333333333	47.18666666666667	47.4	46.906666666666666	47.14666666666667	47.306666666666665	47.32	47.36	47.03333333333333	47.266666666666666	47.00666666666667	47.04	47.29333333333334	46.88666666666666	46.99333333333333	46.68	46.86	47.03333333333333	46.89333333333333	46.553333333333335	45.833333333333336	43.913333333333334	0.0
0.0	44.08	46.14666666666667	46.986666666666665	46.946666666666665	47.346666666666664	47.36666666666667	46.8	47.473333333333336	47.31333333333333	47.13333333333333	47.58	47.49333333333333	47.446666666666665	47.31333333333333	47.54666666666667	47.66	47.54	47.34	47.373333333333335	47.24666666666667	47.24	47.02	47.52	47.233333333333334	47.24666666666667	47.2	47.29333333333334	47.593333333333334	47.22	47.026666666666664	46.95333333333333	46.833333333333336	46.153333333333336	45.94	44.306666666666665	0.0
0.0	44.026666666666664	45.96666666666667	46.666666666666664	46.946666666666665	46.98	47.28	47.28	47.34	47.08	47.62	47.57333333333333	47.31333333333333	47.32666666666667	47.60666666666667	47.39333333333333	47.4	47.50666666666667	47.18	47.32666666666667	47.153333333333336	47.21333333333333	47.18666666666667	47.32	47.413333333333334	47.32	47.36	47.03333333333333	46.94	46.913333333333334	47.00666666666667	47.086666666666666	46.833333333333336	46.46	45.96	43.9	0.0
0.0	43.85333333333333	45.86	46.74666666666667	47.24666666666667	47.24666666666667	47.52	47.46666666666667	47.38666666666666	47.36666666666667	47.45333333333333	47.31333333333333	47.67333333333333	47.31333333333333	47.24	47.06	47.193333333333335	47.24666666666667	47.13333333333333	47.32666666666667	47.49333333333333	47.06666666666667	47.28666666666667	47.413333333333334	47.406666666666666	47.35333333333333	47.13333333333333	47.266666666666666	47.36	47.20666666666666	47.333333333333336	47.18	46.7	46.733333333333334	46.013333333333335	43.96666666666667	0.0
0.0	44.22	46.36	46.60666666666667	47.00666666666667	47.233333333333334	47.0	47.27333333333333	47.22666666666667	47.45333333333333	47.63333333333333	47.626666666666665	47.34	47.46666666666667	47.733333333333334	47.34	47.4	47.18	47.053333333333335	47.16	47.25333333333333	46.98	47.57333333333333	47.60666666666667	47.32666666666667	47.28666666666667	47.38666666666666	47.45333333333333	47.4	47.266666666666666	47.32	47.46666666666667	47.35333333333333	46.84	45.92	44.07333333333333	0.0
0.0	43.92	45.74666666666667	46.36	46.82666666666667	46.82	47.053333333333335	47.486666666666665	46.873333333333335	47.10666666666667	47.22	47.26	47.28	47.00666666666667	46.98	47.166666666666664	47.12	46.86666666666667	46.68666666666667	47.28666666666667	47.053333333333335	46.846666666666664	47.17333333333333	47.43333333333333	47.38	47.18666666666667	47.193333333333335	47.14	47.2	47.22666666666667	47.166666666666664	46.63333333333333	46.45333333333333	46.54	45.626666666666665	44.22666666666667	0.0
0.0	44.346666666666664	46.093333333333334	46.63333333333333	47.053333333333335	46.78	47.126666666666665	47.68	47.46666666666667	47.473333333333336	47.25333333333333	47.32	47.266666666666666	47.306666666666665	47.71333333333333	47.54	47.68	47.54666666666667	47.35333333333333	47.46666666666667	47.653333333333336	47.53333333333333	47.43333333333333	47.44	47.86666666666667	47.52	47.446666666666665	47.68666666666667	47.586666666666666	47.54	47.22666666666667	46.99333333333333	47.06	46.8	46.166666666666664	44.20666666666666	0.0
0.0	43.86	45.50666666666667	46.17333333333333	46.22	46.666666666666664	47.03333333333333	47.24666666666667	46.946666666666665	46.733333333333334	46.86	46.76	47.053333333333335	46.76	46.95333333333333	46.946666666666665	46.8	46.94	47.0	46.67333333333333	46.88	46.986666666666665	46.92666666666667	46.93333333333333	47.31333333333333	47.0	46.9	46.60666666666667	46.6	46.593333333333334	46.70666666666666	46.89333333333333	46.513333333333335	46.166666666666664	45.61333333333334	43.626666666666665	0.0
0.0	44.0	46.04666666666667	47.04	47.07333333333333	47.0	47.28	47.46	47.28666666666667	47.29333333333334	47.086666666666666	46.92666666666667	47.14666666666667	47.593333333333334	47.373333333333335	47.553333333333335	47.66	47.333333333333336	47.306666666666665	47.27333333333333	47.306666666666665	47.4	47.54666666666667	47.39333333333333	47.25333333333333	47.48	47.24666666666667	46.96666666666667	47.42666666666667	47.44	47.1	47.093333333333334	46.806666666666665	46.45333333333333	45.846666666666664	44.053333333333335	0.0
0.0	43.89333333333333	45.82	46.22666666666667	47.166666666666664	47.08	47.126666666666665	47.06666666666667	47.11333333333334	46.7	46.94	47.233333333333334	47.20666666666666	47.32	47.18666666666667	47.42666666666667	47.08	47.333333333333336	47.20666666666666	47.13333333333333	47.14666666666667	47.333333333333336	47.02	46.973333333333336	47.093333333333334	47.25333333333333	47.42	47.126666666666665	46.806666666666665	46.8	47.32	46.85333333333333	46.88666666666666	46.62	46.086666666666666	43.96666666666667	0.0
0.0	44.06666666666667	45.6	46.553333333333335	46.62	46.833333333333336	47.13333333333333	47.086666666666666	47.126666666666665	47.126666666666665	47.27333333333333	47.20666666666666	47.00666666666667	47.07333333333333	46.95333333333333	47.20666666666666	47.14	46.78	47.166666666666664	47.25333333333333	47.14	46.846666666666664	47.14	47.126666666666665	46.89333333333333	47.34	47.36	47.0	47.10666666666667	47.10666666666667	47.0	46.913333333333334	46.72666666666667	46.49333333333333	45.946666666666665	43.94	0.0
0.0	44.333333333333336	46.18666666666667	46.60666666666667	47.21333333333333	47.3	47.42666666666667	47.22666666666667	47.20666666666666	47.49333333333333	47.306666666666665	47.56666666666667	47.60666666666667	47.48	47.72666666666667	47.53333333333333	47.406666666666666	47.553333333333335	47.373333333333335	47.27333333333333	47.626666666666665	47.32666666666667	47.346666666666664	47.64666666666667	47.36666666666667	47.29333333333334	47.766666666666666	47.24666666666667	47.64	47.39333333333333	47.22666666666667	47.06666666666667	47.14	46.79333333333334	46.07333333333333	44.43333333333333	0.0
0.0	43.99333333333333	45.86	46.98	46.873333333333335	46.913333333333334	47.2	47.48	47.18	47.24666666666667	47.21333333333333	47.16	47.20666666666666	47.126666666666665	47.20666666666666	47.126666666666665	47.17333333333333	47.36666666666667	47.43333333333333	47.2	47.026666666666664	47.16	47.20666666666666	46.95333333333333	46.946666666666665	46.88	46.82	47.153333333333336	47.193333333333335	47.3	46.94	46.766666666666666	46.54666666666667	46.53333333333333	45.76	43.95333333333333	0.0
0.0	44.473333333333336	46.053333333333335	46.98	47.34	47.373333333333335	47.28	47.6	47.68666666666667	47.586666666666666	47.64	47.806666666666665	47.74666666666667	47.78	47.586666666666666	47.68	47.7	47.653333333333336	47.553333333333335	47.406666666666666	47.72	47.64	47.70666666666666	47.77333333333333	47.473333333333336	47.68666666666667	47.406666666666666	47.593333333333334	47.586666666666666	47.153333333333336	47.07333333333333	47.28	47.07333333333333	46.82	46.31333333333333	44.57333333333333	0.0
0.0	44.12	46.08	46.71333333333333	46.56666666666667	47.36666666666667	47.2	47.21333333333333	47.333333333333336	47.29333333333334	47.25333333333333	47.44	47.43333333333333	47.31333333333333	47.486666666666665	47.42666666666667	47.26	47.486666666666665	47.526666666666664	47.266666666666666	47.08	46.99333333333333	47.16	47.28	47.13333333333333	47.57333333333333	47.413333333333334	47.12	47.34	47.17333333333333	47.57333333333333	47.20666666666666	46.806666666666665	46.38	45.72	44.24	0.0
0.0	43.78666666666667	45.86666666666667	46.38666666666666	46.46666666666667	46.733333333333334	47.20666666666666	46.99333333333333	46.70666666666666	46.973333333333336	46.806666666666665	46.71333333333333	46.67333333333333	46.93333333333333	47.013333333333335	47.04666666666667	47.11333333333334	46.85333333333333	46.92666666666667	46.60666666666667	46.85333333333333	46.77333333333333	46.586666666666666	46.85333333333333	46.84	46.62	46.79333333333334	46.74666666666667	46.96	47.166666666666664	47.06	46.81333333333333	46.42	46.39333333333333	45.806666666666665	43.766666666666666	0.0
0.0	43.973333333333336	45.88666666666666	46.39333333333333	46.593333333333334	47.06666666666667	47.21333333333333	46.973333333333336	47.24	47.32666666666667	46.96666666666667	47.02	46.593333333333334	46.96	47.266666666666666	47.13333333333333	47.18666666666667	46.84	47.193333333333335	47.22	47.13333333333333	47.446666666666665	47.39333333333333	47.026666666666664	47.27333333333333	47.413333333333334	47.04	47.06666666666667	46.986666666666665	47.08	46.67333333333333	46.81333333333333	46.5	46.61333333333334	45.88	43.913333333333334	0.0
0.0	44.13333333333333	46.08	46.70666666666666	46.766666666666666	47.14	47.38	46.76	47.22	47.06666666666667	47.42666666666667	47.513333333333335	47.31333333333333	47.7	47.266666666666666	47.266666666666666	47.013333333333335	47.526666666666664	47.26	47.34	47.38	47.28	47.57333333333333	47.513333333333335	47.626666666666665	47.266666666666666	47.36	47.373333333333335	47.24	47.04	47.32666666666667	47.46666666666667	46.96	46.8	45.96666666666667	44.36	0.0
0.0	44.10666666666667	45.76	46.35333333333333	46.89333333333333	47.153333333333336	47.35333333333333	47.6	47.473333333333336	47.193333333333335	47.4	47.306666666666665	47.12	47.28666666666667	47.52	47.126666666666665	47.43333333333333	47.18	47.46	47.53333333333333	47.513333333333335	47.486666666666665	47.42666666666667	47.44	47.36	47.49333333333333	47.32666666666667	47.233333333333334	47.58	47.446666666666665	47.413333333333334	47.14	47.093333333333334	46.82666666666667	46.10666666666667	44.22666666666667	0.0
0.0	44.10666666666667	46.026666666666664	46.50666666666667	46.58	47.13333333333333	47.32666666666667	47.373333333333335	47.49333333333333	47.28	47.50666666666667	47.34	47.306666666666665	47.25333333333333	47.346666666666664	46.92	47.1	47.21333333333333	47.306666666666665	46.94	47.07333333333333	47.14666666666667	46.99333333333333	47.32	47.29333333333334	46.89333333333333	47.06	47.166666666666664	47.06	47.153333333333336	47.166666666666664	46.94	47.153333333333336	46.60666666666667	45.96666666666667	43.78	0.0
0.0	44.16	46.14	46.48	46.973333333333336	47.026666666666664	47.22666666666667	47.52	47.21333333333333	47.18666666666667	47.36666666666667	47.38	47.49333333333333	47.50666666666667	46.99333333333333	47.14	47.32666666666667	47.153333333333336	47.153333333333336	47.126666666666665	47.3	47.093333333333334	47.39333333333333	46.94	47.086666666666666	46.986666666666665	47.14666666666667	46.913333333333334	47.12	47.24666666666667	47.29333333333334	46.733333333333334	47.11333333333334	46.64666666666667	46.1	44.21333333333333	0.0
0.0	43.806666666666665	46.193333333333335	46.7	47.06666666666667	46.946666666666665	47.266666666666666	47.13333333333333	46.986666666666665	47.026666666666664	46.733333333333334	47.18666666666667	47.16	47.153333333333336	47.35333333333333	47.42	47.29333333333334	47.086666666666666	47.45333333333333	47.48	47.626666666666665	47.45333333333333	47.61333333333334	47.35333333333333	47.16	47.10666666666667	47.22	46.99333333333333	47.39333333333333	47.03333333333333	47.03333333333333	47.093333333333334	47.20666666666666	46.38	46.04	43.78	0.0
0.0	43.92666666666667	45.5	46.24	46.473333333333336	46.96666666666667	46.85333333333333	46.846666666666664	46.86666666666667	46.79333333333334	47.27333333333333	46.89333333333333	46.986666666666665	47.02	47.00666666666667	46.99333333333333	47.17333333333333	46.88666666666666	46.693333333333335	46.846666666666664	47.17333333333333	47.0	46.92	46.99333333333333	46.973333333333336	46.95333333333333	46.46666666666667	46.78666666666667	46.74	46.92	47.053333333333335	46.62	46.43333333333333	46.28666666666667	45.67333333333333	43.72	0.0
0.0	43.946666666666665	45.666666666666664	46.3	46.64	46.6	47.04666666666667	46.846666666666664	46.92666666666667	46.93333333333333	47.08	47.21333333333333	47.346666666666664	47.28666666666667	47.22666666666667	46.96666666666667	47.22666666666667	47.413333333333334	46.98	46.60666666666667	46.68	46.74	46.88666666666666	46.833333333333336	47.06	46.94	47.086666666666666	47.013333333333335	47.14	47.02	46.986666666666665	47.06666666666667	46.68	46.406666666666666	45.71333333333333	44.013333333333335	0.0
0.0	44.07333333333333	46.25333333333333	46.78	47.18	46.95333333333333	47.46666666666667	47.513333333333335	47.49333333333333	47.5	47.153333333333336	47.1	47.28666666666667	47.35333333333333	47.08	47.11333333333334	47.16	47.28666666666667	47.18	47.013333333333335	47.22666666666667	47.29333333333334	47.07333333333333	47.12	47.06	47.31333333333333	47.32	47.28	47.25333333333333	47.00666666666667	47.22	46.96666666666667	46.94	46.22	45.913333333333334	43.96666666666667	0.0
0.0	44.32	46.333333333333336	46.806666666666665	47.026666666666664	47.473333333333336	47.193333333333335	47.593333333333334	47.266666666666666	47.56666666666667	47.413333333333334	47.25333333333333	47.653333333333336	47.31333333333333	47.38	47.03333333333333	47.3	47.526666666666664	47.553333333333335	47.72	47.96	47.593333333333334	47.413333333333334	47.68	47.2	47.413333333333334	47.12	47.593333333333334	47.60666666666667	47.31333333333333	47.373333333333335	47.10666666666667	47.406666666666666	46.833333333333336	46.07333333333333	44.31333333333333	0.0
0.0	44.42666666666667	46.21333333333333	46.96	47.38	47.38666666666666	47.67333333333333	47.46666666666667	47.84	47.63333333333333	47.70666666666666	47.70666666666666	47.76	47.7	47.4	47.513333333333335	47.46666666666667	47.693333333333335	47.6	47.39333333333333	47.6	47.88666666666666	47.766666666666666	47.82666666666667	47.78666666666667	47.653333333333336	47.446666666666665	47.54	47.81333333333333	47.79333333333334	47.38666666666666	47.50666666666667	47.586666666666666	46.913333333333334	46.39333333333333	44.526666666666664	0.0
0.0	44.21333333333333	46.18	47.0	47.07333333333333	47.57333333333333	47.446666666666665	47.49333333333333	47.413333333333334	47.64666666666667	47.38666666666666	47.913333333333334	47.49333333333333	47.233333333333334	47.42	47.54666666666667	47.62	47.38	47.36666666666667	47.42666666666667	47.32666666666667	47.58	47.56666666666667	47.08	47.18	47.346666666666664	47.35333333333333	47.24	47.48	47.086666666666666	47.28	47.4	46.986666666666665	46.913333333333334	45.973333333333336	44.14666666666667	0.0
0.0	44.06	45.62	46.666666666666664	47.04666666666667	47.18	47.10666666666667	47.026666666666664	47.07333333333333	46.913333333333334	47.20666666666666	47.233333333333334	46.913333333333334	47.06666666666667	46.82666666666667	46.99333333333333	47.0	47.26	47.04666666666667	46.86	47.27333333333333	47.486666666666665	47.153333333333336	47.17333333333333	47.22	47.35333333333333	47.333333333333336	47.12	47.306666666666665	47.32	46.946666666666665	46.88666666666666	46.586666666666666	46.52	45.94	43.92	0.0
0.0	44.28	45.973333333333336	46.67333333333333	46.96666666666667	47.126666666666665	47.126666666666665	47.1	47.4	47.64666666666667	47.266666666666666	47.10666666666667	47.29333333333334	47.42666666666667	47.266666666666666	47.44	47.27333333333333	47.56666666666667	47.77333333333333	47.43333333333333	47.413333333333334	47.21333333333333	47.44	47.446666666666665	47.153333333333336	47.46666666666667	47.513333333333335	47.04	47.406666666666666	46.973333333333336	47.06	47.11333333333334	47.03333333333333	46.57333333333333	45.96	44.06666666666667	0.0
0.0	44.25333333333333	45.92666666666667	46.78666666666667	47.00666666666667	47.04	47.53333333333333	47.42666666666667	47.333333333333336	47.28666666666667	47.39333333333333	47.586666666666666	47.56666666666667	47.653333333333336	47.63333333333333	47.653333333333336	47.526666666666664	47.63333333333333	47.43333333333333	47.666666666666664	47.42666666666667	47.14	47.57333333333333	47.52	47.13333333333333	47.52	47.8	47.806666666666665	47.50666666666667	47.67333333333333	47.34	47.49333333333333	47.14	46.72	45.9	44.06666666666667	0.0
0.0	44.1	46.00666666666667	46.906666666666666	47.22	47.026666666666664	47.16	47.126666666666665	47.14666666666667	47.266666666666666	47.07333333333333	46.94	47.48	47.46666666666667	47.22	47.28	47.42	47.086666666666666	47.06	47.36666666666667	47.32666666666667	47.44	47.266666666666666	47.486666666666665	47.21333333333333	47.266666666666666	47.4	46.93333333333333	47.12	46.84	46.96	46.906666666666666	46.84	46.58	45.71333333333333	44.00666666666667	0.0
0.0	44.06666666666667	45.82666666666667	46.21333333333333	46.86666666666667	47.06666666666667	46.70666666666666	47.166666666666664	47.32666666666667	47.31333333333333	47.373333333333335	47.26	47.14	47.11333333333334	47.14666666666667	47.44	47.12	47.24666666666667	47.00666666666667	46.99333333333333	47.21333333333333	47.086666666666666	47.34	46.86666666666667	47.086666666666666	46.666666666666664	46.85333333333333	46.98	47.20666666666666	46.92	47.00666666666667	46.98	46.873333333333335	46.74666666666667	45.67333333333333	43.98	0.0
0.0	43.67333333333333	46.22	46.78	47.32	47.13333333333333	47.053333333333335	47.29333333333334	47.266666666666666	47.35333333333333	47.44	47.2	47.32666666666667	47.25333333333333	47.48	47.28666666666667	47.406666666666666	47.54666666666667	47.57333333333333	47.4	47.526666666666664	47.406666666666666	47.58	47.60666666666667	47.54666666666667	47.52	47.38666666666666	47.50666666666667	47.406666666666666	47.52	47.21333333333333	47.16	47.04666666666667	46.74	45.986666666666665	44.18	0.0
0.0	44.07333333333333	46.14666666666667	46.57333333333333	47.18	47.2	47.34	47.27333333333333	47.446666666666665	47.58	47.57333333333333	47.406666666666666	47.28666666666667	47.25333333333333	47.66	47.473333333333336	47.52	47.346666666666664	47.42	47.666666666666664	47.81333333333333	47.346666666666664	47.32	47.62	47.28666666666667	47.586666666666666	47.32666666666667	47.35333333333333	47.333333333333336	47.473333333333336	47.31333333333333	47.42	47.20666666666666	46.48	45.86666666666667	44.17333333333333	0.0
0.0	43.873333333333335	45.98	46.873333333333335	47.39333333333333	47.28	47.193333333333335	46.98	46.973333333333336	47.46	47.806666666666665	47.36666666666667	47.45333333333333	47.266666666666666	47.5	47.14	47.013333333333335	46.846666666666664	47.20666666666666	47.406666666666666	47.32666666666667	47.49333333333333	47.35333333333333	47.68666666666667	47.07333333333333	47.14666666666667	47.0	47.486666666666665	47.53333333333333	47.1	47.2	47.21333333333333	46.96666666666667	46.46	46.166666666666664	44.093333333333334	0.0
0.0	43.79333333333334	45.666666666666664	46.60666666666667	47.06	46.973333333333336	47.126666666666665	47.25333333333333	47.166666666666664	47.18666666666667	47.153333333333336	47.093333333333334	47.56666666666667	47.653333333333336	47.39333333333333	47.38	47.26	47.333333333333336	47.11333333333334	47.153333333333336	46.99333333333333	47.20666666666666	47.53333333333333	47.233333333333334	47.32	47.22	47.126666666666665	47.38666666666666	47.49333333333333	47.06666666666667	46.9	46.98	46.77333333333333	46.526666666666664	46.26	44.1	0.0
0.0	44.08	45.78	46.06666666666667	46.68	46.78666666666667	47.053333333333335	47.266666666666666	47.13333333333333	47.126666666666665	47.126666666666665	47.03333333333333	47.32	47.08	46.973333333333336	47.093333333333334	47.03333333333333	47.03333333333333	47.03333333333333	46.82	46.92666666666667	47.2	47.17333333333333	47.18	47.06666666666667	47.053333333333335	46.82666666666667	47.18666666666667	47.06	47.22666666666667	46.75333333333333	46.446666666666665	46.81333333333333	46.4	45.85333333333333	43.88	0.0
0.0	43.913333333333334	45.56666666666667	46.44	46.50666666666667	46.666666666666664	46.99333333333333	46.77333333333333	46.95333333333333	46.96666666666667	47.12	46.913333333333334	46.8	47.053333333333335	46.82	46.86	46.873333333333335	46.873333333333335	46.78666666666667	46.906666666666666	46.88	47.06666666666667	47.04	47.06666666666667	47.11333333333334	46.806666666666665	46.806666666666665	46.94	47.00666666666667	46.77333333333333	46.6	46.53333333333333	46.526666666666664	46.14	45.6	43.766666666666666	0.0
0.0	43.96666666666667	45.72	46.53333333333333	46.72666666666667	46.77333333333333	47.2	47.053333333333335	47.72	47.08	47.1	47.13333333333333	47.38666666666666	47.28	47.093333333333334	47.04666666666667	46.95333333333333	47.31333333333333	47.22	47.193333333333335	47.4	47.093333333333334	47.333333333333336	47.27333333333333	47.21333333333333	47.02	47.026666666666664	47.10666666666667	47.306666666666665	47.06	47.0	47.16	46.82666666666667	46.66	45.9	43.74666666666667	0.0
0.0	43.973333333333336	45.9	46.666666666666664	46.906666666666666	46.77333333333333	47.306666666666665	47.166666666666664	48.0	47.52	47.413333333333334	47.07333333333333	47.413333333333334	47.586666666666666	47.38	47.16	46.85333333333333	47.153333333333336	46.873333333333335	47.36666666666667	47.086666666666666	46.96666666666667	47.6	47.32666666666667	47.04666666666667	46.86666666666667	47.126666666666665	47.233333333333334	47.26	46.99333333333333	47.093333333333334	47.14	47.10666666666667	46.68	46.20666666666666	44.04666666666667	0.0
0.0	43.906666666666666	45.906666666666666	46.6	46.92666666666667	46.85333333333333	47.02	47.16	47.29333333333334	47.13333333333333	47.21333333333333	47.29333333333334	47.22666666666667	47.48	47.24	47.18666666666667	47.45333333333333	46.913333333333334	46.906666666666666	46.84	46.92666666666667	47.56	47.28666666666667	47.12	47.1	47.20666666666666	47.333333333333336	47.04666666666667	47.22	47.346666666666664	47.04666666666667	47.026666666666664	47.14	46.75333333333333	46.03333333333333	44.166666666666664	0.0
0.0	43.54666666666667	45.806666666666665	46.45333333333333	46.64	46.733333333333334	46.72666666666667	46.5	46.77333333333333	46.67333333333333	46.64	46.58	46.79333333333334	46.86	46.71333333333333	46.873333333333335	47.07333333333333	46.913333333333334	46.85333333333333	46.806666666666665	46.96666666666667	46.78	46.39333333333333	46.833333333333336	46.34	46.693333333333335	46.5	47.28666666666667	47.013333333333335	46.86666666666667	46.44	46.67333333333333	46.48	46.27333333333333	45.68666666666667	43.77333333333333	0.0
0.0	43.85333333333333	46.14	46.6	46.666666666666664	46.88666666666666	46.9	47.166666666666664	47.166666666666664	47.413333333333334	47.24666666666667	47.086666666666666	47.166666666666664	47.346666666666664	47.28	47.12	47.28	47.086666666666666	47.126666666666665	47.21333333333333	47.086666666666666	47.6	46.88	47.21333333333333	47.18666666666667	47.7	47.38666666666666	47.413333333333334	47.26	47.35333333333333	47.193333333333335	47.04	47.00666666666667	46.86	46.18	43.806666666666665	0.0
0.0	43.766666666666666	45.58	46.49333333333333	46.54666666666667	46.54	46.986666666666665	47.14666666666667	46.84	47.12	46.78	47.16	46.96666666666667	47.02	46.96	47.26	47.413333333333334	47.28666666666667	47.25333333333333	47.36666666666667	46.986666666666665	46.913333333333334	46.96666666666667	47.39333333333333	47.086666666666666	47.0	47.126666666666665	47.2	47.24666666666667	47.3	47.26	46.82666666666667	46.513333333333335	46.35333333333333	45.7	43.906666666666666	0.0
0.0	44.10666666666667	46.266666666666666	46.64666666666667	47.22666666666667	47.11333333333334	47.42666666666667	47.49333333333333	47.62	47.79333333333334	47.60666666666667	47.626666666666665	47.68	47.63333333333333	47.46666666666667	47.52	47.58	47.44	47.54	47.52	47.50666666666667	47.76	47.36666666666667	47.27333333333333	47.486666666666665	47.46666666666667	47.77333333333333	47.406666666666666	47.38	47.07333333333333	47.22	46.946666666666665	47.04666666666667	46.92	45.96	43.973333333333336	0.0
0.0	44.07333333333333	45.81333333333333	46.7	47.06	46.89333333333333	46.93333333333333	47.10666666666667	47.553333333333335	47.54	47.31333333333333	46.873333333333335	47.27333333333333	47.093333333333334	47.31333333333333	47.24	46.906666666666666	47.126666666666665	47.18	47.266666666666666	47.45333333333333	47.32	47.346666666666664	47.32	47.35333333333333	47.16	47.306666666666665	47.13333333333333	46.99333333333333	47.053333333333335	46.93333333333333	46.873333333333335	46.64666666666667	46.67333333333333	45.9	44.333333333333336	0.0
0.0	44.18666666666667	46.17333333333333	46.88	47.0	46.98	47.166666666666664	46.973333333333336	47.166666666666664	47.35333333333333	47.16	47.43333333333333	47.126666666666665	47.166666666666664	47.38666666666666	47.32	47.07333333333333	47.18	46.98	47.18	47.16	47.29333333333334	47.28	47.026666666666664	47.0	47.1	47.413333333333334	47.266666666666666	47.193333333333335	47.00666666666667	47.093333333333334	47.013333333333335	46.86666666666667	46.32666666666667	45.873333333333335	44.02	0.0
0.0	43.63333333333333	45.446666666666665	46.24666666666667	46.693333333333335	46.98	46.74666666666667	46.64666666666667	46.92666666666667	47.32666666666667	47.333333333333336	47.053333333333335	46.96	47.36	46.973333333333336	46.64	46.88666666666666	46.98	47.02	47.013333333333335	46.833333333333336	46.96666666666667	47.21333333333333	47.2	46.733333333333334	46.593333333333334	46.64666666666667	46.64	46.56666666666667	47.086666666666666	47.0	46.946666666666665	46.98	46.26	45.64666666666667	43.766666666666666	0.0
0.0	44.16	45.92666666666667	46.26	46.99333333333333	47.02	47.12	47.20666666666666	47.053333333333335	47.14666666666667	47.28	47.34	47.406666666666666	47.29333333333334	47.06666666666667	47.36	47.166666666666664	47.36	47.27333333333333	47.586666666666666	47.526666666666664	47.28666666666667	47.373333333333335	47.35333333333333	47.04	47.34	47.20666666666666	47.026666666666664	47.026666666666664	47.086666666666666	46.98	47.06	46.88	46.72666666666667	46.20666666666666	44.026666666666664	0.0
0.0	43.74666666666667	45.92666666666667	46.1	46.36666666666667	46.833333333333336	46.57333333333333	46.64666666666667	46.8	46.78666666666667	47.013333333333335	46.78	46.486666666666665	46.93333333333333	46.906666666666666	47.306666666666665	47.02	46.77333333333333	46.78666666666667	46.81333333333333	46.74666666666667	46.96666666666667	46.64666666666667	47.00666666666667	46.913333333333334	46.81333333333333	47.06	46.70666666666666	46.82	46.84	46.693333333333335	46.50666666666667	46.68666666666667	46.11333333333334	45.57333333333333	44.02	0.0
0.0	44.18	46.0	46.66	47.03333333333333	47.14666666666667	47.24	47.14666666666667	47.28666666666667	47.53333333333333	47.486666666666665	47.233333333333334	47.36	47.56666666666667	47.373333333333335	47.406666666666666	47.39333333333333	47.34	47.28666666666667	47.35333333333333	47.266666666666666	47.32	47.53333333333333	47.34	47.53333333333333	47.26	47.25333333333333	47.1	47.14666666666667	47.14	47.29333333333334	47.026666666666664	47.0	46.766666666666666	46.22666666666667	44.06666666666667	0.0
0.0	44.04666666666667	45.79333333333334	46.77333333333333	47.02	46.873333333333335	47.1	47.04666666666667	47.013333333333335	47.25333333333333	47.12	46.9	47.14666666666667	47.04666666666667	47.38666666666666	47.10666666666667	47.2	47.48	47.406666666666666	47.233333333333334	47.28666666666667	47.31333333333333	47.3	47.27333333333333	47.2	47.22	47.413333333333334	47.38666666666666	47.25333333333333	47.25333333333333	47.586666666666666	47.22666666666667	46.92666666666667	46.56	45.873333333333335	44.166666666666664	0.0
0.0	43.89333333333333	46.10666666666667	46.68666666666667	46.913333333333334	46.873333333333335	47.04666666666667	47.1	47.26	47.16	47.08	47.11333333333334	47.54666666666667	46.94	47.28	47.4	47.346666666666664	47.50666666666667	47.36666666666667	47.406666666666666	47.3	47.346666666666664	47.26	47.21333333333333	47.10666666666667	47.26	47.513333333333335	47.406666666666666	47.34	47.18	47.266666666666666	47.26	46.766666666666666	46.71333333333333	45.8	43.88	0.0
0.0	43.72666666666667	46.03333333333333	46.74666666666667	47.153333333333336	47.2	47.04666666666667	47.166666666666664	47.266666666666666	47.12	47.346666666666664	47.25333333333333	47.026666666666664	47.5	47.14	47.31333333333333	47.21333333333333	47.32666666666667	47.06666666666667	47.026666666666664	47.21333333333333	47.08	47.42	47.24666666666667	47.373333333333335	47.32	47.58	47.12	47.50666666666667	47.446666666666665	47.39333333333333	47.34	47.07333333333333	46.85333333333333	45.95333333333333	43.973333333333336	0.0
0.0	43.82666666666667	45.82666666666667	46.42666666666667	46.99333333333333	47.03333333333333	47.026666666666664	46.9	46.8	46.96	46.96	46.833333333333336	46.846666666666664	47.233333333333334	47.11333333333334	47.06	46.913333333333334	47.03333333333333	47.1	47.166666666666664	46.873333333333335	47.04666666666667	47.026666666666664	47.20666666666666	47.18	47.21333333333333	47.1	46.96	46.85333333333333	47.26	47.04	46.78	46.913333333333334	46.68	45.75333333333333	43.88666666666666	0.0
0.0	43.50666666666667	45.593333333333334	46.04666666666667	46.63333333333333	46.586666666666666	46.593333333333334	46.733333333333334	47.34	47.04	46.64	46.846666666666664	46.26	46.44	46.693333333333335	46.653333333333336	46.86	47.14	46.98	46.79333333333334	46.82	46.62	47.086666666666666	46.5	46.49333333333333	46.833333333333336	46.8	46.586666666666666	46.75333333333333	46.44	46.84	46.373333333333335	46.62	46.35333333333333	45.653333333333336	43.74	0.0
0.0	44.21333333333333	46.16	47.013333333333335	46.94	47.02	47.48	47.50666666666667	47.38666666666666	47.28666666666667	47.4	47.67333333333333	47.58	47.28666666666667	47.35333333333333	47.193333333333335	47.586666666666666	47.6	47.68	47.68	47.666666666666664	47.75333333333333	47.88	47.626666666666665	47.13333333333333	47.36	47.126666666666665	47.35333333333333	47.406666666666666	47.2	47.17333333333333	47.486666666666665	47.42666666666667	46.66	46.06	44.16	0.0
0.0	44.22666666666667	46.02	46.60666666666667	46.85333333333333	46.88666666666666	47.27333333333333	47.16	47.28666666666667	47.49333333333333	47.6	47.086666666666666	47.24666666666667	47.233333333333334	47.486666666666665	47.486666666666665	47.31333333333333	47.18	47.50666666666667	47.413333333333334	47.56666666666667	47.333333333333336	47.266666666666666	47.1	46.973333333333336	47.38	47.46666666666667	47.413333333333334	47.2	46.92	47.18666666666667	46.9	46.79333333333334	46.32	45.666666666666664	43.95333333333333	0.0
0.0	43.913333333333334	45.92666666666667	46.29333333333334	46.95333333333333	46.86	47.28	47.28666666666667	47.24666666666667	46.986666666666665	46.92	47.193333333333335	47.08	47.1	47.00666666666667	47.21333333333333	47.413333333333334	47.20666666666666	47.44	47.446666666666665	47.553333333333335	47.46	47.38666666666666	47.34	47.266666666666666	47.53333333333333	47.10666666666667	46.96666666666667	47.14666666666667	47.446666666666665	47.00666666666667	47.513333333333335	47.086666666666666	46.46	46.126666666666665	44.00666666666667	0.0
0.0	43.8	45.94	46.36666666666667	46.666666666666664	46.95333333333333	47.25333333333333	47.22666666666667	47.29333333333334	47.08	46.99333333333333	47.4	47.413333333333334	47.27333333333333	47.11333333333334	47.32	47.22666666666667	47.34	47.32666666666667	47.3	47.21333333333333	47.34	47.24	47.35333333333333	47.02	46.946666666666665	46.74666666666667	46.92	46.78666666666667	47.14666666666667	46.873333333333335	47.28666666666667	46.693333333333335	46.626666666666665	45.74666666666667	43.913333333333334	0.0
0.0	44.32666666666667	46.373333333333335	47.18666666666667	47.8	47.54666666666667	47.84	48.026666666666664	47.846666666666664	47.86666666666667	47.74	47.56	47.846666666666664	47.626666666666665	48.026666666666664	47.75333333333333	48.086666666666666	48.0	48.02	47.92	48.03333333333333	47.92666666666667	47.86	47.986666666666665	47.64666666666667	48.053333333333335	47.653333333333336	47.62	47.693333333333335	47.34	47.45333333333333	47.626666666666665	47.56	47.06666666666667	46.166666666666664	44.13333333333333	0.0
0.0	43.973333333333336	45.986666666666665	45.99333333333333	46.653333333333336	46.66	46.766666666666666	46.946666666666665	46.89333333333333	46.986666666666665	46.8	47.18	47.126666666666665	47.18666666666667	47.02	47.02	47.13333333333333	47.17333333333333	47.2	47.18	46.913333333333334	47.193333333333335	46.653333333333336	46.66	46.66	46.99333333333333	46.846666666666664	46.733333333333334	46.84	46.86666666666667	46.98	46.733333333333334	46.58	46.35333333333333	45.77333333333333	43.77333333333333	0.0
0.0	44.02	46.04	46.68666666666667	46.946666666666665	47.153333333333336	47.53333333333333	47.58	47.166666666666664	47.27333333333333	47.14	47.44	47.50666666666667	47.13333333333333	47.45333333333333	47.653333333333336	47.446666666666665	47.44	47.693333333333335	47.733333333333334	47.2	47.1	47.3	47.31333333333333	47.28	47.50666666666667	47.27333333333333	47.28	47.32666666666667	47.10666666666667	47.473333333333336	47.3	47.1	46.82666666666667	46.126666666666665	44.1	0.0
0.0	44.153333333333336	46.0	46.85333333333333	47.22666666666667	47.31333333333333	47.34	47.233333333333334	47.04	46.96	47.266666666666666	47.52	47.46	47.78	47.45333333333333	47.5	47.4	47.38666666666666	47.36666666666667	47.04666666666667	47.2	47.32666666666667	47.28666666666667	47.18666666666667	47.38666666666666	47.34	46.95333333333333	47.18	47.26	47.35333333333333	47.2	47.42666666666667	46.913333333333334	46.71333333333333	46.06	43.93333333333333	0.0
0.0	43.873333333333335	46.166666666666664	46.95333333333333	46.88	46.71333333333333	46.833333333333336	47.20666666666666	47.14666666666667	47.28	47.2	47.25333333333333	47.25333333333333	47.10666666666667	47.50666666666667	47.333333333333336	47.12	47.28666666666667	47.25333333333333	47.24666666666667	46.95333333333333	47.193333333333335	47.306666666666665	47.166666666666664	47.18	47.22666666666667	47.21333333333333	47.166666666666664	46.86	47.21333333333333	46.946666666666665	47.04666666666667	47.06	46.78666666666667	45.79333333333334	43.77333333333333	0.0
0.0	43.93333333333333	46.18	46.36666666666667	46.86	47.086666666666666	47.04666666666667	47.24666666666667	47.04	47.10666666666667	47.306666666666665	47.56666666666667	47.486666666666665	47.06	47.373333333333335	47.6	47.553333333333335	47.38666666666666	47.44	47.54	47.346666666666664	47.11333333333334	47.233333333333334	47.413333333333334	47.13333333333333	46.96666666666667	46.93333333333333	46.9	47.2	47.346666666666664	47.07333333333333	46.96666666666667	46.846666666666664	46.8	46.00666666666667	44.18	0.0
0.0	44.126666666666665	46.11333333333334	46.626666666666665	47.02	47.266666666666666	47.22666666666667	47.24666666666667	47.64666666666667	47.4	47.126666666666665	47.42	47.54	47.373333333333335	47.0	47.653333333333336	47.25333333333333	47.406666666666666	47.13333333333333	47.22666666666667	47.25333333333333	47.46	47.38	47.306666666666665	47.56	47.346666666666664	47.08	46.93333333333333	46.88	47.22	47.16	46.9	46.96666666666667	46.60666666666667	46.18	44.12	0.0
0.0	43.946666666666665	46.26	46.86	47.2	47.57333333333333	47.78	47.54666666666667	47.43333333333333	47.71333333333333	47.626666666666665	47.96666666666667	47.833333333333336	47.64666666666667	47.9	47.406666666666666	47.766666666666666	47.84	47.413333333333334	47.24	47.18666666666667	47.413333333333334	47.306666666666665	47.653333333333336	47.50666666666667	47.18666666666667	47.586666666666666	47.52	47.57333333333333	47.53333333333333	47.333333333333336	47.1	46.986666666666665	46.6	45.94	44.22	0.0
0.0	44.28	45.76	46.64	47.04666666666667	47.02	47.58	47.20666666666666	47.333333333333336	47.53333333333333	47.14	47.346666666666664	47.08	47.306666666666665	47.32	47.38	47.46666666666667	47.446666666666665	47.6	47.49333333333333	47.266666666666666	47.38	47.166666666666664	47.25333333333333	46.946666666666665	47.13333333333333	47.42666666666667	47.34	47.4	47.36	47.46666666666667	47.266666666666666	46.766666666666666	46.49333333333333	46.36666666666667	44.27333333333333	0.0
0.0	44.10666666666667	45.75333333333333	46.46666666666667	46.96	46.77333333333333	46.96666666666667	46.88	47.07333333333333	46.9	46.9	47.06	47.32666666666667	47.38666666666666	47.18	47.11333333333334	47.0	47.0	47.266666666666666	47.11333333333334	46.846666666666664	46.79333333333334	46.94	46.88	46.63333333333333	46.86666666666667	47.08	47.00666666666667	47.17333333333333	46.64666666666667	46.38666666666666	46.513333333333335	46.78	46.406666666666666	46.093333333333334	43.98	0.0
0.0	44.25333333333333	45.96666666666667	46.406666666666666	46.76	47.06666666666667	47.13333333333333	47.306666666666665	47.586666666666666	47.36	47.333333333333336	47.27333333333333	47.17333333333333	47.25333333333333	47.126666666666665	47.446666666666665	47.35333333333333	47.34	47.473333333333336	47.53333333333333	47.46	47.2	47.56666666666667	47.38	47.32	47.406666666666666	47.18666666666667	47.04666666666667	47.3	46.77333333333333	46.96	46.93333333333333	46.93333333333333	46.48	45.82666666666667	44.28666666666667	0.0
0.0	43.99333333333333	45.733333333333334	46.2	46.806666666666665	46.89333333333333	47.18	46.93333333333333	46.833333333333336	47.1	46.8	46.99333333333333	46.96	47.18666666666667	47.08	47.10666666666667	46.92666666666667	47.04	46.6	46.72	46.82	46.766666666666666	46.653333333333336	46.78	46.63333333333333	46.96	46.72666666666667	46.88666666666666	46.74666666666667	46.93333333333333	46.99333333333333	46.74	46.89333333333333	46.18	45.60666666666667	44.00666666666667	0.0
0.0	44.333333333333336	46.1	46.96666666666667	47.18666666666667	47.32666666666667	47.50666666666667	47.346666666666664	47.14666666666667	47.38666666666666	47.43333333333333	47.36	47.35333333333333	47.5	47.406666666666666	47.64	47.6	47.526666666666664	47.25333333333333	47.78666666666667	47.406666666666666	47.4	47.56	47.32	47.46	47.473333333333336	47.34	47.64	47.446666666666665	47.49333333333333	47.16	47.31333333333333	47.04666666666667	46.45333333333333	46.013333333333335	44.29333333333334	0.0
0.0	43.833333333333336	45.95333333333333	46.4	46.70666666666666	47.04	47.04	47.086666666666666	46.88	46.95333333333333	47.04666666666667	47.406666666666666	47.58	47.446666666666665	47.38666666666666	47.406666666666666	47.42	47.32	47.24	47.16	47.32	47.70666666666666	47.31333333333333	47.053333333333335	47.413333333333334	47.18	47.153333333333336	47.36666666666667	47.473333333333336	47.18666666666667	47.16	46.96	46.82	46.806666666666665	46.06	44.21333333333333	0.0
0.0	43.96666666666667	45.95333333333333	46.88	46.86	47.086666666666666	47.42666666666667	47.20666666666666	47.333333333333336	47.233333333333334	47.07333333333333	47.5	47.54	47.44	47.25333333333333	47.06666666666667	47.373333333333335	47.29333333333334	47.333333333333336	47.21333333333333	47.21333333333333	47.4	47.21333333333333	47.406666666666666	47.17333333333333	47.29333333333334	47.193333333333335	47.11333333333334	47.07333333333333	47.02	46.95333333333333	46.806666666666665	46.833333333333336	46.18666666666667	45.986666666666665	44.07333333333333	0.0
0.0	43.79333333333334	45.9	46.32	46.526666666666664	46.96	46.846666666666664	47.07333333333333	47.14666666666667	47.31333333333333	47.26	47.233333333333334	46.986666666666665	47.13333333333333	46.75333333333333	47.086666666666666	47.02	46.94	46.82666666666667	46.9	46.9	46.89333333333333	47.04666666666667	46.946666666666665	47.11333333333334	47.333333333333336	47.233333333333334	47.093333333333334	47.0	46.95333333333333	47.2	46.88	46.68666666666667	46.266666666666666	45.653333333333336	44.22	0.0
0.0	43.99333333333333	45.586666666666666	46.22	46.64	46.74	46.88	46.99333333333333	47.38	47.20666666666666	46.693333333333335	47.06666666666667	47.04666666666667	47.08	47.06	47.34	47.08	47.17333333333333	46.873333333333335	47.31333333333333	46.96	47.3	46.653333333333336	46.806666666666665	46.806666666666665	46.913333333333334	47.38666666666666	47.25333333333333	47.053333333333335	46.973333333333336	46.63333333333333	46.46666666666667	46.32	46.50666666666667	45.72666666666667	43.906666666666666	0.0
0.0	44.026666666666664	45.913333333333334	46.526666666666664	46.82666666666667	46.81333333333333	47.20666666666666	47.126666666666665	47.25333333333333	47.36	47.24666666666667	47.266666666666666	47.593333333333334	47.2	47.16	47.44	46.96666666666667	46.94	46.82666666666667	47.24	47.346666666666664	47.04	47.07333333333333	47.086666666666666	47.153333333333336	46.95333333333333	47.22666666666667	47.12	47.08	46.93333333333333	46.86	47.11333333333334	46.81333333333333	46.38666666666666	45.833333333333336	43.913333333333334	0.0
0.0	43.88	45.63333333333333	46.50666666666667	46.92666666666667	46.92	46.96	47.126666666666665	46.906666666666666	47.126666666666665	47.04666666666667	46.98	47.00666666666667	46.79333333333334	47.17333333333333	47.13333333333333	47.12	47.45333333333333	47.43333333333333	47.48	46.86666666666667	47.31333333333333	47.373333333333335	46.85333333333333	46.70666666666666	47.333333333333336	47.013333333333335	47.406666666666666	47.36666666666667	47.02	47.08	47.013333333333335	46.79333333333334	46.946666666666665	45.79333333333334	43.78666666666667	0.0
0.0	44.07333333333333	46.18	46.413333333333334	47.153333333333336	47.22	46.973333333333336	47.54	47.473333333333336	47.806666666666665	47.60666666666667	47.2	47.473333333333336	47.306666666666665	47.46	47.27333333333333	47.413333333333334	47.48	47.46	47.413333333333334	47.14666666666667	47.61333333333334	47.3	47.42	47.56	47.54	47.473333333333336	47.266666666666666	47.38	47.513333333333335	47.06666666666667	47.27333333333333	47.153333333333336	46.86666666666667	45.973333333333336	44.03333333333333	0.0
0.0	44.22666666666667	46.06	46.873333333333335	47.14666666666667	47.53333333333333	47.806666666666665	47.60666666666667	47.32666666666667	47.13333333333333	47.38	47.626666666666665	47.38666666666666	47.56	47.66	47.57333333333333	47.473333333333336	47.68666666666667	47.52	47.60666666666667	47.346666666666664	47.63333333333333	47.82	47.81333333333333	47.473333333333336	47.56	47.553333333333335	47.68666666666667	47.28666666666667	47.446666666666665	47.413333333333334	47.473333333333336	47.29333333333334	46.906666666666666	46.07333333333333	44.25333333333333	0.0
0.0	43.61333333333334	45.12	45.986666666666665	46.473333333333336	46.806666666666665	46.88666666666666	47.07333333333333	46.766666666666666	47.086666666666666	46.913333333333334	46.52	46.94	46.653333333333336	46.74	46.86666666666667	46.77333333333333	47.13333333333333	46.79333333333334	46.53333333333333	46.66	46.58	46.58	46.60666666666667	46.86	46.78666666666667	46.6	46.946666666666665	47.013333333333335	46.58	46.72666666666667	46.74	46.5	46.06666666666667	45.52	43.68666666666667	0.0
0.0	44.18666666666667	45.82	46.60666666666667	46.76	46.62	46.78	47.38666666666666	46.85333333333333	47.1	46.95333333333333	47.06666666666667	47.10666666666667	47.193333333333335	47.46666666666667	47.11333333333334	47.086666666666666	46.95333333333333	47.39333333333333	47.153333333333336	47.2	47.013333333333335	46.92	46.88666666666666	47.12	47.14666666666667	47.20666666666666	47.32	47.126666666666665	46.82666666666667	46.72666666666667	46.913333333333334	46.76	46.626666666666665	46.0	43.93333333333333	0.0
0.0	44.2	46.446666666666665	46.873333333333335	47.3	47.28666666666667	47.82	47.693333333333335	47.58	47.71333333333333	47.86	47.82	47.57333333333333	47.42666666666667	47.74666666666667	47.56	47.693333333333335	47.666666666666664	47.666666666666664	47.513333333333335	47.513333333333335	47.88666666666666	47.733333333333334	47.49333333333333	47.29333333333334	47.6	47.78666666666667	47.846666666666664	47.52	47.6	47.34	47.17333333333333	47.18	47.06666666666667	46.48	44.24	0.0
0.0	44.153333333333336	45.94	46.553333333333335	46.82	46.81333333333333	46.89333333333333	47.34	47.38666666666666	47.346666666666664	47.266666666666666	47.48	47.08	47.22666666666667	47.413333333333334	47.04	47.27333333333333	47.166666666666664	47.36	47.27333333333333	47.333333333333336	46.833333333333336	47.086666666666666	46.86666666666667	46.82	47.03333333333333	47.04666666666667	47.1	47.28	47.2	47.12	47.14	47.11333333333334	46.25333333333333	45.86666666666667	43.946666666666665	0.0
0.0	43.99333333333333	46.02	46.62	46.88666666666666	46.873333333333335	46.92	47.02	47.14666666666667	47.29333333333334	47.27333333333333	47.16	47.08	47.35333333333333	47.5	47.413333333333334	47.5	47.26	47.3	47.02	47.14	46.96666666666667	47.053333333333335	47.4	47.56666666666667	47.48	47.32	47.333333333333336	47.053333333333335	47.14666666666667	47.32666666666667	47.03333333333333	46.81333333333333	46.68	45.846666666666664	44.2	0.0
0.0	43.75333333333333	45.85333333333333	46.48	46.92666666666667	47.22666666666667	47.18666666666667	47.42666666666667	47.20666666666666	47.32666666666667	47.17333333333333	47.26	47.14	47.193333333333335	47.24	47.49333333333333	47.17333333333333	47.013333333333335	47.233333333333334	47.12	47.166666666666664	46.95333333333333	46.986666666666665	47.333333333333336	47.18	47.08	47.4	47.2	46.986666666666665	46.94	46.93333333333333	47.10666666666667	47.02	46.45333333333333	45.96666666666667	43.96	0.0
0.0	43.8	45.78	46.7	46.72	46.56	46.92666666666667	47.08	47.20666666666666	46.84	47.04	46.99333333333333	47.46	47.14666666666667	47.18	47.28666666666667	47.11333333333334	47.193333333333335	47.18	47.093333333333334	47.373333333333335	46.85333333333333	47.13333333333333	47.013333333333335	46.79333333333334	47.22	47.04666666666667	47.04	46.833333333333336	46.60666666666667	46.94	46.63333333333333	46.733333333333334	46.18666666666667	45.873333333333335	43.873333333333335	0.0
0.0	44.54	46.1	46.81333333333333	47.14666666666667	47.473333333333336	47.27333333333333	47.50666666666667	47.63333333333333	47.53333333333333	47.56666666666667	47.6	47.62	47.43333333333333	47.74666666666667	47.74666666666667	47.61333333333334	47.70666666666666	47.82666666666667	47.57333333333333	47.88	47.68666666666667	47.63333333333333	47.54666666666667	47.68	47.57333333333333	47.513333333333335	47.50666666666667	47.88	47.61333333333334	47.6	47.43333333333333	47.233333333333334	47.14	46.34	44.28666666666667	0.0
0.0	43.88666666666666	45.68	46.04666666666667	46.373333333333335	46.626666666666665	46.79333333333334	46.96	46.95333333333333	47.02	46.86	47.36666666666667	47.46	47.166666666666664	47.13333333333333	47.126666666666665	46.92666666666667	46.88	46.93333333333333	46.913333333333334	46.78666666666667	46.75333333333333	46.5	47.053333333333335	46.766666666666666	47.44	46.81333333333333	47.013333333333335	47.12	46.86666666666667	46.88666666666666	46.846666666666664	46.78666666666667	46.21333333333333	45.82	43.733333333333334	0.0
0.0	44.03333333333333	45.81333333333333	46.42	46.66	46.92	46.846666666666664	46.666666666666664	47.093333333333334	47.153333333333336	47.08	46.99333333333333	46.873333333333335	47.126666666666665	46.973333333333336	47.4	47.266666666666666	47.1	46.873333333333335	47.22	47.413333333333334	46.98	47.45333333333333	47.32	47.60666666666667	47.153333333333336	46.78	47.086666666666666	46.88666666666666	46.89333333333333	47.07333333333333	47.02	46.72666666666667	46.28666666666667	45.946666666666665	43.88	0.0
0.0	43.89333333333333	45.75333333333333	46.346666666666664	46.526666666666664	46.766666666666666	46.77333333333333	46.82666666666667	46.74666666666667	46.833333333333336	47.11333333333334	47.18	47.02	47.093333333333334	47.2	47.153333333333336	47.126666666666665	47.21333333333333	47.126666666666665	46.92666666666667	46.8	46.86666666666667	47.28	46.9	47.26	47.28666666666667	47.25333333333333	46.94	46.9	47.346666666666664	46.833333333333336	46.61333333333334	46.48	46.44	46.0	43.96666666666667	0.0
0.0	44.026666666666664	45.85333333333333	46.666666666666664	46.94	47.13333333333333	47.54666666666667	47.49333333333333	47.14	47.52	47.13333333333333	47.13333333333333	47.28666666666667	47.32666666666667	47.28	47.36666666666667	47.086666666666666	46.873333333333335	46.906666666666666	47.266666666666666	46.986666666666665	47.64666666666667	47.373333333333335	47.28	47.086666666666666	47.49333333333333	47.513333333333335	47.6	47.03333333333333	47.27333333333333	47.34	47.07333333333333	47.026666666666664	46.76	46.14666666666667	44.11333333333334	0.0
0.0	44.00666666666667	46.06666666666667	46.75333333333333	46.85333333333333	47.053333333333335	46.98	47.27333333333333	47.27333333333333	47.10666666666667	47.06666666666667	46.99333333333333	46.973333333333336	47.14	47.43333333333333	47.24	47.08	47.093333333333334	46.89333333333333	46.88	47.193333333333335	47.02	47.29333333333334	47.16	47.16	47.24	47.06666666666667	47.153333333333336	47.07333333333333	47.06	47.21333333333333	46.85333333333333	46.92	46.38666666666666	45.806666666666665	44.35333333333333	0.0
0.0	43.733333333333334	45.72666666666667	46.56666666666667	46.74	46.806666666666665	47.026666666666664	47.22	47.373333333333335	47.266666666666666	47.25333333333333	47.26	47.10666666666667	47.06	47.10666666666667	47.50666666666667	47.34	47.38666666666666	47.31333333333333	47.42	47.43333333333333	47.38666666666666	47.21333333333333	47.6	46.973333333333336	47.08	47.093333333333334	47.306666666666665	47.266666666666666	47.06666666666667	46.86666666666667	47.2	47.06	46.446666666666665	46.1	44.026666666666664	0.0
0.0	43.7	45.593333333333334	46.126666666666665	46.29333333333334	46.666666666666664	46.74666666666667	46.64	46.99333333333333	47.04666666666667	47.13333333333333	46.986666666666665	46.92	46.473333333333336	46.98	47.04	47.00666666666667	47.08	47.086666666666666	46.986666666666665	47.086666666666666	46.99333333333333	46.78	47.12	46.913333333333334	46.693333333333335	47.04	46.96666666666667	46.78666666666667	46.72666666666667	46.693333333333335	46.92	46.46666666666667	46.50666666666667	45.88	43.553333333333335	0.0
0.0	44.013333333333335	45.68	46.64666666666667	46.666666666666664	47.1	47.18	47.26	46.84	46.9	46.86	46.81333333333333	47.086666666666666	46.57333333333333	46.99333333333333	47.34	47.2	47.54	47.153333333333336	47.06	47.4	47.3	47.22666666666667	47.12	46.84	46.86666666666667	47.17333333333333	46.82666666666667	46.906666666666666	47.06	47.17333333333333	46.78666666666667	46.82	46.9	45.76	44.14666666666667	0.0
0.0	44.18	45.98	46.666666666666664	46.50666666666667	46.946666666666665	46.693333333333335	47.03333333333333	46.99333333333333	47.08	46.96	46.85333333333333	46.98	46.99333333333333	47.14666666666667	46.85333333333333	47.03333333333333	47.06666666666667	46.973333333333336	47.17333333333333	46.88	47.28	46.973333333333336	47.04666666666667	47.086666666666666	46.81333333333333	47.166666666666664	47.18666666666667	46.653333333333336	46.973333333333336	47.04	46.71333333333333	46.973333333333336	46.32	45.86666666666667	43.72	0.0
0.0	44.2	45.9	46.68	47.2	47.266666666666666	47.49333333333333	47.35333333333333	47.22666666666667	47.373333333333335	47.446666666666665	47.373333333333335	47.626666666666665	47.71333333333333	47.373333333333335	47.49333333333333	47.50666666666667	47.626666666666665	47.38	47.72666666666667	47.4	47.76	47.57333333333333	47.39333333333333	47.5	47.13333333333333	47.513333333333335	47.72666666666667	47.54666666666667	47.2	47.17333333333333	47.18	47.13333333333333	46.48	46.2	44.12	0.0
0.0	43.89333333333333	45.93333333333333	46.24	46.88	46.77333333333333	47.086666666666666	47.406666666666666	47.66	47.373333333333335	47.36	47.28666666666667	47.49333333333333	47.57333333333333	47.44	47.43333333333333	47.04666666666667	47.38666666666666	47.44	47.473333333333336	47.50666666666667	47.38666666666666	47.513333333333335	47.03333333333333	47.18	47.013333333333335	47.233333333333334	47.39333333333333	47.406666666666666	47.02	47.18	46.96666666666667	46.88	46.84	45.95333333333333	44.29333333333334	0.0
0.0	44.06666666666667	45.72	46.513333333333335	46.48	46.513333333333335	46.626666666666665	46.86666666666667	46.88666666666666	46.85333333333333	46.72666666666667	46.88666666666666	47.10666666666667	47.0	47.013333333333335	46.94	47.013333333333335	47.1	46.94	46.806666666666665	47.22666666666667	47.17333333333333	46.92666666666667	46.88666666666666	46.62	46.586666666666666	46.766666666666666	46.6	47.00666666666667	46.89333333333333	46.71333333333333	46.81333333333333	46.66	46.446666666666665	45.72666666666667	44.06	0.0
0.0	44.06	45.86	46.57333333333333	46.92	47.06666666666667	47.02	47.04666666666667	47.04666666666667	47.24666666666667	47.24666666666667	47.38666666666666	47.053333333333335	47.166666666666664	47.11333333333334	47.42666666666667	47.32	47.24	46.72	47.08	47.126666666666665	47.0	47.24666666666667	47.28666666666667	46.846666666666664	47.39333333333333	47.31333333333333	47.013333333333335	47.44	46.86666666666667	46.986666666666665	46.94	46.72666666666667	46.31333333333333	45.60666666666667	43.77333333333333	0.0
0.0	43.68	45.68666666666667	46.52	46.586666666666666	47.16	47.16	46.88666666666666	46.88	47.093333333333334	47.35333333333333	47.1	47.24666666666667	47.14666666666667	47.233333333333334	47.21333333333333	46.95333333333333	46.99333333333333	47.06666666666667	47.22666666666667	47.43333333333333	47.233333333333334	47.21333333333333	47.11333333333334	47.086666666666666	46.86666666666667	47.0	47.04666666666667	46.9	46.95333333333333	46.833333333333336	47.0	46.63333333333333	46.3	45.75333333333333	43.906666666666666	0.0
0.0	44.18	45.86666666666667	46.56666666666667	46.85333333333333	47.06666666666667	47.28	47.29333333333334	47.446666666666665	47.12	46.9	46.946666666666665	46.973333333333336	47.093333333333334	46.93333333333333	46.96666666666667	47.13333333333333	47.413333333333334	47.18666666666667	47.18666666666667	47.11333333333334	46.75333333333333	47.27333333333333	47.25333333333333	47.39333333333333	47.24666666666667	47.32666666666667	47.38666666666666	47.64	47.32666666666667	47.22666666666667	46.82666666666667	46.806666666666665	46.513333333333335	45.89333333333333	43.98	0.0
0.0	44.13333333333333	45.78	46.52	46.96666666666667	47.04666666666667	46.71333333333333	47.24666666666667	47.52	47.21333333333333	47.526666666666664	47.70666666666666	47.52	47.6	47.74	47.70666666666666	47.43333333333333	47.26	47.373333333333335	47.25333333333333	47.28666666666667	47.28	47.18666666666667	47.233333333333334	47.52	47.27333333333333	47.193333333333335	47.74	47.38666666666666	47.27333333333333	47.153333333333336	47.306666666666665	46.96666666666667	46.666666666666664	45.986666666666665	44.053333333333335	0.0
0.0	43.973333333333336	45.8	46.526666666666664	46.86	46.92	47.193333333333335	47.07333333333333	46.77333333333333	47.166666666666664	47.36	47.28	47.4	47.64666666666667	47.50666666666667	47.35333333333333	47.446666666666665	47.64	47.086666666666666	47.16	47.27333333333333	47.126666666666665	47.07333333333333	47.1	47.16	47.18	47.42666666666667	47.553333333333335	47.153333333333336	47.266666666666666	47.306666666666665	47.086666666666666	46.75333333333333	46.27333333333333	46.04	44.11333333333334	0.0
0.0	44.03333333333333	45.92	47.013333333333335	46.98	47.086666666666666	47.586666666666666	47.333333333333336	47.24666666666667	47.27333333333333	47.49333333333333	47.46666666666667	47.42	47.42	47.56	47.14666666666667	47.306666666666665	47.153333333333336	47.193333333333335	47.17333333333333	47.21333333333333	47.29333333333334	47.57333333333333	47.586666666666666	47.49333333333333	47.35333333333333	47.56666666666667	47.36666666666667	47.54666666666667	47.35333333333333	47.54	47.13333333333333	47.10666666666667	46.62	46.22	44.06666666666667	0.0
0.0	44.14	45.98	46.586666666666666	46.873333333333335	47.233333333333334	47.36	47.526666666666664	47.45333333333333	47.5	47.58	47.48	47.38666666666666	47.34	47.39333333333333	47.12	47.3	47.346666666666664	47.32666666666667	47.44	47.54666666666667	47.36666666666667	47.56666666666667	47.413333333333334	47.86	47.32666666666667	47.54	47.38666666666666	47.333333333333336	47.32	47.46	46.92	46.873333333333335	46.72	45.74666666666667	43.96666666666667	0.0
0.0	43.766666666666666	45.68666666666667	46.60666666666667	46.71333333333333	46.86666666666667	46.82	47.12	46.946666666666665	46.78	47.34	47.36	47.43333333333333	47.54	47.27333333333333	47.2	47.29333333333334	47.18666666666667	47.306666666666665	47.21333333333333	47.08	47.12	47.406666666666666	47.24666666666667	47.64666666666667	47.08	47.34	47.28	47.193333333333335	47.193333333333335	47.06	46.82666666666667	46.45333333333333	46.64	46.02	43.9	0.0
0.0	44.11333333333334	45.81333333333333	46.50666666666667	46.75333333333333	46.78666666666667	46.873333333333335	46.986666666666665	47.22666666666667	47.266666666666666	47.013333333333335	47.18666666666667	47.126666666666665	47.08	47.28666666666667	47.413333333333334	47.306666666666665	47.22	47.0	46.9	47.10666666666667	47.21333333333333	47.29333333333334	47.25333333333333	47.44	47.36666666666667	47.026666666666664	46.79333333333334	47.24666666666667	47.22666666666667	46.913333333333334	47.153333333333336	47.13333333333333	46.766666666666666	46.013333333333335	43.76	0.0
0.0	43.67333333333333	45.17333333333333	46.153333333333336	46.46666666666667	46.63333333333333	46.553333333333335	46.7	46.79333333333334	46.68666666666667	46.6	46.906666666666666	47.20666666666666	46.79333333333334	46.63333333333333	46.666666666666664	46.733333333333334	46.806666666666665	46.46	46.56	46.81333333333333	47.053333333333335	46.72	46.72	46.833333333333336	46.76	47.06666666666667	46.95333333333333	46.96666666666667	47.04666666666667	46.98	46.61333333333334	46.46666666666667	46.25333333333333	45.8	43.7	0.0
0.0	44.08	45.913333333333334	46.77333333333333	47.24666666666667	46.94	47.22	47.22	47.32666666666667	47.60666666666667	47.22666666666667	47.61333333333334	47.333333333333336	47.873333333333335	47.373333333333335	47.593333333333334	47.42666666666667	47.486666666666665	47.126666666666665	47.266666666666666	47.52	47.53333333333333	47.593333333333334	47.78666666666667	47.78	47.4	47.553333333333335	47.44	47.24	47.06	47.10666666666667	46.913333333333334	46.77333333333333	46.8	46.07333333333333	44.026666666666664	0.0
0.0	44.626666666666665	46.39333333333333	46.78	47.22666666666667	47.22666666666667	47.513333333333335	47.49333333333333	47.49333333333333	47.52	47.48	47.46	47.306666666666665	47.486666666666665	47.27333333333333	47.32666666666667	47.43333333333333	47.233333333333334	47.346666666666664	47.32	47.553333333333335	47.58	47.586666666666666	47.24666666666667	47.32	47.36666666666667	47.25333333333333	47.486666666666665	47.653333333333336	47.44	47.42	47.5	47.04666666666667	47.3	45.96666666666667	44.06	0.0
0.0	43.873333333333335	45.84	46.526666666666664	46.54666666666667	46.75333333333333	46.94	47.03333333333333	47.266666666666666	47.12	46.92	46.58	46.82666666666667	47.14666666666667	47.28666666666667	47.14666666666667	47.10666666666667	47.22666666666667	47.04	47.233333333333334	47.12	46.986666666666665	46.986666666666665	47.086666666666666	47.2	46.913333333333334	46.96666666666667	46.946666666666665	46.98	46.49333333333333	46.89333333333333	47.00666666666667	46.63333333333333	46.406666666666666	45.72666666666667	43.52	0.0
0.0	44.586666666666666	46.54666666666667	47.32666666666667	47.52	47.5	47.84	47.68	47.586666666666666	47.63333333333333	47.70666666666666	47.64666666666667	47.81333333333333	47.846666666666664	47.67333333333333	47.666666666666664	47.593333333333334	47.78	48.2	47.92	48.10666666666667	48.0	48.00666666666667	48.026666666666664	47.71333333333333	47.76	47.79333333333334	48.20666666666666	48.0	48.07333333333333	47.79333333333334	48.0	47.39333333333333	46.99333333333333	46.48	44.28	0.0
0.0	43.913333333333334	45.85333333333333	46.53333333333333	46.85333333333333	46.85333333333333	46.913333333333334	47.3	47.27333333333333	47.42666666666667	47.28	46.82666666666667	47.346666666666664	47.21333333333333	47.00666666666667	47.413333333333334	47.42666666666667	47.25333333333333	47.346666666666664	47.53333333333333	47.32666666666667	47.333333333333336	47.14	47.48	47.39333333333333	47.42	47.43333333333333	47.11333333333334	47.373333333333335	47.193333333333335	46.93333333333333	46.98	46.973333333333336	46.49333333333333	45.68666666666667	44.07333333333333	0.0
0.0	44.306666666666665	46.266666666666666	46.593333333333334	47.0	46.99333333333333	47.18	47.4	47.68666666666667	47.60666666666667	47.34	47.42666666666667	47.3	47.553333333333335	47.42	47.28666666666667	47.24666666666667	47.17333333333333	47.32666666666667	47.333333333333336	47.48	47.4	47.086666666666666	46.98	47.266666666666666	47.526666666666664	47.3	47.31333333333333	47.62	47.31333333333333	47.38	47.126666666666665	47.14666666666667	46.306666666666665	45.79333333333334	43.973333333333336	0.0
0.0	43.88666666666666	46.03333333333333	46.48	46.72	46.36666666666667	47.02	46.986666666666665	46.986666666666665	46.92666666666667	47.08	46.766666666666666	47.08	47.17333333333333	47.28	47.306666666666665	47.086666666666666	46.86666666666667	47.373333333333335	47.12	47.026666666666664	47.153333333333336	47.35333333333333	47.18	47.17333333333333	47.32666666666667	47.126666666666665	47.24	46.95333333333333	46.92	46.99333333333333	46.693333333333335	46.626666666666665	46.5	46.13333333333333	44.026666666666664	0.0
0.0	44.526666666666664	46.266666666666666	46.60666666666667	46.92666666666667	46.82	46.89333333333333	47.02	47.31333333333333	47.166666666666664	47.45333333333333	47.22666666666667	47.06666666666667	46.99333333333333	47.25333333333333	47.26	47.27333333333333	47.48	47.25333333333333	47.086666666666666	47.46	47.38666666666666	47.38666666666666	47.2	46.92	47.3	47.24666666666667	47.5	47.22	47.21333333333333	47.17333333333333	47.36666666666667	46.96	46.52	46.14666666666667	44.29333333333334	0.0
0.0	43.79333333333334	45.77333333333333	46.43333333333333	47.10666666666667	46.99333333333333	47.12	47.36	47.22	47.373333333333335	47.56	47.18666666666667	47.24	47.22	47.233333333333334	47.22666666666667	47.46666666666667	47.153333333333336	47.04	47.5	47.28	47.11333333333334	47.29333333333334	47.39333333333333	47.346666666666664	47.16	47.28	47.18666666666667	47.08	47.18666666666667	47.14666666666667	47.126666666666665	46.873333333333335	46.553333333333335	45.846666666666664	43.78	0.0
0.0	44.03333333333333	45.77333333333333	46.7	46.95333333333333	46.8	46.8	47.013333333333335	46.986666666666665	46.833333333333336	47.14	47.27333333333333	47.10666666666667	47.07333333333333	46.92666666666667	46.71333333333333	46.81333333333333	46.92666666666667	46.71333333333333	46.973333333333336	46.76	46.973333333333336	47.18666666666667	47.24666666666667	47.2	47.17333333333333	46.96666666666667	46.88	47.18666666666667	46.89333333333333	47.0	46.53333333333333	46.66	46.42	45.92666666666667	44.12	0.0
0.0	43.95333333333333	45.733333333333334	46.406666666666666	46.76	46.85333333333333	47.28666666666667	46.946666666666665	46.93333333333333	46.77333333333333	46.62	47.086666666666666	47.16	47.28666666666667	47.093333333333334	46.94	46.85333333333333	47.25333333333333	47.18666666666667	47.18	46.95333333333333	47.18666666666667	47.07333333333333	46.99333333333333	47.1	47.25333333333333	47.07333333333333	46.93333333333333	47.20666666666666	46.68	46.84	46.70666666666666	46.6	46.233333333333334	45.93333333333333	43.693333333333335	0.0
0.0	44.1	45.67333333333333	46.60666666666667	46.86666666666667	47.04666666666667	46.873333333333335	47.49333333333333	47.24666666666667	47.17333333333333	47.013333333333335	47.26	47.21333333333333	47.49333333333333	47.46666666666667	47.48	47.266666666666666	47.32666666666667	47.32666666666667	47.26	47.14	47.25333333333333	47.193333333333335	47.35333333333333	47.46	47.36	47.18	47.38	47.4	47.46666666666667	47.026666666666664	47.346666666666664	46.77333333333333	46.63333333333333	46.04666666666667	44.10666666666667	0.0
0.0	44.00666666666667	46.24666666666667	46.81333333333333	47.14666666666667	47.28666666666667	47.6	47.6	47.42666666666667	47.086666666666666	47.333333333333336	47.45333333333333	47.513333333333335	47.666666666666664	47.693333333333335	47.66	47.78666666666667	47.46	47.57333333333333	47.71333333333333	47.68666666666667	47.666666666666664	47.513333333333335	47.79333333333334	47.6	47.346666666666664	47.666666666666664	47.36	47.35333333333333	47.53333333333333	47.46	47.593333333333334	47.36666666666667	46.86	46.43333333333333	44.46666666666667	0.0
0.0	44.02	45.873333333333335	46.57333333333333	46.79333333333334	46.98	47.126666666666665	47.25333333333333	47.0	47.053333333333335	47.126666666666665	47.36666666666667	47.11333333333334	47.413333333333334	47.3	47.166666666666664	47.31333333333333	47.10666666666667	47.18	47.18666666666667	47.26	47.22	47.233333333333334	47.666666666666664	47.026666666666664	47.46666666666667	47.31333333333333	47.03333333333333	47.18666666666667	47.473333333333336	47.0	46.95333333333333	46.81333333333333	46.52	45.89333333333333	43.93333333333333	0.0
