0.0	44.486666666666665	46.733333333333334	47.21333333333333	47.88666666666666	48.04666666666667	48.06666666666667	48.166666666666664	48.093333333333334	48.553333333333335	48.526666666666664	48.53333333333333	48.75333333333333	48.54666666666667	48.76	48.7	48.8	48.82666666666667	48.86666666666667	48.61333333333334	48.42	48.093333333333334	48.54	48.38666666666666	48.49333333333333	48.35333333333333	47.92666666666667	48.64	48.38666666666666	48.406666666666666	48.526666666666664	48.22666666666667	47.74666666666667	47.45333333333333	46.413333333333334	44.42666666666667	0.0
0.0	44.88	46.8	47.96	48.04	48.20666666666666	48.626666666666665	48.57333333333333	48.79333333333334	48.86	48.766666666666666	48.53333333333333	49.1	49.14666666666667	48.89333333333333	48.68	49.08	48.57333333333333	48.71333333333333	48.76	48.92	48.67333333333333	48.9	49.1	48.666666666666664	48.593333333333334	48.50666666666667	48.873333333333335	48.913333333333334	48.593333333333334	48.3	48.67333333333333	48.53333333333333	47.586666666666666	46.84	44.593333333333334	0.0
0.0	44.82	46.78666666666667	47.79333333333334	48.63333333333333	48.98	48.873333333333335	49.04666666666667	49.11333333333334	48.88	48.92666666666667	48.806666666666665	49.03333333333333	48.8	48.72666666666667	48.86666666666667	48.94	49.21333333333333	48.973333333333336	48.913333333333334	49.29333333333334	49.28666666666667	49.126666666666665	48.96	48.93333333333333	49.026666666666664	49.08	49.013333333333335	48.68	48.79333333333334	48.88666666666666	48.95333333333333	48.42	47.71333333333333	46.873333333333335	44.78	0.0
0.0	44.70666666666666	46.973333333333336	47.7	48.24666666666667	48.22	48.906666666666666	48.46	48.56	48.72666666666667	48.74	48.84	49.0	48.75333333333333	48.74	48.666666666666664	48.653333333333336	48.96	48.833333333333336	48.8	48.76	48.72666666666667	48.8	48.79333333333334	48.93333333333333	48.75333333333333	48.74666666666667	48.92666666666667	48.66	48.54	48.54	48.46	48.61333333333334	47.89333333333333	46.92666666666667	44.50666666666667	0.0
0.0	44.49333333333333	46.64666666666667	47.68	48.12	47.96	48.266666666666666	48.49333333333333	48.56666666666667	48.486666666666665	48.68666666666667	49.21333333333333	48.74	48.5	48.593333333333334	48.666666666666664	48.4	48.4	48.446666666666665	48.35333333333333	48.406666666666666	48.626666666666665	48.48	48.63333333333333	48.46666666666667	48.48	48.42666666666667	48.36666666666667	48.68666666666667	48.346666666666664	48.086666666666666	48.153333333333336	47.66	47.60666666666667	46.93333333333333	44.13333333333333	0.0
0.0	44.48	46.973333333333336	47.873333333333335	47.98	48.29333333333334	48.026666666666664	48.64	48.61333333333334	48.88	48.653333333333336	48.62	48.46	48.693333333333335	48.52	48.36	48.48	48.52	48.74666666666667	48.346666666666664	48.52	48.526666666666664	48.72	48.28	48.693333333333335	48.31333333333333	48.31333333333333	48.42	48.333333333333336	48.373333333333335	48.4	48.48	48.086666666666666	48.086666666666666	46.64666666666667	44.8	0.0
0.0	45.026666666666664	46.92666666666667	47.29333333333334	47.9	48.4	48.44	48.446666666666665	48.66	48.76	48.64	48.873333333333335	48.57333333333333	48.52	48.70666666666666	48.52	48.846666666666664	48.693333333333335	48.92666666666667	48.63333333333333	48.693333333333335	48.46666666666667	48.12	48.53333333333333	48.5	48.32666666666667	48.446666666666665	48.473333333333336	48.34	48.49333333333333	48.57333333333333	48.31333333333333	47.93333333333333	47.45333333333333	46.733333333333334	44.486666666666665	0.0
0.0	44.74666666666667	46.96	47.96	48.32666666666667	48.833333333333336	48.70666666666666	48.733333333333334	48.81333333333333	49.2	49.0	48.946666666666665	49.20666666666666	49.38	49.333333333333336	49.586666666666666	49.36	49.26	49.086666666666666	49.346666666666664	49.29333333333334	49.6	49.333333333333336	49.346666666666664	49.10666666666667	49.13333333333333	49.026666666666664	49.07333333333333	48.86666666666667	48.81333333333333	48.86	48.733333333333334	48.54	47.67333333333333	46.906666666666666	44.77333333333333	0.0
0.0	44.526666666666664	46.46	47.68666666666667	48.06666666666667	48.126666666666665	48.29333333333334	47.88	48.04666666666667	48.02	48.14666666666667	48.31333333333333	48.43333333333333	48.17333333333333	48.4	48.22	48.29333333333334	48.32	48.62	48.846666666666664	48.28	48.60666666666667	48.29333333333334	48.18	48.46666666666667	48.38666666666666	48.39333333333333	47.946666666666665	48.1	47.96666666666667	48.16	48.00666666666667	47.666666666666664	47.2	46.56	44.46666666666667	0.0
0.0	44.45333333333333	47.0	47.79333333333334	48.03333333333333	48.29333333333334	48.473333333333336	48.75333333333333	48.88	48.4	48.94	48.873333333333335	48.473333333333336	48.666666666666664	48.766666666666666	48.46666666666667	48.67333333333333	48.68	48.54666666666667	48.52	48.513333333333335	48.64666666666667	48.38666666666666	48.473333333333336	48.38666666666666	48.67333333333333	48.413333333333334	48.666666666666664	48.68666666666667	48.82666666666667	48.413333333333334	48.38666666666666	47.70666666666666	47.86666666666667	47.306666666666665	44.7	0.0
0.0	44.78	47.11333333333334	47.653333333333336	48.346666666666664	48.406666666666666	48.553333333333335	48.74666666666667	48.64666666666667	48.78666666666667	48.71333333333333	48.86	48.513333333333335	48.8	48.92666666666667	48.77333333333333	48.75333333333333	48.74666666666667	48.88	48.82666666666667	48.82666666666667	48.95333333333333	48.8	48.913333333333334	48.72666666666667	48.733333333333334	48.96666666666667	48.973333333333336	48.75333333333333	48.79333333333334	49.14	48.693333333333335	48.18666666666667	47.66	46.766666666666666	44.74666666666667	0.0
0.0	44.89333333333333	46.96666666666667	48.086666666666666	48.54	48.53333333333333	48.96	48.913333333333334	48.973333333333336	48.72666666666667	49.2	48.96666666666667	49.14	49.373333333333335	49.12	49.306666666666665	49.28	49.31333333333333	49.406666666666666	49.11333333333334	48.846666666666664	49.25333333333333	48.98	48.86666666666667	49.193333333333335	48.946666666666665	48.806666666666665	48.95333333333333	48.846666666666664	48.81333333333333	48.46	48.31333333333333	48.45333333333333	48.13333333333333	47.3	44.666666666666664	0.0
0.0	44.513333333333335	46.58	47.266666666666666	47.693333333333335	48.026666666666664	48.333333333333336	48.42666666666667	48.56666666666667	48.32666666666667	48.54666666666667	48.43333333333333	48.666666666666664	48.446666666666665	48.48	48.60666666666667	48.346666666666664	48.28	48.72	48.93333333333333	48.68	48.693333333333335	48.82666666666667	48.586666666666666	48.473333333333336	47.99333333333333	48.126666666666665	48.086666666666666	47.94	48.153333333333336	47.973333333333336	48.14666666666667	47.66	47.153333333333336	46.38	44.666666666666664	0.0
0.0	44.46666666666667	47.04	47.7	48.21333333333333	48.346666666666664	48.66	48.34	48.626666666666665	48.54666666666667	48.486666666666665	48.77333333333333	48.67333333333333	48.78	48.92666666666667	48.75333333333333	48.92666666666667	48.76	48.66	48.81333333333333	48.74	48.44	48.873333333333335	48.666666666666664	48.66	48.913333333333334	48.7	48.52	48.733333333333334	48.34	48.02	48.18666666666667	48.2	47.6	46.71333333333333	44.8	0.0
0.0	44.81333333333333	46.693333333333335	47.89333333333333	47.973333333333336	48.473333333333336	48.906666666666666	48.61333333333334	48.92666666666667	48.42666666666667	48.54	49.026666666666664	48.84	48.693333333333335	48.68666666666667	48.62	48.54	48.666666666666664	48.79333333333334	48.6	48.52	48.61333333333334	48.58	48.67333333333333	48.45333333333333	48.56666666666667	48.413333333333334	48.57333333333333	48.586666666666666	48.513333333333335	48.22666666666667	48.406666666666666	48.10666666666667	47.50666666666667	46.74	44.53333333333333	0.0
0.0	44.7	47.26	47.84	47.86	48.64666666666667	48.653333333333336	48.49333333333333	48.77333333333333	48.44	48.77333333333333	48.88	49.03333333333333	48.88666666666666	48.973333333333336	49.35333333333333	49.08	48.86666666666667	48.653333333333336	48.57333333333333	48.806666666666665	48.553333333333335	49.2	49.026666666666664	49.0	48.89333333333333	48.72	48.986666666666665	49.29333333333334	48.96	48.36	48.20666666666666	47.93333333333333	47.85333333333333	46.986666666666665	44.913333333333334	0.0
0.0	44.61333333333334	47.00666666666667	47.846666666666664	47.79333333333334	48.58	48.77333333333333	48.666666666666664	48.513333333333335	48.67333333333333	48.74666666666667	48.86666666666667	48.66	48.553333333333335	48.67333333333333	48.50666666666667	48.61333333333334	48.82	48.82666666666667	49.153333333333336	48.666666666666664	48.54666666666667	48.67333333333333	48.53333333333333	48.35333333333333	48.50666666666667	48.92666666666667	48.67333333333333	48.31333333333333	48.45333333333333	47.98	47.96	48.02	47.64666666666667	46.78666666666667	44.95333333333333	0.0
0.0	44.8	47.026666666666664	47.72666666666667	48.42	48.53333333333333	48.64	49.04666666666667	49.14	49.24666666666667	49.166666666666664	48.96	48.96	49.00666666666667	48.89333333333333	48.82666666666667	48.92666666666667	49.02	48.76	48.67333333333333	48.94	48.53333333333333	48.66	49.17333333333333	48.72	48.82	48.42666666666667	48.88666666666666	48.806666666666665	48.78	48.92	48.42666666666667	48.38	48.07333333333333	47.0	44.63333333333333	0.0
0.0	44.56666666666667	46.61333333333334	47.5	47.86666666666667	48.0	48.36	48.333333333333336	48.406666666666666	48.39333333333333	48.7	48.76	48.76	48.486666666666665	48.266666666666666	48.653333333333336	48.71333333333333	48.68	48.58	48.32666666666667	48.44	48.373333333333335	48.54666666666667	48.58	48.60666666666667	48.346666666666664	48.78	48.52	48.473333333333336	48.10666666666667	48.28666666666667	48.166666666666664	47.94	47.44	46.60666666666667	44.333333333333336	0.0
0.0	44.56666666666667	46.43333333333333	47.593333333333334	47.88666666666666	48.26	48.013333333333335	48.126666666666665	48.346666666666664	48.193333333333335	48.553333333333335	48.34	48.10666666666667	48.35333333333333	48.27333333333333	48.17333333333333	48.3	48.406666666666666	48.153333333333336	48.2	48.306666666666665	48.413333333333334	48.56	48.513333333333335	48.526666666666664	48.43333333333333	48.49333333333333	48.45333333333333	48.32666666666667	48.22	48.04666666666667	47.986666666666665	47.64	47.5	46.833333333333336	44.306666666666665	0.0
0.0	44.846666666666664	46.77333333333333	47.76	48.346666666666664	48.58	48.593333333333334	48.54666666666667	48.3	48.60666666666667	48.5	48.45333333333333	48.50666666666667	48.49333333333333	48.846666666666664	48.82	48.89333333333333	48.766666666666666	48.733333333333334	48.84	48.9	48.64	48.513333333333335	48.44	48.85333333333333	48.67333333333333	48.626666666666665	48.78666666666667	48.76	48.57333333333333	48.71333333333333	48.5	48.34	47.66	46.526666666666664	44.553333333333335	0.0
0.0	44.48	46.88	47.75333333333333	48.026666666666664	48.693333333333335	48.74666666666667	48.986666666666665	48.85333333333333	48.75333333333333	48.96	48.98	48.82666666666667	49.27333333333333	48.88	48.86666666666667	48.88666666666666	48.553333333333335	48.78	49.1	48.68666666666667	48.96	49.193333333333335	49.13333333333333	48.78666666666667	49.03333333333333	48.526666666666664	48.84	48.57333333333333	48.593333333333334	48.4	48.27333333333333	48.32	47.86666666666667	46.68666666666667	44.53333333333333	0.0
0.0	44.85333333333333	46.76	47.66	47.986666666666665	48.1	48.473333333333336	48.56	48.84	49.06	48.88666666666666	48.70666666666666	48.82	48.94	48.93333333333333	48.766666666666666	48.86666666666667	49.16	49.03333333333333	49.026666666666664	48.88	48.9	48.306666666666665	48.56666666666667	48.61333333333334	48.46666666666667	48.74666666666667	48.78	48.84	48.846666666666664	48.78	48.62	48.413333333333334	47.666666666666664	46.693333333333335	44.52	0.0
0.0	44.75333333333333	46.846666666666664	47.72	48.44	48.333333333333336	48.733333333333334	48.9	48.77333333333333	49.10666666666667	49.193333333333335	48.92666666666667	48.946666666666665	48.986666666666665	49.153333333333336	48.82666666666667	49.06	48.88666666666666	49.21333333333333	49.053333333333335	48.986666666666665	49.20666666666666	49.21333333333333	49.233333333333334	48.913333333333334	49.126666666666665	48.64	48.46	48.98	48.75333333333333	49.04	48.593333333333334	48.553333333333335	47.74	46.88666666666666	44.88666666666666	0.0
0.0	44.78	47.053333333333335	48.28	48.08	48.57333333333333	48.82666666666667	48.76	48.946666666666665	49.02	49.24666666666667	49.02	49.39333333333333	49.31333333333333	49.18666666666667	49.36	49.3	49.24	49.193333333333335	48.913333333333334	49.28	49.233333333333334	48.74666666666667	48.95333333333333	48.733333333333334	48.92666666666667	48.71333333333333	48.93333333333333	48.653333333333336	48.72666666666667	48.56666666666667	48.48	48.373333333333335	48.013333333333335	47.08	44.653333333333336	0.0
0.0	44.38	46.806666666666665	47.42	47.78	48.026666666666664	48.28	48.27333333333333	48.34	48.166666666666664	48.5	48.48	48.64666666666667	48.48	48.4	48.346666666666664	48.26	48.64666666666667	48.34	48.35333333333333	48.35333333333333	48.32	47.973333333333336	48.21333333333333	48.5	48.34	48.48	48.18666666666667	48.36666666666667	47.98	48.32666666666667	47.99333333333333	48.08	47.053333333333335	46.49333333333333	44.43333333333333	0.0
0.0	44.53333333333333	46.57333333333333	47.53333333333333	48.25333333333333	48.11333333333334	48.28	48.57333333333333	48.54666666666667	48.42666666666667	48.693333333333335	48.49333333333333	48.766666666666666	48.64666666666667	49.04	48.78666666666667	48.693333333333335	48.89333333333333	48.906666666666666	48.67333333333333	48.78	48.79333333333334	49.14	49.18	48.98	49.42666666666667	48.93333333333333	48.84	48.86	48.88666666666666	48.86	48.54666666666667	48.18666666666667	47.57333333333333	46.96	44.52	0.0
0.0	44.553333333333335	46.61333333333334	47.79333333333334	47.906666666666666	48.50666666666667	48.45333333333333	48.21333333333333	48.50666666666667	48.89333333333333	48.67333333333333	48.693333333333335	48.61333333333334	48.7	48.56	48.38666666666666	48.71333333333333	48.66	48.88	48.67333333333333	48.64	48.626666666666665	48.6	48.57333333333333	48.486666666666665	48.6	48.71333333333333	48.766666666666666	48.526666666666664	48.446666666666665	48.49333333333333	48.43333333333333	47.99333333333333	47.733333333333334	46.626666666666665	44.36	0.0
0.0	44.66	46.50666666666667	47.42	48.22	48.086666666666666	48.306666666666665	48.62	48.66	48.52	48.5	48.8	48.72	48.56666666666667	48.553333333333335	48.75333333333333	48.62	48.82666666666667	48.64666666666667	48.626666666666665	48.526666666666664	48.92666666666667	48.846666666666664	48.74	48.766666666666666	48.86	48.68666666666667	48.63333333333333	48.54666666666667	48.38666666666666	48.406666666666666	48.34	48.04	47.74666666666667	46.67333333333333	44.54666666666667	0.0
0.0	44.38	46.58	47.35333333333333	47.95333333333333	48.24666666666667	48.42666666666667	48.45333333333333	48.733333333333334	48.72666666666667	48.74666666666667	48.31333333333333	48.266666666666666	48.306666666666665	48.46	48.38666666666666	48.32	48.66	49.04666666666667	48.52	48.586666666666666	48.5	48.666666666666664	49.0	48.513333333333335	48.593333333333334	48.17333333333333	48.38666666666666	48.48	48.526666666666664	48.66	48.486666666666665	47.95333333333333	47.72	46.666666666666664	44.61333333333334	0.0
0.0	44.72	46.86	47.72666666666667	47.89333333333333	48.2	48.45333333333333	48.4	48.43333333333333	48.56	48.72666666666667	48.70666666666666	48.653333333333336	48.846666666666664	49.126666666666665	49.013333333333335	49.17333333333333	49.0	49.18666666666667	48.586666666666666	48.92	48.85333333333333	48.67333333333333	48.86666666666667	48.53333333333333	48.43333333333333	48.57333333333333	48.6	48.95333333333333	48.89333333333333	48.86666666666667	48.64666666666667	48.473333333333336	47.92666666666667	46.74	44.85333333333333	0.0
0.0	44.413333333333334	46.78666666666667	47.766666666666666	48.42666666666667	48.39333333333333	48.553333333333335	48.913333333333334	48.526666666666664	48.74666666666667	48.50666666666667	48.61333333333334	49.053333333333335	48.99333333333333	48.906666666666666	49.00666666666667	48.973333333333336	48.96666666666667	49.18	48.9	48.68	49.193333333333335	48.86666666666667	49.026666666666664	48.96666666666667	48.77333333333333	48.64666666666667	48.61333333333334	48.733333333333334	48.526666666666664	48.56	48.346666666666664	47.986666666666665	47.79333333333334	46.9	44.82	0.0
0.0	44.78666666666667	46.553333333333335	47.42666666666667	48.26	48.44	48.28	48.193333333333335	48.4	48.74	48.50666666666667	48.28666666666667	48.74666666666667	48.56666666666667	48.38	48.66	48.53333333333333	48.86666666666667	48.78666666666667	48.52	48.60666666666667	48.60666666666667	48.446666666666665	48.70666666666666	48.72666666666667	48.82666666666667	48.68	48.653333333333336	48.693333333333335	48.52	48.29333333333334	48.48	48.27333333333333	47.68	46.93333333333333	44.68666666666667	0.0
0.0	44.66	47.08	48.1	48.373333333333335	48.733333333333334	48.48	48.42666666666667	48.57333333333333	48.68	48.986666666666665	49.04	48.913333333333334	48.99333333333333	48.766666666666666	48.95333333333333	48.806666666666665	49.04666666666667	48.96666666666667	48.98	48.913333333333334	49.13333333333333	48.82666666666667	49.07333333333333	48.833333333333336	48.553333333333335	48.74666666666667	48.50666666666667	48.833333333333336	48.96666666666667	48.74	48.913333333333334	48.513333333333335	47.81333333333333	46.833333333333336	44.62	0.0
0.0	44.61333333333334	47.02	47.86	47.833333333333336	48.27333333333333	48.26	48.373333333333335	48.28	48.39333333333333	48.46	48.3	48.45333333333333	48.32	48.86666666666667	48.34	48.17333333333333	48.7	48.64	48.82666666666667	48.76	48.68	48.57333333333333	48.593333333333334	48.67333333333333	48.693333333333335	48.85333333333333	48.56	48.473333333333336	48.38666666666666	48.24	48.2	47.72666666666667	47.42666666666667	46.68666666666667	44.96	0.0
0.0	44.38666666666666	46.473333333333336	47.18	47.42666666666667	48.18	48.266666666666666	48.16	47.89333333333333	48.36	48.36666666666667	48.32666666666667	48.39333333333333	48.28	48.333333333333336	48.31333333333333	48.34	48.333333333333336	48.07333333333333	48.153333333333336	48.24666666666667	48.346666666666664	48.24	48.17333333333333	48.21333333333333	48.10666666666667	48.60666666666667	48.17333333333333	48.21333333333333	48.02	47.88666666666666	48.13333333333333	47.71333333333333	47.22666666666667	46.32666666666667	44.153333333333336	0.0
0.0	44.46	46.86666666666667	47.36666666666667	47.74	48.12	48.593333333333334	48.60666666666667	48.7	48.58	48.68666666666667	48.53333333333333	48.586666666666666	48.53333333333333	48.42	48.64	48.70666666666666	48.513333333333335	48.32	48.553333333333335	48.72	48.74666666666667	48.693333333333335	48.4	48.24666666666667	48.70666666666666	48.913333333333334	48.666666666666664	48.61333333333334	48.50666666666667	48.26	48.56	48.21333333333333	47.78666666666667	46.72	44.48	0.0
0.0	44.57333333333333	46.54	47.346666666666664	48.26	48.18666666666667	48.74666666666667	48.806666666666665	48.72666666666667	48.96666666666667	48.78666666666667	48.5	48.79333333333334	48.7	48.82	48.873333333333335	49.10666666666667	49.10666666666667	49.013333333333335	49.166666666666664	49.04666666666667	49.06	48.63333333333333	48.833333333333336	48.76	48.54666666666667	48.74666666666667	49.126666666666665	48.75333333333333	48.78	48.586666666666666	48.333333333333336	48.126666666666665	47.68	46.74666666666667	44.42	0.0
0.0	44.86	46.75333333333333	47.42666666666667	47.99333333333333	48.373333333333335	48.086666666666666	48.27333333333333	48.32666666666667	48.67333333333333	48.78666666666667	48.92	48.85333333333333	48.42	48.526666666666664	48.96666666666667	48.79333333333334	48.75333333333333	48.64666666666667	48.67333333333333	48.78	48.62	48.88666666666666	48.52	48.63333333333333	48.92	48.74666666666667	48.66	48.61333333333334	48.54	48.24	48.14666666666667	48.08	47.733333333333334	46.93333333333333	44.49333333333333	0.0
0.0	44.93333333333333	46.92666666666667	47.67333333333333	47.78666666666667	48.10666666666667	48.20666666666666	48.68666666666667	48.56666666666667	48.8	48.43333333333333	48.913333333333334	48.58	48.946666666666665	48.806666666666665	48.846666666666664	48.626666666666665	48.64	48.82	49.08	48.7	48.806666666666665	48.7	48.906666666666666	48.93333333333333	48.36666666666667	48.84	48.58	48.54	48.57333333333333	48.75333333333333	48.21333333333333	48.13333333333333	47.57333333333333	46.986666666666665	44.32	0.0
0.0	44.70666666666666	46.766666666666666	47.833333333333336	48.24666666666667	48.31333333333333	48.72666666666667	48.38	48.46	48.5	48.70666666666666	48.95333333333333	48.88666666666666	48.64	48.486666666666665	48.49333333333333	49.17333333333333	48.766666666666666	48.92	48.86666666666667	48.593333333333334	48.56	48.95333333333333	48.6	48.88666666666666	48.92666666666667	48.88	48.9	48.79333333333334	48.64	48.77333333333333	48.333333333333336	48.473333333333336	47.86	47.06666666666667	45.04666666666667	0.0
0.0	44.79333333333334	46.806666666666665	47.66	48.14	48.71333333333333	48.99333333333333	48.873333333333335	49.11333333333334	48.98	48.71333333333333	48.99333333333333	49.02	49.11333333333334	48.766666666666666	48.6	48.806666666666665	48.44	48.74666666666667	48.86	48.81333333333333	48.53333333333333	48.76	48.8	48.98	48.78666666666667	49.053333333333335	48.96	48.473333333333336	48.88	48.513333333333335	48.70666666666666	48.22666666666667	47.54	46.906666666666666	44.68	0.0
0.0	44.473333333333336	46.78	47.626666666666665	48.166666666666664	48.24	48.36	48.28666666666667	48.42	48.78666666666667	49.10666666666667	49.0	48.61333333333334	48.72666666666667	48.986666666666665	48.653333333333336	48.766666666666666	48.8	48.7	48.68666666666667	49.06	48.72	48.86666666666667	48.593333333333334	48.74666666666667	48.526666666666664	48.46	48.76	48.513333333333335	48.806666666666665	48.653333333333336	48.54666666666667	48.24666666666667	47.63333333333333	47.1	44.67333333333333	0.0
0.0	44.93333333333333	47.093333333333334	48.00666666666667	48.166666666666664	48.77333333333333	48.766666666666666	49.14666666666667	49.03333333333333	49.31333333333333	49.04	48.906666666666666	48.93333333333333	49.04666666666667	49.06	48.93333333333333	49.1	49.153333333333336	48.92	48.81333333333333	49.153333333333336	49.126666666666665	49.00666666666667	48.973333333333336	49.086666666666666	49.166666666666664	49.12	48.946666666666665	48.846666666666664	49.00666666666667	48.68666666666667	48.653333333333336	48.10666666666667	48.04	47.2	44.72	0.0
0.0	44.553333333333335	46.42	47.4	48.18	48.14	48.25333333333333	48.473333333333336	48.373333333333335	48.486666666666665	48.913333333333334	48.973333333333336	48.7	48.833333333333336	49.07333333333333	48.64	48.72666666666667	49.22666666666667	48.766666666666666	48.913333333333334	48.49333333333333	48.82666666666667	48.78666666666667	49.08	48.95333333333333	48.8	48.64	49.20666666666666	48.86	48.57333333333333	48.44	48.42	48.153333333333336	47.93333333333333	47.346666666666664	44.45333333333333	0.0
0.0	44.07333333333333	46.72666666666667	47.49333333333333	48.04666666666667	48.053333333333335	48.333333333333336	48.4	48.38666666666666	48.50666666666667	48.42	48.6	48.56	48.52	48.96666666666667	48.473333333333336	48.32	48.406666666666666	48.553333333333335	48.873333333333335	48.60666666666667	48.666666666666664	48.593333333333334	48.42	48.68	48.406666666666666	48.58	48.44	48.34	48.38	48.346666666666664	47.85333333333333	47.766666666666666	47.62	46.42	44.70666666666666	0.0
0.0	44.54666666666667	47.153333333333336	47.693333333333335	48.04666666666667	48.346666666666664	48.53333333333333	48.54	48.66	48.94	48.94	48.653333333333336	48.82	48.66	48.82	48.88666666666666	48.68	48.63333333333333	48.473333333333336	48.77333333333333	48.72	48.86	48.846666666666664	48.873333333333335	48.85333333333333	48.81333333333333	48.86	48.92	48.72	48.626666666666665	48.31333333333333	48.21333333333333	48.46666666666667	47.913333333333334	46.78	44.306666666666665	0.0
0.0	44.53333333333333	46.74	47.406666666666666	47.8	48.086666666666666	48.32	48.166666666666664	48.66	48.44	48.24	48.21333333333333	48.28	48.20666666666666	48.513333333333335	48.27333333333333	48.766666666666666	48.5	48.473333333333336	48.586666666666666	48.49333333333333	48.52	48.693333333333335	48.58	48.806666666666665	48.57333333333333	48.526666666666664	48.806666666666665	48.21333333333333	48.626666666666665	48.34	48.36	47.99333333333333	47.346666666666664	46.64	44.42666666666667	0.0
0.0	44.50666666666667	46.693333333333335	47.693333333333335	47.96	47.96	48.28	48.346666666666664	48.72666666666667	48.56	48.413333333333334	48.46666666666667	48.63333333333333	48.49333333333333	48.446666666666665	48.78666666666667	48.54666666666667	48.53333333333333	48.4	48.406666666666666	48.8	48.593333333333334	48.306666666666665	48.333333333333336	48.35333333333333	48.513333333333335	48.62	48.233333333333334	48.266666666666666	48.22	48.233333333333334	48.13333333333333	47.88666666666666	47.16	46.486666666666665	44.593333333333334	0.0
0.0	44.4	46.733333333333334	47.36666666666667	47.92666666666667	48.14666666666667	48.346666666666664	48.52	48.6	48.446666666666665	48.72	48.7	48.82	48.54666666666667	49.04666666666667	48.8	48.626666666666665	48.62	48.92666666666667	48.85333333333333	48.68	48.873333333333335	48.88	48.78666666666667	48.57333333333333	48.31333333333333	48.43333333333333	48.74666666666667	48.38666666666666	48.39333333333333	48.42666666666667	48.25333333333333	48.0	47.48	46.586666666666666	44.46	0.0
0.0	44.086666666666666	46.553333333333335	47.25333333333333	47.986666666666665	47.72666666666667	47.93333333333333	48.16	48.22666666666667	48.16	48.3	48.66	48.42	48.846666666666664	48.72666666666667	48.833333333333336	48.653333333333336	48.53333333333333	48.54666666666667	48.53333333333333	48.446666666666665	48.3	48.406666666666666	48.62	48.64	48.38	48.42	48.17333333333333	48.18666666666667	48.166666666666664	48.1	48.153333333333336	47.593333333333334	47.00666666666667	46.67333333333333	44.626666666666665	0.0
0.0	44.473333333333336	46.64666666666667	47.76	48.08	48.36666666666667	48.6	48.733333333333334	48.62	48.413333333333334	48.64	48.82	48.806666666666665	48.82666666666667	48.946666666666665	49.086666666666666	49.18	48.666666666666664	49.07333333333333	48.95333333333333	48.8	49.08	48.913333333333334	48.57333333333333	48.7	48.56666666666667	48.61333333333334	48.45333333333333	48.67333333333333	48.63333333333333	48.63333333333333	48.38	48.42666666666667	47.733333333333334	46.92666666666667	44.67333333333333	0.0
0.0	44.5	46.64666666666667	47.68	47.89333333333333	48.5	48.873333333333335	49.126666666666665	49.13333333333333	48.68	48.86	48.96666666666667	48.7	49.20666666666666	49.24	49.086666666666666	49.4	49.306666666666665	49.17333333333333	49.026666666666664	49.14666666666667	48.78	48.78	49.053333333333335	48.766666666666666	48.72	48.85333333333333	48.86666666666667	48.92	48.6	48.24666666666667	48.20666666666666	47.846666666666664	47.67333333333333	47.093333333333334	44.9	0.0
0.0	44.446666666666665	46.61333333333334	47.693333333333335	47.84	48.086666666666666	48.43333333333333	48.373333333333335	48.58	48.24666666666667	48.2	48.24666666666667	48.53333333333333	48.54	48.31333333333333	48.26	48.34	48.32	48.28	48.54666666666667	48.306666666666665	48.44	48.16	48.28	48.5	48.20666666666666	48.02	48.18	48.36666666666667	48.333333333333336	48.06666666666667	48.053333333333335	47.806666666666665	47.5	46.79333333333334	44.3	0.0
0.0	44.48	46.60666666666667	47.24666666666667	47.86666666666667	48.24	48.28	48.50666666666667	48.29333333333334	48.446666666666665	48.42666666666667	48.32	48.3	48.70666666666666	48.44	48.60666666666667	48.68666666666667	48.833333333333336	48.60666666666667	48.53333333333333	48.586666666666666	48.593333333333334	48.60666666666667	48.56666666666667	48.49333333333333	48.63333333333333	48.6	48.593333333333334	48.49333333333333	48.38	48.50666666666667	48.31333333333333	48.086666666666666	47.86666666666667	46.653333333333336	44.586666666666666	0.0
0.0	44.61333333333334	47.00666666666667	47.71333333333333	47.96666666666667	48.10666666666667	48.446666666666665	48.62	48.593333333333334	48.6	48.446666666666665	48.61333333333334	48.833333333333336	49.06666666666667	48.76	48.74	48.74	49.16	48.92666666666667	49.053333333333335	49.00666666666667	48.67333333333333	49.08	48.58	49.08	49.08	48.58	48.72666666666667	48.49333333333333	48.413333333333334	48.526666666666664	48.473333333333336	47.96	47.92666666666667	46.82	44.71333333333333	0.0
0.0	44.64	46.586666666666666	47.61333333333334	48.13333333333333	48.11333333333334	48.46	48.75333333333333	48.68	48.62	48.74666666666667	49.12	48.8	48.766666666666666	48.86666666666667	48.72	48.63333333333333	48.96666666666667	48.986666666666665	48.96666666666667	49.0	48.85333333333333	48.9	49.18666666666667	48.873333333333335	49.126666666666665	48.71333333333333	48.81333333333333	48.806666666666665	48.946666666666665	48.53333333333333	48.406666666666666	48.026666666666664	47.21333333333333	46.66	44.60666666666667	0.0
0.0	44.53333333333333	46.526666666666664	47.45333333333333	47.766666666666666	48.07333333333333	48.35333333333333	48.373333333333335	48.54	48.74	48.4	48.57333333333333	48.8	48.906666666666666	48.60666666666667	48.806666666666665	48.76	48.36	48.66	48.7	49.013333333333335	48.906666666666666	48.85333333333333	48.63333333333333	48.473333333333336	48.913333333333334	48.693333333333335	48.62	48.666666666666664	48.56666666666667	48.54	48.29333333333334	47.94	47.68666666666667	46.5	44.27333333333333	0.0
0.0	44.46	46.64	47.85333333333333	47.93333333333333	48.34	48.5	48.3	48.53333333333333	48.5	48.64	48.52	48.74666666666667	48.7	48.94	48.74666666666667	48.76	48.32	48.58	48.733333333333334	48.60666666666667	48.48	48.42	48.36666666666667	48.46	48.373333333333335	48.126666666666665	48.16	48.50666666666667	48.56666666666667	48.39333333333333	48.18666666666667	48.06	47.473333333333336	46.74	44.57333333333333	0.0
0.0	44.586666666666666	46.74	47.72666666666667	48.086666666666666	48.11333333333334	48.68666666666667	48.72	48.35333333333333	48.86666666666667	49.153333333333336	48.98	48.88	48.81333333333333	48.88	48.62	48.81333333333333	49.03333333333333	48.56666666666667	48.913333333333334	48.68666666666667	48.78666666666667	48.71333333333333	48.81333333333333	48.846666666666664	48.57333333333333	48.653333333333336	48.846666666666664	48.49333333333333	48.56666666666667	48.49333333333333	48.586666666666666	48.193333333333335	47.54	46.666666666666664	44.446666666666665	0.0
0.0	44.486666666666665	46.75333333333333	47.586666666666666	47.63333333333333	48.18666666666667	47.96	48.4	48.24666666666667	48.6	48.32	48.38666666666666	48.72	48.64666666666667	48.89333333333333	48.833333333333336	48.45333333333333	48.54666666666667	48.53333333333333	48.50666666666667	48.64	48.35333333333333	48.60666666666667	48.28666666666667	48.11333333333334	48.526666666666664	48.52	48.486666666666665	48.17333333333333	47.99333333333333	48.27333333333333	47.8	48.026666666666664	47.45333333333333	46.78666666666667	44.63333333333333	0.0
0.0	44.586666666666666	46.72666666666667	47.70666666666666	48.026666666666664	48.03333333333333	48.026666666666664	48.28	48.526666666666664	48.68666666666667	48.666666666666664	48.626666666666665	48.42666666666667	48.38666666666666	48.46666666666667	48.24666666666667	48.56666666666667	48.413333333333334	48.56666666666667	48.626666666666665	48.74666666666667	48.82	48.52	48.593333333333334	48.586666666666666	48.66	48.81333333333333	49.04	48.8	48.54666666666667	48.43333333333333	48.46	48.06666666666667	47.56666666666667	46.513333333333335	44.57333333333333	0.0
0.0	45.06	46.92	47.946666666666665	48.406666666666666	48.78	48.946666666666665	48.586666666666666	48.693333333333335	49.04	49.20666666666666	48.77333333333333	48.74666666666667	48.54666666666667	48.96666666666667	49.00666666666667	49.28	49.1	48.99333333333333	49.03333333333333	48.806666666666665	48.98	48.82666666666667	48.74666666666667	48.82666666666667	49.06666666666667	48.96	48.77333333333333	48.50666666666667	48.48	48.68666666666667	48.22	48.1	47.68	46.88	45.013333333333335	0.0
0.0	44.4	46.92666666666667	47.666666666666664	47.93333333333333	48.25333333333333	47.9	48.60666666666667	48.806666666666665	48.35333333333333	49.12	48.64666666666667	48.75333333333333	48.49333333333333	48.446666666666665	48.42666666666667	48.67333333333333	48.48	48.54666666666667	48.78666666666667	48.81333333333333	48.72	48.733333333333334	48.50666666666667	48.94	48.78666666666667	48.96666666666667	48.68666666666667	48.72	48.72666666666667	48.4	48.42	47.946666666666665	47.586666666666666	46.92666666666667	44.593333333333334	0.0
0.0	44.67333333333333	46.67333333333333	47.36	47.72666666666667	48.29333333333334	48.20666666666666	48.373333333333335	48.79333333333334	48.64	48.78666666666667	48.38	48.38666666666666	48.54666666666667	48.6	48.56	48.553333333333335	49.02	49.093333333333334	48.93333333333333	48.79333333333334	49.12	48.766666666666666	48.82666666666667	48.67333333333333	48.67333333333333	48.74	48.86	48.76	48.373333333333335	48.373333333333335	48.36	48.00666666666667	47.406666666666666	46.32	44.54666666666667	0.0
0.0	44.49333333333333	46.86666666666667	47.53333333333333	48.126666666666665	48.07333333333333	48.306666666666665	48.53333333333333	48.473333333333336	48.54666666666667	48.44	48.70666666666666	48.79333333333334	48.88666666666666	48.89333333333333	48.84	48.72666666666667	48.74666666666667	48.75333333333333	48.5	48.46	48.84	48.52	48.593333333333334	48.77333333333333	48.593333333333334	48.7	48.35333333333333	48.57333333333333	48.553333333333335	48.373333333333335	48.36	47.67333333333333	47.406666666666666	46.72	44.64666666666667	0.0
0.0	44.60666666666667	46.82	48.06	48.66	48.653333333333336	48.39333333333333	48.81333333333333	49.04	48.68	48.66	48.74	48.96666666666667	48.98	48.77333333333333	48.79333333333334	48.906666666666666	48.89333333333333	48.733333333333334	48.56666666666667	48.553333333333335	48.81333333333333	48.46	48.68	48.77333333333333	48.42	48.86	48.38	48.28	48.27333333333333	48.38666666666666	48.36	48.166666666666664	47.86	46.64	44.74666666666667	0.0
0.0	44.32	46.46666666666667	47.84	48.053333333333335	48.306666666666665	48.193333333333335	48.24666666666667	48.39333333333333	48.306666666666665	48.74666666666667	48.38	48.46	48.306666666666665	48.21333333333333	47.99333333333333	48.61333333333334	48.25333333333333	48.346666666666664	48.22	48.22	48.14666666666667	48.153333333333336	48.1	48.4	48.24	48.13333333333333	48.086666666666666	48.333333333333336	48.25333333333333	48.16	48.013333333333335	47.473333333333336	47.39333333333333	46.6	44.36	0.0
0.0	44.4	46.76	47.38	48.04666666666667	48.24	48.46666666666667	48.39333333333333	48.92666666666667	48.873333333333335	48.626666666666665	48.86	48.71333333333333	49.18666666666667	48.9	48.86	49.1	49.07333333333333	48.906666666666666	48.77333333333333	48.8	48.666666666666664	48.78	48.96	48.82666666666667	48.53333333333333	48.98	48.64666666666667	48.46	48.193333333333335	48.43333333333333	48.4	48.086666666666666	47.413333333333334	46.846666666666664	44.79333333333334	0.0
0.0	44.84	46.89333333333333	47.72666666666667	48.22	48.24666666666667	48.78666666666667	48.82666666666667	48.873333333333335	48.86	48.86666666666667	48.48	48.8	48.81333333333333	48.76	49.20666666666666	48.666666666666664	48.66	49.06666666666667	49.00666666666667	49.1	48.88666666666666	49.22	48.78666666666667	48.75333333333333	48.553333333333335	48.68666666666667	48.4	48.60666666666667	48.653333333333336	48.64	48.346666666666664	48.24666666666667	47.56	46.88666666666666	44.81333333333333	0.0
0.0	44.9	46.84	47.553333333333335	48.24	48.553333333333335	48.49333333333333	48.96	48.56	48.96666666666667	49.013333333333335	49.24	49.43333333333333	49.12	49.0	49.04	48.86666666666667	49.086666666666666	48.79333333333334	49.093333333333334	49.346666666666664	49.333333333333336	49.48	49.36666666666667	49.413333333333334	49.306666666666665	49.03333333333333	48.986666666666665	49.02	48.86666666666667	48.64666666666667	48.48	48.07333333333333	47.82666666666667	46.806666666666665	44.77333333333333	0.0
0.0	44.27333333333333	46.32666666666667	47.57333333333333	48.27333333333333	48.39333333333333	48.32666666666667	48.42	48.62	48.28666666666667	48.52	48.74666666666667	48.526666666666664	48.75333333333333	48.72666666666667	48.43333333333333	48.61333333333334	48.586666666666666	48.766666666666666	48.68666666666667	48.60666666666667	48.56	48.486666666666665	48.77333333333333	48.56666666666667	48.52	48.5	48.153333333333336	48.34	48.46666666666667	48.32	48.38	48.233333333333334	47.38666666666666	46.78666666666667	44.72666666666667	0.0
0.0	44.86666666666667	47.06666666666667	47.98	48.54	48.11333333333334	48.473333333333336	48.4	48.68666666666667	48.77333333333333	48.86666666666667	48.833333333333336	49.49333333333333	48.76	49.04	48.70666666666666	49.14666666666667	48.8	49.1	48.733333333333334	48.76	48.70666666666666	48.81333333333333	49.17333333333333	49.03333333333333	48.846666666666664	48.79333333333334	48.78666666666667	48.75333333333333	48.56666666666667	49.12	48.48	48.193333333333335	47.42666666666667	46.76	44.74	0.0
0.0	44.79333333333334	46.946666666666665	47.61333333333334	48.153333333333336	48.36666666666667	48.22666666666667	48.34	48.373333333333335	48.62	48.56	48.74666666666667	48.71333333333333	49.02	48.88	48.8	48.61333333333334	48.986666666666665	48.913333333333334	49.11333333333334	48.846666666666664	49.013333333333335	48.95333333333333	49.013333333333335	48.93333333333333	49.013333333333335	48.913333333333334	48.58	48.88	48.54666666666667	48.67333333333333	48.486666666666665	48.20666666666666	47.71333333333333	46.79333333333334	44.78	0.0
0.0	44.79333333333334	47.0	47.973333333333336	48.25333333333333	48.68666666666667	48.54666666666667	48.76	48.553333333333335	48.63333333333333	48.64666666666667	48.486666666666665	48.66	48.64	48.43333333333333	48.626666666666665	48.54	48.44	49.00666666666667	48.42666666666667	48.6	48.39333333333333	48.733333333333334	48.46666666666667	48.72666666666667	48.68666666666667	48.986666666666665	48.48	48.76	48.6	48.79333333333334	48.58	48.29333333333334	47.526666666666664	46.79333333333334	44.76	0.0
0.0	44.513333333333335	46.89333333333333	47.74	48.22	48.10666666666667	48.38666666666666	48.346666666666664	48.26	48.733333333333334	48.42666666666667	48.593333333333334	48.486666666666665	48.5	48.8	48.58	48.75333333333333	48.846666666666664	49.1	48.6	49.13333333333333	48.82666666666667	48.833333333333336	48.89333333333333	48.56666666666667	48.63333333333333	48.586666666666666	48.60666666666667	48.81333333333333	48.27333333333333	48.50666666666667	48.24	48.093333333333334	47.54666666666667	47.00666666666667	44.7	0.0
0.0	44.5	46.48	47.49333333333333	47.64666666666667	47.66	48.04666666666667	48.34	48.346666666666664	48.31333333333333	48.4	48.086666666666666	48.593333333333334	48.81333333333333	48.7	48.48	48.626666666666665	48.72	48.806666666666665	48.96	48.77333333333333	48.553333333333335	48.86666666666667	49.04	48.92666666666667	48.626666666666665	48.42	48.72666666666667	48.71333333333333	48.63333333333333	48.38666666666666	48.36	48.12	47.10666666666667	46.413333333333334	44.42	0.0
0.0	44.593333333333334	46.64666666666667	47.62	47.78	48.346666666666664	48.61333333333334	48.64	48.666666666666664	48.553333333333335	48.56	48.64666666666667	48.54666666666667	48.57333333333333	48.56	48.473333333333336	48.86	48.86	48.81333333333333	48.986666666666665	48.653333333333336	48.7	48.48	48.68	48.58	48.32	48.00666666666667	48.306666666666665	48.28	48.06666666666667	47.95333333333333	47.946666666666665	47.98	47.513333333333335	46.626666666666665	44.593333333333334	0.0
0.0	44.53333333333333	46.6	47.32	47.833333333333336	48.26	48.68666666666667	48.20666666666666	48.61333333333334	48.666666666666664	48.806666666666665	48.70666666666666	48.57333333333333	48.67333333333333	48.513333333333335	48.89333333333333	48.88	48.64	48.57333333333333	48.72	48.57333333333333	48.64	48.32	48.68	48.3	48.946666666666665	49.24	48.56	48.48	48.43333333333333	48.49333333333333	48.22666666666667	48.013333333333335	47.42	46.74666666666667	44.733333333333334	0.0
0.0	44.693333333333335	46.71333333333333	47.6	48.13333333333333	48.25333333333333	48.32666666666667	48.45333333333333	48.306666666666665	48.67333333333333	48.84	48.56666666666667	48.806666666666665	48.733333333333334	48.88	48.346666666666664	49.093333333333334	48.666666666666664	48.653333333333336	48.76	48.68666666666667	48.653333333333336	48.48	49.013333333333335	48.973333333333336	48.72	48.82	48.593333333333334	48.52	48.526666666666664	48.513333333333335	48.346666666666664	48.086666666666666	47.586666666666666	46.8	44.8	0.0
0.0	44.653333333333336	46.82666666666667	47.70666666666666	47.74	48.346666666666664	48.61333333333334	48.553333333333335	48.70666666666666	48.733333333333334	49.29333333333334	49.04666666666667	49.00666666666667	49.06	48.76	49.03333333333333	48.946666666666665	49.13333333333333	49.0	49.22	48.8	49.03333333333333	48.973333333333336	48.67333333333333	48.973333333333336	49.306666666666665	49.013333333333335	48.70666666666666	48.78	48.82	48.78	48.28666666666667	48.20666666666666	47.733333333333334	46.806666666666665	44.86	0.0
0.0	44.413333333333334	46.413333333333334	47.28	47.89333333333333	48.42	48.04	48.36666666666667	48.806666666666665	48.62	48.32	48.64	48.153333333333336	48.446666666666665	48.31333333333333	48.60666666666667	48.57333333333333	48.38	48.32	48.86666666666667	48.653333333333336	48.56666666666667	48.56666666666667	48.733333333333334	48.553333333333335	48.66	48.373333333333335	48.53333333333333	48.593333333333334	48.44	48.07333333333333	47.81333333333333	47.49333333333333	47.50666666666667	46.48	44.233333333333334	0.0
0.0	44.62	46.84	47.593333333333334	48.333333333333336	48.62	48.43333333333333	48.48	49.03333333333333	48.56666666666667	48.413333333333334	48.693333333333335	48.52	48.32666666666667	48.61333333333334	48.526666666666664	48.8	48.54666666666667	48.62	48.446666666666665	48.553333333333335	48.586666666666666	48.833333333333336	48.38666666666666	48.82666666666667	48.7	48.8	48.72666666666667	48.44	48.126666666666665	48.35333333333333	48.06	48.14	47.486666666666665	46.74666666666667	44.61333333333334	0.0
0.0	44.18666666666667	46.68	47.086666666666666	47.586666666666666	47.486666666666665	47.99333333333333	48.00666666666667	48.46	48.28	48.10666666666667	48.25333333333333	48.16	48.553333333333335	48.38	48.38666666666666	48.46	48.406666666666666	48.03333333333333	48.35333333333333	48.12	47.96666666666667	48.28	48.18666666666667	48.49333333333333	48.413333333333334	48.333333333333336	48.053333333333335	48.06	48.5	48.00666666666667	47.74	47.34	47.373333333333335	46.79333333333334	44.2	0.0
0.0	44.446666666666665	46.64	47.54	48.053333333333335	48.03333333333333	48.26	48.39333333333333	48.3	48.35333333333333	48.513333333333335	48.58	48.25333333333333	48.31333333333333	48.10666666666667	48.49333333333333	48.6	48.96666666666667	48.57333333333333	48.39333333333333	48.306666666666665	48.306666666666665	48.36	48.38666666666666	48.36	48.56	48.62	48.27333333333333	48.56666666666667	48.06	48.153333333333336	48.2	47.86	47.166666666666664	46.56666666666667	44.76	0.0
0.0	44.82666666666667	46.76	47.806666666666665	48.093333333333334	48.04666666666667	48.586666666666666	48.52	48.406666666666666	48.9	48.913333333333334	49.0	49.266666666666666	49.10666666666667	49.093333333333334	49.07333333333333	48.8	48.79333333333334	48.75333333333333	49.04666666666667	49.10666666666667	49.013333333333335	48.93333333333333	48.88	49.07333333333333	48.68	48.60666666666667	48.74666666666667	48.82666666666667	48.56	48.586666666666666	48.74666666666667	47.8	47.39333333333333	46.42666666666667	44.67333333333333	0.0
0.0	44.88	47.07333333333333	47.70666666666666	48.04666666666667	48.46666666666667	48.66	48.63333333333333	48.64	48.77333333333333	48.553333333333335	48.76	49.07333333333333	48.74666666666667	48.98	48.99333333333333	49.24	49.16	48.96666666666667	49.166666666666664	48.9	49.11333333333334	49.013333333333335	48.9	49.00666666666667	48.733333333333334	48.913333333333334	48.873333333333335	48.846666666666664	48.60666666666667	48.526666666666664	48.52	48.626666666666665	47.56	47.12	44.78666666666667	0.0
0.0	44.526666666666664	47.32	47.8	48.04666666666667	48.68	48.846666666666664	49.053333333333335	48.88	48.473333333333336	48.38666666666666	48.54	48.85333333333333	48.57333333333333	48.81333333333333	48.593333333333334	48.48	48.78666666666667	48.72666666666667	48.693333333333335	49.16	48.92	49.25333333333333	49.193333333333335	49.013333333333335	49.07333333333333	48.49333333333333	48.58	48.78666666666667	49.026666666666664	48.52	48.57333333333333	48.06666666666667	47.766666666666666	46.89333333333333	44.62	0.0
0.0	44.53333333333333	46.86	47.85333333333333	48.36	48.31333333333333	48.586666666666666	48.913333333333334	48.526666666666664	48.92	48.913333333333334	49.20666666666666	48.82666666666667	49.093333333333334	48.81333333333333	48.62	49.04666666666667	48.92666666666667	49.026666666666664	48.733333333333334	49.13333333333333	48.96	48.88	48.56	48.913333333333334	48.846666666666664	49.02	48.70666666666666	48.68	48.56	48.49333333333333	48.36666666666667	48.373333333333335	47.82	47.03333333333333	44.96	0.0
0.0	44.626666666666665	46.666666666666664	47.60666666666667	48.013333333333335	48.44	48.57333333333333	48.88666666666666	48.913333333333334	48.95333333333333	48.72666666666667	48.63333333333333	48.846666666666664	48.766666666666666	48.86	48.84	48.76	48.64	48.88666666666666	48.86666666666667	48.906666666666666	48.67333333333333	48.70666666666666	48.82	48.553333333333335	48.96666666666667	48.733333333333334	48.86	48.86	48.64666666666667	48.72	48.233333333333334	47.906666666666666	47.986666666666665	46.74666666666667	44.61333333333334	0.0
0.0	44.473333333333336	46.82666666666667	47.64666666666667	47.806666666666665	48.166666666666664	48.406666666666666	48.266666666666666	48.553333333333335	48.49333333333333	48.586666666666666	48.54666666666667	48.86	48.86	48.77333333333333	48.70666666666666	48.68	48.75333333333333	48.89333333333333	48.486666666666665	48.5	48.733333333333334	48.53333333333333	48.28	48.4	48.29333333333334	48.8	48.7	48.76	48.53333333333333	48.17333333333333	47.95333333333333	47.94	47.5	46.53333333333333	44.38666666666666	0.0
0.0	44.14	46.85333333333333	47.56666666666667	47.85333333333333	47.913333333333334	48.08	48.29333333333334	48.64666666666667	48.25333333333333	48.53333333333333	48.98	48.846666666666664	48.61333333333334	48.586666666666666	48.45333333333333	48.82666666666667	48.86666666666667	48.833333333333336	48.88	48.48	48.68	48.82666666666667	48.82	48.82	48.77333333333333	48.68666666666667	48.56	48.333333333333336	48.373333333333335	48.43333333333333	48.29333333333334	47.68	47.04	46.35333333333333	44.46	0.0
0.0	44.76	46.84	47.50666666666667	47.9	47.986666666666665	48.18666666666667	48.24	48.24	48.34	48.43333333333333	48.513333333333335	48.39333333333333	48.66	48.61333333333334	48.42666666666667	48.46	48.64666666666667	48.54666666666667	48.626666666666665	48.626666666666665	48.54	48.806666666666665	48.89333333333333	48.34	48.98	48.9	48.82	48.57333333333333	48.486666666666665	48.306666666666665	48.18666666666667	47.64	47.513333333333335	46.593333333333334	44.6	0.0
0.0	44.96666666666667	46.98	47.873333333333335	48.17333333333333	48.79333333333334	48.92666666666667	48.92666666666667	48.92666666666667	48.733333333333334	48.63333333333333	48.76	48.82666666666667	49.04	48.99333333333333	48.846666666666664	49.086666666666666	49.0	49.10666666666667	49.153333333333336	49.0	48.96	49.1	49.04666666666667	48.82666666666667	48.77333333333333	48.84	48.82	49.04666666666667	48.67333333333333	48.74	48.61333333333334	48.00666666666667	47.5	46.88	45.04	0.0
0.0	44.68666666666667	47.0	47.64666666666667	48.44	48.11333333333334	48.093333333333334	48.75333333333333	48.95333333333333	48.78666666666667	48.57333333333333	49.04666666666667	48.68	48.99333333333333	48.92666666666667	48.72666666666667	48.84	48.86666666666667	48.74666666666667	48.68666666666667	48.89333333333333	48.62	48.81333333333333	48.98	48.7	48.74	48.76	48.513333333333335	48.553333333333335	48.446666666666665	48.2	48.306666666666665	48.126666666666665	47.406666666666666	46.64	44.84	0.0
0.0	44.666666666666664	46.846666666666664	47.873333333333335	47.973333333333336	47.99333333333333	48.446666666666665	48.193333333333335	48.49333333333333	48.54	48.74	48.7	48.71333333333333	48.8	48.653333333333336	48.70666666666666	48.666666666666664	48.72	48.8	48.72	48.67333333333333	48.88666666666666	48.94	48.86666666666667	48.75333333333333	48.733333333333334	48.766666666666666	48.53333333333333	48.473333333333336	48.486666666666665	48.29333333333334	47.946666666666665	48.06	47.67333333333333	46.63333333333333	44.446666666666665	0.0
0.0	44.446666666666665	46.473333333333336	47.71333333333333	48.07333333333333	48.04	47.98	48.13333333333333	48.60666666666667	48.53333333333333	48.526666666666664	48.6	48.29333333333334	48.60666666666667	48.406666666666666	48.46	48.25333333333333	48.52	48.36	48.62	48.88	48.513333333333335	48.56	48.24666666666667	48.32666666666667	48.57333333333333	48.28	48.233333333333334	48.62	48.03333333333333	48.04	48.126666666666665	47.70666666666666	47.31333333333333	46.653333333333336	44.38	0.0
0.0	44.31333333333333	46.45333333333333	47.913333333333334	48.12	48.693333333333335	48.62	48.733333333333334	48.36666666666667	48.486666666666665	48.56666666666667	48.68666666666667	48.666666666666664	48.57333333333333	48.653333333333336	48.666666666666664	48.846666666666664	49.04	48.973333333333336	48.93333333333333	48.86666666666667	48.62	48.50666666666667	48.653333333333336	48.52	48.99333333333333	48.84	48.56	48.693333333333335	48.77333333333333	48.16	48.153333333333336	47.833333333333336	47.67333333333333	46.72	44.28	0.0
0.0	44.58	47.04	47.77333333333333	47.666666666666664	48.373333333333335	48.666666666666664	48.42	48.60666666666667	48.75333333333333	48.586666666666666	48.586666666666666	49.03333333333333	48.9	48.806666666666665	48.693333333333335	48.67333333333333	48.93333333333333	49.08	48.64666666666667	48.833333333333336	48.7	48.593333333333334	48.82	48.833333333333336	48.45333333333333	48.53333333333333	48.193333333333335	48.50666666666667	48.29333333333334	48.2	48.24666666666667	48.08	47.64	46.56	44.5	0.0
0.0	44.733333333333334	46.56666666666667	47.833333333333336	48.17333333333333	48.52	48.79333333333334	48.526666666666664	48.56666666666667	48.64	48.71333333333333	48.553333333333335	48.733333333333334	48.6	49.22	48.67333333333333	48.64666666666667	48.89333333333333	49.013333333333335	48.85333333333333	48.906666666666666	48.78666666666667	49.153333333333336	49.02	49.1	48.78	48.94	49.04666666666667	48.76	48.95333333333333	48.78	48.406666666666666	48.1	47.96	46.906666666666666	44.82	0.0
0.0	44.71333333333333	46.42666666666667	47.82666666666667	47.986666666666665	47.88	48.10666666666667	48.39333333333333	48.013333333333335	48.39333333333333	48.086666666666666	48.22	48.53333333333333	48.38666666666666	48.68	48.71333333333333	48.98	48.486666666666665	48.61333333333334	48.67333333333333	48.45333333333333	48.38666666666666	48.29333333333334	48.38	48.49333333333333	48.29333333333334	47.79333333333334	48.04666666666667	48.086666666666666	48.17333333333333	48.36	48.25333333333333	47.586666666666666	47.5	46.593333333333334	44.413333333333334	0.0
0.0	44.74666666666667	46.81333333333333	47.833333333333336	48.62	48.473333333333336	48.486666666666665	48.54	48.45333333333333	48.553333333333335	48.79333333333334	48.72666666666667	49.14	48.66	48.71333333333333	48.82	48.82	48.86	48.82666666666667	48.75333333333333	48.906666666666666	48.7	48.64666666666667	48.82	48.54	48.64	48.62	48.74666666666667	48.36	48.56	48.60666666666667	48.36	48.34	47.68666666666667	46.9	44.86	0.0
0.0	45.12	47.10666666666667	47.5	47.92666666666667	48.346666666666664	48.6	48.74666666666667	48.82	48.67333333333333	48.98	48.78	49.04	48.873333333333335	48.833333333333336	48.806666666666665	49.193333333333335	48.846666666666664	48.82	48.86	49.08	48.9	48.96666666666667	48.81333333333333	49.00666666666667	49.28	48.8	48.946666666666665	48.60666666666667	48.50666666666667	48.79333333333334	48.71333333333333	48.36	47.95333333333333	47.086666666666666	44.806666666666665	0.0
0.0	44.54666666666667	46.653333333333336	47.82	48.36666666666667	48.1	48.46	48.32	48.49333333333333	48.64	49.013333333333335	48.32	48.72666666666667	48.60666666666667	48.806666666666665	48.68666666666667	48.906666666666666	48.61333333333334	48.79333333333334	48.84	48.61333333333334	48.72	48.92	48.446666666666665	48.45333333333333	48.39333333333333	48.3	48.54	48.56666666666667	48.6	48.29333333333334	48.16	47.89333333333333	47.586666666666666	46.666666666666664	44.70666666666666	0.0
0.0	44.42666666666667	46.76	47.75333333333333	47.92	48.473333333333336	48.22666666666667	48.63333333333333	48.806666666666665	48.62	48.64	48.96666666666667	48.96	48.88666666666666	49.00666666666667	48.63333333333333	48.64666666666667	48.7	48.846666666666664	48.66	48.74666666666667	48.88	48.86666666666667	48.63333333333333	48.79333333333334	48.74	48.653333333333336	48.72666666666667	49.02	48.78	48.67333333333333	48.27333333333333	48.0	47.56	46.92	44.79333333333334	0.0
0.0	44.61333333333334	46.9	47.626666666666665	47.693333333333335	48.38666666666666	48.406666666666666	48.64666666666667	49.00666666666667	48.85333333333333	48.75333333333333	48.846666666666664	48.62	48.76	48.946666666666665	48.88	48.60666666666667	49.0	48.7	48.93333333333333	49.08	48.86666666666667	48.48	48.54666666666667	48.986666666666665	49.21333333333333	48.82666666666667	48.77333333333333	48.67333333333333	48.3	48.42	48.14	47.92666666666667	47.64666666666667	46.56	44.586666666666666	0.0
0.0	44.54	46.94	47.84	48.406666666666666	48.98	48.913333333333334	48.92	48.64	48.74	48.81333333333333	48.50666666666667	48.44	48.666666666666664	48.67333333333333	48.446666666666665	48.733333333333334	48.62	48.68	48.82	48.79333333333334	48.553333333333335	48.846666666666664	48.76	48.693333333333335	48.82	48.593333333333334	48.92	48.42666666666667	48.733333333333334	48.3	48.43333333333333	47.986666666666665	47.653333333333336	47.14666666666667	44.86666666666667	0.0
0.0	44.513333333333335	46.42666666666667	47.50666666666667	48.22666666666667	48.2	48.31333333333333	48.38666666666666	48.473333333333336	48.38666666666666	48.586666666666666	48.52	48.04	48.44	48.486666666666665	48.46666666666667	48.666666666666664	48.74	48.71333333333333	48.81333333333333	48.68666666666667	48.513333333333335	48.32666666666667	48.68	48.57333333333333	48.53333333333333	48.473333333333336	48.446666666666665	48.25333333333333	48.16	47.92	48.04	47.58	47.74	46.86666666666667	44.46666666666667	0.0
0.0	44.36	46.693333333333335	47.266666666666666	47.75333333333333	47.77333333333333	47.77333333333333	47.94	47.99333333333333	48.62	48.306666666666665	48.54666666666667	48.513333333333335	48.333333333333336	48.36	48.413333333333334	48.56	47.92	48.12	48.526666666666664	48.32666666666667	48.29333333333334	48.32666666666667	48.70666666666666	48.68666666666667	48.74	48.52	48.54666666666667	48.28666666666667	48.38	48.00666666666667	47.82666666666667	47.57333333333333	47.88	46.31333333333333	44.22666666666667	0.0
0.0	44.64666666666667	46.593333333333334	47.57333333333333	47.66	47.88	48.473333333333336	48.486666666666665	48.32	48.42	48.06	48.32666666666667	48.7	48.81333333333333	48.82	48.72666666666667	48.60666666666667	48.72	48.92	48.6	48.373333333333335	48.38666666666666	48.60666666666667	48.64	48.32	48.85333333333333	48.42	48.57333333333333	48.64666666666667	48.49333333333333	48.24666666666667	48.18666666666667	48.14666666666667	47.513333333333335	46.78	44.486666666666665	0.0
0.0	44.64666666666667	46.593333333333334	47.82666666666667	47.986666666666665	48.72	48.82	48.653333333333336	48.85333333333333	48.49333333333333	48.86	48.9	48.806666666666665	48.54	48.72	48.82666666666667	48.98	48.593333333333334	48.84	48.973333333333336	48.78666666666667	48.96666666666667	48.66	48.873333333333335	48.92666666666667	48.92666666666667	48.946666666666665	49.24666666666667	49.17333333333333	48.906666666666666	49.093333333333334	48.71333333333333	48.166666666666664	48.12	46.72	44.513333333333335	0.0
0.0	44.88	47.04666666666667	47.973333333333336	48.42666666666667	48.846666666666664	48.766666666666666	48.92666666666667	48.78	49.513333333333335	49.10666666666667	49.13333333333333	49.28	49.25333333333333	49.11333333333334	49.12	48.85333333333333	48.79333333333334	49.20666666666666	49.29333333333334	48.98	49.4	49.26	49.026666666666664	48.92	49.1	48.88	48.96	48.66	48.526666666666664	48.833333333333336	48.626666666666665	48.406666666666666	48.0	47.07333333333333	44.92666666666667	0.0
0.0	44.4	46.62	47.473333333333336	47.89333333333333	48.18666666666667	48.406666666666666	48.62	48.346666666666664	48.193333333333335	48.28666666666667	48.20666666666666	48.29333333333334	48.32	48.5	48.16	48.62	48.693333333333335	48.42666666666667	48.39333333333333	48.46	48.85333333333333	48.93333333333333	48.586666666666666	48.42	48.56666666666667	48.64	48.54	48.3	47.95333333333333	48.08	48.00666666666667	47.78666666666667	47.20666666666666	46.526666666666664	44.346666666666664	0.0
0.0	44.71333333333333	47.07333333333333	47.9	48.27333333333333	48.68	48.72666666666667	48.61333333333334	48.72666666666667	48.98	49.126666666666665	49.46	49.36666666666667	49.233333333333334	48.833333333333336	48.84	49.086666666666666	49.14666666666667	49.17333333333333	48.92	49.10666666666667	48.89333333333333	49.093333333333334	49.25333333333333	49.18666666666667	49.013333333333335	48.84	48.88	48.99333333333333	48.946666666666665	49.02	48.26	48.2	47.95333333333333	46.78	44.63333333333333	0.0
0.0	44.846666666666664	46.76	47.75333333333333	48.06666666666667	48.42666666666667	48.35333333333333	48.446666666666665	48.24666666666667	48.60666666666667	48.86	48.75333333333333	48.68	48.846666666666664	48.733333333333334	48.76	48.75333333333333	48.54666666666667	48.76	48.986666666666665	48.913333333333334	48.70666666666666	48.68666666666667	48.36666666666667	48.806666666666665	48.36	48.24	48.653333333333336	48.626666666666665	48.54666666666667	48.28666666666667	48.2	48.4	47.34	46.70666666666666	44.45333333333333	0.0
0.0	44.526666666666664	46.913333333333334	47.39333333333333	48.02	48.17333333333333	48.086666666666666	48.45333333333333	48.79333333333334	48.50666666666667	48.62	48.12	48.553333333333335	48.266666666666666	48.50666666666667	48.693333333333335	48.513333333333335	48.31333333333333	48.50666666666667	48.806666666666665	48.486666666666665	48.56666666666667	48.71333333333333	48.62	49.07333333333333	48.70666666666666	48.53333333333333	48.28	48.2	48.61333333333334	48.32	48.16	47.66	47.45333333333333	46.5	44.346666666666664	0.0
0.0	44.46	46.693333333333335	47.333333333333336	48.13333333333333	47.93333333333333	48.00666666666667	48.38666666666666	48.36	48.31333333333333	48.446666666666665	48.526666666666664	48.22	48.553333333333335	48.38666666666666	48.3	48.34	48.266666666666666	48.71333333333333	48.64	48.75333333333333	48.49333333333333	48.68666666666667	48.94	48.24	48.446666666666665	48.486666666666665	48.406666666666666	48.77333333333333	48.553333333333335	48.446666666666665	48.08	48.02	47.68666666666667	46.85333333333333	44.54666666666667	0.0
0.0	44.46	46.553333333333335	47.64666666666667	48.02	48.22666666666667	48.56	48.68	48.653333333333336	48.57333333333333	48.54666666666667	48.79333333333334	48.906666666666666	48.52	48.43333333333333	48.46666666666667	48.63333333333333	48.46	48.48	48.553333333333335	48.27333333333333	48.486666666666665	48.78666666666667	48.66	48.76	48.846666666666664	48.766666666666666	48.57333333333333	48.32666666666667	48.413333333333334	48.03333333333333	47.92	47.973333333333336	47.68	46.74666666666667	44.666666666666664	0.0
0.0	44.913333333333334	46.96666666666667	47.666666666666664	48.20666666666666	48.67333333333333	48.973333333333336	48.70666666666666	48.92	48.9	49.126666666666665	48.653333333333336	48.46666666666667	48.88666666666666	48.68666666666667	48.693333333333335	48.766666666666666	48.68666666666667	48.86666666666667	48.906666666666666	49.02	48.9	48.76	49.08	48.833333333333336	48.85333333333333	48.82	49.0	48.873333333333335	48.72	48.833333333333336	48.71333333333333	48.3	47.95333333333333	47.193333333333335	44.766666666666666	0.0
0.0	44.58	46.77333333333333	47.266666666666666	47.92	47.913333333333334	48.013333333333335	48.06666666666667	48.1	48.11333333333334	48.27333333333333	48.24	48.34	48.56666666666667	48.82	48.526666666666664	48.44	48.42	48.333333333333336	48.6	48.593333333333334	48.32	48.27333333333333	48.233333333333334	48.56	48.22666666666667	48.513333333333335	48.54666666666667	48.24666666666667	48.72666666666667	48.553333333333335	48.086666666666666	47.68666666666667	47.61333333333334	46.50666666666667	44.28666666666667	0.0
0.0	44.806666666666665	47.04666666666667	47.906666666666666	48.28666666666667	48.11333333333334	48.54	48.32	48.553333333333335	48.48	48.733333333333334	48.593333333333334	48.57333333333333	48.36666666666667	48.61333333333334	48.32666666666667	48.78666666666667	48.77333333333333	48.93333333333333	48.60666666666667	48.95333333333333	48.74666666666667	48.81333333333333	48.68666666666667	48.913333333333334	48.66	48.44	48.72666666666667	48.74	48.82	48.36666666666667	48.34	47.85333333333333	47.61333333333334	47.093333333333334	44.406666666666666	0.0
0.0	44.486666666666665	46.88	47.693333333333335	48.26	48.27333333333333	48.34	48.68	48.43333333333333	48.79333333333334	48.70666666666666	48.64	48.8	48.82	48.98	48.946666666666665	49.2	48.94	48.846666666666664	48.82666666666667	49.00666666666667	49.12	48.79333333333334	48.52	48.85333333333333	48.72666666666667	48.72666666666667	48.553333333333335	48.66	48.57333333333333	48.22	48.06666666666667	48.14666666666667	48.13333333333333	47.193333333333335	44.833333333333336	0.0
0.0	44.81333333333333	46.74	47.56	47.92666666666667	48.126666666666665	48.50666666666667	48.85333333333333	48.553333333333335	48.39333333333333	48.513333333333335	48.63333333333333	48.56	48.346666666666664	48.70666666666666	48.96666666666667	48.72666666666667	48.82	48.82666666666667	48.74	49.013333333333335	48.906666666666666	48.906666666666666	48.64	48.38	48.72	48.626666666666665	48.513333333333335	48.233333333333334	48.38	48.193333333333335	48.093333333333334	48.03333333333333	47.35333333333333	46.593333333333334	44.22666666666667	0.0
0.0	44.346666666666664	46.62	47.29333333333334	48.00666666666667	48.54666666666667	48.373333333333335	48.193333333333335	48.57333333333333	48.513333333333335	48.526666666666664	48.36666666666667	48.513333333333335	48.38	48.70666666666666	48.473333333333336	48.54	48.49333333333333	48.92	48.54666666666667	48.626666666666665	48.86	48.68666666666667	48.36	48.626666666666665	48.36666666666667	48.4	48.46	48.16	48.026666666666664	48.31333333333333	48.166666666666664	47.88666666666666	47.32666666666667	46.70666666666666	44.31333333333333	0.0
0.0	44.653333333333336	46.733333333333334	47.74666666666667	48.14	48.36666666666667	48.24666666666667	48.56666666666667	48.53333333333333	48.586666666666666	48.72666666666667	48.62	48.56	48.6	48.75333333333333	48.873333333333335	48.93333333333333	48.67333333333333	48.76	48.86	48.96666666666667	48.85333333333333	48.6	48.48	48.66	48.72666666666667	48.653333333333336	48.7	48.76	48.56	48.54	48.29333333333334	48.12	47.66	46.78	44.45333333333333	0.0
0.0	44.72666666666667	46.553333333333335	47.906666666666666	47.973333333333336	48.233333333333334	48.38666666666666	48.39333333333333	48.446666666666665	48.71333333333333	48.68666666666667	48.36	48.85333333333333	48.54	48.7	48.553333333333335	48.78666666666667	48.89333333333333	48.64	48.7	48.86	48.95333333333333	48.89333333333333	49.06	49.053333333333335	49.07333333333333	48.5	49.026666666666664	48.806666666666665	48.75333333333333	48.61333333333334	48.20666666666666	47.96666666666667	47.593333333333334	46.833333333333336	44.49333333333333	0.0
0.0	44.72	46.6	47.446666666666665	47.96666666666667	47.82	47.94	48.22666666666667	48.473333333333336	48.42	48.6	48.46666666666667	48.44	48.85333333333333	48.873333333333335	48.766666666666666	48.28666666666667	48.34	48.153333333333336	48.56	48.3	48.35333333333333	48.24	48.08	48.16	48.266666666666666	48.29333333333334	48.13333333333333	48.62	48.42666666666667	48.16	48.07333333333333	47.76	47.24	46.48	44.42	0.0
0.0	44.48	46.593333333333334	47.28666666666667	47.806666666666665	48.13333333333333	48.093333333333334	48.32	47.86	47.89333333333333	48.06666666666667	48.06666666666667	48.333333333333336	48.406666666666666	48.32	47.95333333333333	48.14666666666667	48.32	48.35333333333333	48.306666666666665	48.17333333333333	48.31333333333333	48.49333333333333	48.346666666666664	48.553333333333335	48.48	48.553333333333335	48.56	48.67333333333333	48.27333333333333	47.99333333333333	47.96	48.026666666666664	47.58	46.34	44.36	0.0
0.0	45.053333333333335	47.18666666666667	48.21333333333333	48.17333333333333	48.626666666666665	49.26	49.26	49.166666666666664	49.2	49.14	48.89333333333333	48.82666666666667	49.166666666666664	49.3	49.00666666666667	49.13333333333333	49.22	49.29333333333334	49.07333333333333	48.84	48.38666666666666	48.94	48.946666666666665	48.78	48.653333333333336	48.82	48.86666666666667	49.166666666666664	49.04	48.72666666666667	48.92	48.1	48.07333333333333	47.093333333333334	44.72	0.0
0.0	44.44	46.98	47.846666666666664	47.973333333333336	47.833333333333336	48.49333333333333	48.593333333333334	48.553333333333335	48.626666666666665	48.593333333333334	48.42	48.53333333333333	48.45333333333333	48.626666666666665	48.5	48.66	48.72666666666667	48.89333333333333	48.913333333333334	48.28	48.4	48.54	48.28	48.02	48.58	48.74666666666667	48.5	48.49333333333333	48.43333333333333	48.513333333333335	47.833333333333336	47.82	47.54666666666667	46.68666666666667	44.28	0.0
0.0	44.77333333333333	46.57333333333333	47.71333333333333	48.166666666666664	48.46	48.45333333333333	48.12	48.2	48.75333333333333	48.56	48.45333333333333	48.446666666666665	48.82	49.086666666666666	48.24	48.373333333333335	48.306666666666665	48.57333333333333	48.373333333333335	48.56666666666667	48.333333333333336	48.49333333333333	48.68	48.486666666666665	48.49333333333333	48.553333333333335	48.72666666666667	48.61333333333334	48.18666666666667	48.13333333333333	48.24	48.27333333333333	47.5	46.85333333333333	44.693333333333335	0.0
0.0	44.45333333333333	46.28	47.49333333333333	47.64666666666667	47.94	48.013333333333335	48.42666666666667	48.62	48.72666666666667	48.733333333333334	48.653333333333336	48.473333333333336	48.58	48.49333333333333	48.486666666666665	48.373333333333335	48.28	48.406666666666666	48.373333333333335	48.56	48.58	48.68	48.766666666666666	48.54666666666667	48.56	48.28666666666667	48.53333333333333	48.50666666666667	48.24666666666667	48.026666666666664	48.093333333333334	47.806666666666665	47.57333333333333	46.76	44.406666666666666	0.0
0.0	44.473333333333336	46.973333333333336	47.7	47.76	48.166666666666664	48.61333333333334	48.49333333333333	48.53333333333333	48.66	48.42	48.46	48.64	48.593333333333334	48.50666666666667	48.74666666666667	48.473333333333336	48.79333333333334	48.72	48.44	48.36666666666667	48.38	48.54	48.44	48.61333333333334	48.58	48.553333333333335	48.266666666666666	48.16	48.153333333333336	47.96	48.013333333333335	47.98	47.35333333333333	46.68	44.593333333333334	0.0
0.0	44.49333333333333	47.06666666666667	47.88	47.833333333333336	48.04	48.27333333333333	48.473333333333336	48.38	48.20666666666666	48.82666666666667	48.45333333333333	48.526666666666664	48.54	48.78	48.75333333333333	48.446666666666665	48.60666666666667	48.68666666666667	48.446666666666665	48.44	48.36	48.75333333333333	48.526666666666664	48.733333333333334	48.446666666666665	48.44	48.64	48.53333333333333	48.906666666666666	48.39333333333333	48.0	47.873333333333335	47.346666666666664	46.88	44.693333333333335	0.0
0.0	44.833333333333336	46.626666666666665	47.593333333333334	47.82	48.06666666666667	48.20666666666666	48.593333333333334	48.8	48.7	48.913333333333334	48.946666666666665	49.04666666666667	48.78666666666667	48.86666666666667	48.84	48.85333333333333	48.34	48.70666666666666	48.92	49.053333333333335	48.68666666666667	48.72	48.74	48.54	48.42	48.63333333333333	48.49333333333333	48.39333333333333	48.553333333333335	48.27333333333333	48.333333333333336	47.9	47.74666666666667	46.88666666666666	44.46666666666667	0.0
0.0	44.846666666666664	47.14	47.85333333333333	48.38	48.64	48.72666666666667	48.81333333333333	48.6	48.76	48.82	48.88	49.50666666666667	49.093333333333334	48.833333333333336	48.78666666666667	49.053333333333335	48.77333333333333	49.026666666666664	48.86666666666667	48.846666666666664	48.96666666666667	49.18666666666667	48.96666666666667	48.68666666666667	48.96666666666667	48.89333333333333	48.5	48.833333333333336	48.38	48.50666666666667	48.60666666666667	48.486666666666665	47.77333333333333	46.973333333333336	45.00666666666667	0.0
0.0	44.63333333333333	46.92666666666667	47.71333333333333	48.12	48.28666666666667	48.346666666666664	48.61333333333334	48.49333333333333	48.85333333333333	49.013333333333335	48.986666666666665	48.42666666666667	48.54666666666667	48.333333333333336	48.6	48.70666666666666	48.78	48.54	48.72	49.04	48.806666666666665	48.913333333333334	48.68	48.68	48.62	48.44	48.68	48.44	48.44	48.50666666666667	48.586666666666666	48.666666666666664	47.84	46.973333333333336	44.72666666666667	0.0
0.0	44.3	46.52	47.18	47.76	48.20666666666666	48.14666666666667	48.28666666666667	48.45333333333333	48.42	48.553333333333335	48.42	48.42	48.46666666666667	48.52	48.52	48.50666666666667	48.266666666666666	48.153333333333336	48.46	48.54	48.54	48.72666666666667	48.346666666666664	48.29333333333334	48.34	48.25333333333333	48.02	48.026666666666664	48.093333333333334	47.946666666666665	47.72666666666667	47.95333333333333	47.20666666666666	46.54666666666667	44.45333333333333	0.0
0.0	44.473333333333336	46.72666666666667	47.66	48.0	48.093333333333334	48.3	48.36666666666667	48.586666666666666	48.733333333333334	48.53333333333333	48.54666666666667	48.49333333333333	48.58	48.52	48.45333333333333	48.64	48.88666666666666	48.74666666666667	48.8	48.81333333333333	48.88	48.75333333333333	48.653333333333336	48.733333333333334	48.54666666666667	48.88666666666666	48.62	48.486666666666665	48.906666666666666	48.72	48.5	48.18666666666667	47.94	46.873333333333335	44.68	0.0
0.0	44.52	46.75333333333333	47.36666666666667	48.07333333333333	48.25333333333333	48.24666666666667	48.413333333333334	48.57333333333333	48.42	48.46	48.50666666666667	48.63333333333333	48.72666666666667	48.693333333333335	48.62	48.66	48.70666666666666	48.4	48.24666666666667	48.43333333333333	48.486666666666665	48.43333333333333	48.8	48.75333333333333	48.526666666666664	48.333333333333336	48.77333333333333	48.28666666666667	48.36	48.28666666666667	48.18	48.126666666666665	47.35333333333333	46.88666666666666	44.446666666666665	0.0
0.0	44.63333333333333	46.86666666666667	47.473333333333336	47.873333333333335	48.04	48.34	48.526666666666664	48.3	48.593333333333334	49.0	48.36	48.46	48.44	48.406666666666666	48.64	48.52	48.62	48.54666666666667	48.31333333333333	48.72666666666667	48.68666666666667	48.553333333333335	48.88	48.44	48.54	48.56	48.026666666666664	48.49333333333333	48.38	48.36666666666667	48.413333333333334	47.96	47.46666666666667	46.66	44.66	0.0
0.0	44.24	46.45333333333333	47.50666666666667	47.986666666666665	48.026666666666664	48.446666666666665	48.56	48.32666666666667	48.8	48.93333333333333	48.54666666666667	48.75333333333333	48.6	48.58	48.53333333333333	48.7	48.85333333333333	48.473333333333336	48.86	48.806666666666665	48.7	48.79333333333334	48.76	48.85333333333333	48.526666666666664	48.14666666666667	48.10666666666667	48.3	48.346666666666664	47.96666666666667	48.20666666666666	48.06	47.653333333333336	46.81333333333333	44.553333333333335	0.0
0.0	44.54666666666667	46.81333333333333	47.473333333333336	47.92666666666667	48.28666666666667	48.45333333333333	48.7	48.78	48.45333333333333	48.77333333333333	48.42	49.1	48.60666666666667	48.58	48.50666666666667	48.626666666666665	48.8	48.72	48.653333333333336	48.62	48.48	48.61333333333334	48.486666666666665	48.413333333333334	48.36	48.79333333333334	48.63333333333333	48.026666666666664	48.32666666666667	48.03333333333333	48.17333333333333	47.93333333333333	47.666666666666664	46.84	44.82666666666667	0.0
0.0	44.74666666666667	46.76	47.75333333333333	48.26	48.38666666666666	48.7	48.486666666666665	48.22666666666667	48.2	48.31333333333333	48.63333333333333	48.193333333333335	48.42	48.6	48.66	48.68	48.693333333333335	48.68	48.84	48.86	48.74	48.653333333333336	48.71333333333333	48.34	48.513333333333335	48.63333333333333	48.44	48.53333333333333	48.446666666666665	48.586666666666666	48.38	48.24	47.39333333333333	46.733333333333334	44.60666666666667	0.0
0.0	44.72666666666667	46.693333333333335	47.9	48.28666666666667	48.086666666666666	48.38	48.42	48.38	48.5	48.44	48.56666666666667	48.5	48.846666666666664	48.553333333333335	48.92666666666667	48.88666666666666	48.586666666666666	48.61333333333334	48.71333333333333	48.50666666666667	48.846666666666664	48.89333333333333	48.873333333333335	48.593333333333334	48.94	48.88	48.806666666666665	48.56	48.306666666666665	48.5	48.24666666666667	47.98	47.48	46.6	44.6	0.0
0.0	44.666666666666664	46.35333333333333	47.5	48.053333333333335	48.14	48.38	48.553333333333335	48.60666666666667	48.4	48.666666666666664	48.57333333333333	48.70666666666666	48.586666666666666	48.46	48.406666666666666	48.48	48.5	48.58	48.68666666666667	48.45333333333333	48.53333333333333	48.56	48.24666666666667	48.60666666666667	48.74666666666667	48.6	48.193333333333335	48.82666666666667	48.45333333333333	48.43333333333333	48.2	48.06666666666667	47.54	47.06666666666667	44.46	0.0
0.0	44.74666666666667	46.21333333333333	47.32666666666667	48.06	48.60666666666667	48.22	48.43333333333333	48.31333333333333	48.46	48.193333333333335	48.486666666666665	48.733333333333334	48.9	48.68	48.54666666666667	48.46666666666667	48.593333333333334	48.72	48.486666666666665	48.58	48.513333333333335	48.593333333333334	48.68	48.68666666666667	48.766666666666666	48.72	48.473333333333336	48.72666666666667	48.72666666666667	48.68666666666667	48.06	47.913333333333334	47.68666666666667	46.81333333333333	44.63333333333333	0.0
0.0	44.28	46.50666666666667	47.31333333333333	48.06666666666667	48.26	48.46	48.66	48.446666666666665	48.74666666666667	48.52	48.46666666666667	48.593333333333334	48.89333333333333	48.693333333333335	48.75333333333333	48.693333333333335	48.75333333333333	48.8	48.54	48.66	48.79333333333334	48.54	48.63333333333333	48.78666666666667	48.626666666666665	48.49333333333333	48.64666666666667	48.266666666666666	48.35333333333333	48.17333333333333	48.78	48.166666666666664	47.666666666666664	46.77333333333333	44.50666666666667	0.0
0.0	44.54666666666667	47.00666666666667	47.34	48.053333333333335	48.26	48.406666666666666	48.10666666666667	48.46666666666667	48.61333333333334	48.446666666666665	48.593333333333334	48.74	48.88666666666666	48.626666666666665	48.913333333333334	48.693333333333335	48.82666666666667	48.57333333333333	48.413333333333334	48.49333333333333	48.56	48.693333333333335	48.7	48.52	48.53333333333333	48.306666666666665	48.64	48.733333333333334	48.32	48.78	48.666666666666664	48.45333333333333	47.653333333333336	46.85333333333333	44.89333333333333	0.0
0.0	44.67333333333333	46.833333333333336	47.54666666666667	48.38666666666666	48.22666666666667	48.57333333333333	48.64666666666667	48.77333333333333	48.71333333333333	48.58	48.36	48.406666666666666	48.42666666666667	48.72	48.7	48.586666666666666	48.57333333333333	48.66	48.89333333333333	48.586666666666666	48.833333333333336	48.88666666666666	48.86	48.973333333333336	48.84	48.81333333333333	48.6	48.72	48.27333333333333	48.026666666666664	48.54666666666667	47.86666666666667	47.486666666666665	47.06	44.833333333333336	0.0
0.0	45.00666666666667	46.913333333333334	47.64666666666667	48.18	48.52	48.32	48.25333333333333	49.04666666666667	48.68666666666667	48.88	48.806666666666665	48.95333333333333	49.04	48.85333333333333	49.013333333333335	49.13333333333333	49.28	49.07333333333333	49.18	49.04666666666667	48.913333333333334	49.14666666666667	48.846666666666664	48.94	48.89333333333333	49.21333333333333	48.973333333333336	48.806666666666665	48.81333333333333	48.446666666666665	48.74	48.193333333333335	47.88	46.58	44.766666666666666	0.0
0.0	44.14666666666667	46.52	47.22	47.67333333333333	48.27333333333333	48.28666666666667	48.04666666666667	48.086666666666666	48.28	48.36666666666667	48.413333333333334	48.806666666666665	48.89333333333333	48.68666666666667	48.67333333333333	48.553333333333335	48.906666666666666	48.71333333333333	48.62	48.20666666666666	48.00666666666667	48.233333333333334	48.32	48.3	48.57333333333333	48.56	48.693333333333335	48.4	48.11333333333334	48.306666666666665	48.093333333333334	47.946666666666665	47.513333333333335	46.67333333333333	44.42	0.0
0.0	44.57333333333333	47.06666666666667	47.84	48.22666666666667	48.586666666666666	48.42	48.653333333333336	48.766666666666666	49.07333333333333	48.973333333333336	49.10666666666667	48.96	49.16	49.266666666666666	49.45333333333333	49.42	49.50666666666667	49.18	49.21333333333333	49.08	48.94	48.88666666666666	48.873333333333335	48.89333333333333	49.1	49.126666666666665	48.8	49.13333333333333	48.9	48.96	48.74666666666667	47.913333333333334	47.93333333333333	47.00666666666667	44.53333333333333	0.0
0.0	44.873333333333335	46.766666666666666	47.56	48.04	48.31333333333333	48.346666666666664	48.57333333333333	48.806666666666665	48.79333333333334	48.74666666666667	48.78	48.986666666666665	48.70666666666666	48.78	48.50666666666667	48.58	48.873333333333335	48.986666666666665	48.873333333333335	48.52	48.49333333333333	48.52	48.72	48.693333333333335	48.82666666666667	48.82666666666667	49.04	48.733333333333334	48.413333333333334	48.653333333333336	48.45333333333333	48.086666666666666	47.6	46.64	44.593333333333334	0.0
0.0	45.153333333333336	46.93333333333333	48.22	48.653333333333336	48.8	48.9	49.166666666666664	49.2	49.42	49.333333333333336	49.48	49.06666666666667	49.20666666666666	49.17333333333333	49.62	49.473333333333336	49.333333333333336	49.21333333333333	49.21333333333333	49.27333333333333	49.39333333333333	49.39333333333333	49.42	49.11333333333334	49.42666666666667	49.28	49.20666666666666	48.9	49.086666666666666	48.973333333333336	48.68666666666667	48.74666666666667	47.846666666666664	46.88	44.92666666666667	0.0
0.0	44.973333333333336	47.16	47.86666666666667	48.21333333333333	48.64	48.913333333333334	48.68	48.68666666666667	48.95333333333333	49.086666666666666	48.74	48.88666666666666	48.96	48.85333333333333	48.86666666666667	49.093333333333334	48.973333333333336	48.733333333333334	48.68666666666667	48.72666666666667	48.82666666666667	48.58	48.74	48.906666666666666	48.78	48.806666666666665	48.766666666666666	48.71333333333333	48.306666666666665	48.6	48.193333333333335	48.093333333333334	47.693333333333335	46.96	44.806666666666665	0.0
0.0	44.67333333333333	46.873333333333335	47.6	47.88	48.32666666666667	48.7	48.486666666666665	49.00666666666667	48.39333333333333	48.74	49.193333333333335	49.1	49.413333333333334	49.013333333333335	48.81333333333333	48.86	48.593333333333334	48.43333333333333	48.7	48.72666666666667	48.78	48.913333333333334	48.78666666666667	48.653333333333336	48.98	48.42666666666667	48.82666666666667	48.84	48.406666666666666	48.486666666666665	48.27333333333333	48.22	47.56666666666667	46.95333333333333	44.74666666666667	0.0
0.0	44.84	46.653333333333336	47.16	47.9	48.2	48.0	48.2	48.38	48.54666666666667	48.17333333333333	48.70666666666666	48.45333333333333	48.27333333333333	48.446666666666665	48.46	48.86	48.39333333333333	48.88	48.586666666666666	48.806666666666665	48.693333333333335	48.70666666666666	48.53333333333333	48.66	48.446666666666665	48.153333333333336	48.166666666666664	48.166666666666664	48.46	48.5	48.13333333333333	47.61333333333334	47.64	46.653333333333336	44.34	0.0
0.0	44.53333333333333	46.913333333333334	47.4	48.013333333333335	48.02	48.42666666666667	48.346666666666664	48.45333333333333	48.4	48.35333333333333	48.666666666666664	48.446666666666665	48.7	48.593333333333334	48.61333333333334	48.513333333333335	48.35333333333333	48.36666666666667	48.473333333333336	48.32	48.513333333333335	48.60666666666667	48.72666666666667	48.63333333333333	48.67333333333333	48.45333333333333	48.56	48.38	47.86666666666667	48.22	47.92	47.92666666666667	47.38666666666666	46.54666666666667	44.593333333333334	0.0
0.0	44.62	46.64	48.0	48.02	48.16	48.266666666666666	48.43333333333333	48.04666666666667	48.42	48.43333333333333	48.64	48.74	48.626666666666665	48.46	48.873333333333335	48.64	48.72	48.553333333333335	48.45333333333333	48.35333333333333	48.38666666666666	48.693333333333335	48.6	48.52	48.38666666666666	48.553333333333335	48.57333333333333	48.45333333333333	48.54666666666667	48.266666666666666	47.9	47.946666666666665	47.49333333333333	46.25333333333333	44.60666666666667	0.0
0.0	44.64666666666667	47.126666666666665	47.54666666666667	48.10666666666667	48.333333333333336	48.25333333333333	48.63333333333333	48.846666666666664	48.49333333333333	48.49333333333333	48.72	49.193333333333335	48.70666666666666	48.92666666666667	49.10666666666667	48.733333333333334	48.873333333333335	48.70666666666666	48.96666666666667	48.973333333333336	48.973333333333336	48.82	49.12	48.82	48.7	48.89333333333333	48.9	48.46	48.86	48.67333333333333	48.17333333333333	47.96	47.8	46.57333333333333	44.44	0.0
0.0	44.26	46.64666666666667	47.653333333333336	47.92666666666667	47.99333333333333	48.266666666666666	48.6	48.38666666666666	48.78	48.6	48.513333333333335	48.62	48.76	48.63333333333333	48.553333333333335	48.626666666666665	48.626666666666665	48.473333333333336	48.373333333333335	48.56666666666667	48.74	48.66	48.406666666666666	48.54666666666667	48.61333333333334	48.66	48.166666666666664	48.306666666666665	48.20666666666666	48.00666666666667	48.32666666666667	47.906666666666666	47.77333333333333	46.79333333333334	44.50666666666667	0.0
0.0	45.04666666666667	47.06666666666667	48.04666666666667	48.553333333333335	48.8	48.86666666666667	48.766666666666666	48.74666666666667	48.873333333333335	49.16	49.13333333333333	48.86	49.31333333333333	49.22	48.873333333333335	49.12	49.28	48.75333333333333	48.86666666666667	49.36666666666667	49.166666666666664	49.27333333333333	48.96	49.013333333333335	48.693333333333335	49.11333333333334	48.806666666666665	48.56666666666667	49.20666666666666	48.72666666666667	48.653333333333336	48.35333333333333	47.7	47.153333333333336	44.906666666666666	0.0
0.0	44.7	46.86	47.32666666666667	47.78	48.4	48.36666666666667	48.413333333333334	48.846666666666664	48.766666666666666	48.973333333333336	48.93333333333333	49.153333333333336	49.14	49.16	48.72	48.89333333333333	48.906666666666666	48.973333333333336	48.94	48.88	48.70666666666666	48.82666666666667	49.266666666666666	49.22	48.873333333333335	48.58	48.473333333333336	48.64	48.806666666666665	48.86	48.50666666666667	48.29333333333334	47.77333333333333	47.1	44.6	0.0
0.0	44.68666666666667	46.74	47.56	48.233333333333334	48.46666666666667	48.626666666666665	48.66	48.43333333333333	48.89333333333333	48.946666666666665	49.06666666666667	48.906666666666666	48.92666666666667	49.026666666666664	48.74666666666667	48.86666666666667	48.99333333333333	48.873333333333335	49.06	48.906666666666666	48.58	49.086666666666666	48.53333333333333	48.513333333333335	48.72666666666667	48.78666666666667	48.733333333333334	48.89333333333333	48.71333333333333	48.75333333333333	48.48	48.53333333333333	47.74666666666667	46.78	44.57333333333333	0.0
0.0	44.586666666666666	46.88666666666666	47.64666666666667	48.193333333333335	48.2	48.36666666666667	48.373333333333335	48.693333333333335	48.833333333333336	48.43333333333333	48.74666666666667	48.52	48.60666666666667	48.76	48.88	48.67333333333333	48.53333333333333	48.67333333333333	48.60666666666667	48.49333333333333	48.81333333333333	48.34	48.61333333333334	47.98	48.42666666666667	48.46666666666667	48.986666666666665	48.64666666666667	48.54666666666667	48.56666666666667	48.406666666666666	48.2	47.93333333333333	46.94	44.81333333333333	0.0
0.0	44.306666666666665	46.13333333333333	47.10666666666667	48.00666666666667	47.62	48.07333333333333	48.446666666666665	48.22	48.346666666666664	48.7	48.70666666666666	48.26	48.20666666666666	48.36666666666667	48.06	48.57333333333333	48.79333333333334	48.53333333333333	48.72666666666667	48.46666666666667	48.67333333333333	48.56666666666667	48.42	48.43333333333333	48.266666666666666	48.373333333333335	48.28666666666667	48.22666666666667	47.84	48.06666666666667	47.9	47.54666666666667	47.18666666666667	46.38	44.16	0.0
0.0	44.766666666666666	46.8	47.67333333333333	48.36666666666667	48.16	48.68	48.86666666666667	48.666666666666664	48.486666666666665	48.64666666666667	48.56	48.553333333333335	48.67333333333333	48.78	49.03333333333333	48.586666666666666	48.68666666666667	48.75333333333333	48.85333333333333	48.553333333333335	48.39333333333333	48.42	48.7	48.64666666666667	48.56	48.68	48.68666666666667	48.7	48.5	48.513333333333335	48.35333333333333	47.913333333333334	47.26	46.56666666666667	44.43333333333333	0.0
0.0	44.8	46.733333333333334	47.63333333333333	48.45333333333333	48.62	48.66	49.053333333333335	48.846666666666664	48.846666666666664	48.806666666666665	48.733333333333334	48.526666666666664	48.54666666666667	48.873333333333335	48.833333333333336	48.54	48.36666666666667	48.81333333333333	48.38	48.693333333333335	48.693333333333335	48.973333333333336	48.38666666666666	48.64	48.873333333333335	48.766666666666666	48.76	48.32	48.17333333333333	48.31333333333333	48.08	47.98	47.60666666666667	47.06	44.82666666666667	0.0
0.0	44.806666666666665	46.88666666666666	47.42666666666667	47.95333333333333	48.21333333333333	48.42666666666667	48.99333333333333	49.193333333333335	48.85333333333333	48.94	49.08	49.20666666666666	49.29333333333334	48.986666666666665	49.2	49.32666666666667	49.166666666666664	48.986666666666665	48.94	48.74	48.93333333333333	49.31333333333333	48.96	48.92666666666667	49.026666666666664	48.973333333333336	48.833333333333336	48.44	48.64	48.29333333333334	48.34	48.31333333333333	47.8	46.84	44.513333333333335	0.0
0.0	45.1	47.28	47.66	48.28666666666667	48.626666666666665	48.82	48.85333333333333	49.053333333333335	48.89333333333333	48.82666666666667	49.27333333333333	48.68	48.9	48.57333333333333	48.626666666666665	49.013333333333335	48.88	49.03333333333333	48.92	48.84	48.67333333333333	48.81333333333333	48.88666666666666	48.973333333333336	49.18666666666667	49.04	48.946666666666665	48.96	49.013333333333335	48.64666666666667	48.64666666666667	48.10666666666667	47.68	46.78	44.74	0.0
0.0	44.53333333333333	46.333333333333336	47.18	48.04666666666667	47.833333333333336	48.053333333333335	48.38	48.92666666666667	48.986666666666665	48.77333333333333	48.76	48.48	48.34	48.62	48.60666666666667	48.58	48.513333333333335	48.486666666666665	48.24	48.406666666666666	48.38	48.71333333333333	48.833333333333336	48.653333333333336	48.413333333333334	48.67333333333333	48.68666666666667	48.31333333333333	48.10666666666667	48.04	47.98	47.986666666666665	47.35333333333333	46.446666666666665	44.806666666666665	0.0
0.0	44.35333333333333	46.54	47.38	47.7	48.45333333333333	48.28666666666667	48.46666666666667	48.46666666666667	48.653333333333336	48.50666666666667	48.71333333333333	48.89333333333333	48.89333333333333	48.593333333333334	48.413333333333334	48.31333333333333	48.513333333333335	48.666666666666664	48.693333333333335	48.56666666666667	48.54666666666667	48.593333333333334	48.5	48.46	48.18666666666667	48.06666666666667	48.02	47.973333333333336	48.10666666666667	48.18666666666667	48.00666666666667	47.79333333333334	47.38666666666666	46.906666666666666	44.18	0.0
0.0	44.22666666666667	46.42	47.48	47.913333333333334	48.18	48.35333333333333	48.02	48.22666666666667	48.666666666666664	48.346666666666664	48.75333333333333	48.406666666666666	48.586666666666666	48.13333333333333	48.62	48.44	48.653333333333336	48.45333333333333	48.373333333333335	48.50666666666667	48.666666666666664	48.406666666666666	48.68	48.593333333333334	48.38666666666666	48.473333333333336	48.54666666666667	48.00666666666667	48.193333333333335	48.026666666666664	47.88	47.693333333333335	47.39333333333333	46.32666666666667	44.44	0.0
0.0	44.70666666666666	46.82666666666667	47.8	48.38	48.39333333333333	48.76	48.666666666666664	48.79333333333334	49.11333333333334	48.89333333333333	48.88666666666666	48.75333333333333	48.846666666666664	49.04666666666667	48.64666666666667	48.76	48.56	48.71333333333333	48.44	48.346666666666664	48.54666666666667	48.346666666666664	48.526666666666664	48.71333333333333	48.63333333333333	48.58	48.62	48.27333333333333	48.4	48.38	48.17333333333333	48.25333333333333	47.79333333333334	46.71333333333333	44.693333333333335	0.0
0.0	44.77333333333333	46.78	47.68666666666667	48.21333333333333	48.54666666666667	48.58	48.76	48.766666666666666	48.81333333333333	48.74666666666667	48.873333333333335	49.0	48.96666666666667	48.78	48.78666666666667	49.04666666666667	48.99333333333333	48.84	48.98	48.92	49.16	49.20666666666666	49.126666666666665	48.733333333333334	48.833333333333336	48.873333333333335	48.94	48.906666666666666	48.67333333333333	48.526666666666664	48.38	48.24	47.67333333333333	47.14666666666667	44.85333333333333	0.0
0.0	44.78666666666667	46.53333333333333	47.7	48.166666666666664	48.093333333333334	48.266666666666666	48.4	48.45333333333333	48.846666666666664	48.666666666666664	48.49333333333333	48.78	48.9	48.44	48.32	48.75333333333333	48.446666666666665	48.38	48.7	48.986666666666665	48.79333333333334	49.21333333333333	48.7	48.586666666666666	48.653333333333336	48.66	48.4	48.68666666666667	48.82	48.70666666666666	48.68	48.21333333333333	47.873333333333335	46.626666666666665	44.54666666666667	0.0
0.0	45.14666666666667	46.833333333333336	47.846666666666664	48.31333333333333	48.44	48.86	48.64	48.846666666666664	49.2	49.20666666666666	49.126666666666665	48.94	49.026666666666664	49.44	49.04	49.406666666666666	49.2	48.9	49.053333333333335	49.04666666666667	49.03333333333333	49.10666666666667	49.22666666666667	49.06666666666667	48.95333333333333	49.18666666666667	48.846666666666664	48.94	48.906666666666666	48.54	48.54	48.04666666666667	47.8	46.873333333333335	44.766666666666666	0.0
0.0	44.346666666666664	46.85333333333333	47.79333333333334	48.266666666666666	48.48	48.48	48.16	48.446666666666665	48.6	48.833333333333336	48.913333333333334	48.68666666666667	48.52	48.81333333333333	48.50666666666667	48.68666666666667	48.53333333333333	48.406666666666666	48.6	48.653333333333336	48.56	48.77333333333333	48.733333333333334	48.45333333333333	48.45333333333333	48.513333333333335	48.50666666666667	48.43333333333333	48.53333333333333	48.46	48.36666666666667	47.79333333333334	47.61333333333334	47.03333333333333	44.733333333333334	0.0
0.0	44.43333333333333	46.53333333333333	47.68666666666667	47.973333333333336	48.38666666666666	48.24	48.27333333333333	48.28	48.67333333333333	48.513333333333335	48.49333333333333	48.346666666666664	48.56666666666667	48.526666666666664	48.58	48.42	48.593333333333334	48.373333333333335	48.666666666666664	48.153333333333336	48.473333333333336	48.54666666666667	48.39333333333333	48.12	48.306666666666665	48.31333333333333	47.946666666666665	48.04666666666667	48.31333333333333	48.24	48.086666666666666	47.89333333333333	47.346666666666664	46.46	44.413333333333334	0.0
0.0	44.50666666666667	46.88666666666666	47.38666666666666	47.79333333333334	48.18	48.52	48.56666666666667	48.846666666666664	48.85333333333333	48.86	48.78666666666667	48.846666666666664	48.913333333333334	48.85333333333333	48.44	48.74666666666667	48.88	48.94	48.84	48.84	48.586666666666666	48.913333333333334	48.63333333333333	48.473333333333336	48.63333333333333	48.406666666666666	48.513333333333335	48.446666666666665	48.28666666666667	48.46	48.14	47.89333333333333	47.833333333333336	46.7	44.48	0.0
0.0	44.29333333333334	46.733333333333334	47.653333333333336	47.9	48.07333333333333	48.26	48.46	48.44	48.43333333333333	48.67333333333333	48.54	48.96	48.76	48.54	48.32	48.22666666666667	48.553333333333335	48.53333333333333	48.78	48.553333333333335	48.32	48.56	48.49333333333333	48.66	48.54666666666667	48.7	48.72666666666667	48.27333333333333	48.32	48.093333333333334	48.14666666666667	47.873333333333335	47.72666666666667	46.906666666666666	44.58	0.0
0.0	44.26	46.54666666666667	47.833333333333336	48.153333333333336	48.22	48.38666666666666	48.28666666666667	48.36	48.653333333333336	48.56666666666667	49.0	48.64	48.54666666666667	48.86	48.54	48.88666666666666	48.78666666666667	48.82666666666667	48.72666666666667	48.833333333333336	48.666666666666664	48.873333333333335	48.75333333333333	48.58	48.946666666666665	48.63333333333333	48.36666666666667	48.406666666666666	48.63333333333333	48.67333333333333	48.166666666666664	47.75333333333333	47.12	46.6	44.43333333333333	0.0
0.0	44.32	46.18	47.34	47.78	47.88666666666666	48.3	48.35333333333333	48.50666666666667	48.39333333333333	48.21333333333333	48.6	48.626666666666665	48.62	48.373333333333335	48.766666666666666	48.64	48.85333333333333	48.76	48.66	48.93333333333333	48.913333333333334	48.42666666666667	48.526666666666664	48.766666666666666	48.54666666666667	48.593333333333334	48.873333333333335	48.39333333333333	48.526666666666664	48.42666666666667	47.89333333333333	47.88666666666666	47.44	46.946666666666665	44.553333333333335	0.0
0.0	44.77333333333333	46.92666666666667	47.94	48.26	48.71333333333333	48.57333333333333	48.77333333333333	48.89333333333333	48.906666666666666	48.653333333333336	49.04666666666667	48.873333333333335	48.88666666666666	49.36	49.46666666666667	49.04	49.18	48.9	49.053333333333335	48.9	48.593333333333334	48.766666666666666	48.486666666666665	48.553333333333335	48.7	48.666666666666664	48.84	48.89333333333333	48.56	48.42	48.42666666666667	48.346666666666664	47.92	47.06666666666667	44.81333333333333	0.0
0.0	44.58	46.973333333333336	47.67333333333333	47.99333333333333	48.29333333333334	48.46666666666667	48.53333333333333	48.28	48.42	48.36	48.62	48.06666666666667	48.38	48.806666666666665	48.96666666666667	48.42	48.71333333333333	48.6	48.61333333333334	48.78	48.75333333333333	48.92666666666667	48.653333333333336	48.8	48.72	48.553333333333335	48.82	48.3	48.24	48.266666666666666	48.13333333333333	47.88	47.7	46.833333333333336	44.653333333333336	0.0
0.0	44.53333333333333	46.86	47.78666666666667	48.21333333333333	47.95333333333333	47.77333333333333	48.29333333333334	48.38	48.333333333333336	48.54	48.36666666666667	48.89333333333333	48.61333333333334	48.60666666666667	48.49333333333333	48.333333333333336	48.333333333333336	48.693333333333335	48.593333333333334	48.553333333333335	48.74666666666667	48.846666666666664	48.373333333333335	48.413333333333334	48.3	48.58	48.62	48.50666666666667	48.44	48.27333333333333	48.21333333333333	47.833333333333336	47.413333333333334	46.77333333333333	44.553333333333335	0.0
0.0	44.653333333333336	46.89333333333333	47.89333333333333	48.34	48.29333333333334	48.526666666666664	48.63333333333333	48.57333333333333	48.806666666666665	48.79333333333334	48.66	48.82	49.053333333333335	48.766666666666666	49.233333333333334	48.873333333333335	49.06666666666667	49.013333333333335	49.413333333333334	49.013333333333335	48.71333333333333	48.873333333333335	48.88	48.93333333333333	49.013333333333335	48.92666666666667	49.02	48.82	49.0	48.9	48.64	48.18666666666667	47.68666666666667	47.04666666666667	44.63333333333333	0.0
0.0	44.20666666666666	46.75333333333333	47.57333333333333	48.18666666666667	48.44	48.66	48.75333333333333	48.666666666666664	48.526666666666664	48.72	48.52	48.513333333333335	48.42666666666667	48.64666666666667	48.74	48.57333333333333	48.84	49.06666666666667	48.74666666666667	48.56666666666667	48.77333333333333	48.46	48.78666666666667	48.82	48.89333333333333	48.50666666666667	48.66	48.45333333333333	48.88	48.626666666666665	48.06	48.06	47.586666666666666	46.62	44.49333333333333	0.0
0.0	44.82666666666667	46.99333333333333	47.61333333333334	48.43333333333333	48.473333333333336	48.4	48.626666666666665	48.58	48.66	48.67333333333333	48.68	48.77333333333333	48.733333333333334	48.78666666666667	48.833333333333336	48.986666666666665	48.81333333333333	48.7	48.89333333333333	49.086666666666666	49.14	48.913333333333334	49.22666666666667	49.026666666666664	48.64	49.0	48.626666666666665	48.973333333333336	49.14666666666667	48.85333333333333	48.36	48.18666666666667	47.946666666666665	46.95333333333333	44.846666666666664	0.0
0.0	45.20666666666666	47.34	47.60666666666667	48.2	48.63333333333333	48.62	48.733333333333334	48.98	48.553333333333335	48.666666666666664	49.11333333333334	49.14	49.03333333333333	48.86	48.906666666666666	49.21333333333333	48.96666666666667	48.61333333333334	48.666666666666664	48.86	48.82666666666667	48.74	48.96666666666667	49.03333333333333	48.96	48.84	48.96	48.68666666666667	49.17333333333333	48.56	48.39333333333333	48.0	47.52	47.14666666666667	44.973333333333336	0.0
0.0	44.56666666666667	46.93333333333333	47.92666666666667	48.16	48.486666666666665	48.626666666666665	48.64	48.70666666666666	48.68666666666667	48.586666666666666	48.53333333333333	48.79333333333334	48.53333333333333	48.266666666666666	48.78666666666667	48.53333333333333	48.64	48.906666666666666	48.78666666666667	48.873333333333335	48.7	48.72	48.60666666666667	48.766666666666666	48.82	48.93333333333333	49.053333333333335	48.9	48.57333333333333	48.64	48.32	48.153333333333336	47.68	46.85333333333333	44.526666666666664	0.0
