0.0	52.28	59.026666666666664	63.153333333333336	65.81333333333333	68.52666666666667	69.72666666666667	71.18666666666667	72.43333333333334	72.93333333333334	73.69333333333333	74.63333333333334	74.84	75.58	76.07333333333334	76.26	76.45333333333333	76.6	76.58	76.3	76.46	76.24666666666667	76.00666666666666	75.30666666666667	74.98	74.45333333333333	73.96666666666667	72.89333333333333	72.0	70.78	69.20666666666666	67.99333333333334	65.71333333333334	62.806666666666665	58.81333333333333	52.586666666666666	0.0
0.0	52.4	58.99333333333333	62.96666666666667	65.94666666666667	67.93333333333334	69.41333333333333	71.21333333333334	72.18666666666667	73.18666666666667	74.30666666666667	75.0	75.28	75.52666666666667	75.91333333333333	76.24	76.58666666666667	76.72	76.28666666666666	76.48666666666666	76.54	76.45333333333333	76.35333333333334	75.86	75.22	75.28666666666666	74.6	73.39333333333333	72.33333333333333	71.07333333333334	69.81333333333333	68.21333333333334	65.73333333333333	62.986666666666665	59.126666666666665	52.56	0.0
0.0	52.67333333333333	58.833333333333336	63.026666666666664	65.49333333333334	67.50666666666666	69.39333333333333	70.76	71.78666666666666	72.67333333333333	73.76666666666667	74.36	75.26666666666667	75.67333333333333	75.78	76.40666666666667	76.42	76.59333333333333	76.67333333333333	76.52666666666667	76.32666666666667	76.14	75.66	75.12666666666667	75.08666666666667	74.18	73.54666666666667	72.7	71.86	70.76	69.08666666666667	68.05333333333333	65.77333333333333	63.086666666666666	59.24	53.126666666666665	0.0
0.0	52.5	59.48	63.35333333333333	65.90666666666667	68.21333333333334	69.97333333333333	71.34666666666666	72.64	73.48666666666666	74.34666666666666	75.12	75.44666666666667	76.43333333333334	76.30666666666667	76.65333333333334	76.81333333333333	77.22666666666667	77.12	77.15333333333334	77.09333333333333	76.9	76.59333333333333	76.29333333333334	75.84	75.32	74.64	73.66666666666667	72.26666666666667	70.94666666666667	70.21333333333334	68.17333333333333	65.98	63.153333333333336	59.126666666666665	52.553333333333335	0.0
0.0	52.6	59.04666666666667	63.166666666666664	65.92666666666666	67.75333333333333	69.26666666666667	70.76666666666667	72.04666666666667	73.08	74.17333333333333	74.89333333333333	75.34666666666666	75.74666666666667	75.80666666666667	75.89333333333333	76.4	76.72	76.78	76.36666666666666	76.26666666666667	76.02	76.08	75.18666666666667	75.20666666666666	74.78	73.71333333333334	73.03333333333333	71.97333333333333	70.89333333333333	69.34666666666666	68.21333333333334	65.94	62.79333333333334	59.026666666666664	52.28	0.0
0.0	53.03333333333333	59.46666666666667	63.42	66.06666666666666	67.91333333333333	69.86666666666666	71.04	72.31333333333333	73.29333333333334	74.13333333333334	74.87333333333333	75.22666666666667	75.65333333333334	76.01333333333334	76.50666666666666	76.66666666666667	76.96666666666667	76.60666666666667	76.52666666666667	76.54666666666667	76.34	75.94	76.11333333333333	75.24	75.24666666666667	73.88666666666667	73.00666666666666	72.6	70.88666666666667	69.91333333333333	68.34666666666666	65.86666666666666	63.17333333333333	59.28666666666667	52.54	0.0
0.0	52.70666666666666	59.32666666666667	63.406666666666666	66.14	68.2	70.56	71.35333333333334	72.14666666666666	73.59333333333333	74.33333333333333	74.94666666666667	75.79333333333334	76.22666666666667	76.44666666666667	76.96	77.18666666666667	76.74666666666667	77.09333333333333	76.9	76.72	76.54	76.31333333333333	75.77333333333333	75.54	74.75333333333333	74.1	73.12	72.36	71.28666666666666	69.79333333333334	68.20666666666666	65.85333333333334	63.32	59.193333333333335	52.22	0.0
0.0	52.66	58.92	62.78	65.98	68.28	69.87333333333333	71.13333333333334	72.34	73.47333333333333	73.85333333333334	74.81333333333333	75.69333333333333	75.93333333333334	76.2	76.26	76.93333333333334	76.62	76.78	76.5	76.97333333333333	76.58	76.24666666666667	75.66	75.11333333333333	74.42	74.08	73.04666666666667	72.46	71.18	69.65333333333334	68.06	65.74	63.03333333333333	58.913333333333334	52.58	0.0
0.0	52.9	59.14	63.24666666666667	65.98666666666666	68.11333333333333	69.78	71.40666666666667	72.53333333333333	73.49333333333334	74.2	75.0	75.36666666666666	75.78	75.88	76.16	76.44	76.76666666666667	76.49333333333334	76.48666666666666	76.82	76.22666666666667	76.35333333333334	75.8	75.58666666666667	74.88666666666667	74.29333333333334	73.4	72.16	71.66666666666667	70.05333333333333	68.54666666666667	66.41333333333333	63.12	59.72666666666667	52.833333333333336	0.0
0.0	52.473333333333336	59.00666666666667	62.833333333333336	65.82	67.89333333333333	69.80666666666667	70.94	72.30666666666667	72.78	74.05333333333333	74.90666666666667	75.06	75.8	76.01333333333334	76.34	76.64	76.68666666666667	76.94666666666667	76.90666666666667	76.93333333333334	76.65333333333334	76.06	75.84	75.43333333333334	74.26	73.53333333333333	72.23333333333333	71.84666666666666	70.17333333333333	69.0	67.53333333333333	65.44666666666667	62.833333333333336	58.93333333333333	52.43333333333333	0.0
0.0	52.78666666666667	59.053333333333335	62.86666666666667	65.5	67.65333333333334	69.70666666666666	71.55333333333333	72.44666666666667	73.44	73.72	74.60666666666667	74.62666666666667	75.26666666666667	75.84666666666666	76.50666666666666	76.8	77.04666666666667	76.72	76.93333333333334	76.8	76.58	76.21333333333334	75.94666666666667	75.6	75.30666666666667	74.02	73.42	72.38666666666667	71.32	69.92666666666666	68.08666666666667	66.08	62.846666666666664	59.04666666666667	52.62	0.0
0.0	52.42666666666667	58.77333333333333	62.99333333333333	65.92	68.34	69.81333333333333	71.14666666666666	72.28666666666666	73.59333333333333	74.1	74.84666666666666	75.53333333333333	75.71333333333334	75.99333333333334	76.36	76.34	76.9	76.65333333333334	76.76	76.91333333333333	76.80666666666667	76.32666666666667	76.3	75.75333333333333	74.82	74.24	73.3	72.42	71.38	69.82	68.18	65.90666666666667	62.86	58.72	52.71333333333333	0.0
0.0	52.82	59.486666666666665	63.233333333333334	65.98666666666666	68.12	69.73333333333333	71.58666666666667	72.75333333333333	73.34666666666666	74.16	74.87333333333333	75.32666666666667	75.72	76.26	76.04	76.22666666666667	76.56	76.72666666666667	76.65333333333334	76.62	76.1	75.63333333333334	75.52	75.26666666666667	74.33333333333333	73.71333333333334	73.34666666666666	71.89333333333333	70.55333333333333	69.44666666666667	67.50666666666666	65.61333333333333	63.053333333333335	58.78666666666667	52.34	0.0
0.0	52.48	58.95333333333333	63.22666666666667	66.14	67.92	70.0	71.46	72.66	73.31333333333333	74.27333333333333	74.78	75.70666666666666	76.05333333333333	76.2	76.49333333333334	77.05333333333333	77.09333333333333	76.97333333333333	77.02666666666667	77.07333333333334	76.57333333333334	75.92	75.74	75.15333333333334	74.45333333333333	74.16666666666667	73.16666666666667	72.54	71.06666666666666	69.71333333333334	68.22	65.7	62.78666666666667	59.49333333333333	52.733333333333334	0.0
0.0	52.666666666666664	59.32666666666667	63.513333333333335	66.52666666666667	68.26	70.23333333333333	71.34	72.6	73.74	74.43333333333334	75.34666666666666	76.11333333333333	76.34	76.88	77.59333333333333	77.42666666666666	77.78	77.48	77.23333333333333	77.46666666666667	76.96666666666667	76.62	76.14666666666666	76.01333333333334	74.94	73.85333333333334	73.26	72.72	71.50666666666666	69.86666666666666	68.52	66.04	63.29333333333334	59.266666666666666	52.81333333333333	0.0
0.0	52.86666666666667	58.986666666666665	62.93333333333333	65.74666666666667	68.15333333333334	69.12	70.25333333333333	71.67333333333333	72.77333333333333	73.80666666666667	74.70666666666666	74.87333333333333	75.77333333333333	75.98666666666666	76.45333333333333	76.68	76.44666666666667	76.55333333333333	76.50666666666666	76.37333333333333	76.26666666666667	75.83333333333333	75.34666666666666	74.58	74.10666666666667	73.52	72.92666666666666	72.16	70.44666666666667	69.4	67.70666666666666	65.34	62.81333333333333	58.93333333333333	52.38666666666666	0.0
0.0	52.62	59.193333333333335	62.76	65.90666666666667	67.82	69.6	70.72	72.13333333333334	72.90666666666667	73.98	74.57333333333334	75.32	75.77333333333333	76.17333333333333	76.63333333333334	76.71333333333334	77.04666666666667	76.8	76.76	76.78	76.70666666666666	75.94	75.68666666666667	75.18666666666667	74.46	73.89333333333333	73.26	72.00666666666666	71.08666666666667	69.37333333333333	68.07333333333334	65.85333333333334	63.22666666666667	59.36	52.5	0.0
0.0	52.39333333333333	58.92	62.98	65.76666666666667	68.03333333333333	69.61333333333333	71.3	72.61333333333333	73.24	73.74	74.17333333333333	74.55333333333333	75.33333333333333	75.66666666666667	76.35333333333334	76.28	76.11333333333333	76.27333333333333	76.44666666666667	76.40666666666667	76.44666666666667	75.81333333333333	75.26	74.70666666666666	74.34	73.58666666666667	72.85333333333334	72.14	70.7	69.68666666666667	67.84666666666666	66.18	63.22	59.21333333333333	52.92666666666667	0.0
0.0	52.76	58.82666666666667	62.50666666666667	65.57333333333334	67.71333333333334	69.60666666666667	70.73333333333333	72.25333333333333	72.70666666666666	73.85333333333334	74.35333333333334	74.81333333333333	75.44	76.19333333333333	76.01333333333334	76.00666666666666	76.24	76.69333333333333	76.28666666666666	76.26	76.08	76.0	75.09333333333333	74.66	74.26666666666667	73.64	73.47333333333333	72.12666666666667	71.12666666666667	69.38666666666667	67.85333333333334	65.50666666666666	63.14	59.333333333333336	52.766666666666666	0.0
0.0	52.46666666666667	59.04666666666667	63.36666666666667	66.34666666666666	68.52666666666667	70.01333333333334	71.85333333333334	72.86	73.68666666666667	74.51333333333334	74.91333333333333	75.34666666666666	75.97333333333333	76.73333333333333	77.09333333333333	76.97333333333333	77.1	77.02666666666667	76.82666666666667	76.78	76.43333333333334	75.74	75.09333333333333	74.78666666666666	74.39333333333333	74.20666666666666	73.21333333333334	72.58666666666667	70.91333333333333	69.47333333333333	67.39333333333333	65.34	63.17333333333333	58.85333333333333	52.48	0.0
0.0	52.50666666666667	59.22666666666667	63.28	66.2	68.42666666666666	69.94666666666667	71.28666666666666	72.52	73.52	74.29333333333334	74.96666666666667	75.43333333333334	75.86666666666666	76.00666666666666	76.59333333333333	77.03333333333333	76.92666666666666	76.89333333333333	76.66	76.88	76.83333333333333	76.38666666666667	75.96	76.10666666666667	75.44666666666667	74.30666666666667	73.53333333333333	72.62666666666667	71.59333333333333	70.4	68.46	66.3	63.593333333333334	59.946666666666665	52.79333333333334	0.0
0.0	52.626666666666665	59.18666666666667	62.85333333333333	65.73333333333333	67.58	69.50666666666666	70.63333333333334	72.30666666666667	73.2	74.22	74.82666666666667	75.32	75.53333333333333	76.12666666666667	76.97333333333333	76.66666666666667	77.06	76.88666666666667	76.73333333333333	76.32666666666667	76.48666666666666	75.99333333333334	75.46666666666667	75.32	74.60666666666667	73.75333333333333	73.19333333333333	72.32666666666667	71.11333333333333	69.94666666666667	68.34	66.14666666666666	63.16	58.96	52.42	0.0
0.0	53.013333333333335	59.64	62.84	66.10666666666667	67.99333333333334	69.6	71.5	72.69333333333333	73.66	74.36	75.26	75.58	76.02666666666667	76.73333333333333	76.87333333333333	76.75333333333333	77.02666666666667	76.9	76.55333333333333	76.35333333333334	76.31333333333333	75.58	75.15333333333334	75.18666666666667	74.75333333333333	73.96	72.86	72.42	71.24666666666667	69.64	67.9	65.9	63.153333333333336	59.22	52.76	0.0
0.0	53.0	59.0	63.06	65.92	68.03333333333333	69.74666666666667	71.18666666666667	72.1	72.92	73.7	74.71333333333334	75.13333333333334	75.40666666666667	75.69333333333333	76.06	76.44	76.27333333333333	76.85333333333334	76.57333333333334	76.66666666666667	76.75333333333333	75.98	75.59333333333333	75.35333333333334	74.46666666666667	73.78666666666666	72.92	72.29333333333334	70.75333333333333	69.79333333333334	68.50666666666666	66.23333333333333	63.35333333333333	59.306666666666665	53.053333333333335	0.0
0.0	52.54	58.98	63.166666666666664	65.67333333333333	67.42	69.00666666666666	70.68666666666667	72.12	73.04666666666667	73.73333333333333	74.26	74.74	75.46	76.23333333333333	76.08666666666667	76.51333333333334	75.95333333333333	76.12666666666667	76.17333333333333	76.39333333333333	76.11333333333333	75.54666666666667	75.26	74.77333333333333	74.06	73.43333333333334	72.91333333333333	72.18666666666667	70.98	69.72666666666667	67.90666666666667	66.08	63.053333333333335	59.13333333333333	52.64666666666667	0.0
0.0	52.64	59.44	63.20666666666666	66.13333333333334	68.23333333333333	69.93333333333334	71.13333333333334	72.52666666666667	73.33333333333333	73.88666666666667	74.3	74.87333333333333	75.70666666666666	76.12	76.49333333333334	75.99333333333334	76.53333333333333	76.68666666666667	76.63333333333334	76.74666666666667	76.65333333333334	76.53333333333333	76.36	75.88	74.94	73.83333333333333	73.04666666666667	72.42	71.32666666666667	69.88666666666667	67.88666666666667	65.74	63.193333333333335	59.21333333333333	52.8	0.0
0.0	52.82	59.093333333333334	63.266666666666666	66.00666666666666	67.98	69.72	70.64666666666666	72.12	73.23333333333333	73.81333333333333	74.65333333333334	75.06	75.67333333333333	76.29333333333334	76.56	76.45333333333333	76.98	76.95333333333333	77.31333333333333	76.60666666666667	76.75333333333333	76.04	75.8	75.14	74.94	74.04	73.35333333333334	72.38	71.27333333333333	70.12	68.67333333333333	66.38666666666667	63.233333333333334	59.44	52.75333333333333	0.0
0.0	52.50666666666667	59.56666666666667	63.43333333333333	66.74666666666667	68.7	70.30666666666667	72.00666666666666	72.68666666666667	73.47333333333333	74.71333333333334	75.03333333333333	76.03333333333333	76.48	76.81333333333333	76.75333333333333	77.24	77.28666666666666	77.60666666666667	77.36	76.94	76.56	76.38	76.02666666666667	75.72	75.12	74.20666666666666	73.44666666666667	72.4	71.3	70.12666666666667	67.89333333333333	65.92	63.10666666666667	59.49333333333333	52.99333333333333	0.0
0.0	52.833333333333336	59.08	62.94	65.86666666666666	67.87333333333333	69.35333333333334	71.12	71.97333333333333	73.03333333333333	74.32666666666667	75.03333333333333	75.25333333333333	75.67333333333333	76.08	76.14666666666666	76.54666666666667	76.51333333333334	76.52	76.28	76.56666666666666	76.26666666666667	75.85333333333334	75.48666666666666	74.66666666666667	74.25333333333333	73.65333333333334	73.01333333333334	72.11333333333333	71.17333333333333	69.72666666666667	67.82	65.84666666666666	63.04	58.92666666666667	52.71333333333333	0.0
0.0	52.553333333333335	58.92	62.89333333333333	65.89333333333333	68.00666666666666	69.65333333333334	71.14666666666666	72.43333333333334	73.18	74.3	75.22666666666667	75.66	75.98	76.53333333333333	76.62	76.5	76.31333333333333	76.54666666666667	76.45333333333333	76.79333333333334	76.36	76.12666666666667	75.56	75.03333333333333	74.79333333333334	74.07333333333334	73.06	71.76666666666667	71.2	69.74	68.1	65.88666666666667	62.693333333333335	58.99333333333333	52.45333333333333	0.0
0.0	52.82	59.653333333333336	63.18666666666667	65.91333333333333	68.82666666666667	70.69333333333333	71.76	72.65333333333334	73.76666666666667	74.59333333333333	75.37333333333333	75.75333333333333	76.42	76.72666666666667	77.09333333333333	76.81333333333333	77.15333333333334	77.27333333333333	77.34666666666666	76.88	77.02666666666667	76.71333333333334	76.3	75.62	74.99333333333334	74.0	73.5	72.34666666666666	71.39333333333333	70.24	68.16666666666667	66.01333333333334	63.26	59.36	52.66	0.0
0.0	52.64666666666667	59.54	63.74	66.91333333333333	68.54	70.54	71.86666666666666	73.36666666666666	74.06	74.85333333333334	75.5	76.32666666666667	76.74	77.06	77.26666666666667	77.52	78.06666666666666	77.65333333333334	77.84	77.41333333333333	76.98666666666666	77.21333333333334	76.48666666666666	76.28	75.78	74.82	74.15333333333334	73.12	71.49333333333334	70.43333333333334	68.42	66.28666666666666	63.626666666666665	59.88	52.92666666666667	0.0
0.0	52.846666666666664	59.42666666666667	63.053333333333335	65.83333333333333	68.25333333333333	69.92666666666666	71.18	72.20666666666666	72.70666666666666	73.45333333333333	74.14666666666666	75.00666666666666	75.54	75.77333333333333	76.65333333333334	76.75333333333333	76.88	76.54666666666667	76.73333333333333	76.87333333333333	76.64666666666666	76.06666666666666	76.04	75.3	75.21333333333334	74.18	73.32666666666667	72.22	71.20666666666666	69.89333333333333	68.04666666666667	65.72	63.0	59.14666666666667	52.86666666666667	0.0
0.0	52.78	59.39333333333333	63.586666666666666	66.12666666666667	68.06666666666666	69.86666666666666	71.25333333333333	72.94666666666667	73.47333333333333	74.22	75.21333333333334	75.37333333333333	76.03333333333333	76.73333333333333	77.22	77.24	77.42	77.62	77.45333333333333	77.34666666666666	76.68	76.40666666666667	76.03333333333333	75.78666666666666	74.82666666666667	74.31333333333333	73.41333333333333	72.89333333333333	71.88666666666667	69.99333333333334	67.78666666666666	66.16	62.946666666666665	58.96	52.4	0.0
0.0	52.5	59.306666666666665	63.28	66.1	68.02666666666667	69.91333333333333	71.39333333333333	72.66666666666667	73.41333333333333	74.18	75.01333333333334	75.72666666666667	75.98666666666666	76.28	76.70666666666666	76.91333333333333	76.81333333333333	76.90666666666667	76.72	76.38	76.08	76.15333333333334	75.92	75.00666666666666	74.6	74.29333333333334	73.16	71.97333333333333	70.84666666666666	69.46	67.66666666666667	65.68666666666667	63.28666666666667	59.28	52.62	0.0
0.0	52.96666666666667	59.72666666666667	63.42666666666667	66.52666666666667	68.52666666666667	69.86666666666666	71.57333333333334	73.12666666666667	73.88	74.26	75.11333333333333	76.03333333333333	76.6	76.78	77.08	77.22666666666667	76.77333333333333	77.03333333333333	77.04	76.92666666666666	76.81333333333333	76.38666666666667	76.13333333333334	75.17333333333333	74.84666666666666	74.48	73.32	72.31333333333333	71.07333333333334	69.77333333333333	68.10666666666667	65.52	63.12	58.96666666666667	52.72666666666667	0.0
0.0	52.81333333333333	59.053333333333335	62.78	65.56	68.04666666666667	69.54666666666667	71.21333333333334	72.13333333333334	72.53333333333333	73.76666666666667	74.52	75.12666666666667	76.00666666666666	75.71333333333334	76.40666666666667	76.41333333333333	76.7	76.76666666666667	76.69333333333333	76.74	76.29333333333334	75.82	75.49333333333334	74.85333333333334	74.36	73.76	73.18666666666667	72.30666666666667	71.09333333333333	69.44666666666667	67.80666666666667	65.52	62.9	58.71333333333333	52.473333333333336	0.0
0.0	52.74666666666667	59.4	63.5	66.49333333333334	68.33333333333333	69.93333333333334	71.35333333333334	72.58	73.30666666666667	74.06666666666666	74.66	75.4	75.62666666666667	76.13333333333334	76.42666666666666	76.99333333333334	77.15333333333334	76.74	76.59333333333333	76.62	76.48666666666666	76.22	75.92666666666666	74.98	74.42	74.02666666666667	73.66	72.51333333333334	71.12	69.8	68.0	65.64666666666666	62.873333333333335	58.82	52.473333333333336	0.0
0.0	52.62	59.406666666666666	63.473333333333336	65.96666666666667	68.04666666666667	69.74	71.10666666666667	72.12	73.39333333333333	73.89333333333333	74.5	75.10666666666667	76.12666666666667	76.28666666666666	76.78	76.78666666666666	77.08	77.08	76.92666666666666	76.81333333333333	76.82666666666667	76.36	75.98666666666666	75.54666666666667	75.37333333333333	74.45333333333333	73.74666666666667	72.53333333333333	71.44666666666667	69.96666666666667	68.24666666666667	65.86	63.04666666666667	58.78	52.45333333333333	0.0
0.0	52.77333333333333	59.22	62.70666666666666	65.60666666666667	67.51333333333334	69.51333333333334	70.82	71.82666666666667	73.02666666666667	73.78666666666666	74.62666666666667	75.24	75.59333333333333	75.85333333333334	75.9	76.43333333333334	76.38	76.76666666666667	76.46	76.19333333333333	76.46666666666667	76.24666666666667	75.86666666666666	75.18666666666667	74.6	73.66666666666667	72.93333333333334	72.01333333333334	70.52666666666667	69.01333333333334	67.66666666666667	65.55333333333333	63.306666666666665	59.446666666666665	52.626666666666665	0.0
0.0	52.653333333333336	59.22666666666667	63.13333333333333	66.02666666666667	68.02666666666667	69.58666666666667	71.04666666666667	72.56	73.46	74.47333333333333	75.18	75.73333333333333	75.92666666666666	76.58666666666667	76.91333333333333	77.28	77.38	77.20666666666666	77.42	77.42666666666666	77.09333333333333	77.32	77.08666666666667	76.09333333333333	75.16666666666667	74.40666666666667	73.41333333333333	72.55333333333333	71.74666666666667	70.14	68.66	66.22	63.4	59.42666666666667	52.48	0.0
0.0	53.093333333333334	59.32	63.42666666666667	66.17333333333333	68.17333333333333	69.84666666666666	71.27333333333333	72.30666666666667	73.44666666666667	74.05333333333333	75.02	75.56666666666666	75.78	76.12666666666667	76.62	76.66666666666667	77.18666666666667	76.87333333333333	76.86	76.84	76.57333333333334	76.19333333333333	75.96666666666667	75.19333333333333	74.45333333333333	73.62666666666667	73.28666666666666	72.12	71.37333333333333	70.07333333333334	68.28	66.36666666666666	63.46666666666667	59.57333333333333	52.74	0.0
0.0	52.626666666666665	59.06	62.84	65.48666666666666	67.8	69.40666666666667	71.0	72.02666666666667	73.47333333333333	74.25333333333333	74.90666666666667	75.32	75.93333333333334	75.8	76.24	76.12666666666667	76.05333333333333	76.32	76.56666666666666	76.28	76.20666666666666	76.08666666666667	75.72	75.61333333333333	74.77333333333333	74.63333333333334	73.86666666666666	72.87333333333333	71.56666666666666	70.26	68.67333333333333	66.34	63.14	59.373333333333335	53.10666666666667	0.0
0.0	52.92	59.32	63.03333333333333	65.84	68.22666666666667	70.04666666666667	71.42	72.96	73.81333333333333	74.52	75.57333333333334	75.96666666666667	76.31333333333333	76.96	76.95333333333333	77.08	76.89333333333333	76.88666666666667	76.74666666666667	76.32666666666667	75.89333333333333	75.78666666666666	75.76	75.76666666666667	74.96	73.94	73.10666666666667	72.52666666666667	70.96666666666667	69.85333333333334	67.96666666666667	65.92	63.48	59.053333333333335	52.66	0.0
0.0	52.76	59.25333333333333	63.126666666666665	66.09333333333333	68.33333333333333	69.82	71.48	72.36	73.44666666666667	74.49333333333334	74.82	75.26666666666667	76.09333333333333	76.42666666666666	76.84666666666666	77.06	76.54666666666667	77.08	76.35333333333334	76.45333333333333	76.01333333333334	76.21333333333334	75.50666666666666	75.33333333333333	74.86	73.8	73.29333333333334	72.30666666666667	70.77333333333333	69.42666666666666	67.88	66.22	63.03333333333333	59.266666666666666	53.08	0.0
0.0	52.553333333333335	58.973333333333336	62.84	65.74	67.68	69.50666666666666	71.06666666666666	71.78666666666666	72.97333333333333	73.63333333333334	74.28	75.14	75.74	75.62666666666667	75.79333333333334	76.17333333333333	76.2	76.74	76.18666666666667	75.92666666666666	75.81333333333333	75.57333333333334	75.12	74.78666666666666	74.14666666666666	73.52666666666667	72.94666666666667	71.74666666666667	71.04	69.3	67.75333333333333	65.77333333333333	63.10666666666667	59.3	52.78666666666667	0.0
0.0	52.7	59.06	62.846666666666664	65.8	68.5	70.09333333333333	71.63333333333334	72.82666666666667	73.89333333333333	74.42	75.06666666666666	75.42	75.90666666666667	76.38666666666667	76.92	76.82666666666667	76.93333333333334	76.86666666666666	77.2	77.07333333333334	77.04666666666667	76.63333333333334	76.40666666666667	75.97333333333333	75.41333333333333	74.52666666666667	73.60666666666667	72.68666666666667	71.30666666666667	69.78	68.21333333333334	65.88	63.10666666666667	59.17333333333333	52.86666666666667	0.0
0.0	52.79333333333334	59.62	63.32666666666667	65.68	68.22666666666667	69.85333333333334	71.26	72.3	72.8	73.44666666666667	74.44	74.86	75.39333333333333	75.76666666666667	76.01333333333334	76.2	76.14	76.16666666666667	76.3	76.28666666666666	76.22666666666667	75.85333333333334	75.65333333333334	75.04666666666667	74.62666666666667	73.97333333333333	73.14	72.20666666666666	71.14666666666666	69.74666666666667	67.80666666666667	65.89333333333333	63.28	59.093333333333334	52.68	0.0
0.0	52.99333333333333	59.266666666666666	63.24666666666667	66.33333333333333	67.94	69.35333333333334	71.32	72.16	72.98666666666666	74.06	74.66666666666667	75.62666666666667	76.04	76.52	76.68666666666667	76.78666666666666	76.66666666666667	76.57333333333334	76.96	76.91333333333333	76.27333333333333	76.11333333333333	75.62	75.11333333333333	74.52	74.42	73.11333333333333	72.12	71.08	69.74666666666667	68.21333333333334	66.03333333333333	63.46666666666667	59.593333333333334	52.88	0.0
0.0	52.86	59.4	63.68666666666667	66.55333333333333	68.68666666666667	70.41333333333333	71.74666666666667	73.10666666666667	74.14666666666666	74.75333333333333	75.74	75.83333333333333	76.18	76.80666666666667	77.34666666666666	77.38	77.54	77.51333333333334	77.28666666666666	76.78	76.8	76.67333333333333	76.23333333333333	75.83333333333333	75.20666666666666	74.53333333333333	74.06666666666666	73.06666666666666	71.70666666666666	70.24666666666667	68.50666666666666	66.36666666666666	63.58	59.14666666666667	52.79333333333334	0.0
0.0	52.806666666666665	59.36	62.92666666666667	65.66666666666667	68.13333333333334	69.71333333333334	71.52666666666667	72.30666666666667	73.28	74.05333333333333	74.84	75.56	76.16	76.80666666666667	76.97333333333333	76.84666666666666	77.24	77.41333333333333	77.20666666666666	77.16666666666667	76.82	76.64	76.26	75.54666666666667	74.97333333333333	74.11333333333333	73.03333333333333	72.08	71.24	69.7	68.17333333333333	66.01333333333334	63.34	59.32	52.75333333333333	0.0
0.0	52.733333333333334	59.18666666666667	63.126666666666665	65.78666666666666	67.98666666666666	69.54666666666667	70.92	72.14	73.05333333333333	73.79333333333334	74.41333333333333	74.82	75.20666666666666	75.46666666666667	76.04	76.42	76.84666666666666	76.72	76.83333333333333	76.82666666666667	76.19333333333333	76.56666666666666	76.35333333333334	75.75333333333333	74.74	73.97333333333333	73.48	72.46666666666667	71.13333333333334	69.99333333333334	68.18	66.63333333333334	63.406666666666666	59.28666666666667	52.36	0.0
0.0	52.78	59.17333333333333	63.233333333333334	66.01333333333334	68.0	69.94	71.46666666666667	72.26666666666667	73.35333333333334	74.26	74.89333333333333	75.04666666666667	75.62666666666667	75.85333333333334	76.06666666666666	76.55333333333333	76.28666666666666	76.24666666666667	75.86	75.64	75.48	74.95333333333333	75.04	74.82666666666667	74.31333333333333	73.86666666666666	73.09333333333333	72.1	70.98	69.52666666666667	67.94	65.82	62.986666666666665	59.10666666666667	52.96	0.0
0.0	52.66	59.346666666666664	63.093333333333334	65.48	67.52	69.76	71.37333333333333	72.16	72.90666666666667	73.88	74.16	75.0	75.65333333333334	76.38	76.15333333333334	76.36	76.82	76.74	76.59333333333333	76.42666666666666	76.03333333333333	76.04666666666667	75.7	75.65333333333334	74.90666666666667	73.9	73.07333333333334	72.42	71.37333333333333	70.17333333333333	68.14666666666666	66.40666666666667	63.26	58.92666666666667	52.733333333333334	0.0
0.0	52.72	59.346666666666664	63.16	66.12	68.08666666666667	70.17333333333333	70.98	72.37333333333333	73.41333333333333	74.4	75.37333333333333	75.61333333333333	76.20666666666666	76.18	77.10666666666667	76.97333333333333	77.21333333333334	76.96	76.63333333333334	76.68	76.75333333333333	75.75333333333333	75.81333333333333	75.17333333333333	74.69333333333333	73.90666666666667	73.42	72.14666666666666	70.83333333333333	69.32	67.89333333333333	65.63333333333334	63.17333333333333	58.94	52.52	0.0
0.0	52.50666666666667	59.086666666666666	63.28666666666667	66.06666666666666	67.93333333333334	69.18	71.12	72.02666666666667	72.8	73.62666666666667	74.01333333333334	74.78666666666666	74.78	75.29333333333334	75.81333333333333	76.13333333333334	76.38	76.32	75.9	75.65333333333334	75.53333333333333	75.11333333333333	74.9	74.27333333333333	73.77333333333333	72.93333333333334	72.44	71.82666666666667	70.38666666666667	69.0	67.28666666666666	65.42	62.54666666666667	58.92	52.586666666666666	0.0
0.0	52.82666666666667	59.013333333333335	63.553333333333335	65.95333333333333	68.52	70.04	71.22666666666667	72.34666666666666	73.94666666666667	74.82	75.25333333333333	75.87333333333333	76.50666666666666	76.53333333333333	76.79333333333334	76.91333333333333	77.24	77.04666666666667	76.72	77.24666666666667	77.19333333333333	76.84	76.22	75.27333333333333	74.96	73.98	73.38666666666667	72.6	71.4	69.77333333333333	68.36	66.29333333333334	63.06666666666667	59.04666666666667	52.49333333333333	0.0
0.0	52.32	59.43333333333333	62.61333333333334	65.97333333333333	67.9	69.95333333333333	71.24	72.38	73.06666666666666	74.02	74.34666666666666	74.68666666666667	75.2	75.99333333333334	76.13333333333334	76.83333333333333	76.65333333333334	76.56	76.93333333333334	76.65333333333334	76.42666666666666	76.33333333333333	75.60666666666667	75.31333333333333	74.60666666666667	73.90666666666667	73.38666666666667	72.21333333333334	71.22	69.88	68.06666666666666	65.84666666666666	62.98	58.96666666666667	53.0	0.0
0.0	52.406666666666666	59.04	63.24	66.43333333333334	68.11333333333333	70.10666666666667	71.27333333333333	72.38	73.32666666666667	74.14	74.80666666666667	75.29333333333334	76.16	76.78	77.08	77.15333333333334	77.24666666666667	77.06	77.40666666666667	77.18	76.77333333333333	76.53333333333333	76.18666666666667	75.59333333333333	74.78666666666666	74.4	73.69333333333333	72.47333333333333	71.68	69.81333333333333	68.42	66.50666666666666	63.266666666666666	59.266666666666666	53.18666666666667	0.0
0.0	52.93333333333333	59.52	62.98	66.13333333333334	68.18666666666667	69.89333333333333	71.46666666666667	72.66	73.67333333333333	74.57333333333334	75.02	75.72	75.88666666666667	76.04666666666667	75.94	76.24666666666667	76.41333333333333	76.59333333333333	76.57333333333334	76.44	76.44	76.42666666666666	75.70666666666666	75.08	74.94666666666667	74.46666666666667	73.11333333333333	72.34666666666666	71.22666666666667	69.98	68.46666666666667	66.02666666666667	63.46666666666667	59.406666666666666	52.74666666666667	0.0
0.0	52.42666666666667	58.68666666666667	63.1	65.69333333333333	67.70666666666666	69.31333333333333	70.92666666666666	72.16666666666667	73.16	74.08	74.87333333333333	75.45333333333333	75.86666666666666	75.95333333333333	76.48	76.55333333333333	76.67333333333333	76.48	76.39333333333333	76.36	76.22	75.90666666666667	75.56	75.27333333333333	74.43333333333334	74.00666666666666	73.24666666666667	72.04	70.76	69.52	67.92	65.83333333333333	62.99333333333333	58.9	52.306666666666665	0.0
0.0	52.64666666666667	59.06666666666667	62.973333333333336	65.9	67.90666666666667	69.43333333333334	70.41333333333333	71.67333333333333	72.60666666666667	73.32666666666667	74.40666666666667	75.33333333333333	75.91333333333333	76.1	76.77333333333333	76.77333333333333	76.79333333333334	76.9	77.03333333333333	76.54	75.82	75.24	75.13333333333334	74.48	73.82	73.68666666666667	72.76666666666667	72.20666666666666	70.74666666666667	69.47333333333333	67.68	65.52666666666667	62.6	58.78	52.26	0.0
0.0	52.76	58.986666666666665	63.093333333333334	65.82	67.62666666666667	69.30666666666667	70.60666666666667	71.79333333333334	73.04666666666667	73.62666666666667	74.3	75.16666666666667	75.83333333333333	76.17333333333333	76.05333333333333	76.57333333333334	76.82	76.55333333333333	76.81333333333333	76.76	76.4	75.78666666666666	75.44666666666667	75.17333333333333	74.87333333333333	74.14	73.14666666666666	72.71333333333334	70.86666666666666	69.35333333333334	67.77333333333333	65.94666666666667	63.28	59.153333333333336	52.71333333333333	0.0
0.0	52.526666666666664	59.29333333333334	62.68666666666667	66.14	67.99333333333334	69.54666666666667	70.96	72.02666666666667	73.13333333333334	74.11333333333333	74.84666666666666	75.32666666666667	75.12666666666667	75.74666666666667	75.79333333333334	76.11333333333333	76.08	76.44	76.64666666666666	76.59333333333333	76.37333333333333	75.94666666666667	75.36666666666666	75.02666666666667	74.36666666666666	73.60666666666667	73.06666666666666	71.80666666666667	70.79333333333334	69.67333333333333	67.77333333333333	65.86666666666666	63.093333333333334	58.946666666666665	52.486666666666665	0.0
0.0	52.84	59.626666666666665	63.7	66.15333333333334	68.5	69.98	71.55333333333333	72.85333333333334	73.71333333333334	74.69333333333333	75.37333333333333	75.80666666666667	76.37333333333333	76.77333333333333	77.29333333333334	77.51333333333334	77.68666666666667	77.59333333333333	77.46	77.31333333333333	76.99333333333334	76.64666666666666	75.72666666666667	75.48	75.32	74.72	73.68	72.78666666666666	71.38666666666667	70.1	68.47333333333333	66.58	63.56	59.56666666666667	52.88	0.0
0.0	53.053333333333335	59.43333333333333	63.346666666666664	66.11333333333333	68.93333333333334	70.37333333333333	71.62666666666667	73.04666666666667	73.84666666666666	74.48666666666666	75.59333333333333	76.17333333333333	75.98	76.57333333333334	76.62	76.78	77.14666666666666	76.81333333333333	77.05333333333333	76.91333333333333	77.05333333333333	76.76666666666667	76.27333333333333	75.21333333333334	75.23333333333333	74.20666666666666	73.27333333333333	72.32	71.34	69.7	67.74666666666667	66.45333333333333	63.346666666666664	59.32666666666667	52.88	0.0
0.0	52.82666666666667	59.266666666666666	63.34	66.14	67.99333333333334	69.82	71.3	72.38666666666667	73.21333333333334	74.46666666666667	75.13333333333334	75.44	75.54	76.1	76.59333333333333	76.88666666666667	77.41333333333333	77.06666666666666	76.92666666666666	76.97333333333333	76.74666666666667	76.40666666666667	75.91333333333333	75.59333333333333	75.42666666666666	74.6	73.73333333333333	72.58666666666667	71.58666666666667	69.89333333333333	68.53333333333333	66.32	63.32	59.153333333333336	52.71333333333333	0.0
0.0	52.74666666666667	59.26	62.846666666666664	66.24	68.5	69.82666666666667	71.10666666666667	72.52666666666667	73.32	74.15333333333334	75.02666666666667	75.44666666666667	75.44	76.61333333333333	76.46666666666667	76.35333333333334	76.36	76.32	76.25333333333333	76.32	76.30666666666667	76.05333333333333	75.79333333333334	75.26666666666667	75.04666666666667	74.37333333333333	73.16666666666667	72.1	70.96666666666667	69.64666666666666	67.59333333333333	66.03333333333333	63.27333333333333	59.06666666666667	52.74	0.0
0.0	52.57333333333333	58.82	63.22	65.72	68.16	69.74	71.28	72.92666666666666	73.57333333333334	74.22	74.92666666666666	76.18	76.02666666666667	76.24666666666667	76.07333333333334	76.46	76.70666666666666	76.75333333333333	76.74666666666667	76.43333333333334	76.32666666666667	75.99333333333334	75.59333333333333	75.58666666666667	75.01333333333334	74.49333333333334	73.50666666666666	72.92	71.74	70.01333333333334	67.99333333333334	66.22	63.49333333333333	59.38	52.82666666666667	0.0
0.0	52.52	59.32666666666667	63.27333333333333	65.94666666666667	67.56	69.89333333333333	71.18	72.13333333333334	73.35333333333334	74.20666666666666	74.83333333333333	75.28	76.10666666666667	76.18666666666667	76.27333333333333	76.57333333333334	76.2	76.46666666666667	76.85333333333334	76.35333333333334	76.16666666666667	75.96666666666667	75.42666666666666	75.14666666666666	74.64666666666666	73.86666666666666	72.94	72.4	71.22666666666667	69.54666666666667	67.88666666666667	65.86666666666666	62.98	59.12	52.846666666666664	0.0
0.0	52.833333333333336	59.16	63.06666666666667	66.07333333333334	68.21333333333334	69.58	70.97333333333333	72.05333333333333	73.42	73.76	74.90666666666667	75.19333333333333	75.54666666666667	76.02	75.85333333333334	76.20666666666666	76.44	76.78666666666666	77.12666666666667	76.52666666666667	76.51333333333334	76.36	75.30666666666667	74.94666666666667	74.22	74.08	73.39333333333333	72.04	71.18	69.95333333333333	68.45333333333333	65.84	62.92666666666667	59.1	52.68666666666667	0.0
0.0	52.513333333333335	59.12	62.93333333333333	65.83333333333333	67.88666666666667	69.60666666666667	70.72666666666667	72.28	73.32	74.25333333333333	74.82666666666667	75.50666666666666	75.75333333333333	75.84666666666666	76.54	76.72666666666667	76.96	76.86666666666666	76.69333333333333	76.40666666666667	76.48	76.02	76.03333333333333	75.51333333333334	74.78666666666666	74.12	73.12666666666667	72.27333333333333	71.24	69.30666666666667	67.68666666666667	65.90666666666667	63.24	59.17333333333333	52.553333333333335	0.0
0.0	53.11333333333334	59.526666666666664	63.626666666666665	66.36	68.54666666666667	70.27333333333333	71.29333333333334	72.76666666666667	73.72	74.08	75.56	75.78666666666666	76.38	76.58666666666667	76.86666666666666	77.10666666666667	77.1	76.95333333333333	76.88	76.98	77.08	76.58666666666667	75.56666666666666	75.38	74.58	73.86666666666666	73.28666666666666	72.26	71.31333333333333	70.00666666666666	68.29333333333334	65.77333333333333	63.06666666666667	59.32	52.8	0.0
0.0	52.79333333333334	59.7	63.4	66.26	68.24666666666667	69.82	71.56	72.39333333333333	73.74666666666667	74.14666666666666	74.88666666666667	75.42666666666666	76.02666666666667	76.16666666666667	76.46666666666667	77.09333333333333	77.02666666666667	77.06666666666666	77.1	77.02666666666667	76.72666666666667	76.62	76.06666666666666	75.42	74.85333333333334	74.78666666666666	73.52666666666667	72.38	71.01333333333334	69.84666666666666	68.26666666666667	65.96	63.346666666666664	59.14666666666667	52.693333333333335	0.0
0.0	52.78	59.18666666666667	62.986666666666665	65.72666666666667	67.88666666666667	69.82666666666667	71.36	72.29333333333334	73.28	73.8	74.84	75.37333333333333	75.81333333333333	75.42	76.00666666666666	76.13333333333334	76.17333333333333	76.28666666666666	76.33333333333333	76.39333333333333	75.84666666666666	75.81333333333333	75.66666666666667	75.15333333333334	74.66666666666667	73.88666666666667	73.06	72.15333333333334	71.38	70.12	68.11333333333333	66.40666666666667	63.473333333333336	59.26	52.693333333333335	0.0
0.0	52.56	59.31333333333333	63.193333333333335	65.82666666666667	67.95333333333333	69.7	71.14666666666666	71.74666666666667	72.76	73.48	74.34	74.72	75.00666666666666	76.11333333333333	75.89333333333333	76.31333333333333	76.35333333333334	75.98	76.42	76.24	76.48	76.02666666666667	75.72666666666667	75.43333333333334	75.0	74.08666666666667	72.87333333333333	71.94666666666667	70.95333333333333	69.25333333333333	67.92666666666666	65.71333333333334	63.193333333333335	59.053333333333335	52.34	0.0
0.0	52.653333333333336	59.17333333333333	63.14666666666667	65.82	67.86	69.71333333333334	71.17333333333333	72.28	73.0	74.0	74.73333333333333	75.14	75.66	76.05333333333333	76.35333333333334	76.66	76.68666666666667	76.38666666666667	76.40666666666667	76.53333333333333	75.86666666666666	75.85333333333334	75.77333333333333	75.20666666666666	75.2	74.20666666666666	73.13333333333334	72.02666666666667	71.16	69.3	67.78	65.46666666666667	63.0	59.5	52.72666666666667	0.0
0.0	52.64666666666667	59.28666666666667	63.48	66.38	68.52666666666667	70.31333333333333	71.82	72.69333333333333	73.50666666666666	74.66	75.04	76.06	76.29333333333334	76.65333333333334	77.22666666666667	77.48	77.94666666666667	77.59333333333333	78.01333333333334	77.98666666666666	77.32	77.16666666666667	76.87333333333333	75.9	75.57333333333334	74.32666666666667	73.86666666666666	72.46	71.44666666666667	70.05333333333333	68.30666666666667	66.34666666666666	63.39333333333333	59.64666666666667	52.96666666666667	0.0
0.0	52.50666666666667	59.06666666666667	63.4	66.13333333333334	68.09333333333333	69.74	70.97333333333333	72.20666666666666	73.34	73.76666666666667	74.58666666666667	74.99333333333334	75.86	76.16666666666667	76.20666666666666	76.67333333333333	76.97333333333333	77.17333333333333	76.62666666666667	76.66666666666667	76.34	76.2	75.68	75.56666666666666	74.87333333333333	74.10666666666667	73.27333333333333	72.24666666666667	71.22	69.84	68.65333333333334	65.93333333333334	63.4	59.10666666666667	52.79333333333334	0.0
0.0	53.026666666666664	59.5	63.526666666666664	66.38	68.53333333333333	69.90666666666667	71.48	72.90666666666667	73.97333333333333	74.44	75.37333333333333	76.04	75.88666666666667	76.25333333333333	76.54	76.86	76.84666666666666	77.04	76.86666666666666	76.90666666666667	76.54	76.43333333333334	75.97333333333333	75.45333333333333	75.18666666666667	74.3	73.8	72.98666666666666	71.56666666666666	70.08	68.34666666666666	66.04	63.34	59.35333333333333	53.06	0.0
0.0	52.9	59.3	62.9	65.64	67.99333333333334	69.29333333333334	70.54	71.69333333333333	72.85333333333334	73.82666666666667	74.34666666666666	75.23333333333333	75.90666666666667	76.06	76.4	76.88	76.60666666666667	77.24666666666667	77.16666666666667	76.63333333333334	76.64	76.6	76.06666666666666	75.53333333333333	74.56666666666666	73.91333333333333	73.12	72.29333333333334	71.13333333333334	70.22666666666667	68.38666666666667	65.56666666666666	63.1	59.086666666666666	52.446666666666665	0.0
0.0	52.806666666666665	59.1	62.57333333333333	65.50666666666666	67.96666666666667	69.48666666666666	70.84666666666666	71.80666666666667	73.15333333333334	73.86	74.45333333333333	75.06666666666666	75.2	75.76	76.00666666666666	76.04666666666667	76.2	76.1	76.62	76.90666666666667	76.58666666666667	76.02	75.58666666666667	75.29333333333334	75.02666666666667	74.06	73.20666666666666	72.22	70.84	69.33333333333333	67.51333333333334	65.09333333333333	62.63333333333333	58.96	52.77333333333333	0.0
0.0	52.82	59.266666666666666	63.06	66.00666666666666	68.06666666666666	69.62	71.36666666666666	72.42666666666666	73.45333333333333	73.77333333333333	74.71333333333334	75.33333333333333	75.82666666666667	76.21333333333334	76.48666666666666	76.55333333333333	77.09333333333333	76.69333333333333	76.79333333333334	76.22	76.10666666666667	75.82666666666667	75.48	75.17333333333333	74.67333333333333	73.89333333333333	73.60666666666667	72.64666666666666	71.84666666666666	70.19333333333333	68.52666666666667	66.21333333333334	63.22	59.08	52.693333333333335	0.0
0.0	52.25333333333333	58.79333333333334	62.81333333333333	65.50666666666666	67.34	69.06	70.87333333333333	71.82	72.68	73.24666666666667	74.12	74.32	75.03333333333333	75.29333333333334	75.52	76.2	75.92	76.18	76.15333333333334	76.1	75.80666666666667	76.19333333333333	75.54	74.66666666666667	74.36666666666666	73.60666666666667	72.86666666666666	72.13333333333334	70.72	69.61333333333333	67.73333333333333	65.76666666666667	62.70666666666666	58.81333333333333	52.54	0.0
0.0	52.64	59.04666666666667	63.373333333333335	66.26	68.18	70.06	71.5	72.72666666666667	73.63333333333334	74.24666666666667	74.81333333333333	75.28666666666666	75.92	76.92	77.4	77.23333333333333	77.03333333333333	77.22	77.11333333333333	77.14	76.44666666666667	76.17333333333333	75.82	75.62666666666667	74.55333333333333	74.12	73.49333333333334	72.38	71.12666666666667	69.84	68.24	65.83333333333333	63.086666666666666	59.31333333333333	52.81333333333333	0.0
0.0	52.53333333333333	59.24	62.98	65.88666666666667	68.01333333333334	69.85333333333334	71.45333333333333	72.4	73.54666666666667	74.38666666666667	75.21333333333334	75.88666666666667	76.48	76.52666666666667	76.86	76.86666666666666	77.13333333333334	77.37333333333333	76.96666666666667	77.39333333333333	77.29333333333334	76.5	76.10666666666667	75.58666666666667	75.18	74.24666666666667	73.56	72.70666666666666	71.71333333333334	70.2	68.19333333333333	66.1	63.11333333333334	59.49333333333333	52.406666666666666	0.0
0.0	53.12	59.46666666666667	63.74666666666667	66.54666666666667	68.53333333333333	69.97333333333333	71.48	72.3	73.27333333333333	74.38	75.32	75.52666666666667	75.93333333333334	76.5	76.4	76.46	76.83333333333333	76.96	76.92666666666666	76.82666666666667	76.78	76.4	76.12	75.87333333333333	75.27333333333333	74.93333333333334	73.94666666666667	72.63333333333334	71.3	69.87333333333333	68.16666666666667	65.86	63.22	59.266666666666666	52.973333333333336	0.0
0.0	52.62	59.193333333333335	63.61333333333334	65.94	67.99333333333334	69.96	70.80666666666667	72.57333333333334	73.48666666666666	73.86	75.08	75.2	75.5	76.06666666666666	76.24	76.63333333333334	76.75333333333333	76.84666666666666	76.68666666666667	76.64	76.31333333333333	76.08666666666667	75.38	75.01333333333334	74.26666666666667	73.86666666666666	73.26666666666667	72.26666666666667	70.84	69.6	68.00666666666666	65.86666666666666	63.1	59.166666666666664	52.76	0.0
0.0	52.58	59.20666666666666	63.24666666666667	65.72	68.08666666666667	69.46	71.23333333333333	72.49333333333334	72.94	74.36666666666666	74.71333333333334	75.38	75.49333333333334	75.82666666666667	76.1	76.2	76.48	77.13333333333334	76.64666666666666	76.47333333333333	76.13333333333334	75.84666666666666	75.52666666666667	75.26666666666667	74.46666666666667	74.06	73.20666666666666	72.58	71.12	69.26666666666667	68.03333333333333	65.83333333333333	62.53333333333333	58.86666666666667	52.72666666666667	0.0
0.0	52.34	59.32	63.06	65.46	67.82666666666667	69.38	70.36666666666666	71.83333333333333	72.12666666666667	73.12	74.14	74.69333333333333	75.46666666666667	75.89333333333333	76.28666666666666	76.27333333333333	76.32666666666667	76.54666666666667	76.32	76.54666666666667	76.26	75.86666666666666	75.49333333333334	74.78	74.77333333333333	73.92666666666666	73.00666666666666	72.63333333333334	71.01333333333334	69.62	68.06666666666666	65.83333333333333	63.11333333333334	59.3	52.38666666666666	0.0
0.0	52.95333333333333	59.14666666666667	63.13333333333333	66.08	68.08666666666667	69.57333333333334	70.88666666666667	72.52666666666667	73.23333333333333	74.01333333333334	74.82	75.63333333333334	76.22666666666667	76.64	76.84	77.10666666666667	77.08	77.41333333333333	77.38666666666667	77.4	77.0	76.7	76.26	75.82666666666667	75.00666666666666	74.41333333333333	73.48666666666666	72.36	71.85333333333334	69.87333333333333	68.14	66.12666666666667	62.92666666666667	59.22	52.473333333333336	0.0
0.0	52.58	59.086666666666666	62.93333333333333	65.69333333333333	68.14	69.58	70.92666666666666	72.14666666666666	73.36666666666666	73.69333333333333	74.33333333333333	75.07333333333334	76.36	76.51333333333334	76.76666666666667	76.81333333333333	77.05333333333333	77.0	76.89333333333333	76.94666666666667	76.57333333333334	76.2	76.1	75.60666666666667	74.71333333333334	74.16666666666667	73.52	72.88	71.26	70.22666666666667	68.13333333333334	66.08	62.72	59.2	52.88666666666666	0.0
0.0	52.666666666666664	59.22666666666667	63.38	66.06666666666666	67.87333333333333	69.89333333333333	70.87333333333333	72.46	73.36666666666666	74.25333333333333	75.18	75.62666666666667	75.75333333333333	76.12666666666667	76.58	76.79333333333334	77.00666666666666	76.85333333333334	77.3	76.98	76.46666666666667	76.32666666666667	76.25333333333333	75.38666666666667	74.99333333333334	74.36666666666666	73.32	72.28	71.32666666666667	70.08	68.50666666666666	66.15333333333334	63.446666666666665	58.70666666666666	52.53333333333333	0.0
0.0	52.913333333333334	59.653333333333336	63.84	66.6	68.46666666666667	70.08666666666667	71.33333333333333	72.3	73.5	74.76666666666667	74.76666666666667	75.38666666666667	75.97333333333333	76.14	76.44	76.72	76.84666666666666	76.83333333333333	76.76	76.74	76.46	76.47333333333333	76.13333333333334	75.70666666666666	75.27333333333333	74.26	73.63333333333334	72.66	71.47333333333333	70.17333333333333	68.41333333333333	66.5	63.66	59.67333333333333	53.1	0.0
0.0	52.96	59.17333333333333	63.39333333333333	66.44	68.4	69.73333333333333	71.16666666666667	72.49333333333334	73.52666666666667	74.15333333333334	74.88666666666667	75.52	75.54	76.02666666666667	76.04666666666667	76.71333333333334	77.08	76.34	76.3	76.34666666666666	76.40666666666667	75.81333333333333	75.52666666666667	75.16666666666667	74.78666666666666	74.04	73.39333333333333	72.22	71.43333333333334	69.86666666666666	67.75333333333333	65.88666666666667	63.12	59.16	52.733333333333334	0.0
0.0	52.81333333333333	59.42666666666667	62.75333333333333	65.80666666666667	68.21333333333334	69.76666666666667	71.43333333333334	72.64666666666666	73.73333333333333	74.3	75.36	75.61333333333333	75.63333333333334	75.94666666666667	76.06	76.66	76.46666666666667	76.31333333333333	76.62666666666667	76.24	76.53333333333333	75.86	75.55333333333333	75.33333333333333	74.66666666666667	73.9	72.90666666666667	72.28666666666666	71.09333333333333	69.50666666666666	68.05333333333333	66.00666666666666	62.88666666666666	59.20666666666666	52.38	0.0
0.0	52.85333333333333	59.486666666666665	63.413333333333334	66.24666666666667	68.59333333333333	70.16666666666667	71.48666666666666	72.72666666666667	73.32666666666667	74.36	75.11333333333333	75.84	76.28666666666666	76.45333333333333	76.80666666666667	77.12666666666667	76.84	77.24	76.81333333333333	76.84666666666666	76.56666666666666	76.57333333333334	76.68	76.11333333333333	75.28666666666666	74.76	73.99333333333334	72.76	71.36	70.34666666666666	68.63333333333334	66.42666666666666	63.4	59.053333333333335	52.986666666666665	0.0
0.0	52.74	58.873333333333335	63.093333333333334	65.57333333333334	67.94666666666667	69.43333333333334	71.35333333333334	72.26	73.4	73.85333333333334	74.46666666666667	74.9	75.50666666666666	75.97333333333333	75.83333333333333	76.38666666666667	76.52	76.37333333333333	76.39333333333333	76.19333333333333	75.95333333333333	75.74666666666667	75.30666666666667	74.70666666666666	74.01333333333334	73.1	72.96666666666667	71.97333333333333	71.02666666666667	70.0	68.04	66.12666666666667	63.1	59.406666666666666	52.75333333333333	0.0
0.0	52.846666666666664	59.126666666666665	63.22666666666667	66.34666666666666	68.28	69.86666666666666	71.52666666666667	72.82666666666667	73.72666666666667	74.57333333333334	75.3	75.74666666666667	76.58666666666667	76.92666666666666	76.58	77.02	77.18666666666667	77.27333333333333	77.38	77.25333333333333	77.04	76.96666666666667	76.39333333333333	75.93333333333334	75.15333333333334	74.38666666666667	73.47333333333333	73.08	71.83333333333333	70.14	68.42666666666666	65.87333333333333	63.08	59.31333333333333	52.513333333333335	0.0
0.0	52.71333333333333	59.21333333333333	63.126666666666665	66.05333333333333	67.96	69.74666666666667	70.92	72.22666666666667	73.18	73.94666666666667	74.12666666666667	74.9	75.18	75.86	76.17333333333333	76.24666666666667	76.10666666666667	76.48666666666666	76.02	75.64666666666666	75.62666666666667	75.27333333333333	75.32	75.20666666666666	74.42	73.68	72.82	71.79333333333334	71.22	69.63333333333334	67.48	65.68	62.986666666666665	59.06666666666667	52.52	0.0
0.0	52.593333333333334	59.4	63.44	66.31333333333333	68.00666666666666	69.90666666666667	71.41333333333333	72.74666666666667	73.53333333333333	73.99333333333334	74.86666666666666	75.14666666666666	75.82666666666667	75.96666666666667	76.01333333333334	76.53333333333333	76.73333333333333	76.5	76.60666666666667	77.12666666666667	76.74666666666667	76.71333333333334	76.22	75.62666666666667	75.09333333333333	74.12666666666667	73.01333333333334	72.16	71.36666666666666	69.74666666666667	68.06666666666666	66.06	63.38666666666666	59.32	52.78666666666667	0.0
0.0	52.46666666666667	59.24	63.22	65.96	67.64666666666666	69.19333333333333	70.55333333333333	71.71333333333334	73.23333333333333	73.9	74.46666666666667	74.82666666666667	75.31333333333333	75.89333333333333	76.3	76.24	76.48666666666666	76.86	76.44666666666667	75.97333333333333	76.64	76.16	75.71333333333334	75.45333333333333	74.43333333333334	73.80666666666667	73.18	71.57333333333334	70.70666666666666	69.02666666666667	67.34	65.62	63.053333333333335	59.2	52.74	0.0
0.0	52.766666666666666	59.06	62.72666666666667	65.32	67.61333333333333	69.79333333333334	70.77333333333333	72.26	73.57333333333334	74.34	74.74	74.95333333333333	75.86	76.32	76.46	76.64	77.12	76.81333333333333	77.24666666666667	77.34666666666666	77.14	76.88666666666667	76.18	75.34666666666666	74.78	74.10666666666667	73.23333333333333	71.81333333333333	70.82	69.8	67.84	65.59333333333333	63.053333333333335	59.1	52.79333333333334	0.0
0.0	52.63333333333333	59.086666666666666	63.053333333333335	65.82666666666667	67.82	69.50666666666666	71.31333333333333	71.78666666666666	73.13333333333334	73.53333333333333	74.06	74.90666666666667	75.13333333333334	75.56	76.13333333333334	76.1	76.70666666666666	76.22666666666667	76.4	76.21333333333334	75.72	76.16	75.64	74.80666666666667	73.97333333333333	73.60666666666667	72.95333333333333	71.70666666666666	70.42666666666666	69.20666666666666	67.88666666666667	65.6	63.0	59.34	52.54	0.0
0.0	52.96	59.126666666666665	63.26	66.21333333333334	68.25333333333333	69.78666666666666	71.04	72.36	73.5	74.30666666666667	75.06	75.49333333333334	76.18666666666667	76.45333333333333	76.5	76.71333333333334	76.86666666666666	76.78	76.94666666666667	76.9	76.84	76.06666666666666	76.11333333333333	75.6	75.05333333333333	73.9	73.38666666666667	72.30666666666667	71.48	69.65333333333334	68.41333333333333	66.04	63.50666666666667	59.54666666666667	52.50666666666667	0.0
0.0	52.57333333333333	58.96666666666667	62.75333333333333	65.97333333333333	67.7	69.12	70.56	71.68666666666667	72.51333333333334	73.46666666666667	73.95333333333333	74.56666666666666	75.1	75.73333333333333	75.97333333333333	75.97333333333333	75.86	76.07333333333334	76.47333333333333	76.38666666666667	76.02666666666667	75.80666666666667	75.43333333333334	75.07333333333334	74.42	73.97333333333333	72.96	72.17333333333333	70.56666666666666	69.03333333333333	67.59333333333333	65.67333333333333	62.77333333333333	58.986666666666665	52.56	0.0
0.0	52.78666666666667	59.38666666666666	62.86	65.52666666666667	67.76666666666667	69.78	71.02	72.25333333333333	73.25333333333333	73.85333333333334	74.54	75.27333333333333	75.58	75.87333333333333	76.58	76.63333333333334	77.18666666666667	76.75333333333333	77.01333333333334	76.84	76.22	75.77333333333333	75.28	74.73333333333333	74.16	73.51333333333334	72.79333333333334	72.14	70.74666666666667	69.57333333333334	67.96	65.91333333333333	63.14	58.89333333333333	52.586666666666666	0.0
0.0	52.66	59.53333333333333	63.13333333333333	66.04666666666667	68.17333333333333	69.78666666666666	71.37333333333333	72.53333333333333	73.48666666666666	74.41333333333333	74.66	75.41333333333333	75.76666666666667	76.12666666666667	76.68666666666667	76.29333333333334	76.55333333333333	76.96	77.32	77.03333333333333	76.41333333333333	76.32	76.24666666666667	75.82666666666667	75.20666666666666	74.12666666666667	73.57333333333334	72.5	71.27333333333333	69.86	68.15333333333334	66.13333333333334	63.233333333333334	59.32666666666667	52.78	0.0
0.0	52.68	58.99333333333333	62.98	66.07333333333334	68.54666666666667	70.06	71.29333333333334	72.48	73.35333333333334	74.24	74.98	75.60666666666667	75.80666666666667	75.89333333333333	76.82	77.06666666666666	77.52	77.04	77.06	76.99333333333334	76.81333333333333	76.45333333333333	76.23333333333333	75.05333333333333	74.54666666666667	73.60666666666667	72.82666666666667	71.75333333333333	70.96666666666667	69.2	67.75333333333333	65.96666666666667	63.39333333333333	58.986666666666665	52.95333333333333	0.0
0.0	52.46	59.446666666666665	63.11333333333334	66.14	67.94	70.0	71.21333333333334	72.46666666666667	73.38	74.36	75.00666666666666	75.87333333333333	75.85333333333334	76.15333333333334	76.76666666666667	76.68	76.88	77.08	77.05333333333333	77.09333333333333	76.91333333333333	76.76666666666667	76.34	75.70666666666666	75.01333333333334	74.21333333333334	73.22666666666667	72.33333333333333	71.24	69.79333333333334	67.91333333333333	65.98	62.806666666666665	59.46	52.766666666666666	0.0
0.0	52.71333333333333	59.166666666666664	63.43333333333333	65.96666666666667	68.25333333333333	70.09333333333333	71.44	72.59333333333333	73.02666666666667	74.08	74.78666666666666	75.52	76.06666666666666	76.01333333333334	76.18	76.07333333333334	76.42	76.94666666666667	76.90666666666667	76.79333333333334	76.56666666666666	76.29333333333334	75.55333333333333	75.02	74.74	74.22	73.44666666666667	72.44666666666667	71.18	69.98666666666666	68.39333333333333	65.84666666666666	62.61333333333334	59.13333333333333	52.39333333333333	0.0
0.0	52.76	58.86	63.153333333333336	65.38666666666667	67.71333333333334	69.30666666666667	71.04	72.01333333333334	72.82	73.51333333333334	74.06	75.36666666666666	75.71333333333334	76.14666666666666	76.62	76.85333333333334	77.27333333333333	77.11333333333333	76.69333333333333	76.60666666666667	76.26666666666667	76.16666666666667	76.08666666666667	75.34	75.12666666666667	74.26	73.11333333333333	72.24	70.96666666666667	69.33333333333333	67.90666666666667	65.52666666666667	63.03333333333333	59.233333333333334	52.54	0.0
0.0	52.92666666666667	59.32666666666667	62.99333333333333	65.84666666666666	68.04666666666667	69.87333333333333	71.19333333333333	72.78	73.29333333333334	74.24666666666667	74.56	75.41333333333333	75.69333333333333	75.71333333333334	75.94666666666667	76.4	76.70666666666666	76.4	76.06666666666666	76.31333333333333	75.96	75.84	75.61333333333333	75.26	74.86666666666666	73.86666666666666	72.88666666666667	71.92	70.92666666666666	69.78	68.01333333333334	66.48	63.4	59.333333333333336	53.013333333333335	0.0
0.0	52.32	59.1	63.25333333333333	66.06	68.24	69.95333333333333	70.60666666666667	71.72666666666667	72.81333333333333	73.51333333333334	74.39333333333333	74.65333333333334	75.15333333333334	75.76666666666667	75.96	75.83333333333333	75.58	75.54666666666667	75.95333333333333	75.82666666666667	75.89333333333333	75.43333333333334	75.29333333333334	75.1	74.52	73.9	73.43333333333334	72.51333333333334	71.32666666666667	69.92666666666666	68.35333333333334	65.56	62.93333333333333	59.08	52.66	0.0
0.0	52.653333333333336	59.67333333333333	63.25333333333333	66.10666666666667	68.39333333333333	70.05333333333333	70.80666666666667	72.26	73.26	73.85333333333334	74.40666666666667	75.22	75.34666666666666	76.30666666666667	76.3	76.84666666666666	76.75333333333333	76.63333333333334	76.37333333333333	76.82	76.69333333333333	76.03333333333333	75.92	75.79333333333334	75.36	75.13333333333334	73.77333333333333	72.65333333333334	71.52	69.94666666666667	68.1	65.90666666666667	62.946666666666665	59.31333333333333	52.66	0.0
0.0	52.88	59.26	63.02	65.61333333333333	67.9	69.77333333333333	71.24666666666667	72.59333333333333	73.50666666666666	74.31333333333333	74.70666666666666	75.41333333333333	75.72666666666667	76.48	76.38666666666667	76.80666666666667	76.97333333333333	77.0	76.48666666666666	76.33333333333333	76.44	76.14	75.86	75.42666666666666	74.85333333333334	74.09333333333333	72.88666666666667	72.18	70.84666666666666	69.44666666666667	67.53333333333333	65.66666666666667	63.07333333333333	59.32	52.54	0.0
0.0	52.473333333333336	59.31333333333333	63.35333333333333	65.84	68.59333333333333	69.76666666666667	71.24666666666667	72.32	73.0	74.07333333333334	74.65333333333334	75.46666666666667	75.67333333333333	75.86666666666666	76.27333333333333	76.68	76.9	77.36	77.38666666666667	76.76	76.56666666666666	75.98666666666666	75.82666666666667	74.62666666666667	74.48666666666666	74.20666666666666	73.18666666666667	72.40666666666667	71.18	69.52	67.68	65.48	63.053333333333335	58.74666666666667	52.21333333333333	0.0
0.0	52.3	59.013333333333335	63.06666666666667	65.66666666666667	67.68	69.18	70.52	71.92666666666666	72.81333333333333	73.44666666666667	74.51333333333334	75.14666666666666	75.46	76.03333333333333	76.21333333333334	76.40666666666667	76.49333333333334	76.8	77.18	76.70666666666666	76.31333333333333	76.29333333333334	75.76666666666667	75.12	74.88	73.9	73.22666666666667	71.94	70.88666666666667	69.34	67.68666666666667	65.47333333333333	62.71333333333333	58.66	52.50666666666667	0.0
0.0	52.72666666666667	59.38	62.986666666666665	65.94666666666667	68.6	69.98	71.26666666666667	72.2	73.36	73.85333333333334	74.50666666666666	75.01333333333334	75.64666666666666	76.35333333333334	76.01333333333334	76.5	76.46	77.16666666666667	76.98666666666666	76.96	76.79333333333334	76.24666666666667	75.72	75.51333333333334	75.08	74.69333333333333	73.61333333333333	72.78	71.54666666666667	69.74666666666667	68.15333333333334	65.7	63.04	59.593333333333334	52.85333333333333	0.0
0.0	52.74	58.98	63.27333333333333	66.15333333333334	67.72666666666667	69.77333333333333	71.44	72.24666666666667	73.2	73.85333333333334	74.82666666666667	75.03333333333333	75.76	75.82666666666667	76.47333333333333	76.84	76.84666666666666	76.49333333333334	76.46666666666667	76.55333333333333	76.34666666666666	76.17333333333333	75.88	75.20666666666666	74.98666666666666	74.06	73.58	72.52	71.31333333333333	69.97333333333333	68.39333333333333	66.09333333333333	63.24	59.48	52.846666666666664	0.0
0.0	52.913333333333334	59.28666666666667	63.22666666666667	65.79333333333334	68.04	69.8	71.19333333333333	72.48666666666666	73.20666666666666	73.69333333333333	74.3	75.34	75.94666666666667	76.25333333333333	76.68	77.04	77.17333333333333	76.96666666666667	76.91333333333333	77.04666666666667	76.56666666666666	76.56	76.06	75.4	74.83333333333333	74.18666666666667	73.45333333333333	72.37333333333333	71.42666666666666	70.11333333333333	68.22	66.02666666666667	63.10666666666667	59.29333333333334	52.413333333333334	0.0
0.0	52.3	58.7	62.733333333333334	65.48	67.05333333333333	68.99333333333334	70.5	72.01333333333334	72.75333333333333	73.41333333333333	73.90666666666667	74.05333333333333	75.14666666666666	75.69333333333333	75.71333333333334	76.00666666666666	76.24666666666667	76.18	76.48	75.92	76.32666666666667	75.76	75.37333333333333	75.2	74.36	73.54666666666667	72.74666666666667	71.72	70.81333333333333	69.10666666666667	67.81333333333333	65.84666666666666	62.593333333333334	58.72666666666667	52.413333333333334	0.0
0.0	52.666666666666664	59.2	63.17333333333333	66.16	67.92666666666666	69.54666666666667	71.04	72.34	73.23333333333333	74.43333333333334	74.46666666666667	75.54	76.10666666666667	76.42666666666666	76.76666666666667	77.16666666666667	76.9	77.19333333333333	76.88666666666667	76.6	76.16666666666667	76.18	75.81333333333333	75.39333333333333	74.74666666666667	74.3	73.38666666666667	72.42666666666666	71.44	70.22666666666667	68.32666666666667	66.00666666666666	63.48	59.406666666666666	52.66	0.0
0.0	52.973333333333336	59.346666666666664	62.68	65.72	67.97333333333333	69.71333333333334	70.91333333333333	72.09333333333333	72.52	73.62666666666667	74.24	74.86666666666666	75.12666666666667	75.69333333333333	75.81333333333333	76.2	76.78	77.01333333333334	76.76	76.76666666666667	76.62	76.11333333333333	75.85333333333334	75.94	75.30666666666667	74.2	73.41333333333333	72.28	71.51333333333334	69.91333333333333	68.00666666666666	66.02666666666667	63.126666666666665	59.04666666666667	52.42	0.0
0.0	52.946666666666665	59.46666666666667	63.49333333333333	65.93333333333334	68.11333333333333	69.64666666666666	70.95333333333333	71.89333333333333	72.95333333333333	73.94	75.01333333333334	75.48	76.01333333333334	76.15333333333334	76.76	76.64	76.86	76.34	76.32666666666667	76.44	76.7	76.17333333333333	75.93333333333334	75.1	74.59333333333333	74.04	73.06	72.37333333333333	70.88	69.13333333333334	67.46666666666667	65.61333333333333	62.986666666666665	59.093333333333334	52.74666666666667	0.0
0.0	52.4	58.96	63.346666666666664	65.48	68.12	70.2	71.28	72.36	73.30666666666667	73.99333333333334	74.82666666666667	75.42	76.16666666666667	76.38666666666667	76.94	77.02	76.8	77.02	77.08666666666667	76.65333333333334	76.54	76.20666666666666	75.58	75.20666666666666	74.61333333333333	74.26	73.19333333333333	71.94666666666667	70.88	69.52666666666667	67.72666666666667	65.96666666666667	62.98	59.17333333333333	52.906666666666666	0.0
0.0	52.333333333333336	58.96666666666667	63.193333333333335	66.12	68.3	70.26	71.25333333333333	72.54	73.66	74.34	75.19333333333333	75.76	76.42	76.82	77.2	77.14	76.89333333333333	77.08666666666667	76.98	77.23333333333333	76.93333333333334	76.22	75.73333333333333	75.75333333333333	75.06	74.07333333333334	73.26	72.42666666666666	71.45333333333333	70.1	68.06	65.96	63.233333333333334	59.54666666666667	52.61333333333334	0.0
0.0	52.46	58.906666666666666	63.026666666666664	65.68666666666667	67.87333333333333	69.66	70.88	72.20666666666666	73.71333333333334	74.37333333333333	75.19333333333333	75.58666666666667	76.06	76.45333333333333	76.5	76.7	76.99333333333334	76.72	76.39333333333333	76.78	76.46666666666667	76.02666666666667	75.64666666666666	75.02	74.7	74.20666666666666	73.21333333333334	72.37333333333333	71.4	69.98666666666666	68.4	66.36	63.45333333333333	59.093333333333334	52.593333333333334	0.0
0.0	52.38666666666666	58.93333333333333	63.08	65.93333333333334	68.30666666666667	69.96666666666667	71.52666666666667	72.22666666666667	73.52	74.02	74.68666666666667	75.6	76.35333333333334	76.65333333333334	76.68	76.90666666666667	76.94	76.98	76.90666666666667	76.72666666666667	76.72	76.38	75.82	75.28	74.81333333333333	74.14	73.31333333333333	72.2	71.33333333333333	69.79333333333334	68.04	65.7	63.21333333333333	59.32	53.0	0.0
0.0	52.74	59.43333333333333	63.24	66.6	68.24	70.04666666666667	70.84666666666666	72.04	72.97333333333333	73.88	74.71333333333334	75.24	75.66666666666667	76.15333333333334	76.12	76.43333333333334	76.12	76.3	76.67333333333333	76.52	76.58	75.96	75.6	75.24	74.43333333333334	74.13333333333334	73.75333333333333	72.71333333333334	71.24	69.84666666666666	67.9	66.14	62.986666666666665	59.17333333333333	52.84	0.0
0.0	53.22666666666667	59.333333333333336	63.46	66.14	68.08	69.84	71.55333333333333	72.54	73.30666666666667	74.28666666666666	74.91333333333333	75.53333333333333	76.06666666666666	76.76666666666667	76.38	76.65333333333334	77.33333333333333	76.97333333333333	77.16	76.92	76.54666666666667	76.40666666666667	76.46666666666667	76.32666666666667	75.22666666666667	74.06666666666666	73.51333333333334	72.60666666666667	71.19333333333333	70.42666666666666	68.54666666666667	66.28	63.92	59.70666666666666	53.03333333333333	0.0
0.0	52.806666666666665	59.373333333333335	63.013333333333335	65.76	67.94666666666667	69.58666666666667	71.23333333333333	72.10666666666667	72.88666666666667	73.74	74.65333333333334	75.36	75.52666666666667	76.36666666666666	76.04666666666667	76.67333333333333	76.97333333333333	76.79333333333334	76.52	76.03333333333333	76.27333333333333	75.94	75.87333333333333	75.21333333333334	74.84666666666666	74.15333333333334	73.24666666666667	72.14666666666666	71.34666666666666	69.39333333333333	68.24	66.09333333333333	63.10666666666667	59.08	52.48	0.0
0.0	53.00666666666667	58.88666666666666	62.833333333333336	65.34	67.51333333333334	69.23333333333333	70.65333333333334	72.12	72.78	73.71333333333334	74.36666666666666	74.86	75.34666666666666	76.23333333333333	76.60666666666667	76.56666666666666	76.52	76.64	76.55333333333333	76.74666666666667	76.14666666666666	75.88666666666667	75.39333333333333	75.21333333333334	74.42	73.5	73.10666666666667	72.18666666666667	71.54	69.74	68.10666666666667	65.94	63.06666666666667	58.693333333333335	52.35333333333333	0.0
0.0	52.64	59.20666666666666	63.26	66.08	68.28666666666666	70.1	71.46666666666667	72.56	73.56666666666666	74.56666666666666	74.75333333333333	75.76666666666667	75.77333333333333	76.22	76.5	76.53333333333333	76.46	76.12666666666667	76.58666666666667	76.47333333333333	76.18666666666667	75.98666666666666	75.74666666666667	75.26	74.76666666666667	74.05333333333333	73.08666666666667	72.28	70.86	69.86666666666666	67.88666666666667	65.97333333333333	63.413333333333334	59.39333333333333	52.31333333333333	0.0
0.0	52.806666666666665	59.38666666666666	63.16	65.94	68.52	69.7	71.28	72.71333333333334	73.93333333333334	74.53333333333333	75.14	75.41333333333333	75.79333333333334	76.34666666666666	76.46666666666667	76.54666666666667	76.86	77.25333333333333	76.87333333333333	77.0	76.76666666666667	76.47333333333333	75.94	75.06666666666666	74.82	73.98	73.32666666666667	72.42	71.22	69.78	68.44	66.08	63.193333333333335	59.29333333333334	52.72666666666667	0.0
0.0	52.68	58.913333333333334	62.44	65.39333333333333	67.28666666666666	68.92666666666666	70.36	71.6	72.44	73.08666666666667	73.86	74.42	74.7	74.93333333333334	75.16666666666667	75.81333333333333	75.39333333333333	75.82666666666667	75.82	75.58666666666667	75.42666666666666	75.2	74.76666666666667	74.10666666666667	73.95333333333333	73.26666666666667	72.74666666666667	71.88	70.55333333333333	69.05333333333333	67.42666666666666	65.48666666666666	62.833333333333336	58.82	52.13333333333333	0.0
0.0	52.72	59.406666666666666	63.10666666666667	65.79333333333334	67.99333333333334	69.51333333333334	71.46666666666667	72.23333333333333	73.0	74.23333333333333	74.68666666666667	75.39333333333333	75.58	76.1	76.46	76.41333333333333	76.27333333333333	76.79333333333334	76.85333333333334	76.61333333333333	76.6	76.21333333333334	75.48666666666666	75.14666666666666	74.57333333333334	74.48	73.43333333333334	72.34	70.9	69.66	68.03333333333333	65.70666666666666	63.20666666666666	58.946666666666665	52.68	0.0
0.0	52.50666666666667	59.22666666666667	63.28	66.08666666666667	68.36666666666666	70.03333333333333	71.33333333333333	72.53333333333333	73.43333333333334	74.33333333333333	74.88	75.2	75.55333333333333	75.85333333333334	75.99333333333334	75.96	76.11333333333333	76.26666666666667	76.48	76.02666666666667	76.14666666666666	75.78	75.87333333333333	75.4	74.51333333333334	74.04666666666667	73.31333333333333	72.30666666666667	71.08666666666667	70.04	68.11333333333333	66.02666666666667	63.20666666666666	59.21333333333333	52.74	0.0
0.0	52.88	59.61333333333334	63.43333333333333	66.08666666666667	68.33333333333333	70.09333333333333	71.44	72.95333333333333	73.76	74.34666666666666	75.14666666666666	75.08	75.8	76.37333333333333	77.2	77.01333333333334	77.03333333333333	77.34666666666666	77.30666666666667	77.36	77.11333333333333	76.20666666666666	76.26666666666667	75.50666666666666	75.04	74.78	73.80666666666667	72.70666666666666	71.44	69.84666666666666	68.06	66.13333333333334	63.21333333333333	59.3	52.873333333333335	0.0
0.0	52.32	59.00666666666667	62.95333333333333	66.15333333333334	68.32	69.94	71.04	72.22666666666667	73.18	74.20666666666666	74.86666666666666	75.38666666666667	75.97333333333333	76.23333333333333	76.92666666666666	77.18	77.79333333333334	77.26666666666667	77.02666666666667	76.78666666666666	76.46	76.54	76.13333333333334	75.38	74.58666666666667	73.85333333333334	73.26	72.08666666666667	70.62666666666667	69.54666666666667	67.91333333333333	65.94	63.14	59.026666666666664	52.346666666666664	0.0
0.0	52.46666666666667	58.79333333333334	63.04	65.80666666666667	67.56	69.44	70.9	72.10666666666667	72.65333333333334	73.22666666666667	74.48	74.83333333333333	74.83333333333333	75.13333333333334	75.45333333333333	75.70666666666666	75.64	76.28666666666666	76.04666666666667	75.93333333333334	75.9	75.83333333333333	74.88666666666667	74.6	74.22	73.42	72.72	71.53333333333333	70.7	68.96	67.86	65.42	62.45333333333333	58.84	52.56	0.0
0.0	53.2	59.54	63.42	66.14	68.28	69.96666666666667	71.26	72.18666666666667	73.37333333333333	74.44	75.06	75.7	75.91333333333333	76.42	77.06666666666666	77.12	77.39333333333333	77.52666666666667	77.56666666666666	77.34	77.56	76.84	76.24666666666667	75.93333333333334	75.08	74.52	74.06	72.89333333333333	71.37333333333333	70.02666666666667	68.18666666666667	66.36666666666666	63.766666666666666	59.553333333333335	52.946666666666665	0.0
0.0	53.013333333333335	59.16	63.35333333333333	65.89333333333333	67.73333333333333	69.91333333333333	71.42666666666666	72.42666666666666	73.58666666666667	74.22666666666667	74.96666666666667	75.38666666666667	75.97333333333333	76.18	76.63333333333334	76.74	77.16	77.19333333333333	76.64666666666666	76.64666666666666	76.64	76.83333333333333	76.81333333333333	75.79333333333334	75.06666666666666	74.10666666666667	73.56666666666666	72.34	71.35333333333334	69.76	68.07333333333334	65.54666666666667	62.64666666666667	58.906666666666666	52.27333333333333	0.0
0.0	52.58	58.766666666666666	62.92666666666667	66.15333333333334	68.28	70.28	71.56	72.50666666666666	73.74	74.43333333333334	74.99333333333334	75.94	76.35333333333334	76.53333333333333	77.39333333333333	77.64	77.49333333333334	77.45333333333333	77.30666666666667	77.27333333333333	76.89333333333333	76.58666666666667	76.47333333333333	75.86666666666666	74.89333333333333	74.34	73.27333333333333	72.58	71.68666666666667	70.08666666666667	68.2	66.32	63.406666666666666	59.49333333333333	52.61333333333334	0.0
0.0	52.733333333333334	59.06666666666667	63.21333333333333	66.22	68.47333333333333	70.33333333333333	71.46	72.33333333333333	73.68	74.62666666666667	75.2	75.64666666666666	76.04666666666667	76.78666666666666	76.92666666666666	76.84	77.0	77.15333333333334	76.84	76.76	76.60666666666667	76.02666666666667	75.86	75.39333333333333	74.80666666666667	74.08666666666667	73.21333333333334	72.44666666666667	71.06	69.5	68.16	65.73333333333333	62.946666666666665	58.96666666666667	52.78	0.0
0.0	52.98	59.24666666666667	62.986666666666665	66.2	68.10666666666667	69.61333333333333	71.43333333333334	72.5	73.3	74.08	74.92666666666666	75.64	76.08	76.48	76.85333333333334	77.10666666666667	77.16666666666667	76.96	77.17333333333333	77.03333333333333	76.83333333333333	76.30666666666667	75.76	75.38	75.07333333333334	74.15333333333334	73.08	72.4	70.87333333333333	69.92	67.66	65.66	63.02	59.18666666666667	52.45333333333333	0.0
0.0	52.82666666666667	59.373333333333335	63.10666666666667	65.92	67.91333333333333	69.84	71.07333333333334	72.33333333333333	72.8	73.85333333333334	74.53333333333333	75.28	75.74666666666667	76.15333333333334	76.61333333333333	76.86	76.50666666666666	76.73333333333333	76.62666666666667	76.61333333333333	76.57333333333334	76.15333333333334	75.58666666666667	75.1	74.40666666666667	73.58666666666667	73.06	72.70666666666666	71.58666666666667	69.78	68.3	65.96	63.0	59.153333333333336	52.71333333333333	0.0
0.0	52.74	59.473333333333336	63.25333333333333	66.12666666666667	68.44	69.89333333333333	71.42666666666666	72.49333333333334	73.88	74.11333333333333	74.97333333333333	75.35333333333334	76.09333333333333	76.26	76.43333333333334	76.76	76.80666666666667	77.27333333333333	77.42	77.18666666666667	77.02666666666667	76.68666666666667	75.86666666666666	75.43333333333334	75.06666666666666	74.36	73.36666666666666	72.32	71.24	70.38	68.28	66.06666666666666	63.54	59.126666666666665	52.6	0.0
0.0	52.34	59.07333333333333	62.906666666666666	65.80666666666667	67.94666666666667	69.46666666666667	70.92666666666666	71.89333333333333	73.02666666666667	73.68	74.74666666666667	74.96	75.32666666666667	76.11333333333333	76.18666666666667	75.82666666666667	76.22	76.15333333333334	76.32666666666667	76.25333333333333	76.08	75.82666666666667	75.64	75.46666666666667	74.93333333333334	74.09333333333333	73.46	72.26666666666667	70.93333333333334	69.49333333333334	68.02666666666667	65.69333333333333	63.17333333333333	58.96	52.593333333333334	0.0
0.0	52.86	59.306666666666665	63.653333333333336	66.12	68.03333333333333	69.64	70.92	72.4	73.17333333333333	73.80666666666667	74.78666666666666	75.16	75.42666666666666	75.94	76.14666666666666	76.49333333333334	76.66666666666667	76.95333333333333	76.89333333333333	76.27333333333333	76.22666666666667	75.98	75.66	75.36666666666666	74.69333333333333	73.86666666666666	73.38	72.26	71.08666666666667	69.6	67.90666666666667	65.89333333333333	62.86	59.08	52.42	0.0
0.0	52.18	58.67333333333333	63.306666666666665	65.43333333333334	67.56666666666666	69.45333333333333	70.95333333333333	71.88	73.37333333333333	74.08	74.49333333333334	75.25333333333333	75.40666666666667	75.72	75.78666666666666	76.66	76.14	76.53333333333333	76.60666666666667	76.20666666666666	76.05333333333333	75.92	75.36	74.88	74.6	73.93333333333334	73.12666666666667	71.58	70.88666666666667	69.42666666666666	67.49333333333334	65.12	62.52	58.72	51.92666666666667	0.0
0.0	52.906666666666666	59.03333333333333	63.093333333333334	66.08666666666667	68.48666666666666	70.13333333333334	71.42	72.27333333333333	73.31333333333333	74.02666666666667	74.79333333333334	75.28666666666666	75.75333333333333	76.30666666666667	76.52	76.70666666666666	77.06	76.63333333333334	76.94666666666667	77.06666666666666	76.56666666666666	76.18666666666667	75.96666666666667	75.76	75.19333333333333	74.39333333333333	73.42666666666666	72.5	71.42666666666666	69.65333333333334	68.16	66.17333333333333	63.266666666666666	59.18666666666667	52.56	0.0
0.0	52.99333333333333	59.3	62.986666666666665	66.06666666666666	68.18	70.06	71.66666666666667	72.59333333333333	73.93333333333334	74.46	75.29333333333334	75.52	76.44	76.37333333333333	77.16666666666667	77.09333333333333	76.81333333333333	77.08	76.85333333333334	76.92666666666666	76.48	75.96	75.65333333333334	75.66	74.83333333333333	73.93333333333334	73.44	72.44	71.31333333333333	69.74666666666667	68.09333333333333	66.3	63.4	58.70666666666666	52.29333333333334	0.0
0.0	52.95333333333333	59.36666666666667	63.22666666666667	65.76666666666667	68.06	69.80666666666667	71.28	72.46	73.41333333333333	74.11333333333333	75.04666666666667	75.68666666666667	76.2	76.54	77.02	76.96666666666667	77.12666666666667	77.21333333333334	77.14	77.0	77.08666666666667	76.54	76.08666666666667	75.78666666666666	75.31333333333333	74.49333333333334	73.72	72.41333333333333	71.39333333333333	70.32	68.62666666666667	65.97333333333333	63.46	59.32	52.68666666666667	0.0
0.0	52.36666666666667	59.08	62.99333333333333	65.95333333333333	68.31333333333333	69.80666666666667	71.39333333333333	72.59333333333333	73.12	73.95333333333333	74.58666666666667	75.30666666666667	75.73333333333333	76.14	76.04666666666667	76.66666666666667	76.77333333333333	76.88	77.29333333333334	77.0	77.04666666666667	76.53333333333333	76.06666666666666	75.28	74.38	73.65333333333334	73.07333333333334	72.23333333333333	71.06	69.59333333333333	67.88	65.72	62.986666666666665	59.166666666666664	52.34	0.0
0.0	52.6	59.38666666666666	63.34	65.84	67.93333333333334	69.32	71.22	72.45333333333333	73.57333333333334	74.09333333333333	74.83333333333333	75.60666666666667	76.08666666666667	76.3	76.5	76.37333333333333	76.68	76.61333333333333	76.95333333333333	77.08666666666667	76.73333333333333	76.30666666666667	75.85333333333334	75.38	74.67333333333333	74.24666666666667	73.33333333333333	72.42	71.54666666666667	70.21333333333334	68.7	66.08	63.04666666666667	59.333333333333336	52.58	0.0
0.0	52.586666666666666	59.26	63.56	66.28	68.23333333333333	70.16666666666667	71.06666666666666	72.55333333333333	73.44	74.01333333333334	74.58	75.29333333333334	75.89333333333333	76.14666666666666	76.79333333333334	76.58666666666667	76.48666666666666	76.52666666666667	76.45333333333333	76.50666666666666	75.97333333333333	76.1	75.64	75.83333333333333	74.94	74.16	73.1	72.3	71.12	69.9	68.18	66.22	63.35333333333333	59.3	52.61333333333334	0.0
0.0	52.86666666666667	59.306666666666665	63.54	65.96	68.42	69.96	71.36	72.60666666666667	73.93333333333334	74.48	75.30666666666667	75.62666666666667	76.37333333333333	76.59333333333333	77.11333333333333	77.02666666666667	77.2	77.34666666666666	77.25333333333333	77.27333333333333	76.98	76.46	76.37333333333333	76.44666666666667	75.13333333333334	74.01333333333334	73.12	72.39333333333333	71.38	70.25333333333333	68.38	66.31333333333333	63.54	59.84	52.96	0.0
0.0	52.70666666666666	59.18	62.43333333333333	65.55333333333333	67.62666666666667	69.28	70.56	71.89333333333333	73.14666666666666	74.28666666666666	74.66	75.24	75.71333333333334	75.78666666666666	76.43333333333334	76.54666666666667	76.64666666666666	76.48	76.56666666666666	76.17333333333333	75.86666666666666	75.84666666666666	75.64	74.96	74.40666666666667	73.9	73.02	72.03333333333333	70.44	69.28	67.8	65.42	62.4	58.906666666666666	52.75333333333333	0.0
0.0	52.54666666666667	59.266666666666666	62.94	65.77333333333333	67.58	68.95333333333333	70.52	71.58666666666667	72.55333333333333	73.53333333333333	74.44666666666667	74.44666666666667	75.14	75.6	75.98666666666666	76.32	76.38666666666667	76.83333333333333	76.69333333333333	76.38	76.24	76.0	75.56666666666666	75.2	74.54666666666667	74.05333333333333	72.91333333333333	72.22	70.48666666666666	69.40666666666667	67.82666666666667	66.03333333333333	63.266666666666666	59.38666666666666	52.75333333333333	0.0
0.0	52.63333333333333	58.99333333333333	62.95333333333333	65.42666666666666	68.14666666666666	69.50666666666666	71.04	72.49333333333334	73.46	74.36	75.43333333333334	75.47333333333333	76.3	77.12666666666667	77.03333333333333	76.82	77.07333333333334	77.10666666666667	77.20666666666666	76.69333333333333	76.68666666666667	76.1	75.82	75.11333333333333	74.62	73.75333333333333	72.94	72.10666666666667	71.26666666666667	69.56666666666666	68.16	65.61333333333333	63.0	58.846666666666664	52.58	0.0
0.0	52.586666666666666	59.34	63.3	66.12	68.25333333333333	70.03333333333333	71.51333333333334	72.7	73.42	74.21333333333334	74.94	76.02666666666667	76.25333333333333	76.47333333333333	76.48	76.55333333333333	77.10666666666667	77.13333333333334	76.97333333333333	76.99333333333334	76.72	76.32	75.98666666666666	75.34	74.56666666666666	73.94	73.1	72.15333333333334	70.9	70.1	68.82666666666667	66.42	63.2	59.10666666666667	52.70666666666666	0.0
0.0	52.44	59.086666666666666	63.1	65.48666666666666	67.74666666666667	69.02666666666667	70.44666666666667	71.97333333333333	72.88	73.48666666666666	74.75333333333333	75.09333333333333	75.31333333333333	75.79333333333334	76.22666666666667	76.49333333333334	76.55333333333333	76.30666666666667	76.37333333333333	76.62666666666667	76.16	75.92666666666666	75.86	75.37333333333333	74.76	73.87333333333333	73.18	72.26666666666667	71.00666666666666	69.76	68.08666666666667	66.07333333333334	63.36666666666667	59.4	52.68	0.0
0.0	52.986666666666665	59.38	63.08	65.64	67.92	69.76	70.98666666666666	72.14	73.04666666666667	74.12	74.40666666666667	74.76666666666667	75.72666666666667	75.90666666666667	76.1	76.34	76.91333333333333	77.23333333333333	76.86	76.90666666666667	76.50666666666666	76.54	76.10666666666667	75.51333333333334	74.76	73.58	72.8	71.99333333333334	70.64	69.56	68.26666666666667	66.34666666666666	63.45333333333333	59.64	52.99333333333333	0.0
0.0	52.92	59.74666666666667	63.586666666666666	66.41333333333333	68.43333333333334	70.32666666666667	71.53333333333333	72.66	73.64666666666666	74.59333333333333	75.22666666666667	75.85333333333334	76.04666666666667	76.27333333333333	76.26666666666667	76.74	77.01333333333334	76.94666666666667	77.08666666666667	76.78666666666666	76.81333333333333	76.8	76.38666666666667	75.90666666666667	75.49333333333334	74.58	73.58666666666667	72.62	71.58	70.16	68.38	66.16666666666667	63.653333333333336	59.486666666666665	52.833333333333336	0.0
0.0	52.75333333333333	59.64	63.44	65.74666666666667	68.12666666666667	69.62	71.34666666666666	72.46666666666667	73.18666666666667	74.11333333333333	74.86666666666666	75.52	75.62666666666667	76.07333333333334	76.23333333333333	76.48	76.76	76.6	76.30666666666667	76.37333333333333	76.16666666666667	76.03333333333333	75.82666666666667	75.12	74.72	73.8	73.03333333333333	72.08666666666667	71.21333333333334	70.06666666666666	68.48666666666666	65.92666666666666	63.18	59.8	52.74	0.0
0.0	52.88666666666666	59.42666666666667	63.42	66.05333333333333	68.18666666666667	69.68	71.45333333333333	72.44	73.26666666666667	74.34	75.14	75.56	75.75333333333333	76.6	76.64666666666666	76.92666666666666	76.6	76.65333333333334	77.31333333333333	76.98	76.60666666666667	76.21333333333334	76.15333333333334	75.90666666666667	75.52	74.76	74.09333333333333	72.41333333333333	71.69333333333333	70.20666666666666	68.41333333333333	66.57333333333334	63.626666666666665	59.18666666666667	52.81333333333333	0.0
0.0	52.846666666666664	59.44	63.07333333333333	65.72666666666667	67.56	69.42666666666666	71.04666666666667	72.49333333333334	73.33333333333333	74.53333333333333	74.88	75.81333333333333	75.77333333333333	75.98	76.44	76.48	76.65333333333334	76.57333333333334	76.26	76.08666666666667	76.15333333333334	76.1	76.0	75.64	75.39333333333333	74.46666666666667	73.83333333333333	72.75333333333333	71.43333333333334	69.99333333333334	67.95333333333333	65.64666666666666	63.10666666666667	59.36666666666667	53.093333333333334	0.0
0.0	52.82	59.06	63.06666666666667	66.05333333333333	68.26666666666667	69.82	71.53333333333333	72.39333333333333	73.14	74.03333333333333	74.72	75.49333333333334	75.55333333333333	76.30666666666667	76.46666666666667	76.82666666666667	76.68	77.06	76.39333333333333	76.30666666666667	76.00666666666666	76.02	75.86	75.06666666666666	74.26	73.9	73.10666666666667	71.83333333333333	70.65333333333334	69.48666666666666	67.63333333333334	65.51333333333334	62.79333333333334	58.92	52.77333333333333	0.0
0.0	52.72	59.28	63.18666666666667	66.42666666666666	68.37333333333333	70.06666666666666	71.50666666666666	72.66666666666667	73.61333333333333	74.62666666666667	75.32	75.44	75.92666666666666	76.44666666666667	76.94666666666667	77.26666666666667	77.09333333333333	77.10666666666667	77.04666666666667	77.02	76.79333333333334	76.25333333333333	75.88666666666667	75.42	74.85333333333334	74.57333333333334	73.42	72.50666666666666	71.35333333333334	70.06666666666666	68.10666666666667	66.34666666666666	63.28	59.54	53.25333333333333	0.0
0.0	52.693333333333335	59.08	63.126666666666665	65.97333333333333	68.08666666666667	69.57333333333334	71.48	72.63333333333334	73.47333333333333	74.63333333333334	75.09333333333333	75.26	75.83333333333333	76.23333333333333	76.37333333333333	76.7	76.82	76.54	76.82	77.06	76.71333333333334	76.46	75.77333333333333	75.7	75.03333333333333	74.34666666666666	73.32	71.91333333333333	71.15333333333334	69.9	68.1	66.29333333333334	63.42	59.27333333333333	52.64	0.0
0.0	52.39333333333333	58.96	62.93333333333333	65.42	67.64	69.63333333333334	71.26666666666667	72.36	72.84666666666666	73.80666666666667	74.14	74.76666666666667	75.18	75.20666666666666	75.55333333333333	75.85333333333334	76.3	76.46666666666667	76.28	76.05333333333333	76.53333333333333	76.16666666666667	75.76	75.24666666666667	74.96	74.51333333333334	73.55333333333333	72.21333333333334	71.25333333333333	69.74	67.97333333333333	65.92666666666666	62.86666666666667	59.08	52.586666666666666	0.0
0.0	52.86666666666667	59.413333333333334	63.61333333333334	65.91333333333333	67.94	69.58666666666667	70.97333333333333	72.46	73.08666666666667	73.84	75.21333333333334	75.77333333333333	76.02666666666667	76.70666666666666	76.54	76.88	76.73333333333333	76.84	76.20666666666666	76.56	76.06666666666666	76.33333333333333	75.5	75.3	74.90666666666667	74.02	73.51333333333334	72.32	71.08	69.72	67.88	66.21333333333334	63.373333333333335	58.79333333333334	52.913333333333334	0.0
0.0	52.946666666666665	59.266666666666666	63.17333333333333	65.76666666666667	68.53333333333333	70.18	71.36666666666666	72.45333333333333	73.65333333333334	74.70666666666666	75.48666666666666	76.07333333333334	76.55333333333333	76.64	77.14	77.57333333333334	77.3	77.38	77.3	77.02	77.14666666666666	76.8	75.85333333333334	75.04	74.82666666666667	74.84666666666666	73.78	72.76666666666667	71.71333333333334	70.42666666666666	68.84666666666666	66.4	63.68666666666667	59.28	52.906666666666666	0.0
0.0	52.486666666666665	59.026666666666664	63.053333333333335	65.49333333333334	67.72666666666667	69.56	70.85333333333334	72.02	72.62	73.42666666666666	74.45333333333333	74.55333333333333	75.07333333333334	75.77333333333333	75.70666666666666	76.38666666666667	76.26	76.39333333333333	76.35333333333334	76.07333333333334	75.9	75.75333333333333	75.43333333333334	74.69333333333333	74.24	73.78	72.76666666666667	71.61333333333333	70.99333333333334	69.39333333333333	67.54	65.63333333333334	62.72666666666667	58.846666666666664	52.58	0.0
0.0	52.846666666666664	59.48	63.28	65.69333333333333	68.52666666666667	70.07333333333334	71.52666666666667	72.76	73.88666666666667	74.66666666666667	75.63333333333334	75.72	76.2	76.66666666666667	77.02666666666667	76.87333333333333	76.94666666666667	76.92	77.10666666666667	76.86666666666666	76.42666666666666	76.44	75.69333333333333	75.19333333333333	74.82666666666667	73.58	73.24666666666667	71.89333333333333	70.8	69.72666666666667	67.44666666666667	65.97333333333333	63.24	58.986666666666665	52.60666666666667	0.0
0.0	52.526666666666664	59.25333333333333	63.00666666666667	65.86	67.68	69.49333333333334	70.95333333333333	71.94	73.24666666666667	74.04	74.66	75.15333333333334	75.68	76.0	76.07333333333334	76.13333333333334	76.62	76.30666666666667	75.94666666666667	76.2	75.58666666666667	75.6	74.73333333333333	74.62	73.94666666666667	73.19333333333333	72.41333333333333	72.08	71.16666666666667	69.71333333333334	68.02666666666667	65.65333333333334	62.96	59.04	52.406666666666666	0.0
0.0	52.14666666666667	58.806666666666665	62.833333333333336	65.57333333333334	68.08	69.91333333333333	71.32666666666667	72.5	73.46666666666667	74.18666666666667	75.04	75.42666666666666	75.68	76.34	76.28	76.6	76.82666666666667	77.12666666666667	76.85333333333334	76.82	76.27333333333333	76.12	75.57333333333334	75.61333333333333	74.74666666666667	73.8	73.20666666666666	72.30666666666667	71.28666666666666	69.65333333333334	68.16	65.96666666666667	63.553333333333335	59.3	52.49333333333333	0.0
0.0	52.82	59.413333333333334	63.25333333333333	65.63333333333334	67.64666666666666	69.18666666666667	70.40666666666667	72.04	73.26666666666667	74.22	74.36	75.05333333333333	75.33333333333333	75.57333333333334	75.64	76.20666666666666	76.31333333333333	76.10666666666667	76.40666666666667	75.99333333333334	75.5	75.55333333333333	75.29333333333334	74.52	74.0	73.60666666666667	72.62	71.86	70.44	68.71333333333334	67.74	65.87333333333333	63.11333333333334	59.39333333333333	52.78666666666667	0.0
0.0	52.98	59.68	63.92666666666667	66.52666666666667	68.56666666666666	69.82666666666667	70.98666666666666	72.46666666666667	72.91333333333333	73.92	74.83333333333333	75.45333333333333	75.88	76.5	76.96	77.40666666666667	77.62	77.29333333333334	77.7	76.99333333333334	76.78	76.6	76.30666666666667	75.71333333333334	74.87333333333333	74.32666666666667	73.59333333333333	72.54666666666667	71.16	70.08	68.24666666666667	66.04	63.11333333333334	59.2	52.4	0.0
0.0	52.77333333333333	59.153333333333336	63.36666666666667	65.78666666666666	68.23333333333333	69.71333333333334	71.06666666666666	72.22666666666667	73.10666666666667	74.12666666666667	74.9	74.72	75.07333333333334	75.88666666666667	75.88666666666667	76.33333333333333	76.6	76.62666666666667	76.74	76.86	76.55333333333333	76.11333333333333	75.67333333333333	75.2	74.61333333333333	74.04	72.84666666666666	71.88	70.74	68.99333333333334	67.66666666666667	65.9	63.306666666666665	59.18	52.35333333333333	0.0
0.0	52.986666666666665	59.32666666666667	63.193333333333335	65.72666666666667	68.05333333333333	69.68666666666667	70.90666666666667	71.94	73.10666666666667	74.12	74.75333333333333	75.12666666666667	75.67333333333333	75.81333333333333	76.04	76.44	76.29333333333334	76.22	76.91333333333333	76.51333333333334	76.14666666666666	75.96666666666667	75.75333333333333	75.44666666666667	74.27333333333333	74.2	72.91333333333333	72.31333333333333	71.03333333333333	69.62	67.75333333333333	65.46	63.10666666666667	59.00666666666667	52.56666666666667	0.0
0.0	52.413333333333334	59.28	62.93333333333333	65.88666666666667	67.9	69.54666666666667	70.89333333333333	71.93333333333334	73.14	73.88666666666667	74.78666666666666	75.12666666666667	75.77333333333333	75.72	76.48	76.14666666666666	76.42	76.57333333333334	76.62666666666667	76.59333333333333	76.52666666666667	75.84	75.38	75.18	74.64666666666666	74.06666666666666	73.23333333333333	72.03333333333333	70.99333333333334	69.34	67.96	65.81333333333333	62.99333333333333	59.27333333333333	52.70666666666666	0.0
0.0	52.42666666666667	59.38	63.42666666666667	66.39333333333333	68.34	69.8	71.44666666666667	72.5	73.5	74.28	74.84666666666666	75.48666666666666	75.74666666666667	76.41333333333333	76.90666666666667	77.04666666666667	77.17333333333333	77.48666666666666	77.54666666666667	77.51333333333334	77.05333333333333	76.98	76.59333333333333	76.08	75.71333333333334	75.32666666666667	74.38666666666667	73.12	71.44	70.16666666666667	68.46	65.69333333333333	63.5	59.553333333333335	52.88666666666666	0.0
0.0	52.52	59.0	62.96	65.57333333333334	67.48	69.78666666666666	70.87333333333333	71.56666666666666	72.6	73.68666666666667	74.14666666666666	74.82666666666667	75.14	75.67333333333333	75.83333333333333	76.42	76.30666666666667	76.18666666666667	76.42666666666666	76.12666666666667	76.22	75.69333333333333	75.75333333333333	75.3	74.84666666666666	74.37333333333333	73.32666666666667	72.24666666666667	71.04666666666667	69.84	68.32	66.24	63.08	58.92	52.46	0.0
0.0	52.64666666666667	59.10666666666667	63.1	66.19333333333333	68.53333333333333	70.34	71.48666666666666	72.53333333333333	73.46	73.78666666666666	74.48	75.06	75.44666666666667	76.06	76.22666666666667	76.60666666666667	76.74666666666667	76.82666666666667	76.49333333333334	76.49333333333334	76.24	76.36	75.91333333333333	75.94666666666667	75.03333333333333	74.3	73.69333333333333	72.45333333333333	71.69333333333333	69.90666666666667	68.1	66.04	63.72	59.64	52.89333333333333	0.0
0.0	52.78	59.193333333333335	63.053333333333335	66.29333333333334	67.76	69.6	70.98	72.42	73.16666666666667	73.92	74.88	75.24	75.42666666666666	75.76	76.06666666666666	76.22	76.46	76.78666666666666	76.83333333333333	76.59333333333333	76.54	76.22666666666667	75.64	74.90666666666667	74.50666666666666	73.93333333333334	73.61333333333333	72.34666666666666	71.18	70.09333333333333	68.38	66.07333333333334	62.92666666666667	59.153333333333336	52.666666666666664	0.0
0.0	52.906666666666666	59.413333333333334	63.00666666666667	65.93333333333334	68.27333333333333	70.22666666666667	71.47333333333333	72.40666666666667	73.52666666666667	74.08	74.89333333333333	75.75333333333333	76.25333333333333	76.32	76.72666666666667	76.88666666666667	77.09333333333333	76.85333333333334	77.1	76.91333333333333	76.62	76.25333333333333	76.18	75.5	74.62	74.30666666666667	73.23333333333333	72.52	71.52666666666667	70.6	68.14666666666666	66.16666666666667	63.086666666666666	58.973333333333336	52.85333333333333	0.0
0.0	52.82	59.053333333333335	63.093333333333334	66.03333333333333	68.21333333333334	69.77333333333333	70.96	72.50666666666666	73.17333333333333	74.25333333333333	74.96666666666667	75.64	76.31333333333333	76.37333333333333	76.4	76.96666666666667	76.81333333333333	76.58	76.76666666666667	76.78666666666666	76.71333333333334	76.42	75.58666666666667	75.52	74.72	74.14	73.48	72.3	71.24666666666667	69.95333333333333	67.78	66.01333333333334	63.08	59.413333333333334	52.9	0.0
0.0	52.553333333333335	58.76	62.946666666666665	65.68	67.81333333333333	69.55333333333333	70.76	72.05333333333333	73.12666666666667	74.01333333333334	74.34	75.03333333333333	75.25333333333333	76.11333333333333	76.26	76.78	76.48666666666666	76.62	76.72666666666667	76.62666666666667	76.48666666666666	76.44666666666667	75.90666666666667	75.25333333333333	74.88666666666667	74.64666666666666	73.87333333333333	72.90666666666667	71.69333333333333	69.98	68.53333333333333	66.0	63.20666666666666	59.193333333333335	52.50666666666667	0.0
0.0	52.806666666666665	59.06666666666667	63.11333333333334	65.94666666666667	67.94666666666667	69.68	70.95333333333333	72.2	73.12666666666667	73.96666666666667	74.46666666666667	75.29333333333334	75.79333333333334	76.28	77.02	76.50666666666666	76.25333333333333	76.48666666666666	76.64666666666666	76.87333333333333	76.75333333333333	76.13333333333334	75.55333333333333	75.38666666666667	74.62	74.14666666666666	73.39333333333333	72.36666666666666	71.26666666666667	69.88666666666667	68.46666666666667	65.94666666666667	62.666666666666664	58.973333333333336	52.513333333333335	0.0
0.0	52.6	59.0	62.84	66.00666666666666	68.02	69.77333333333333	71.3	72.41333333333333	73.17333333333333	74.01333333333334	75.33333333333333	75.28666666666666	75.78666666666666	75.84666666666666	76.75333333333333	76.57333333333334	77.3	77.26666666666667	77.03333333333333	77.02666666666667	76.67333333333333	76.39333333333333	75.85333333333334	74.96	74.60666666666667	73.87333333333333	73.22	72.56	70.96	69.96	68.44666666666667	66.15333333333334	63.373333333333335	59.32666666666667	52.986666666666665	0.0
