0.0	47.1	50.57333333333333	52.62	53.52	54.34	55.06	55.473333333333336	56.04666666666667	55.85333333333333	56.153333333333336	56.193333333333335	56.46666666666667	56.693333333333335	57.2	57.39333333333333	57.44	57.46666666666667	57.553333333333335	57.45333333333333	57.233333333333334	57.1	56.95333333333333	57.013333333333335	56.9	56.81333333333333	56.586666666666666	56.03333333333333	55.92	55.72	54.72666666666667	53.986666666666665	53.25333333333333	52.16	50.58	46.86	0.0
0.0	46.86666666666667	50.3	52.1	53.10666666666667	53.96666666666667	54.473333333333336	55.026666666666664	55.35333333333333	55.86	55.78	56.21333333333333	56.44	56.45333333333333	56.62	56.8	56.35333333333333	56.82666666666667	56.66	56.64666666666667	56.54	56.346666666666664	56.42	56.346666666666664	55.82666666666667	56.06666666666667	55.64666666666667	55.9	55.57333333333333	54.99333333333333	54.64666666666667	54.18666666666667	53.32666666666667	52.96	50.56	46.906666666666666	0.0
0.0	47.10666666666667	50.406666666666666	52.04	53.526666666666664	54.086666666666666	54.74666666666667	55.086666666666666	55.64	55.946666666666665	55.913333333333334	56.25333333333333	56.406666666666666	56.526666666666664	56.906666666666666	56.82	56.626666666666665	56.96	56.666666666666664	56.8	57.07333333333333	57.2	56.806666666666665	56.7	56.63333333333333	56.28	55.973333333333336	55.766666666666666	55.1	55.126666666666665	54.66	54.32	53.82666666666667	52.44	50.373333333333335	46.94	0.0
0.0	46.906666666666666	50.846666666666664	52.693333333333335	53.39333333333333	53.986666666666665	54.833333333333336	55.3	55.38	56.346666666666664	56.32	56.8	56.82	56.77333333333333	56.45333333333333	57.0	57.07333333333333	56.806666666666665	57.11333333333334	56.56	56.95333333333333	56.93333333333333	56.86666666666667	56.67333333333333	56.8	56.64666666666667	56.486666666666665	55.78	55.52	55.18666666666667	54.53333333333333	53.99333333333333	53.233333333333334	52.57333333333333	50.36	47.0	0.0
0.0	46.64666666666667	50.2	52.10666666666667	53.28666666666667	54.08	54.9	55.026666666666664	55.48	55.806666666666665	56.166666666666664	56.42	56.53333333333333	56.54666666666667	56.82666666666667	56.82666666666667	56.89333333333333	57.473333333333336	57.153333333333336	57.31333333333333	57.46666666666667	57.12	56.986666666666665	56.93333333333333	56.67333333333333	56.46666666666667	56.08	56.18	55.60666666666667	55.39333333333333	54.82666666666667	54.6	53.54	52.45333333333333	50.66	47.053333333333335	0.0
0.0	47.26	50.666666666666664	52.24666666666667	53.28	54.28666666666667	54.66	55.26	55.72666666666667	56.126666666666665	56.34	56.81333333333333	57.166666666666664	57.2	57.166666666666664	56.94	57.00666666666667	57.346666666666664	57.39333333333333	57.126666666666665	56.79333333333334	56.766666666666666	57.053333333333335	56.846666666666664	56.86666666666667	56.86666666666667	56.486666666666665	56.27333333333333	55.77333333333333	55.513333333333335	55.1	54.36666666666667	53.693333333333335	52.526666666666664	50.31333333333333	46.913333333333334	0.0
0.0	46.733333333333334	50.43333333333333	52.27333333333333	53.60666666666667	54.35333333333333	54.95333333333333	55.473333333333336	55.82666666666667	56.14	56.04	56.38666666666666	56.78666666666667	56.95333333333333	57.14666666666667	57.026666666666664	57.086666666666666	57.266666666666666	57.32	57.27333333333333	57.4	57.26	57.44	57.18666666666667	56.833333333333336	56.76	56.50666666666667	56.00666666666667	55.54666666666667	55.153333333333336	54.54	54.233333333333334	53.26	52.4	50.653333333333336	47.14	0.0
0.0	46.986666666666665	50.64666666666667	52.22666666666667	53.46	54.04666666666667	54.53333333333333	55.32666666666667	55.50666666666667	55.94	56.373333333333335	56.56	56.7	56.82666666666667	56.50666666666667	56.913333333333334	56.85333333333333	57.28	56.88666666666666	56.84	56.81333333333333	56.74	56.89333333333333	56.50666666666667	56.72666666666667	56.11333333333334	55.766666666666666	55.64	55.64	54.986666666666665	54.57333333333333	54.4	53.6	52.54	50.88	46.99333333333333	0.0
0.0	46.64	49.913333333333334	52.04666666666667	53.126666666666665	53.653333333333336	54.44	54.63333333333333	55.14	54.913333333333334	55.54666666666667	56.18666666666667	55.96	55.86	56.35333333333333	56.46666666666667	56.38666666666666	56.5	56.92666666666667	56.626666666666665	56.7	56.61333333333334	56.4	56.48	56.333333333333336	56.31333333333333	55.77333333333333	55.45333333333333	55.17333333333333	54.526666666666664	53.96666666666667	53.78	53.026666666666664	51.92666666666667	49.96666666666667	46.77333333333333	0.0
0.0	47.18666666666667	50.42666666666667	52.446666666666665	53.82	54.48	54.95333333333333	55.71333333333333	55.7	55.94	55.92666666666667	56.27333333333333	56.44	56.2	56.36	56.733333333333334	56.766666666666666	56.99333333333333	56.873333333333335	56.88	57.086666666666666	56.806666666666665	56.58	56.86	56.64	56.446666666666665	56.12	56.12	56.00666666666667	55.46666666666667	54.84	54.24	53.373333333333335	52.35333333333333	50.42666666666667	46.9	0.0
0.0	46.666666666666664	50.14666666666667	52.12	53.12	53.913333333333334	54.38666666666666	55.28666666666667	55.57333333333333	55.946666666666665	56.46666666666667	55.99333333333333	56.54666666666667	56.00666666666667	56.66	56.693333333333335	56.8	56.71333333333333	56.7	56.486666666666665	56.54	56.333333333333336	56.62	56.42666666666667	56.126666666666665	55.82666666666667	55.653333333333336	55.8	55.13333333333333	54.86	54.54666666666667	53.9	53.35333333333333	51.72666666666667	50.053333333333335	46.53333333333333	0.0
0.0	47.36	50.72666666666667	53.0	53.82666666666667	54.5	55.28	55.72666666666667	56.36	56.81333333333333	57.013333333333335	56.95333333333333	57.306666666666665	57.62	57.32666666666667	57.70666666666666	57.48	57.17333333333333	57.24666666666667	56.96	57.00666666666667	56.75333333333333	56.653333333333336	56.64666666666667	56.513333333333335	56.38	56.26	56.12	55.7	55.28666666666667	55.153333333333336	54.346666666666664	53.553333333333335	52.36	50.486666666666665	46.93333333333333	0.0
0.0	46.733333333333334	50.27333333333333	52.1	53.1	53.68666666666667	53.986666666666665	54.98	55.513333333333335	55.833333333333336	55.74666666666667	56.266666666666666	56.2	56.406666666666666	56.56	56.28	56.79333333333334	56.88666666666666	57.1	57.166666666666664	56.733333333333334	56.56	56.666666666666664	56.53333333333333	56.24666666666667	56.233333333333334	56.00666666666667	55.693333333333335	55.306666666666665	54.806666666666665	54.45333333333333	54.0	53.053333333333335	52.29333333333334	50.406666666666666	46.88666666666666	0.0
0.0	46.95333333333333	50.266666666666666	52.29333333333334	53.153333333333336	53.96666666666667	54.67333333333333	55.013333333333335	55.913333333333334	56.373333333333335	56.56666666666667	56.513333333333335	56.61333333333334	57.07333333333333	57.31333333333333	57.34	57.27333333333333	57.16	57.24	57.06	57.24	56.806666666666665	57.42666666666667	56.98	56.873333333333335	56.693333333333335	56.45333333333333	56.44	55.84	55.39333333333333	54.84	54.28	53.526666666666664	52.25333333333333	50.7	47.22666666666667	0.0
0.0	46.76	50.27333333333333	51.92666666666667	53.44	53.986666666666665	54.67333333333333	55.04	55.26	55.72	55.973333333333336	56.306666666666665	56.093333333333334	56.5	56.50666666666667	56.913333333333334	56.96666666666667	56.71333333333333	56.86666666666667	56.72666666666667	56.78	57.04	57.00666666666667	56.81333333333333	56.63333333333333	56.75333333333333	56.12	56.12	55.7	55.32666666666667	54.74666666666667	54.35333333333333	53.53333333333333	52.346666666666664	50.193333333333335	47.14	0.0
0.0	47.1	50.78666666666667	52.446666666666665	53.42666666666667	53.77333333333333	54.46	54.86	55.413333333333334	55.88	56.22666666666667	56.66	56.99333333333333	57.0	56.84	56.48	56.79333333333334	56.86	56.76	56.82666666666667	56.79333333333334	56.76	56.42	56.92666666666667	56.76	56.32	56.24	55.84	55.8	55.10666666666667	54.906666666666666	53.986666666666665	53.03333333333333	52.026666666666664	50.27333333333333	47.06	0.0
0.0	47.086666666666666	50.52	52.02	53.22	54.02	54.526666666666664	55.1	55.32666666666667	55.833333333333336	55.76	55.67333333333333	56.49333333333333	56.29333333333334	56.48	56.586666666666666	57.04	56.626666666666665	56.57333333333333	56.873333333333335	57.06666666666667	56.946666666666665	56.63333333333333	56.44	56.36666666666667	56.013333333333335	55.833333333333336	55.60666666666667	54.946666666666665	54.92	54.53333333333333	54.026666666666664	53.26	52.25333333333333	50.473333333333336	46.72666666666667	0.0
0.0	47.333333333333336	50.72	52.54666666666667	53.486666666666665	54.34	54.92	55.34	55.64666666666667	55.88666666666666	56.28666666666667	56.74	57.42666666666667	57.14666666666667	57.11333333333334	57.42	57.446666666666665	57.233333333333334	57.013333333333335	57.39333333333333	57.29333333333334	57.10666666666667	57.06	56.72666666666667	56.61333333333334	56.32	56.306666666666665	56.07333333333333	55.70666666666666	55.34	54.76	54.12	53.57333333333333	52.38	50.96666666666667	47.333333333333336	0.0
0.0	46.833333333333336	49.96	51.39333333333333	53.04666666666667	53.45333333333333	54.233333333333334	54.46666666666667	54.7	55.67333333333333	56.02	55.693333333333335	55.766666666666666	55.71333333333333	56.14666666666667	56.07333333333333	56.446666666666665	56.46	56.833333333333336	56.166666666666664	56.04	56.48	56.1	55.946666666666665	55.653333333333336	55.63333333333333	55.84	55.32666666666667	54.973333333333336	54.92666666666667	54.61333333333334	53.92	53.07333333333333	52.026666666666664	50.38666666666666	46.833333333333336	0.0
0.0	47.166666666666664	50.46666666666667	52.053333333333335	53.66	54.21333333333333	54.7	55.27333333333333	55.74666666666667	56.11333333333334	56.54666666666667	56.88666666666666	56.78	56.81333333333333	57.473333333333336	57.473333333333336	57.18	57.52	57.71333333333333	57.7	57.373333333333335	57.48	57.473333333333336	57.306666666666665	56.63333333333333	56.733333333333334	56.38	55.946666666666665	55.58	55.00666666666667	54.56	54.31333333333333	53.473333333333336	52.486666666666665	50.56666666666667	46.95333333333333	0.0
0.0	46.56666666666667	50.333333333333336	52.5	53.67333333333333	54.553333333333335	54.86666666666667	55.24	55.766666666666666	56.06666666666667	56.1	56.44	56.39333333333333	56.32	56.626666666666665	57.28	57.03333333333333	57.24666666666667	57.57333333333333	57.25333333333333	57.38666666666666	57.373333333333335	57.473333333333336	56.64	56.88	56.72666666666667	56.446666666666665	56.166666666666664	56.08	55.44	54.89333333333333	54.25333333333333	53.6	52.22	50.473333333333336	46.94	0.0
0.0	47.026666666666664	50.586666666666666	52.60666666666667	53.153333333333336	53.95333333333333	54.54	55.14666666666667	55.513333333333335	55.52	55.986666666666665	56.093333333333334	56.32666666666667	56.50666666666667	56.94	56.66	56.63333333333333	56.93333333333333	57.0	56.66	56.88666666666666	56.34	56.53333333333333	56.20666666666666	56.17333333333333	56.18	55.82	55.48	55.053333333333335	54.88	54.84	54.11333333333334	53.1	52.0	50.406666666666666	46.77333333333333	0.0
0.0	46.98	50.22666666666667	52.22666666666667	53.18666666666667	54.00666666666667	54.76	55.17333333333333	55.96	56.39333333333333	56.53333333333333	56.39333333333333	56.38	56.64	57.026666666666664	57.1	56.81333333333333	57.42	57.22666666666667	57.12	57.06	56.82666666666667	56.8	56.61333333333334	56.35333333333333	56.32666666666667	56.06	56.24666666666667	55.76	55.086666666666666	54.93333333333333	54.07333333333333	53.626666666666665	52.68	50.72666666666667	47.04666666666667	0.0
0.0	46.95333333333333	50.32666666666667	52.14666666666667	53.56666666666667	54.28	54.806666666666665	54.82666666666667	55.32666666666667	55.806666666666665	56.166666666666664	56.22	56.52	56.553333333333335	56.913333333333334	57.013333333333335	56.946666666666665	56.84	56.89333333333333	56.99333333333333	56.66	56.76	56.48	56.54666666666667	56.61333333333334	56.49333333333333	56.27333333333333	55.68	55.36	54.693333333333335	54.413333333333334	53.67333333333333	52.833333333333336	51.77333333333333	50.18666666666667	46.9	0.0
0.0	46.873333333333335	50.66	52.373333333333335	53.593333333333334	54.71333333333333	54.74666666666667	55.46	55.71333333333333	56.153333333333336	56.14	56.56	56.94	56.93333333333333	57.14	57.32	57.32	57.24	57.46	57.233333333333334	57.24	57.46666666666667	57.026666666666664	57.18	56.56	56.76	56.22	56.13333333333333	55.526666666666664	55.18666666666667	54.82666666666667	54.07333333333333	53.61333333333334	52.06	50.346666666666664	46.75333333333333	0.0
0.0	46.98	50.81333333333333	52.413333333333334	53.38666666666666	54.04	54.78666666666667	55.053333333333335	55.45333333333333	55.62	56.26	56.593333333333334	56.48	56.82	56.81333333333333	56.96666666666667	57.193333333333335	57.62	57.4	57.07333333333333	57.1	57.16	57.06	56.58	56.666666666666664	56.61333333333334	56.34	55.806666666666665	55.3	54.946666666666665	54.78666666666667	54.1	53.39333333333333	52.48	50.5	47.29333333333334	0.0
0.0	46.72	50.12	51.9	52.986666666666665	53.76	54.26	54.79333333333334	54.88	55.36666666666667	55.75333333333333	56.026666666666664	56.27333333333333	56.43333333333333	56.32666666666667	56.406666666666666	56.56666666666667	57.08	56.7	56.46666666666667	56.553333333333335	57.026666666666664	56.7	56.49333333333333	56.11333333333334	56.20666666666666	56.18666666666667	55.78	55.48	55.406666666666666	54.833333333333336	54.34	53.39333333333333	52.00666666666667	50.233333333333334	46.74	0.0
0.0	46.70666666666666	50.06	52.34	53.653333333333336	54.04666666666667	54.053333333333335	54.513333333333335	55.08	55.373333333333335	55.64666666666667	55.64666666666667	55.8	55.88	56.27333333333333	56.27333333333333	56.46666666666667	56.56	56.42666666666667	56.82	56.92	56.653333333333336	56.48	56.24	56.29333333333334	55.88666666666666	55.72	55.43333333333333	55.526666666666664	54.92666666666667	54.56666666666667	53.833333333333336	53.053333333333335	52.013333333333335	50.14666666666667	46.67333333333333	0.0
0.0	47.35333333333333	50.42	52.373333333333335	53.54666666666667	54.406666666666666	54.906666666666666	55.48	55.81333333333333	56.31333333333333	56.64666666666667	56.54	56.58	56.946666666666665	57.266666666666666	57.07333333333333	57.03333333333333	57.193333333333335	57.20666666666666	56.93333333333333	56.846666666666664	56.873333333333335	57.02	57.31333333333333	56.626666666666665	56.666666666666664	56.233333333333334	56.36	55.88666666666666	55.76	55.06666666666667	54.18666666666667	53.34	52.38666666666666	50.64	47.32666666666667	0.0
0.0	47.153333333333336	50.3	51.94	53.11333333333334	53.92666666666667	54.806666666666665	55.32	55.666666666666664	56.17333333333333	56.24	56.22	56.14	56.626666666666665	56.79333333333334	56.766666666666666	56.77333333333333	56.82	56.99333333333333	57.2	56.95333333333333	57.093333333333334	56.78	57.0	56.63333333333333	56.64	56.093333333333334	55.92	55.653333333333336	55.413333333333334	54.806666666666665	54.32	53.4	52.593333333333334	50.593333333333334	46.973333333333336	0.0
0.0	46.553333333333335	50.39333333333333	52.3	53.593333333333334	54.053333333333335	54.68666666666667	54.78	55.26	55.36666666666667	55.913333333333334	56.13333333333333	56.28666666666667	55.82	56.43333333333333	56.74666666666667	56.52	56.906666666666666	57.04666666666667	56.806666666666665	56.72	56.94	56.36666666666667	56.64666666666667	56.26	56.126666666666665	55.906666666666666	55.84	55.28	55.053333333333335	54.593333333333334	54.02	53.053333333333335	51.906666666666666	50.36	46.85333333333333	0.0
0.0	46.96666666666667	50.27333333333333	52.14666666666667	53.086666666666666	54.27333333333333	54.27333333333333	55.24666666666667	55.61333333333334	56.00666666666667	55.96	56.62	56.473333333333336	56.74666666666667	57.12	56.72	57.03333333333333	56.693333333333335	57.153333333333336	56.913333333333334	56.82666666666667	56.693333333333335	56.526666666666664	56.58	56.64666666666667	56.44	56.306666666666665	55.86	55.5	55.1	54.626666666666665	54.0	53.24666666666667	51.906666666666666	50.29333333333334	46.84	0.0
0.0	47.11333333333334	50.52	52.42	53.32666666666667	54.2	54.74	55.64	55.553333333333335	56.12	56.486666666666665	56.66	56.693333333333335	56.973333333333336	57.03333333333333	57.57333333333333	57.233333333333334	56.88666666666666	57.11333333333334	57.32	56.86	56.77333333333333	57.03333333333333	56.526666666666664	56.333333333333336	56.153333333333336	56.193333333333335	55.64	55.63333333333333	54.38	54.56666666666667	54.16	53.1	52.24	50.49333333333333	46.7	0.0
0.0	46.94	50.38666666666666	51.82666666666667	53.1	53.653333333333336	54.46	54.96	55.406666666666666	55.74	55.96666666666667	56.34	56.60666666666667	56.38	56.36666666666667	56.52	56.266666666666666	56.56	56.653333333333336	56.873333333333335	56.61333333333334	56.14666666666667	56.053333333333335	56.18666666666667	56.21333333333333	56.38	55.82666666666667	55.60666666666667	55.14	55.26	54.913333333333334	54.10666666666667	53.3	52.04	50.233333333333334	47.00666666666667	0.0
0.0	46.973333333333336	50.46	51.81333333333333	53.38	54.42	54.75333333333333	55.56	55.766666666666666	56.02	56.36666666666667	56.58	56.9	56.586666666666666	57.24666666666667	57.04666666666667	56.9	57.26	57.24666666666667	57.346666666666664	57.13333333333333	57.1	56.99333333333333	56.833333333333336	56.68666666666667	56.513333333333335	56.52	55.72666666666667	55.693333333333335	55.406666666666666	54.71333333333333	54.053333333333335	53.39333333333333	52.22666666666667	50.32	46.82	0.0
0.0	47.013333333333335	50.413333333333334	52.38	53.473333333333336	54.16	54.67333333333333	55.17333333333333	55.526666666666664	55.68666666666667	56.093333333333334	56.24666666666667	56.46	56.44	56.39333333333333	56.626666666666665	56.626666666666665	56.67333333333333	56.68666666666667	56.526666666666664	56.973333333333336	56.39333333333333	56.9	56.6	55.946666666666665	55.92	55.62	55.53333333333333	55.513333333333335	54.96	54.446666666666665	53.70666666666666	52.86	51.78	50.1	46.56666666666667	0.0
0.0	46.61333333333334	49.94	51.86	52.89333333333333	53.76	54.31333333333333	54.99333333333333	55.18666666666667	55.586666666666666	56.04666666666667	56.16	56.31333333333333	56.38	56.71333333333333	56.833333333333336	56.88666666666666	57.086666666666666	57.02	56.64	56.88666666666666	56.58	56.35333333333333	56.36	56.16	56.00666666666667	55.526666666666664	55.26	55.18666666666667	54.68	54.22666666666667	54.10666666666667	53.486666666666665	52.0	50.346666666666664	46.88	0.0
0.0	46.873333333333335	50.586666666666666	51.78666666666667	52.95333333333333	54.093333333333334	54.39333333333333	55.31333333333333	55.36666666666667	55.833333333333336	55.946666666666665	55.906666666666666	56.193333333333335	56.70666666666666	56.693333333333335	56.593333333333334	56.553333333333335	57.0	56.82666666666667	57.053333333333335	56.833333333333336	56.81333333333333	56.733333333333334	56.66	56.473333333333336	56.49333333333333	55.86666666666667	55.593333333333334	55.28666666666667	55.26	54.57333333333333	53.946666666666665	53.22666666666667	52.14666666666667	50.166666666666664	46.446666666666665	0.0
0.0	46.81333333333333	50.166666666666664	52.26	53.06666666666667	54.00666666666667	54.67333333333333	55.16	55.32	55.50666666666667	55.84	56.093333333333334	56.35333333333333	56.406666666666666	56.28666666666667	56.36	56.873333333333335	56.84	56.89333333333333	56.95333333333333	57.06666666666667	56.82	56.60666666666667	56.43333333333333	56.6	56.2	55.84	55.82	55.20666666666666	55.04	54.806666666666665	53.873333333333335	53.093333333333334	52.0	50.21333333333333	47.1	0.0
0.0	47.02	49.95333333333333	52.0	52.86	53.89333333333333	54.54666666666667	54.61333333333334	55.11333333333334	55.54666666666667	55.86	56.28666666666667	56.193333333333335	56.446666666666665	56.44	56.62	56.64666666666667	56.806666666666665	56.513333333333335	57.0	56.42666666666667	56.266666666666666	56.26	56.10666666666667	56.346666666666664	56.00666666666667	55.7	55.28666666666667	55.166666666666664	55.04666666666667	54.766666666666666	53.96666666666667	52.92	52.266666666666666	50.13333333333333	47.026666666666664	0.0
0.0	46.806666666666665	50.25333333333333	52.18666666666667	53.27333333333333	54.233333333333334	54.72666666666667	54.93333333333333	55.24	55.653333333333336	56.35333333333333	56.513333333333335	56.79333333333334	56.84	56.92666666666667	56.906666666666666	56.806666666666665	56.95333333333333	57.14	57.28666666666667	57.20666666666666	57.18666666666667	56.946666666666665	56.89333333333333	56.986666666666665	56.42	56.17333333333333	55.74666666666667	55.21333333333333	55.0	54.5	53.86666666666667	53.28	52.10666666666667	50.26	46.75333333333333	0.0
0.0	47.02	50.42666666666667	52.10666666666667	53.32	53.50666666666667	54.58	55.193333333333335	55.846666666666664	55.8	55.586666666666666	56.16	56.446666666666665	56.806666666666665	56.36	56.62	56.60666666666667	56.913333333333334	56.666666666666664	56.626666666666665	56.446666666666665	56.18	56.53333333333333	56.57333333333333	56.22	55.96666666666667	55.78	55.52	55.526666666666664	54.95333333333333	54.233333333333334	54.126666666666665	53.233333333333334	52.29333333333334	50.346666666666664	47.06	0.0
0.0	46.413333333333334	50.2	51.82	52.906666666666666	53.7	54.34	54.96	55.5	55.653333333333336	55.913333333333334	55.89333333333333	56.14	56.373333333333335	56.53333333333333	56.60666666666667	56.79333333333334	56.82666666666667	56.74666666666667	56.56666666666667	57.026666666666664	56.77333333333333	56.56	55.906666666666666	55.85333333333333	55.913333333333334	55.74	55.653333333333336	54.88666666666666	54.85333333333333	54.486666666666665	54.24	52.98	51.63333333333333	50.1	46.7	0.0
0.0	46.4	50.20666666666666	51.906666666666666	53.166666666666664	53.653333333333336	54.50666666666667	55.026666666666664	54.973333333333336	55.46666666666667	55.88666666666666	56.093333333333334	56.013333333333335	56.233333333333334	56.34	56.486666666666665	56.81333333333333	56.60666666666667	56.79333333333334	56.74	56.56	56.52	56.12	56.12	56.13333333333333	56.013333333333335	55.766666666666666	56.00666666666667	55.34	54.79333333333334	54.653333333333336	53.973333333333336	53.18	52.42	50.31333333333333	46.806666666666665	0.0
0.0	47.1	50.446666666666665	52.42	53.413333333333334	54.50666666666667	55.24666666666667	55.43333333333333	55.666666666666664	56.02	56.18666666666667	56.63333333333333	56.46	56.36	56.946666666666665	56.9	56.86666666666667	57.026666666666664	56.89333333333333	57.36	57.34	57.22	56.906666666666666	56.82666666666667	56.38	56.78	56.48	56.12	56.093333333333334	55.56	55.233333333333334	54.153333333333336	53.17333333333333	52.17333333333333	50.46	47.126666666666665	0.0
0.0	46.49333333333333	50.00666666666667	51.93333333333333	53.346666666666664	54.27333333333333	54.57333333333333	55.153333333333336	55.74	56.086666666666666	56.28666666666667	56.49333333333333	56.76	56.75333333333333	56.96	56.766666666666666	56.81333333333333	56.92	56.513333333333335	57.0	56.873333333333335	56.593333333333334	56.70666666666666	56.71333333333333	56.766666666666666	56.306666666666665	56.153333333333336	55.553333333333335	55.18	55.11333333333334	54.74	54.12	53.306666666666665	51.96	50.2	46.70666666666666	0.0
0.0	47.07333333333333	50.60666666666667	52.0	53.14666666666667	53.96666666666667	54.733333333333334	55.1	55.526666666666664	56.126666666666665	56.193333333333335	56.413333333333334	56.446666666666665	56.58	56.43333333333333	56.973333333333336	57.11333333333334	56.946666666666665	56.833333333333336	56.93333333333333	56.98	56.98	56.586666666666666	56.49333333333333	56.413333333333334	56.18666666666667	56.17333333333333	56.03333333333333	55.54666666666667	54.92666666666667	54.6	54.11333333333334	53.266666666666666	52.26	50.29333333333334	46.93333333333333	0.0
0.0	46.846666666666664	50.54	52.373333333333335	53.43333333333333	54.25333333333333	54.82	55.1	55.22	55.946666666666665	56.013333333333335	55.84	56.57333333333333	56.88666666666666	57.22666666666667	56.986666666666665	57.1	57.0	57.053333333333335	56.82666666666667	57.093333333333334	56.54666666666667	56.66	56.82666666666667	56.76	56.653333333333336	56.38	55.98	55.85333333333333	55.11333333333334	55.07333333333333	54.053333333333335	53.22	52.07333333333333	50.38666666666666	47.086666666666666	0.0
0.0	46.78666666666667	50.24666666666667	52.26	53.486666666666665	54.34	54.946666666666665	55.44	55.78	56.16	56.60666666666667	56.48	56.48	56.67333333333333	57.086666666666666	56.833333333333336	56.7	56.88666666666666	57.11333333333334	56.57333333333333	56.846666666666664	56.62	57.013333333333335	56.586666666666666	56.28666666666667	56.34	56.07333333333333	55.513333333333335	55.17333333333333	54.98	54.74666666666667	53.906666666666666	53.14666666666667	52.24	50.27333333333333	47.06666666666667	0.0
0.0	46.93333333333333	50.2	51.64	52.79333333333334	53.66	53.79333333333334	54.526666666666664	54.986666666666665	55.21333333333333	56.04	55.906666666666666	56.00666666666667	56.60666666666667	56.72666666666667	56.4	56.346666666666664	56.38666666666666	56.45333333333333	56.63333333333333	56.27333333333333	56.053333333333335	55.8	55.693333333333335	55.833333333333336	55.74	55.27333333333333	55.233333333333334	55.16	54.74666666666667	54.29333333333334	53.74	52.906666666666666	52.03333333333333	50.25333333333333	46.653333333333336	0.0
0.0	47.06	50.25333333333333	51.96	53.24	53.98	54.666666666666664	54.77333333333333	55.166666666666664	55.2	55.486666666666665	55.78666666666667	55.806666666666665	56.45333333333333	56.34	56.60666666666667	56.693333333333335	56.593333333333334	56.586666666666666	56.82	56.626666666666665	56.806666666666665	56.93333333333333	56.48	56.56666666666667	56.08	55.766666666666666	55.49333333333333	55.36	54.89333333333333	54.406666666666666	54.08	53.026666666666664	51.74	50.0	46.373333333333335	0.0
0.0	46.82	50.28	52.24	53.32666666666667	53.82	54.766666666666666	54.986666666666665	55.42	55.61333333333334	55.99333333333333	56.04666666666667	56.013333333333335	56.233333333333334	55.986666666666665	56.233333333333334	56.413333333333334	56.22666666666667	56.62	57.053333333333335	56.93333333333333	56.58	56.406666666666666	56.32	56.60666666666667	56.17333333333333	55.906666666666666	55.553333333333335	55.553333333333335	55.473333333333336	54.58	53.86666666666667	53.18	52.22666666666667	50.42666666666667	47.026666666666664	0.0
0.0	47.013333333333335	50.513333333333335	52.36	53.68	54.593333333333334	55.086666666666666	55.60666666666667	56.02	56.53333333333333	56.26	56.60666666666667	56.95333333333333	57.26	57.4	57.46666666666667	57.306666666666665	57.306666666666665	57.02	56.99333333333333	56.68	57.266666666666666	57.25333333333333	56.86666666666667	56.67333333333333	56.43333333333333	56.58	56.16	56.086666666666666	55.193333333333335	54.946666666666665	54.053333333333335	53.24666666666667	52.4	50.54	47.1	0.0
0.0	47.10666666666667	50.57333333333333	52.31333333333333	53.16	53.873333333333335	54.71333333333333	55.166666666666664	55.666666666666664	55.653333333333336	56.093333333333334	56.64	56.54	56.766666666666666	56.86	56.86666666666667	57.5	57.29333333333334	57.36666666666667	57.2	56.88	57.093333333333334	57.333333333333336	57.31333333333333	56.873333333333335	56.74	56.46666666666667	55.89333333333333	55.50666666666667	55.086666666666666	54.79333333333334	54.306666666666665	53.88	52.71333333333333	50.67333333333333	46.96	0.0
0.0	47.00666666666667	50.31333333333333	52.3	53.20666666666666	54.093333333333334	54.79333333333334	55.193333333333335	55.72	55.906666666666666	55.92	56.04	56.08	56.26	56.34	56.413333333333334	56.99333333333333	57.053333333333335	57.07333333333333	57.08	56.9	56.833333333333336	56.78	56.42666666666667	56.20666666666666	55.43333333333333	55.553333333333335	55.6	54.88666666666666	54.593333333333334	54.26	53.67333333333333	53.153333333333336	51.67333333333333	50.21333333333333	46.72666666666667	0.0
0.0	46.64	50.6	51.946666666666665	53.04666666666667	53.54	54.99333333333333	55.14	55.57333333333333	55.86	56.1	56.2	56.24	56.39333333333333	56.76	56.973333333333336	56.78	57.36666666666667	57.20666666666666	56.806666666666665	56.88666666666666	56.86	56.873333333333335	56.9	56.48	56.333333333333336	56.06	55.56666666666667	55.49333333333333	55.20666666666666	54.333333333333336	53.86	53.29333333333334	51.986666666666665	50.36666666666667	47.02	0.0
0.0	47.153333333333336	49.89333333333333	51.98	53.34	53.873333333333335	54.78666666666667	55.14	55.833333333333336	55.653333333333336	56.31333333333333	56.693333333333335	56.76	56.693333333333335	57.11333333333334	57.02	57.14	57.1	57.093333333333334	57.086666666666666	56.79333333333334	56.5	56.76	56.43333333333333	56.26	56.24	56.00666666666667	55.64666666666667	55.346666666666664	55.266666666666666	54.92666666666667	54.473333333333336	53.54	52.06	50.6	46.84	0.0
0.0	46.986666666666665	50.53333333333333	52.25333333333333	53.36666666666667	54.153333333333336	54.99333333333333	55.446666666666665	55.833333333333336	55.60666666666667	56.306666666666665	56.46	56.81333333333333	56.72666666666667	57.04	57.13333333333333	57.02	57.36666666666667	56.99333333333333	57.14	57.17333333333333	57.053333333333335	57.08	56.906666666666666	56.75333333333333	56.653333333333336	56.50666666666667	56.13333333333333	55.526666666666664	55.13333333333333	54.96666666666667	54.52	53.49333333333333	52.4	50.49333333333333	47.14	0.0
0.0	47.24666666666667	50.39333333333333	52.333333333333336	53.67333333333333	54.46666666666667	55.06666666666667	55.06	55.79333333333334	56.093333333333334	56.39333333333333	56.473333333333336	56.61333333333334	56.913333333333334	56.82666666666667	56.973333333333336	56.72666666666667	56.76	56.82	56.81333333333333	57.07333333333333	57.22666666666667	56.88	56.74	56.72666666666667	56.28666666666667	55.96666666666667	55.78	56.093333333333334	55.406666666666666	54.92	54.17333333333333	53.38	52.4	50.733333333333334	46.92	0.0
0.0	46.906666666666666	50.053333333333335	51.7	52.54666666666667	53.373333333333335	54.14	54.74666666666667	55.2	55.48	55.98	56.06666666666667	56.266666666666666	56.4	56.27333333333333	56.62	56.62	56.86	57.08	57.093333333333334	56.71333333333333	56.84	56.54666666666667	56.08	56.32666666666667	56.16	55.8	55.74	54.99333333333333	54.66	54.34	53.72	52.68	51.873333333333335	50.06	46.74	0.0
0.0	47.28666666666667	50.626666666666665	52.53333333333333	53.346666666666664	54.75333333333333	55.346666666666664	55.626666666666665	55.56666666666667	56.18	55.98	56.34	56.72666666666667	56.653333333333336	56.526666666666664	56.873333333333335	56.913333333333334	56.68	56.64	56.68	56.586666666666666	57.1	56.64	56.733333333333334	56.46	56.38	56.233333333333334	55.86	55.54666666666667	55.22	55.093333333333334	54.586666666666666	53.70666666666666	52.17333333333333	50.846666666666664	47.34	0.0
0.0	46.693333333333335	50.233333333333334	52.38	53.346666666666664	53.88	54.373333333333335	54.61333333333334	55.126666666666665	55.4	55.84	56.26	56.14	56.38666666666666	56.626666666666665	56.54666666666667	56.66	57.053333333333335	56.873333333333335	56.68666666666667	56.99333333333333	56.873333333333335	56.593333333333334	56.22	56.553333333333335	56.24	55.96	55.84	55.45333333333333	55.166666666666664	54.413333333333334	54.04666666666667	53.18666666666667	51.846666666666664	50.08	46.79333333333334	0.0
0.0	46.96	50.6	51.98	53.16	53.96	54.61333333333334	54.93333333333333	55.166666666666664	55.72666666666667	55.89333333333333	56.2	56.153333333333336	56.513333333333335	56.9	56.82666666666667	56.9	57.04	57.32666666666667	57.36666666666667	57.06	57.13333333333333	56.98	56.733333333333334	56.513333333333335	55.96	56.093333333333334	55.70666666666666	55.406666666666666	54.86666666666667	54.56666666666667	53.88	53.086666666666666	51.94	50.153333333333336	46.8	0.0
0.0	46.88	50.61333333333334	52.266666666666666	53.486666666666665	54.27333333333333	54.86666666666667	55.38666666666666	55.666666666666664	55.733333333333334	56.20666666666666	56.6	56.586666666666666	56.64666666666667	56.56	56.86	57.17333333333333	56.79333333333334	56.946666666666665	56.76	57.08	56.86666666666667	57.12	56.74	56.35333333333333	56.346666666666664	56.08	56.026666666666664	55.906666666666666	55.43333333333333	55.013333333333335	54.18	53.08	51.92666666666667	50.25333333333333	46.86	0.0
0.0	47.08	50.36	52.04	53.526666666666664	54.62	55.08	55.32	55.70666666666666	55.93333333333333	56.14666666666667	56.88666666666666	56.68	56.18666666666667	56.29333333333334	56.44	56.81333333333333	56.986666666666665	56.74	57.086666666666666	57.06666666666667	57.2	57.04	56.81333333333333	56.79333333333334	56.88666666666666	56.07333333333333	56.10666666666667	55.333333333333336	54.66	54.6	54.21333333333333	53.68666666666667	52.34	50.64	47.153333333333336	0.0
0.0	46.99333333333333	50.62	52.086666666666666	53.14666666666667	53.82	54.28	54.626666666666665	55.32	55.67333333333333	55.92666666666667	56.32	56.42666666666667	56.64	56.98	57.04666666666667	56.873333333333335	56.88666666666666	57.126666666666665	57.086666666666666	56.81333333333333	57.24666666666667	56.96666666666667	57.0	57.06	56.71333333333333	56.586666666666666	56.093333333333334	55.84	55.013333333333335	54.74	54.04666666666667	53.126666666666665	51.92666666666667	50.373333333333335	46.76	0.0
0.0	47.18666666666667	50.74	52.25333333333333	53.32666666666667	54.08	55.00666666666667	55.32666666666667	55.68666666666667	55.96666666666667	56.3	56.36666666666667	56.166666666666664	56.29333333333334	56.986666666666665	56.92	56.99333333333333	57.04	57.013333333333335	56.89333333333333	56.906666666666666	57.06	57.1	56.6	56.666666666666664	56.52	56.28666666666667	56.20666666666666	56.03333333333333	55.27333333333333	55.233333333333334	54.10666666666667	53.373333333333335	52.346666666666664	50.486666666666665	46.88666666666666	0.0
0.0	46.92	50.36666666666667	52.2	53.53333333333333	53.986666666666665	54.64666666666667	55.1	55.29333333333334	55.81333333333333	55.79333333333334	55.96666666666667	56.473333333333336	56.78666666666667	56.593333333333334	56.68	56.92666666666667	56.64	57.21333333333333	57.266666666666666	56.92	57.11333333333334	57.27333333333333	57.013333333333335	56.67333333333333	56.67333333333333	56.12	56.03333333333333	55.92	55.10666666666667	54.666666666666664	54.02	53.2	52.53333333333333	50.61333333333334	47.04	0.0
0.0	47.07333333333333	50.56666666666667	52.333333333333336	53.36	54.60666666666667	54.76	55.27333333333333	55.553333333333335	55.913333333333334	56.153333333333336	56.57333333333333	57.13333333333333	56.68666666666667	56.586666666666666	57.026666666666664	57.14	57.22666666666667	57.24666666666667	56.873333333333335	57.04666666666667	57.25333333333333	57.086666666666666	56.8	56.62	56.32	55.79333333333334	55.77333333333333	55.486666666666665	55.373333333333335	54.833333333333336	54.14666666666667	53.266666666666666	52.21333333333333	50.50666666666667	47.166666666666664	0.0
0.0	46.85333333333333	50.446666666666665	52.10666666666667	53.39333333333333	53.99333333333333	54.44	54.733333333333334	54.95333333333333	55.32	55.906666666666666	56.126666666666665	56.413333333333334	56.39333333333333	56.54	56.42	56.39333333333333	56.67333333333333	56.68	56.39333333333333	56.60666666666667	56.43333333333333	56.88	56.42666666666667	56.2	56.28666666666667	56.08	56.1	55.586666666666666	55.36666666666667	54.53333333333333	53.986666666666665	52.96	51.93333333333333	50.39333333333333	47.266666666666666	0.0
0.0	47.10666666666667	50.46666666666667	52.38	53.49333333333333	54.373333333333335	54.88666666666666	55.08	55.66	56.18	56.32	56.513333333333335	56.64666666666667	56.78666666666667	56.986666666666665	56.99333333333333	57.06666666666667	57.026666666666664	57.153333333333336	56.67333333333333	56.89333333333333	57.10666666666667	56.7	57.153333333333336	56.79333333333334	56.346666666666664	56.14	55.693333333333335	55.66	55.42	54.86666666666667	54.3	53.36666666666667	51.986666666666665	50.38	47.14	0.0
0.0	46.86666666666667	50.66	51.98	53.7	54.84	54.84	55.4	55.78666666666667	56.29333333333334	56.306666666666665	56.58	56.78666666666667	57.2	57.10666666666667	57.693333333333335	57.67333333333333	57.49333333333333	57.67333333333333	57.52	57.38666666666666	56.986666666666665	57.36	57.06	57.00666666666667	56.766666666666666	56.39333333333333	56.29333333333334	55.84	55.70666666666666	54.986666666666665	54.413333333333334	53.32	52.03333333333333	50.306666666666665	46.68	0.0
0.0	46.75333333333333	49.92	51.86	53.03333333333333	53.95333333333333	54.266666666666666	54.873333333333335	55.18666666666667	55.52	55.98	56.03333333333333	56.08	56.20666666666666	56.52	56.57333333333333	56.666666666666664	56.70666666666666	57.02	56.54666666666667	56.7	56.62	56.24	56.086666666666666	55.98	56.22	55.56666666666667	55.513333333333335	55.38	54.96666666666667	54.76	53.88	52.82	51.85333333333333	50.49333333333333	47.14666666666667	0.0
0.0	47.04666666666667	50.58	52.46	53.34	53.88666666666666	54.733333333333334	54.833333333333336	55.64666666666667	55.98	56.28666666666667	56.42666666666667	56.653333333333336	56.653333333333336	56.77333333333333	57.2	57.18666666666667	57.06666666666667	57.13333333333333	57.193333333333335	57.22	57.093333333333334	57.093333333333334	56.973333333333336	56.50666666666667	56.586666666666666	56.56	55.806666666666665	55.406666666666666	55.27333333333333	54.96	54.28666666666667	53.43333333333333	52.63333333333333	50.766666666666666	46.99333333333333	0.0
0.0	46.66	49.98	52.04	53.24666666666667	54.07333333333333	54.49333333333333	54.86	54.96	55.71333333333333	55.95333333333333	56.026666666666664	55.973333333333336	56.72	56.38666666666666	56.52	56.75333333333333	57.233333333333334	57.32666666666667	57.46666666666667	57.20666666666666	57.026666666666664	56.946666666666665	57.053333333333335	56.38666666666666	56.35333333333333	56.57333333333333	56.06	55.446666666666665	55.266666666666666	54.66	53.98	53.593333333333334	52.06666666666667	50.22	46.74	0.0
0.0	46.74	50.39333333333333	51.92	53.10666666666667	54.24666666666667	54.593333333333334	55.153333333333336	55.25333333333333	55.62	55.82666666666667	55.86666666666667	55.8	56.03333333333333	56.32	56.586666666666666	56.34	56.45333333333333	56.32666666666667	56.44	56.29333333333334	56.4	56.36	56.38666666666666	56.653333333333336	56.21333333333333	55.78	56.026666666666664	55.406666666666666	55.06666666666667	54.526666666666664	54.053333333333335	53.473333333333336	52.086666666666666	50.8	46.88	0.0
0.0	46.70666666666666	50.593333333333334	52.64666666666667	53.72666666666667	54.38666666666666	55.053333333333335	54.96666666666667	55.526666666666664	55.60666666666667	55.67333333333333	55.946666666666665	56.82666666666667	56.333333333333336	56.67333333333333	56.95333333333333	57.04666666666667	57.24666666666667	57.32666666666667	57.50666666666667	57.04666666666667	56.913333333333334	56.96	56.56	56.63333333333333	56.56	56.34	56.14	55.68	55.12	54.70666666666666	54.10666666666667	53.07333333333333	52.093333333333334	50.593333333333334	46.77333333333333	0.0
0.0	46.96	50.14666666666667	52.14666666666667	53.35333333333333	54.10666666666667	54.333333333333336	54.7	55.406666666666666	56.0	56.39333333333333	56.3	56.333333333333336	56.593333333333334	56.31333333333333	56.653333333333336	57.00666666666667	56.56666666666667	56.78	56.71333333333333	56.64666666666667	56.82	56.77333333333333	56.64	56.36	56.413333333333334	56.22	55.67333333333333	55.68666666666667	55.1	54.92666666666667	54.406666666666666	53.89333333333333	52.44	50.82666666666667	46.873333333333335	0.0
0.0	46.78	49.9	52.013333333333335	52.906666666666666	53.82	54.36666666666667	54.82	55.10666666666667	55.74	56.20666666666666	56.35333333333333	56.38	56.29333333333334	56.75333333333333	56.78666666666667	56.553333333333335	56.54666666666667	56.74	56.626666666666665	56.2	56.46666666666667	56.553333333333335	56.31333333333333	56.26	55.92	55.78	55.49333333333333	55.24666666666667	55.16	54.913333333333334	54.06	53.126666666666665	52.093333333333334	50.24	46.62	0.0
0.0	46.833333333333336	50.64666666666667	52.12	53.28	54.24	55.08	55.49333333333333	55.81333333333333	55.64	56.24	56.373333333333335	56.38666666666666	56.66	56.74666666666667	56.95333333333333	57.04666666666667	57.29333333333334	57.266666666666666	57.04	56.766666666666666	56.8	56.873333333333335	56.70666666666666	56.93333333333333	56.54	56.02	56.28	55.833333333333336	55.49333333333333	54.82	54.72666666666667	53.68	52.24666666666667	50.66	46.79333333333334	0.0
0.0	46.9	50.22	52.03333333333333	53.28666666666667	53.99333333333333	55.0	55.193333333333335	55.733333333333334	55.72666666666667	55.93333333333333	56.733333333333334	56.82	56.973333333333336	56.74666666666667	57.26	56.733333333333334	56.81333333333333	56.96	56.96666666666667	57.306666666666665	57.0	57.026666666666664	57.1	56.93333333333333	56.733333333333334	56.34	55.986666666666665	55.85333333333333	55.513333333333335	54.9	54.18	53.49333333333333	52.233333333333334	50.43333333333333	47.026666666666664	0.0
0.0	46.60666666666667	50.2	52.13333333333333	53.18	54.026666666666664	54.693333333333335	54.766666666666666	55.333333333333336	55.64666666666667	55.67333333333333	56.21333333333333	56.46666666666667	56.46	56.18	56.306666666666665	56.53333333333333	56.346666666666664	56.28	56.66	56.373333333333335	56.70666666666666	56.593333333333334	56.126666666666665	55.93333333333333	56.24	55.733333333333334	55.45333333333333	55.22666666666667	54.74	54.513333333333335	54.24666666666667	52.9	51.88666666666666	50.29333333333334	46.72	0.0
0.0	46.74	50.166666666666664	51.62	53.166666666666664	53.553333333333335	54.52	54.986666666666665	55.35333333333333	55.67333333333333	56.14666666666667	56.78666666666667	56.58	56.406666666666666	56.78666666666667	56.61333333333334	57.24666666666667	56.973333333333336	57.08	56.96	56.72666666666667	56.53333333333333	56.88	56.54666666666667	56.34	56.18666666666667	56.126666666666665	56.06	55.373333333333335	54.946666666666665	54.86	54.26	53.233333333333334	52.04666666666667	50.43333333333333	46.68666666666667	0.0
0.0	47.013333333333335	50.3	52.35333333333333	53.57333333333333	54.3	54.833333333333336	55.2	55.43333333333333	55.70666666666666	56.16	56.693333333333335	56.49333333333333	56.67333333333333	56.82	56.72666666666667	56.92666666666667	56.78	56.66	57.06666666666667	56.553333333333335	56.78666666666667	56.62	56.54	55.89333333333333	56.513333333333335	56.013333333333335	55.44	55.26	55.193333333333335	54.72	53.973333333333336	53.32666666666667	52.21333333333333	50.32	46.9	0.0
0.0	47.07333333333333	50.4	52.233333333333334	53.266666666666666	53.94	54.72	54.82	55.64666666666667	55.52	56.10666666666667	56.333333333333336	56.31333333333333	56.68666666666667	56.473333333333336	57.1	57.04	56.78666666666667	56.96	57.00666666666667	57.10666666666667	57.02	57.18666666666667	56.72666666666667	56.56	56.48	56.34	56.21333333333333	55.71333333333333	55.54666666666667	54.693333333333335	54.04666666666667	53.38666666666666	52.28	50.36666666666667	46.53333333333333	0.0
0.0	46.8	50.42666666666667	51.94	53.4	54.04	54.92666666666667	55.72	56.0	56.193333333333335	56.44	56.38666666666666	56.586666666666666	56.626666666666665	57.06666666666667	57.20666666666666	56.98	57.306666666666665	56.973333333333336	56.82	56.593333333333334	56.72	56.56666666666667	56.8	56.18	56.4	56.24666666666667	55.70666666666666	55.45333333333333	55.31333333333333	54.946666666666665	54.093333333333334	53.46	52.153333333333336	50.5	46.85333333333333	0.0
0.0	46.96666666666667	50.266666666666666	52.58	53.513333333333335	53.79333333333334	54.58	55.28666666666667	55.486666666666665	55.72666666666667	56.31333333333333	56.266666666666666	56.36	56.626666666666665	56.72666666666667	56.74666666666667	56.75333333333333	56.86666666666667	56.553333333333335	56.84	56.34	56.46	56.64666666666667	56.346666666666664	56.473333333333336	56.22	56.16	55.85333333333333	55.693333333333335	55.0	54.38666666666666	54.053333333333335	53.333333333333336	51.92	50.86666666666667	46.846666666666664	0.0
0.0	47.02	50.92	52.81333333333333	53.64	54.64	55.07333333333333	55.31333333333333	55.806666666666665	56.126666666666665	56.053333333333335	56.526666666666664	56.54	56.72666666666667	57.06	57.08	57.07333333333333	57.10666666666667	57.06	57.1	57.193333333333335	56.88666666666666	57.013333333333335	56.82666666666667	56.653333333333336	56.67333333333333	56.473333333333336	56.18666666666667	56.126666666666665	55.88	55.14	54.46666666666667	53.626666666666665	52.4	50.513333333333335	47.126666666666665	0.0
0.0	47.06	50.62	52.22666666666667	52.913333333333334	53.32666666666667	54.28666666666667	54.98	55.49333333333333	55.61333333333334	56.11333333333334	56.026666666666664	56.10666666666667	56.026666666666664	56.266666666666666	56.4	56.76	57.02	56.62	56.86666666666667	57.153333333333336	57.08	56.67333333333333	56.64	56.61333333333334	56.2	56.10666666666667	56.04	55.68	55.406666666666666	54.86666666666667	54.39333333333333	53.34	52.34	50.473333333333336	47.013333333333335	0.0
0.0	46.92666666666667	50.36	51.92666666666667	53.446666666666665	53.81333333333333	54.333333333333336	54.54	55.18	55.45333333333333	56.126666666666665	56.02	56.26	56.446666666666665	56.9	56.95333333333333	56.68666666666667	56.89333333333333	56.77333333333333	56.78666666666667	56.973333333333336	56.82666666666667	56.88	56.473333333333336	56.10666666666667	56.1	55.70666666666666	55.60666666666667	55.56666666666667	55.18	54.85333333333333	54.17333333333333	53.473333333333336	52.11333333333334	50.48	47.08	0.0
0.0	46.89333333333333	50.053333333333335	51.96	53.36	53.93333333333333	54.66	55.00666666666667	55.58	55.82	56.04	56.42	56.67333333333333	56.92	56.946666666666665	56.88666666666666	56.99333333333333	56.906666666666666	57.22	57.32666666666667	57.36	56.94	56.766666666666666	56.57333333333333	56.82	56.66	56.22666666666667	55.92	55.513333333333335	55.11333333333334	54.67333333333333	54.053333333333335	53.013333333333335	52.24	50.306666666666665	47.153333333333336	0.0
0.0	47.06666666666667	50.74666666666667	52.35333333333333	53.68	54.07333333333333	54.96	55.053333333333335	55.446666666666665	55.77333333333333	56.013333333333335	56.38666666666666	56.53333333333333	56.74666666666667	56.54666666666667	56.96	56.906666666666666	56.58	56.71333333333333	56.946666666666665	57.266666666666666	56.68	56.63333333333333	56.413333333333334	56.333333333333336	56.14	56.153333333333336	55.66	55.093333333333334	54.77333333333333	54.79333333333334	53.84	53.36666666666667	52.373333333333335	50.72	46.973333333333336	0.0
0.0	46.766666666666666	50.39333333333333	52.35333333333333	53.42666666666667	54.25333333333333	54.99333333333333	55.43333333333333	55.60666666666667	56.18	56.413333333333334	56.593333333333334	56.92	56.68666666666667	56.86666666666667	56.913333333333334	57.053333333333335	57.25333333333333	57.08	56.88666666666666	56.74	56.666666666666664	56.8	56.8	56.593333333333334	56.54666666666667	56.54	56.10666666666667	55.46	55.43333333333333	54.806666666666665	54.16	53.28666666666667	52.21333333333333	50.413333333333334	47.153333333333336	0.0
0.0	47.02	50.76	52.586666666666666	53.2	54.126666666666665	54.64	55.27333333333333	55.586666666666666	55.846666666666664	56.306666666666665	56.406666666666666	56.56	56.74666666666667	57.14666666666667	57.11333333333334	57.36	57.28666666666667	57.31333333333333	57.48	57.28666666666667	57.36	57.14666666666667	56.78666666666667	56.513333333333335	56.3	56.36666666666667	56.21333333333333	55.693333333333335	55.43333333333333	54.98	54.50666666666667	53.70666666666666	52.44	50.63333333333333	47.1	0.0
0.0	46.86	50.38	52.38	53.29333333333334	54.25333333333333	54.67333333333333	55.66	56.21333333333333	56.39333333333333	56.82	56.873333333333335	56.946666666666665	57.14	57.28	57.28666666666667	57.21333333333333	56.79333333333334	57.42666666666667	57.32	57.29333333333334	57.06666666666667	56.88666666666666	57.12	56.913333333333334	57.14	56.82666666666667	56.693333333333335	56.07333333333333	55.3	54.72666666666667	54.266666666666666	53.4	52.553333333333335	50.973333333333336	47.153333333333336	0.0
0.0	46.98	50.24666666666667	51.86	52.89333333333333	53.98	54.27333333333333	54.77333333333333	55.32666666666667	55.79333333333334	56.013333333333335	56.07333333333333	56.34	56.473333333333336	56.553333333333335	56.61333333333334	56.38666666666666	56.846666666666664	56.9	56.733333333333334	56.58	56.42	56.72	56.28666666666667	56.27333333333333	55.92	55.74	54.986666666666665	54.973333333333336	54.75333333333333	54.486666666666665	53.86	53.06666666666667	51.96666666666667	50.126666666666665	46.75333333333333	0.0
0.0	46.913333333333334	50.38666666666666	52.22666666666667	53.4	53.88	54.8	55.11333333333334	55.45333333333333	55.986666666666665	55.8	56.1	56.013333333333335	56.266666666666666	56.32666666666667	56.50666666666667	56.486666666666665	56.20666666666666	56.36	56.81333333333333	56.88666666666666	56.49333333333333	56.68	56.79333333333334	56.486666666666665	56.68666666666667	56.4	55.5	55.67333333333333	55.0	54.46	54.026666666666664	53.13333333333333	51.84	50.18	46.9	0.0
0.0	47.4	50.66	52.42666666666667	53.46	54.166666666666664	55.10666666666667	55.31333333333333	55.81333333333333	56.04666666666667	56.166666666666664	56.32	56.22	56.446666666666665	56.88666666666666	56.71333333333333	56.82666666666667	56.873333333333335	56.88	56.94	56.806666666666665	56.733333333333334	56.74	56.5	56.39333333333333	56.35333333333333	56.346666666666664	55.86666666666667	55.413333333333334	55.54	54.74	54.446666666666665	53.53333333333333	52.10666666666667	50.18	46.88666666666666	0.0
0.0	47.18666666666667	50.58	52.586666666666666	53.553333333333335	54.29333333333334	55.093333333333334	55.46666666666667	55.95333333333333	56.27333333333333	56.56	56.64666666666667	56.53333333333333	56.88	56.7	56.95333333333333	57.02	57.153333333333336	57.233333333333334	57.153333333333336	56.96	56.733333333333334	56.593333333333334	56.593333333333334	56.406666666666666	56.46666666666667	56.306666666666665	55.36666666666667	55.68666666666667	54.88	54.25333333333333	53.86	53.42666666666667	52.18666666666667	50.32	47.16	0.0
0.0	47.053333333333335	50.34	52.06	53.306666666666665	54.18666666666667	54.78666666666667	55.36666666666667	55.526666666666664	55.78	56.17333333333333	56.306666666666665	56.4	56.626666666666665	56.32	56.36	56.75333333333333	56.8	56.86666666666667	56.7	56.693333333333335	56.48	56.38	56.32666666666667	56.44	56.126666666666665	55.72666666666667	55.46666666666667	55.346666666666664	54.99333333333333	54.54666666666667	53.71333333333333	53.28666666666667	52.013333333333335	50.48	46.82666666666667	0.0
0.0	46.54666666666667	50.63333333333333	52.266666666666666	53.25333333333333	54.28	54.92666666666667	55.193333333333335	55.45333333333333	55.67333333333333	56.00666666666667	56.473333333333336	56.7	56.84	56.92666666666667	56.94	57.193333333333335	56.92666666666667	56.833333333333336	56.42666666666667	56.67333333333333	56.42	56.70666666666666	56.413333333333334	56.82	56.32666666666667	55.7	55.66	55.266666666666666	54.78666666666667	54.64	53.68666666666667	53.04666666666667	52.153333333333336	50.24	46.86666666666667	0.0
0.0	46.95333333333333	50.56	52.21333333333333	53.413333333333334	54.06666666666667	54.71333333333333	55.24666666666667	55.84	55.78666666666667	55.98	56.44	56.53333333333333	56.766666666666666	56.27333333333333	56.58	56.81333333333333	56.99333333333333	56.553333333333335	57.12	57.026666666666664	56.82	56.526666666666664	56.406666666666666	56.233333333333334	56.406666666666666	56.026666666666664	55.89333333333333	55.553333333333335	55.126666666666665	54.74	54.06666666666667	53.126666666666665	52.1	50.26	46.873333333333335	0.0
0.0	47.28	50.56666666666667	52.60666666666667	53.98	54.66	55.053333333333335	55.36666666666667	55.806666666666665	56.17333333333333	56.72	56.86666666666667	57.266666666666666	57.31333333333333	57.46666666666667	57.22666666666667	57.27333333333333	57.733333333333334	57.48	57.54	57.36666666666667	57.79333333333334	57.34	57.04666666666667	56.766666666666666	56.82	56.71333333333333	56.50666666666667	55.86	55.346666666666664	54.71333333333333	54.36	53.64666666666667	52.28666666666667	50.486666666666665	46.96	0.0
0.0	47.34	50.6	52.22	53.49333333333333	54.00666666666667	54.653333333333336	55.06	56.06	55.94	56.473333333333336	56.48	56.56666666666667	56.94	57.06666666666667	57.14	57.233333333333334	57.18666666666667	57.42	56.92	57.17333333333333	56.74666666666667	56.71333333333333	56.593333333333334	56.64	56.35333333333333	55.9	55.92666666666667	55.526666666666664	54.78	54.71333333333333	54.00666666666667	53.17333333333333	52.053333333333335	50.25333333333333	46.70666666666666	0.0
0.0	47.38666666666666	50.78	52.58	53.626666666666665	54.666666666666664	55.36666666666667	55.77333333333333	56.13333333333333	56.26	56.29333333333334	56.626666666666665	57.0	57.373333333333335	57.50666666666667	57.62	57.42666666666667	57.46	57.48	57.46666666666667	57.333333333333336	57.36	56.78	57.22	56.64	56.473333333333336	56.013333333333335	56.04	55.61333333333334	55.29333333333334	54.36666666666667	54.10666666666667	53.49333333333333	51.9	50.36666666666667	46.98	0.0
0.0	46.406666666666666	49.94	51.3	52.74666666666667	53.3	53.71333333333333	54.64666666666667	55.32	55.54666666666667	55.986666666666665	56.04666666666667	56.013333333333335	56.526666666666664	56.593333333333334	56.413333333333334	56.586666666666666	56.64	57.00666666666667	56.74	56.53333333333333	56.42666666666667	56.27333333333333	56.166666666666664	56.233333333333334	55.88666666666666	55.653333333333336	55.18	55.00666666666667	54.74	54.45333333333333	54.04	53.28	52.00666666666667	49.666666666666664	46.946666666666665	0.0
0.0	46.92666666666667	50.24	52.64	53.71333333333333	54.29333333333334	54.89333333333333	55.48	55.72	56.27333333333333	56.43333333333333	56.85333333333333	56.88	57.0	57.38	57.14666666666667	57.46	57.373333333333335	57.32	57.13333333333333	57.14666666666667	57.13333333333333	57.25333333333333	57.04666666666667	56.88666666666666	56.57333333333333	55.98	55.666666666666664	55.45333333333333	55.4	54.98	54.593333333333334	53.48	52.026666666666664	50.346666666666664	47.026666666666664	0.0
0.0	47.086666666666666	50.29333333333334	52.08	52.88	53.79333333333334	54.44	55.14	55.473333333333336	55.72	55.94	55.96	56.34	56.48	56.873333333333335	57.086666666666666	57.18	57.12	56.82666666666667	56.806666666666665	56.62	56.6	56.68666666666667	56.88666666666666	56.49333333333333	56.36666666666667	56.03333333333333	55.666666666666664	55.38	54.98	54.38666666666666	53.666666666666664	52.906666666666666	52.0	50.72666666666667	46.693333333333335	0.0
0.0	47.06	50.18	52.126666666666665	53.22	54.07333333333333	54.68	54.833333333333336	55.28666666666667	55.72666666666667	56.04666666666667	55.95333333333333	56.053333333333335	56.13333333333333	56.8	56.86	56.74666666666667	56.553333333333335	56.18666666666667	56.54	56.553333333333335	56.48	56.473333333333336	56.28666666666667	56.27333333333333	56.00666666666667	56.0	55.873333333333335	55.806666666666665	54.92666666666667	54.473333333333336	54.00666666666667	53.446666666666665	52.17333333333333	50.306666666666665	46.7	0.0
0.0	46.88666666666666	50.21333333333333	52.34	53.56666666666667	54.24	54.79333333333334	54.94	55.42	55.913333333333334	56.03333333333333	56.166666666666664	56.333333333333336	56.82666666666667	56.873333333333335	57.0	57.053333333333335	56.96666666666667	57.06	57.20666666666666	57.32	56.74666666666667	56.946666666666665	56.53333333333333	56.36	56.46	56.4	55.86666666666667	55.60666666666667	55.38	54.48	54.17333333333333	53.346666666666664	51.95333333333333	50.03333333333333	46.64	0.0
0.0	46.74666666666667	49.92	52.11333333333334	53.20666666666666	53.626666666666665	54.2	54.58	55.6	55.7	55.946666666666665	56.25333333333333	56.406666666666666	56.84	56.373333333333335	57.07333333333333	56.733333333333334	56.78666666666667	56.946666666666665	56.96666666666667	57.18666666666667	56.846666666666664	56.78	56.22666666666667	55.873333333333335	56.2	55.9	55.593333333333334	55.28	55.22666666666667	54.833333333333336	53.88666666666666	53.026666666666664	51.89333333333333	50.153333333333336	46.586666666666666	0.0
0.0	46.98	50.45333333333333	52.766666666666666	53.4	54.166666666666664	54.68	54.986666666666665	55.64666666666667	55.86666666666667	56.31333333333333	56.44	56.766666666666666	56.653333333333336	56.72666666666667	56.9	57.026666666666664	57.4	57.193333333333335	57.07333333333333	56.86	57.00666666666667	57.02	56.42666666666667	56.24	56.28666666666667	55.94	55.78	55.49333333333333	55.14666666666667	54.29333333333334	54.12	53.346666666666664	52.473333333333336	50.84	46.913333333333334	0.0
0.0	47.266666666666666	50.68666666666667	52.693333333333335	53.75333333333333	54.346666666666664	55.22666666666667	55.306666666666665	56.1	56.126666666666665	56.46666666666667	56.42	56.86	57.25333333333333	57.48	57.25333333333333	57.14	57.16	57.24	57.39333333333333	57.333333333333336	57.306666666666665	56.94	56.96666666666667	56.906666666666666	56.85333333333333	56.693333333333335	56.50666666666667	55.67333333333333	55.373333333333335	55.24666666666667	54.43333333333333	53.593333333333334	52.333333333333336	50.86666666666667	47.126666666666665	0.0
0.0	46.71333333333333	50.17333333333333	51.84	53.58	53.52	54.22666666666667	54.8	55.3	55.46	55.46666666666667	55.806666666666665	56.166666666666664	56.35333333333333	56.72	56.32	56.4	56.333333333333336	56.54	56.49333333333333	56.53333333333333	56.526666666666664	56.38	55.68666666666667	55.766666666666666	55.92	55.693333333333335	55.39333333333333	54.9	54.64666666666667	53.99333333333333	53.7	52.95333333333333	51.913333333333334	49.95333333333333	46.60666666666667	0.0
0.0	47.29333333333334	51.053333333333335	52.66	53.52	54.50666666666667	54.92	55.333333333333336	55.76	56.29333333333334	56.38	57.026666666666664	57.413333333333334	57.266666666666666	57.14	57.21333333333333	57.013333333333335	57.20666666666666	57.25333333333333	57.28666666666667	57.24666666666667	56.85333333333333	56.68666666666667	56.733333333333334	56.99333333333333	56.43333333333333	56.24	56.026666666666664	55.60666666666667	55.4	54.79333333333334	54.18666666666667	53.74	52.61333333333334	50.92666666666667	47.333333333333336	0.0
0.0	46.68666666666667	50.35333333333333	51.92666666666667	52.96666666666667	53.946666666666665	54.42666666666667	54.906666666666666	55.38	55.54	56.00666666666667	56.17333333333333	56.38	56.60666666666667	56.22	56.36	56.42	56.20666666666666	56.61333333333334	56.56	56.56666666666667	56.413333333333334	56.78	56.46	56.31333333333333	56.1	55.846666666666664	55.75333333333333	55.32	54.693333333333335	54.473333333333336	53.68	53.04666666666667	51.63333333333333	50.446666666666665	46.8	0.0
0.0	46.873333333333335	50.12	51.75333333333333	53.11333333333334	53.49333333333333	54.193333333333335	54.71333333333333	55.21333333333333	55.21333333333333	55.666666666666664	56.03333333333333	56.36	56.35333333333333	56.63333333333333	56.486666666666665	56.553333333333335	56.85333333333333	56.78	56.92666666666667	56.54	56.5	56.32666666666667	56.486666666666665	56.39333333333333	56.013333333333335	55.75333333333333	55.28666666666667	55.026666666666664	54.68666666666667	54.413333333333334	54.13333333333333	52.913333333333334	51.833333333333336	50.16	46.513333333333335	0.0
0.0	46.733333333333334	50.513333333333335	52.48	54.04666666666667	54.5	55.07333333333333	55.54666666666667	55.60666666666667	56.10666666666667	56.24666666666667	56.81333333333333	56.68	56.89333333333333	56.70666666666666	56.98	56.92666666666667	56.60666666666667	56.96	56.973333333333336	57.193333333333335	56.913333333333334	57.26	57.22	56.806666666666665	56.7	55.84	56.06666666666667	55.486666666666665	55.31333333333333	54.81333333333333	54.06666666666667	53.43333333333333	52.31333333333333	50.58	46.906666666666666	0.0
0.0	46.986666666666665	50.78666666666667	52.02	53.406666666666666	53.96666666666667	54.64	54.88	55.49333333333333	55.64	56.00666666666667	56.5	56.473333333333336	56.75333333333333	56.733333333333334	56.64	56.71333333333333	57.03333333333333	57.06	56.82	56.76	56.67333333333333	56.693333333333335	56.76	56.906666666666666	56.36	56.28666666666667	56.153333333333336	55.68666666666667	55.42666666666667	54.89333333333333	54.333333333333336	53.28666666666667	51.82666666666667	50.26	46.973333333333336	0.0
0.0	47.26	50.77333333333333	52.013333333333335	53.46	54.12	54.593333333333334	55.093333333333334	55.74666666666667	55.766666666666666	56.413333333333334	56.38	56.34	56.82666666666667	56.74	56.57333333333333	57.026666666666664	56.92666666666667	56.833333333333336	57.14	56.82	56.88	56.806666666666665	56.75333333333333	56.513333333333335	55.8	56.1	56.053333333333335	55.486666666666665	55.34	54.526666666666664	54.2	53.333333333333336	51.946666666666665	50.473333333333336	46.82666666666667	0.0
0.0	47.086666666666666	50.446666666666665	52.24	53.38	54.22666666666667	54.96	55.3	55.46666666666667	55.63333333333333	56.026666666666664	56.193333333333335	56.5	56.346666666666664	56.52	56.593333333333334	57.10666666666667	56.8	56.946666666666665	57.12	57.1	57.22	56.95333333333333	56.67333333333333	56.50666666666667	56.29333333333334	56.17333333333333	56.07333333333333	55.88	55.36666666666667	54.84	54.10666666666667	53.1	52.21333333333333	50.36	46.806666666666665	0.0
0.0	47.06666666666667	50.56	51.946666666666665	53.126666666666665	53.913333333333334	54.513333333333335	54.666666666666664	55.053333333333335	55.57333333333333	55.733333333333334	55.96	56.333333333333336	56.446666666666665	56.46666666666667	56.72	56.96	56.71333333333333	56.24	56.50666666666667	56.833333333333336	56.846666666666664	56.86666666666667	56.64	56.446666666666665	56.04666666666667	56.04666666666667	55.31333333333333	54.906666666666666	54.71333333333333	54.70666666666666	53.74	52.68	51.92	50.333333333333336	46.873333333333335	0.0
0.0	46.76	50.85333333333333	52.48	53.54666666666667	54.14666666666667	54.92666666666667	55.54	55.64	56.04666666666667	56.18666666666667	56.66	56.86666666666667	57.013333333333335	56.946666666666665	57.06	57.093333333333334	57.29333333333334	56.81333333333333	56.60666666666667	57.00666666666667	56.57333333333333	56.666666666666664	56.38	56.486666666666665	56.44	56.18	55.71333333333333	55.25333333333333	55.193333333333335	54.77333333333333	54.233333333333334	53.26	52.20666666666666	50.42	47.11333333333334	0.0
0.0	46.71333333333333	50.833333333333336	52.56666666666667	53.42666666666667	54.153333333333336	55.11333333333334	55.22	55.74	55.72	56.233333333333334	56.54666666666667	56.693333333333335	57.12	56.88	57.086666666666666	57.08	57.3	56.92666666666667	57.2	57.04	57.093333333333334	56.95333333333333	56.89333333333333	56.82666666666667	56.86	56.31333333333333	56.56	56.153333333333336	55.63333333333333	54.98	54.526666666666664	53.733333333333334	52.22	50.56666666666667	46.82	0.0
0.0	46.446666666666665	50.04	51.526666666666664	52.6	53.42	54.166666666666664	54.626666666666665	54.9	55.406666666666666	56.16	55.84	56.04	56.25333333333333	56.473333333333336	56.62	56.333333333333336	56.49333333333333	56.86666666666667	56.5	56.79333333333334	56.85333333333333	56.49333333333333	56.52	55.79333333333334	55.88	55.75333333333333	55.60666666666667	55.14666666666667	54.76	54.48	54.486666666666665	53.56	51.94	50.35333333333333	46.50666666666667	0.0
0.0	46.88	50.36	51.946666666666665	53.013333333333335	54.38	54.486666666666665	55.24666666666667	55.56	55.806666666666665	56.18	56.306666666666665	56.266666666666666	56.63333333333333	56.513333333333335	56.88	56.64666666666667	56.666666666666664	57.11333333333334	56.833333333333336	56.72666666666667	56.96666666666667	56.88	56.77333333333333	56.31333333333333	55.86666666666667	55.99333333333333	55.81333333333333	55.64	55.3	54.81333333333333	54.06	52.95333333333333	51.82	50.053333333333335	46.72666666666667	0.0
0.0	47.513333333333335	50.72	52.35333333333333	53.49333333333333	54.333333333333336	55.093333333333334	55.60666666666667	55.93333333333333	56.266666666666666	56.28666666666667	56.626666666666665	57.34	57.14	57.193333333333335	57.6	57.31333333333333	57.28666666666667	57.03333333333333	57.24666666666667	57.32666666666667	57.126666666666665	57.053333333333335	56.906666666666666	56.846666666666664	56.733333333333334	56.07333333333333	56.2	55.81333333333333	55.36666666666667	54.92666666666667	54.193333333333335	53.94	52.75333333333333	50.49333333333333	46.96666666666667	0.0
0.0	47.27333333333333	50.473333333333336	52.346666666666664	53.77333333333333	54.76	55.14	55.75333333333333	56.126666666666665	55.98	56.873333333333335	57.06666666666667	56.75333333333333	57.086666666666666	57.0	57.26	56.98	57.56666666666667	57.526666666666664	57.74	57.333333333333336	57.60666666666667	57.66	57.28666666666667	56.89333333333333	56.68666666666667	56.46666666666667	56.17333333333333	55.79333333333334	55.586666666666666	55.16	54.66	53.806666666666665	52.70666666666666	50.93333333333333	47.07333333333333	0.0
0.0	47.18666666666667	50.6	52.513333333333335	53.46666666666667	54.54666666666667	55.16	55.666666666666664	56.38	56.72	56.42	56.86666666666667	56.92	56.88	56.84	57.333333333333336	57.16	57.26	57.38	57.48	57.486666666666665	57.24666666666667	57.42	57.20666666666666	57.053333333333335	57.086666666666666	56.84	56.46	56.126666666666665	55.93333333333333	55.333333333333336	54.6	53.72	52.68666666666667	50.593333333333334	47.126666666666665	0.0
0.0	46.76	50.04	51.833333333333336	53.08	53.63333333333333	54.34	54.7	54.99333333333333	55.233333333333334	55.53333333333333	55.733333333333334	56.26	56.126666666666665	56.18666666666667	56.35333333333333	56.21333333333333	56.22	56.21333333333333	56.11333333333334	56.193333333333335	56.88	56.46666666666667	56.0	55.96666666666667	55.653333333333336	55.98	55.666666666666664	55.36666666666667	54.72	54.626666666666665	53.96	52.96	52.36	50.25333333333333	46.67333333333333	0.0
0.0	46.93333333333333	50.44	52.486666666666665	53.64666666666667	54.38666666666666	55.28666666666667	55.58	55.92666666666667	56.18	56.68666666666667	56.62	56.666666666666664	56.81333333333333	57.02	57.16	57.24	57.42666666666667	57.28666666666667	57.513333333333335	57.14	57.04	57.06	56.96	57.166666666666664	56.68666666666667	56.446666666666665	56.306666666666665	55.833333333333336	55.56	55.04	54.553333333333335	53.53333333333333	52.32666666666667	50.68666666666667	47.02	0.0
0.0	47.02	50.4	52.0	53.346666666666664	53.78666666666667	54.513333333333335	54.96	55.56	55.806666666666665	55.74	56.306666666666665	56.84	56.693333333333335	56.96666666666667	56.9	56.74666666666667	56.8	56.553333333333335	56.72	56.553333333333335	56.446666666666665	56.61333333333334	56.38666666666666	55.973333333333336	55.81333333333333	56.053333333333335	55.626666666666665	55.52	55.04	54.44	53.9	53.06666666666667	52.34	50.25333333333333	46.946666666666665	0.0
0.0	46.95333333333333	50.42	52.54666666666667	53.6	54.24666666666667	54.93333333333333	55.5	55.56666666666667	56.446666666666665	56.28666666666667	56.46666666666667	56.5	56.92666666666667	57.053333333333335	56.82666666666667	56.86	56.86666666666667	57.00666666666667	57.27333333333333	57.07333333333333	57.04666666666667	56.81333333333333	56.84	56.71333333333333	56.653333333333336	56.586666666666666	56.34	56.17333333333333	55.35333333333333	54.92666666666667	54.1	53.56666666666667	52.36666666666667	50.84	47.2	0.0
0.0	46.99333333333333	50.44	52.56666666666667	53.58	54.04666666666667	54.72	55.29333333333334	55.72	55.89333333333333	56.02	56.00666666666667	56.25333333333333	56.29333333333334	56.45333333333333	56.81333333333333	56.78666666666667	56.766666666666666	57.053333333333335	56.94	56.8	57.03333333333333	56.22666666666667	56.446666666666665	56.44	56.06	55.93333333333333	55.6	55.373333333333335	55.06666666666667	54.72666666666667	54.08	53.06666666666667	52.54	50.08	46.92666666666667	0.0
0.0	46.693333333333335	50.14666666666667	51.833333333333336	53.22666666666667	54.02	54.78666666666667	54.98	55.36	55.35333333333333	55.766666666666666	56.18666666666667	56.36	56.26	56.86	56.74	57.21333333333333	57.266666666666666	57.153333333333336	57.02	56.95333333333333	56.61333333333334	56.84	56.666666666666664	56.71333333333333	56.346666666666664	56.166666666666664	55.973333333333336	55.02	55.18	54.333333333333336	54.193333333333335	53.17333333333333	52.03333333333333	50.26	46.95333333333333	0.0
0.0	46.76	50.026666666666664	51.54	52.8	53.693333333333335	54.02	54.64	54.766666666666666	55.086666666666666	55.31333333333333	55.5	55.86	55.85333333333333	55.99333333333333	55.85333333333333	56.126666666666665	56.39333333333333	56.166666666666664	56.39333333333333	56.24	56.28666666666667	56.166666666666664	56.32666666666667	55.96666666666667	55.833333333333336	55.57333333333333	55.42	55.166666666666664	55.03333333333333	54.0	53.653333333333336	52.88	51.766666666666666	50.333333333333336	46.593333333333334	0.0
0.0	47.086666666666666	50.34	52.413333333333334	53.513333333333335	54.18666666666667	54.38	54.973333333333336	55.24	56.16	56.21333333333333	56.58	56.98	56.86666666666667	56.78666666666667	56.82666666666667	57.06	57.35333333333333	57.32666666666667	56.72	56.93333333333333	56.77333333333333	56.733333333333334	56.77333333333333	56.64666666666667	56.53333333333333	56.306666666666665	55.986666666666665	55.60666666666667	55.346666666666664	54.94	54.02	53.45333333333333	52.32666666666667	50.833333333333336	47.026666666666664	0.0
0.0	46.72	50.07333333333333	52.153333333333336	52.78	53.56666666666667	54.1	54.34	54.86666666666667	55.27333333333333	55.486666666666665	55.79333333333334	56.14	56.413333333333334	56.21333333333333	56.3	56.026666666666664	56.61333333333334	56.46	56.333333333333336	56.54	56.46	56.26	56.32	56.04	55.846666666666664	55.9	55.7	55.28666666666667	54.88	54.56	53.766666666666666	52.78	51.72666666666667	49.94	46.63333333333333	0.0
0.0	47.013333333333335	50.306666666666665	52.28666666666667	53.22	54.1	54.56666666666667	55.10666666666667	55.64	55.913333333333334	55.99333333333333	56.34	56.58	56.42666666666667	56.513333333333335	56.806666666666665	56.846666666666664	56.74	56.8	56.70666666666666	57.093333333333334	56.733333333333334	56.32666666666667	56.093333333333334	56.233333333333334	56.14	55.873333333333335	55.96	55.306666666666665	55.4	54.733333333333334	54.12	53.446666666666665	52.46	50.14666666666667	46.94	0.0
0.0	46.78666666666667	50.43333333333333	52.413333333333334	53.07333333333333	54.06	54.45333333333333	54.96666666666667	55.14666666666667	55.72	55.88666666666666	56.20666666666666	55.98	55.986666666666665	56.56666666666667	56.26	56.35333333333333	56.70666666666666	56.553333333333335	56.68	56.086666666666666	56.4	56.35333333333333	56.57333333333333	56.266666666666666	56.24	56.17333333333333	55.68	55.20666666666666	55.17333333333333	54.57333333333333	53.74666666666667	53.13333333333333	52.093333333333334	50.48	46.77333333333333	0.0
0.0	46.833333333333336	50.36	51.96	53.2	53.89333333333333	54.74	55.27333333333333	55.3	55.96	56.24	56.24	56.32	56.13333333333333	56.413333333333334	56.50666666666667	56.63333333333333	56.906666666666666	57.07333333333333	56.92666666666667	56.78666666666667	56.82666666666667	57.13333333333333	56.913333333333334	56.74	56.57333333333333	55.973333333333336	55.7	55.43333333333333	54.973333333333336	54.513333333333335	53.986666666666665	53.36666666666667	52.526666666666664	50.54	47.126666666666665	0.0
0.0	47.21333333333333	50.93333333333333	52.79333333333334	53.77333333333333	54.32666666666667	55.233333333333334	55.553333333333335	55.846666666666664	56.48	56.46	57.04	57.013333333333335	57.373333333333335	57.61333333333334	57.586666666666666	57.53333333333333	57.92	57.38666666666666	57.82666666666667	57.666666666666664	57.666666666666664	57.513333333333335	57.29333333333334	57.1	56.693333333333335	56.60666666666667	56.44	56.00666666666667	55.88666666666666	55.31333333333333	54.29333333333334	53.833333333333336	52.42	50.75333333333333	47.18	0.0
0.0	46.906666666666666	50.22666666666667	51.64	53.17333333333333	53.79333333333334	54.333333333333336	55.17333333333333	55.5	55.92666666666667	56.306666666666665	56.45333333333333	56.50666666666667	56.553333333333335	56.84	56.833333333333336	57.21333333333333	56.78666666666667	56.68666666666667	56.82	56.68666666666667	56.60666666666667	56.75333333333333	56.306666666666665	56.42666666666667	56.026666666666664	55.72666666666667	55.49333333333333	55.193333333333335	55.193333333333335	54.586666666666666	54.22666666666667	53.34	52.03333333333333	50.36	47.053333333333335	0.0
0.0	46.89333333333333	50.653333333333336	52.46666666666667	53.34	54.45333333333333	55.03333333333333	55.413333333333334	56.126666666666665	56.49333333333333	56.4	56.973333333333336	56.84	57.126666666666665	57.11333333333334	57.733333333333334	57.413333333333334	57.56	57.16	57.39333333333333	57.54666666666667	57.35333333333333	57.28	57.08	56.96666666666667	56.806666666666665	56.193333333333335	56.053333333333335	55.70666666666666	55.20666666666666	54.873333333333335	54.6	53.82	52.84	50.76	46.986666666666665	0.0
0.0	47.08	50.74666666666667	52.36	53.653333333333336	54.36666666666667	54.82666666666667	55.25333333333333	55.846666666666664	56.153333333333336	56.61333333333334	57.233333333333334	57.00666666666667	57.126666666666665	57.48	57.46	57.45333333333333	57.4	57.17333333333333	57.02	57.26	57.25333333333333	57.03333333333333	56.85333333333333	56.78	56.413333333333334	56.32	56.06	55.626666666666665	55.13333333333333	54.74	54.3	53.57333333333333	52.32	50.56	47.07333333333333	0.0
0.0	46.733333333333334	50.5	51.72666666666667	53.153333333333336	53.72	54.22666666666667	54.96666666666667	55.446666666666665	55.79333333333334	55.85333333333333	56.39333333333333	56.35333333333333	56.626666666666665	56.48	56.373333333333335	56.666666666666664	56.85333333333333	56.94	57.10666666666667	56.66	56.806666666666665	56.53333333333333	56.46666666666667	56.46666666666667	56.053333333333335	55.92	56.06666666666667	55.42666666666667	54.913333333333334	54.49333333333333	53.82666666666667	53.24	51.86	50.14	46.78666666666667	0.0
0.0	46.82	50.26	51.93333333333333	53.22666666666667	54.12	54.84	55.54666666666667	55.193333333333335	55.973333333333336	56.1	56.29333333333334	56.733333333333334	57.013333333333335	57.193333333333335	57.14	57.346666666666664	56.95333333333333	57.17333333333333	56.846666666666664	56.95333333333333	56.86666666666667	57.00666666666667	56.36	56.473333333333336	56.25333333333333	56.473333333333336	55.68666666666667	55.98	55.49333333333333	55.26	54.4	53.666666666666664	52.11333333333334	50.34	47.24	0.0
0.0	46.82	50.446666666666665	52.28	53.60666666666667	54.38	54.63333333333333	55.166666666666664	55.486666666666665	55.72666666666667	56.06666666666667	56.6	56.44	56.84	57.14	57.086666666666666	57.333333333333336	57.28	57.16	57.11333333333334	57.14	56.833333333333336	56.693333333333335	57.0	57.06	56.66	56.68666666666667	56.29333333333334	55.88	55.76	55.26	54.473333333333336	53.166666666666664	52.10666666666667	50.446666666666665	46.806666666666665	0.0
0.0	46.85333333333333	50.233333333333334	51.99333333333333	52.8	53.766666666666666	54.50666666666667	54.873333333333335	55.406666666666666	55.82666666666667	55.76	55.94	55.666666666666664	56.233333333333334	56.04666666666667	56.16	56.22666666666667	56.486666666666665	56.42666666666667	56.36666666666667	56.0	56.18666666666667	56.24	56.3	56.586666666666666	55.78	55.78666666666667	55.693333333333335	55.32	54.68	54.18666666666667	53.74666666666667	52.92	51.733333333333334	50.06	46.53333333333333	0.0
0.0	46.766666666666666	50.25333333333333	52.04666666666667	53.126666666666665	53.86666666666667	54.306666666666665	54.95333333333333	55.20666666666666	55.6	55.72666666666667	56.02	56.333333333333336	56.18666666666667	56.28	56.36666666666667	56.36	56.84	56.666666666666664	56.873333333333335	56.79333333333334	56.60666666666667	56.54	56.39333333333333	56.7	56.093333333333334	55.79333333333334	55.06666666666667	55.17333333333333	54.593333333333334	54.62	54.02	53.07333333333333	51.72666666666667	50.086666666666666	46.913333333333334	0.0
0.0	46.68	50.48	52.26	53.306666666666665	54.45333333333333	54.76	55.14666666666667	55.733333333333334	56.18666666666667	56.093333333333334	56.4	56.56	56.66	56.833333333333336	56.88666666666666	57.053333333333335	57.04666666666667	57.02	56.94	56.88666666666666	56.76	56.79333333333334	56.526666666666664	56.72666666666667	56.02	56.07333333333333	56.00666666666667	55.32666666666667	55.16	54.95333333333333	54.18666666666667	53.17333333333333	52.053333333333335	50.38	46.733333333333334	0.0
0.0	47.13333333333333	50.46	52.333333333333336	53.00666666666667	54.266666666666666	54.64666666666667	55.16	55.62	55.84	56.22666666666667	56.346666666666664	56.486666666666665	56.526666666666664	56.48	56.84	56.846666666666664	57.013333333333335	56.84	56.74	56.68	56.95333333333333	56.693333333333335	56.39333333333333	56.50666666666667	56.00666666666667	56.12	55.833333333333336	55.653333333333336	55.06	54.96	53.88	53.32	52.42	50.74666666666667	47.25333333333333	0.0
0.0	46.82666666666667	50.25333333333333	52.4	53.486666666666665	54.02	54.77333333333333	55.36	55.70666666666666	56.25333333333333	56.266666666666666	56.74	56.66	56.78666666666667	56.693333333333335	56.70666666666666	57.406666666666666	57.026666666666664	57.24666666666667	56.92666666666667	56.9	56.833333333333336	56.89333333333333	56.45333333333333	56.593333333333334	56.28	56.43333333333333	56.126666666666665	56.06666666666667	55.70666666666666	54.57333333333333	54.29333333333334	53.52	52.13333333333333	50.413333333333334	46.9	0.0
0.0	47.11333333333334	50.32666666666667	52.03333333333333	53.16	53.86666666666667	54.49333333333333	54.666666666666664	55.38	55.74	56.35333333333333	56.39333333333333	56.45333333333333	56.486666666666665	56.96	56.98	57.14666666666667	57.32666666666667	57.25333333333333	57.24666666666667	57.20666666666666	57.20666666666666	57.26	56.81333333333333	56.57333333333333	56.64	56.32666666666667	56.28666666666667	55.75333333333333	54.77333333333333	54.71333333333333	54.13333333333333	53.473333333333336	52.266666666666666	50.67333333333333	46.94	0.0
0.0	46.85333333333333	49.9	51.986666666666665	52.96666666666667	53.98	54.54	55.126666666666665	55.18666666666667	55.6	55.913333333333334	56.34	55.92666666666667	56.56	56.026666666666664	56.57333333333333	56.32	56.346666666666664	56.22	56.24	56.36666666666667	55.92666666666667	55.86	55.92	55.77333333333333	55.84	55.18	55.27333333333333	55.20666666666666	54.906666666666666	54.25333333333333	53.39333333333333	52.82666666666667	51.8	50.44	47.06	0.0
0.0	47.04666666666667	50.60666666666667	52.67333333333333	53.873333333333335	54.846666666666664	55.21333333333333	55.64	55.84	56.166666666666664	56.193333333333335	56.873333333333335	56.79333333333334	56.806666666666665	57.3	57.25333333333333	57.36666666666667	57.32	57.29333333333334	57.11333333333334	57.12	57.18	56.9	57.04	56.82666666666667	56.873333333333335	56.14666666666667	56.18666666666667	55.693333333333335	55.14	55.17333333333333	54.31333333333333	53.6	52.68666666666667	50.63333333333333	47.16	0.0
0.0	46.9	50.4	52.36	53.72666666666667	54.94	55.086666666666666	55.46	55.70666666666666	56.17333333333333	56.54	56.96	57.35333333333333	57.34	57.68	57.39333333333333	57.3	57.50666666666667	57.346666666666664	57.86	57.75333333333333	57.46	57.21333333333333	56.973333333333336	56.72	56.71333333333333	56.24	56.18666666666667	55.42666666666667	55.17333333333333	54.8	54.406666666666666	53.653333333333336	52.653333333333336	50.61333333333334	47.333333333333336	0.0
0.0	46.88666666666666	50.22	51.873333333333335	53.22	53.88666666666666	54.67333333333333	54.72666666666667	55.266666666666666	55.8	56.04666666666667	56.306666666666665	56.04	56.413333333333334	56.67333333333333	56.48	56.64666666666667	56.67333333333333	56.25333333333333	56.53333333333333	56.79333333333334	56.806666666666665	56.3	56.193333333333335	56.17333333333333	56.04666666666667	55.82666666666667	55.50666666666667	55.24	54.653333333333336	54.36	53.82	53.3	52.026666666666664	50.68666666666667	46.82666666666667	0.0
0.0	47.053333333333335	50.63333333333333	52.64666666666667	53.62	54.24	55.06666666666667	55.45333333333333	55.66	56.03333333333333	56.31333333333333	56.68666666666667	57.013333333333335	57.11333333333334	57.373333333333335	57.473333333333336	57.18	57.166666666666664	57.44	57.26	57.13333333333333	57.14	57.11333333333334	57.07333333333333	56.75333333333333	56.54	56.70666666666666	56.45333333333333	56.04	55.593333333333334	54.78	54.38	53.666666666666664	52.513333333333335	50.666666666666664	46.973333333333336	0.0
0.0	46.72666666666667	50.31333333333333	51.92666666666667	52.96666666666667	54.04666666666667	54.5	54.833333333333336	55.346666666666664	55.486666666666665	55.60666666666667	56.086666666666666	56.12	56.413333333333334	56.413333333333334	56.486666666666665	56.54	56.72666666666667	56.593333333333334	56.626666666666665	56.38	56.46666666666667	56.61333333333334	56.306666666666665	56.013333333333335	55.88	56.31333333333333	55.946666666666665	55.22666666666667	55.08	54.733333333333334	54.26	53.013333333333335	51.85333333333333	50.18	47.14	0.0
0.0	46.77333333333333	50.18666666666667	52.10666666666667	53.266666666666666	54.153333333333336	54.96666666666667	55.053333333333335	55.52	55.89333333333333	55.86666666666667	56.4	56.3	56.26	56.39333333333333	56.586666666666666	56.873333333333335	56.64	57.11333333333334	56.67333333333333	56.68666666666667	56.833333333333336	57.013333333333335	57.0	56.46	56.10666666666667	56.21333333333333	55.92	55.61333333333334	54.88666666666666	54.666666666666664	53.873333333333335	53.14	52.25333333333333	50.373333333333335	47.04666666666667	0.0
0.0	46.9	49.946666666666665	52.16	53.12	54.00666666666667	54.28	54.92666666666667	55.446666666666665	55.82	55.96	56.053333333333335	56.21333333333333	56.46666666666667	56.72666666666667	56.54666666666667	56.46	56.75333333333333	56.39333333333333	56.28	56.18666666666667	56.46	56.406666666666666	56.26	56.04666666666667	56.21333333333333	55.986666666666665	55.71333333333333	55.4	55.34	54.45333333333333	54.24666666666667	53.5	52.14666666666667	50.18666666666667	46.78666666666667	0.0
0.0	46.84	50.34	51.98	52.67333333333333	53.373333333333335	54.38666666666666	54.75333333333333	54.96666666666667	55.39333333333333	55.39333333333333	55.74	56.14	56.68666666666667	56.78	56.653333333333336	57.14666666666667	56.99333333333333	57.18	56.94	56.54	56.71333333333333	56.846666666666664	56.22666666666667	55.86666666666667	55.333333333333336	55.26	55.26	55.14	54.95333333333333	54.486666666666665	53.913333333333334	53.16	52.29333333333334	50.446666666666665	46.833333333333336	0.0
0.0	47.026666666666664	50.12	51.74666666666667	52.96666666666667	53.946666666666665	54.74	54.873333333333335	55.513333333333335	56.04666666666667	55.86666666666667	56.24	56.38	56.60666666666667	56.66	56.78666666666667	56.766666666666666	56.693333333333335	56.49333333333333	56.54666666666667	56.34	56.31333333333333	56.56	56.24666666666667	56.18	56.28	55.946666666666665	55.806666666666665	55.39333333333333	54.986666666666665	54.42666666666667	54.24	53.03333333333333	52.14666666666667	50.44	47.18	0.0
0.0	46.79333333333334	50.45333333333333	52.446666666666665	53.64	54.48	54.94	55.52	55.653333333333336	56.08	56.18	56.74666666666667	56.8	56.626666666666665	57.04666666666667	56.79333333333334	56.54666666666667	57.16	57.57333333333333	57.32	57.46	57.58	57.233333333333334	56.81333333333333	56.446666666666665	56.266666666666666	56.346666666666664	55.906666666666666	55.28666666666667	54.873333333333335	54.82	53.95333333333333	53.22666666666667	52.03333333333333	50.526666666666664	46.70666666666666	0.0
0.0	46.84	50.346666666666664	52.20666666666666	53.45333333333333	54.44	55.26	55.25333333333333	55.67333333333333	56.06	56.13333333333333	56.38666666666666	56.666666666666664	56.62	57.04	56.79333333333334	56.92	56.626666666666665	56.68666666666667	56.88666666666666	57.06	56.666666666666664	56.64	56.46	56.38	56.28666666666667	56.25333333333333	55.77333333333333	55.72	55.333333333333336	54.74	54.266666666666666	53.50666666666667	52.193333333333335	50.32666666666667	46.92	0.0
0.0	46.75333333333333	50.38666666666666	52.04	53.49333333333333	53.82	54.593333333333334	55.14666666666667	55.61333333333334	55.64	55.86666666666667	56.06	56.12	56.126666666666665	56.54	56.14	56.60666666666667	56.2	56.38666666666666	56.36666666666667	56.44	56.34	56.64	56.28666666666667	55.68666666666667	55.553333333333335	55.68	55.49333333333333	54.99333333333333	55.00666666666667	54.74666666666667	53.96	53.2	51.86666666666667	50.013333333333335	46.67333333333333	0.0
0.0	46.54666666666667	50.166666666666664	51.906666666666666	53.38	54.026666666666664	54.45333333333333	54.526666666666664	55.07333333333333	55.54	55.49333333333333	55.88	56.06	56.013333333333335	56.526666666666664	56.46666666666667	56.78	56.64	56.413333333333334	56.586666666666666	56.36	56.72	56.513333333333335	56.24	55.99333333333333	56.053333333333335	55.49333333333333	55.32	55.13333333333333	55.02	53.96666666666667	53.53333333333333	52.78	51.79333333333334	50.026666666666664	46.6	0.0
0.0	46.98	50.446666666666665	52.32	53.74	53.9	55.1	55.44	55.413333333333334	56.02	56.62	56.57333333333333	56.56666666666667	56.986666666666665	56.79333333333334	56.68666666666667	57.013333333333335	56.92666666666667	57.39333333333333	57.24666666666667	57.013333333333335	57.04666666666667	57.0	56.93333333333333	56.986666666666665	56.84	56.35333333333333	56.18	55.88666666666666	55.74	55.013333333333335	54.58	53.74666666666667	52.54666666666667	50.50666666666667	46.96	0.0
0.0	46.88	50.193333333333335	52.43333333333333	53.54666666666667	54.39333333333333	55.22666666666667	55.406666666666666	56.053333333333335	56.4	56.54	56.89333333333333	56.85333333333333	56.72666666666667	57.11333333333334	57.013333333333335	56.986666666666665	57.1	57.193333333333335	57.14	57.093333333333334	57.13333333333333	56.88	56.72666666666667	56.5	56.71333333333333	56.44	56.10666666666667	56.06	55.63333333333333	55.026666666666664	54.38666666666666	53.64	52.36	50.666666666666664	47.1	0.0
0.0	46.92	50.74	52.54666666666667	53.56666666666667	54.36	54.77333333333333	55.373333333333335	55.98	55.986666666666665	56.39333333333333	56.45333333333333	56.56666666666667	56.78	56.93333333333333	57.12	57.026666666666664	56.9	57.013333333333335	57.06	57.306666666666665	56.94	56.89333333333333	57.166666666666664	56.96	57.0	56.44	56.08	56.04	55.6	55.22	54.32666666666667	53.38666666666666	52.42	50.74	47.126666666666665	0.0
0.0	46.76	50.24666666666667	52.18	52.60666666666667	53.56	54.22666666666667	54.766666666666666	55.14666666666667	55.25333333333333	55.68	56.266666666666666	56.35333333333333	56.526666666666664	56.473333333333336	56.88666666666666	56.76	56.666666666666664	57.18666666666667	57.093333333333334	57.126666666666665	56.94	56.88	56.4	56.06	56.07333333333333	55.64	55.553333333333335	54.88666666666666	54.52	54.373333333333335	53.92666666666667	52.96666666666667	52.153333333333336	50.46666666666667	47.126666666666665	0.0
0.0	46.78666666666667	50.413333333333334	52.08	53.07333333333333	54.12	54.54666666666667	55.36	55.6	56.03333333333333	56.093333333333334	56.60666666666667	56.626666666666665	56.806666666666665	56.72	56.78	57.22	56.946666666666665	57.126666666666665	57.086666666666666	56.88	56.56	56.63333333333333	56.71333333333333	56.373333333333335	56.093333333333334	55.98	55.70666666666666	55.72	55.22666666666667	54.64666666666667	54.44	53.66	52.513333333333335	50.77333333333333	46.92666666666667	0.0
0.0	46.906666666666666	50.31333333333333	51.82	53.2	53.96666666666667	54.85333333333333	55.31333333333333	55.75333333333333	56.12	56.39333333333333	56.153333333333336	56.45333333333333	56.61333333333334	56.666666666666664	56.74666666666667	56.72	56.71333333333333	56.873333333333335	56.9	56.75333333333333	56.67333333333333	56.72	56.18666666666667	56.46666666666667	56.026666666666664	55.70666666666666	55.49333333333333	55.56666666666667	55.06666666666667	54.86666666666667	54.06666666666667	53.25333333333333	52.36	50.36	46.84	0.0
0.0	46.64	49.88	52.06	52.94	53.86	54.46666666666667	54.93333333333333	54.973333333333336	55.45333333333333	55.96	55.96	56.18666666666667	56.58	56.26	55.93333333333333	56.25333333333333	56.46	56.68666666666667	56.446666666666665	56.913333333333334	56.99333333333333	56.57333333333333	56.32	56.126666666666665	56.21333333333333	55.693333333333335	55.81333333333333	55.31333333333333	55.18666666666667	54.36666666666667	53.986666666666665	53.31333333333333	52.06	50.333333333333336	47.026666666666664	0.0
0.0	46.973333333333336	50.08	52.00666666666667	53.373333333333335	54.18666666666667	54.84	54.95333333333333	55.60666666666667	55.86	55.95333333333333	56.62	56.846666666666664	56.946666666666665	56.906666666666666	57.233333333333334	57.17333333333333	57.306666666666665	57.28	56.93333333333333	56.913333333333334	56.733333333333334	56.56	56.94	56.766666666666666	56.28	56.093333333333334	56.18	55.72666666666667	55.306666666666665	54.50666666666667	53.76	53.07333333333333	52.17333333333333	50.22666666666667	46.54666666666667	0.0
0.0	46.67333333333333	50.166666666666664	52.193333333333335	53.82666666666667	54.68666666666667	54.74	55.586666666666666	55.38	56.06	56.233333333333334	56.526666666666664	56.46666666666667	56.9	57.013333333333335	57.193333333333335	57.14666666666667	57.526666666666664	57.486666666666665	56.986666666666665	57.02	56.95333333333333	57.18	57.46	56.84	56.63333333333333	56.36	56.1	55.57333333333333	55.38666666666666	54.66	54.193333333333335	53.44	52.00666666666667	50.20666666666666	47.04	0.0
0.0	46.806666666666665	50.346666666666664	51.906666666666666	53.333333333333336	54.16	54.166666666666664	54.74	55.38666666666666	55.74	55.8	56.22666666666667	56.333333333333336	56.513333333333335	56.833333333333336	56.89333333333333	56.99333333333333	56.88	56.806666666666665	56.446666666666665	56.873333333333335	56.873333333333335	56.846666666666664	56.766666666666666	56.666666666666664	56.61333333333334	56.49333333333333	55.693333333333335	55.57333333333333	54.913333333333334	54.9	54.18666666666667	53.193333333333335	51.99333333333333	50.373333333333335	47.013333333333335	0.0
0.0	47.0	50.72666666666667	52.35333333333333	53.086666666666666	54.3	54.57333333333333	55.10666666666667	55.99333333333333	55.85333333333333	56.333333333333336	56.4	56.74666666666667	57.06666666666667	57.06	56.94	57.10666666666667	57.18666666666667	56.95333333333333	56.72	57.193333333333335	56.94	56.88	56.60666666666667	56.413333333333334	56.54	56.29333333333334	55.88666666666666	55.24666666666667	55.06	54.48	53.766666666666666	53.06	52.526666666666664	50.64666666666667	46.846666666666664	0.0
0.0	46.82666666666667	50.373333333333335	51.94	53.06	53.906666666666666	54.3	55.22	55.666666666666664	55.95333333333333	56.11333333333334	56.11333333333334	56.44	56.78666666666667	56.96666666666667	56.67333333333333	56.68	56.68666666666667	57.12	57.10666666666667	56.873333333333335	56.6	56.666666666666664	56.74666666666667	56.45333333333333	56.373333333333335	55.973333333333336	55.92666666666667	55.2	55.1	54.84	54.053333333333335	52.906666666666666	52.24666666666667	50.4	46.66	0.0
0.0	46.873333333333335	50.4	52.053333333333335	53.13333333333333	53.64666666666667	54.57333333333333	54.86666666666667	55.84	56.026666666666664	55.67333333333333	56.04666666666667	56.12	56.306666666666665	56.54666666666667	56.54	56.553333333333335	57.04	56.85333333333333	57.26	57.2	56.626666666666665	56.77333333333333	56.733333333333334	56.27333333333333	56.43333333333333	56.193333333333335	55.86666666666667	55.806666666666665	55.24	54.9	53.99333333333333	53.42	52.32	50.36	46.85333333333333	0.0
0.0	47.233333333333334	50.34	52.18	53.16	54.12	54.626666666666665	54.846666666666664	55.35333333333333	55.56666666666667	55.84	55.95333333333333	56.18666666666667	56.58	56.56	56.76	57.50666666666667	57.22666666666667	57.06	57.24	57.36666666666667	56.93333333333333	56.973333333333336	56.913333333333334	56.553333333333335	56.17333333333333	56.16	55.81333333333333	55.306666666666665	54.913333333333334	54.54	54.1	53.64666666666667	52.14	50.66	46.973333333333336	0.0
0.0	47.17333333333333	50.95333333333333	52.54666666666667	53.8	54.81333333333333	55.46666666666667	55.64666666666667	56.45333333333333	56.44	56.60666666666667	56.92	57.27333333333333	57.57333333333333	57.48	57.14	57.44	57.166666666666664	57.29333333333334	57.32	57.22	56.98	56.93333333333333	57.02	56.92666666666667	56.57333333333333	56.14666666666667	56.2	55.78666666666667	55.18666666666667	55.04	54.16	53.6	52.18	50.45333333333333	46.846666666666664	0.0
0.0	47.193333333333335	50.42	51.9	53.266666666666666	54.56	55.04	55.333333333333336	55.79333333333334	56.086666666666666	56.24	56.48	56.74	56.78	56.67333333333333	56.78666666666667	56.72666666666667	57.153333333333336	56.8	56.61333333333334	56.666666666666664	56.9	56.653333333333336	56.6	56.84	56.60666666666667	56.67333333333333	56.3	55.653333333333336	55.32666666666667	55.013333333333335	54.446666666666665	53.43333333333333	52.513333333333335	50.60666666666667	47.053333333333335	0.0
0.0	47.08	50.72666666666667	52.553333333333335	53.233333333333334	54.38	54.78666666666667	55.32	55.973333333333336	55.85333333333333	56.126666666666665	56.46666666666667	56.38	56.72666666666667	57.14666666666667	56.92	57.11333333333334	57.34	57.76	57.333333333333336	56.93333333333333	57.053333333333335	57.013333333333335	56.733333333333334	56.63333333333333	56.45333333333333	55.96666666666667	55.653333333333336	55.49333333333333	55.38666666666666	54.68666666666667	54.38	53.71333333333333	52.28	50.413333333333334	47.18666666666667	0.0
0.0	46.82666666666667	50.266666666666666	52.04666666666667	53.17333333333333	54.21333333333333	54.32	55.07333333333333	55.81333333333333	55.92	56.333333333333336	56.06	56.593333333333334	56.93333333333333	57.14	56.89333333333333	56.72	56.88	56.84	56.846666666666664	56.946666666666665	56.82	56.64666666666667	56.42666666666667	56.39333333333333	56.53333333333333	56.14	55.833333333333336	55.906666666666666	55.26	54.593333333333334	54.12	53.54	52.11333333333334	50.70666666666666	46.76	0.0
0.0	47.02	50.766666666666666	52.026666666666664	53.57333333333333	54.03333333333333	54.413333333333334	54.88	55.74	55.85333333333333	55.99333333333333	56.64	56.61333333333334	56.946666666666665	57.026666666666664	56.88	56.946666666666665	56.54666666666667	57.04666666666667	56.72666666666667	56.92	56.79333333333334	56.86666666666667	56.43333333333333	56.18666666666667	56.24	56.13333333333333	55.98	55.79333333333334	54.72666666666667	54.50666666666667	53.906666666666666	53.45333333333333	52.45333333333333	50.68	47.06666666666667	0.0
0.0	46.94	50.666666666666664	52.74	53.57333333333333	54.28	54.70666666666666	55.36	55.89333333333333	56.086666666666666	56.266666666666666	56.61333333333334	56.50666666666667	56.58	56.733333333333334	56.8	56.71333333333333	56.626666666666665	57.06666666666667	56.913333333333334	56.92666666666667	56.93333333333333	57.08	56.88666666666666	56.74	56.586666666666666	56.693333333333335	56.57333333333333	56.28666666666667	55.53333333333333	54.78666666666667	54.27333333333333	53.82666666666667	52.88666666666666	50.846666666666664	47.50666666666667	0.0
0.0	46.72666666666667	50.0	51.8	52.9	53.78666666666667	54.153333333333336	54.77333333333333	54.93333333333333	54.98	55.92666666666667	56.013333333333335	55.95333333333333	55.946666666666665	56.20666666666666	56.14666666666667	56.486666666666665	56.42666666666667	56.68	56.20666666666666	56.986666666666665	56.04666666666667	55.586666666666666	55.84	55.93333333333333	56.22	56.14666666666667	55.24666666666667	54.99333333333333	54.89333333333333	54.53333333333333	53.99333333333333	53.07333333333333	51.96	50.16	46.78666666666667	0.0
0.0	47.026666666666664	50.6	52.62	53.593333333333334	54.53333333333333	54.68	55.693333333333335	55.84	56.54666666666667	56.48	56.693333333333335	56.96	57.026666666666664	57.026666666666664	57.42	57.44	57.58	57.64	57.193333333333335	56.88	56.94	57.45333333333333	57.11333333333334	57.28	56.93333333333333	56.526666666666664	56.166666666666664	55.653333333333336	55.64	55.06	54.67333333333333	53.42666666666667	52.42666666666667	50.873333333333335	46.7	0.0
0.0	46.92666666666667	50.333333333333336	52.10666666666667	53.36	54.086666666666666	55.086666666666666	55.373333333333335	55.54666666666667	55.846666666666664	56.16	56.74666666666667	56.64666666666667	56.71333333333333	57.153333333333336	57.18666666666667	56.79333333333334	56.63333333333333	56.76	57.013333333333335	56.78	56.42666666666667	56.76	56.57333333333333	56.25333333333333	56.06666666666667	56.16	55.53333333333333	55.6	54.806666666666665	54.346666666666664	53.82	52.93333333333333	51.74	50.16	46.7	0.0
0.0	47.0	50.166666666666664	52.11333333333334	53.233333333333334	53.833333333333336	54.62	54.88	55.24	55.6	56.28	56.42666666666667	56.486666666666665	56.22	56.39333333333333	56.626666666666665	56.42666666666667	56.513333333333335	56.486666666666665	56.61333333333334	56.693333333333335	56.68666666666667	56.553333333333335	56.68	56.153333333333336	56.1	55.98	55.806666666666665	55.29333333333334	54.94	54.67333333333333	53.88666666666666	53.13333333333333	52.22666666666667	50.12	46.77333333333333	0.0
