0.0	42.766666666666666	44.31333333333333	44.733333333333334	45.10666666666667	45.266666666666666	44.78	45.24	45.026666666666664	45.04	45.18666666666667	45.03333333333333	44.846666666666664	44.72	44.873333333333335	45.24	45.08	45.0	44.89333333333333	44.526666666666664	45.266666666666666	45.04	44.68	44.873333333333335	45.04666666666667	44.89333333333333	44.64	44.6	44.946666666666665	45.233333333333334	44.72	44.68666666666667	44.693333333333335	44.82666666666667	44.31333333333333	42.98	0.0
0.0	42.76	44.14	44.58	44.46666666666667	44.64666666666667	44.34	44.42	44.57333333333333	44.26	44.4	44.806666666666665	44.68	44.84	44.77333333333333	44.653333333333336	44.986666666666665	44.77333333333333	44.88666666666666	44.72	44.53333333333333	44.72666666666667	44.82666666666667	44.946666666666665	44.44	44.76	44.593333333333334	44.52	44.46	44.473333333333336	44.666666666666664	44.513333333333335	44.653333333333336	44.44	43.82666666666667	42.806666666666665	0.0
0.0	42.92666666666667	44.46	45.08	45.04	44.96	45.14666666666667	45.11333333333334	45.1	45.00666666666667	45.026666666666664	44.913333333333334	45.04666666666667	44.63333333333333	44.806666666666665	45.06	45.126666666666665	45.10666666666667	45.373333333333335	45.04666666666667	44.78	45.16	45.10666666666667	45.03333333333333	45.026666666666664	45.16	45.22	44.78666666666667	44.85333333333333	45.08	45.14666666666667	45.18	45.04	44.913333333333334	44.50666666666667	42.96666666666667	0.0
0.0	42.68666666666667	43.95333333333333	44.153333333333336	44.766666666666666	44.693333333333335	44.93333333333333	44.78	44.88666666666666	44.833333333333336	44.71333333333333	44.81333333333333	44.79333333333334	44.906666666666666	44.86666666666667	44.973333333333336	44.666666666666664	44.56	44.36666666666667	44.77333333333333	44.833333333333336	44.96666666666667	44.68	44.61333333333334	44.6	44.56666666666667	44.7	44.82	44.626666666666665	44.68666666666667	45.10666666666667	44.74666666666667	44.7	44.473333333333336	44.4	42.98	0.0
0.0	42.946666666666665	44.31333333333333	44.806666666666665	45.013333333333335	45.42	45.24666666666667	45.166666666666664	45.16	44.913333333333334	44.913333333333334	45.02	45.35333333333333	45.32	44.92	45.093333333333334	45.153333333333336	44.96	45.193333333333335	44.85333333333333	45.153333333333336	45.39333333333333	45.29333333333334	45.29333333333334	45.373333333333335	45.026666666666664	44.93333333333333	45.026666666666664	45.13333333333333	44.88	45.04	44.946666666666665	44.92	44.78666666666667	44.48	43.086666666666666	0.0
0.0	42.96666666666667	44.17333333333333	44.233333333333334	44.68666666666667	44.56	44.78666666666667	44.626666666666665	44.78	44.653333333333336	44.94	44.67333333333333	44.693333333333335	45.026666666666664	44.586666666666666	44.766666666666666	44.84	44.67333333333333	44.71333333333333	44.973333333333336	44.96666666666667	44.8	44.7	45.00666666666667	44.68666666666667	44.7	44.48	44.7	44.86	44.553333333333335	44.48	44.68	44.66	44.593333333333334	44.04	42.76	0.0
0.0	43.04	44.35333333333333	44.653333333333336	44.766666666666666	44.82	44.973333333333336	44.95333333333333	44.96666666666667	45.02	45.07333333333333	44.913333333333334	45.08	44.9	44.94	44.99333333333333	44.86	45.11333333333334	45.06	45.1	45.13333333333333	44.88666666666666	45.06	44.98	45.08	44.70666666666666	45.0	44.913333333333334	45.013333333333335	44.99333333333333	44.973333333333336	44.68	44.86	44.53333333333333	44.28666666666667	42.9	0.0
0.0	42.8	44.12	44.7	45.14	44.92666666666667	44.95333333333333	44.70666666666666	44.68	44.78666666666667	44.67333333333333	44.77333333333333	44.93333333333333	44.75333333333333	45.013333333333335	44.42	44.94	44.906666666666666	44.85333333333333	44.62	44.906666666666666	44.98	45.126666666666665	45.126666666666665	45.053333333333335	44.946666666666665	44.86	44.96666666666667	44.806666666666665	44.68666666666667	44.75333333333333	44.846666666666664	44.86666666666667	44.78	44.27333333333333	42.76	0.0
0.0	42.81333333333333	44.26	44.78	45.03333333333333	44.666666666666664	44.88	44.92	44.973333333333336	44.99333333333333	45.18666666666667	45.14666666666667	44.93333333333333	44.82	44.88666666666666	44.76	45.03333333333333	45.193333333333335	45.22666666666667	45.17333333333333	45.233333333333334	44.846666666666664	45.03333333333333	45.04	44.82666666666667	44.86666666666667	45.03333333333333	44.88666666666666	45.0	44.88	44.72	44.973333333333336	44.84	44.8	43.86	42.67333333333333	0.0
0.0	42.99333333333333	44.406666666666666	44.593333333333334	44.5	44.833333333333336	45.053333333333335	44.61333333333334	45.07333333333333	44.9	44.82	44.86666666666667	45.093333333333334	44.973333333333336	44.78666666666667	45.18	44.94	45.00666666666667	44.913333333333334	44.88	45.32	44.95333333333333	45.346666666666664	45.00666666666667	44.946666666666665	44.95333333333333	45.28	45.03333333333333	44.846666666666664	44.913333333333334	44.99333333333333	44.85333333333333	44.846666666666664	44.74666666666667	44.22666666666667	42.986666666666665	0.0
0.0	42.946666666666665	44.56666666666667	44.99333333333333	45.266666666666666	45.413333333333334	45.32666666666667	45.14666666666667	45.20666666666666	45.306666666666665	45.07333333333333	44.76	45.08	45.22	45.233333333333334	45.126666666666665	45.2	45.16	45.1	45.126666666666665	45.17333333333333	45.486666666666665	45.50666666666667	45.026666666666664	45.153333333333336	45.28666666666667	45.31333333333333	44.986666666666665	45.21333333333333	45.32	45.193333333333335	45.086666666666666	45.08	44.67333333333333	44.70666666666666	43.126666666666665	0.0
0.0	42.99333333333333	44.413333333333334	44.833333333333336	45.126666666666665	45.026666666666664	45.28666666666667	45.12	45.22666666666667	45.04666666666667	45.153333333333336	44.806666666666665	45.27333333333333	45.00666666666667	45.17333333333333	45.086666666666666	44.81333333333333	45.1	45.24	45.3	45.10666666666667	45.093333333333334	45.193333333333335	45.413333333333334	45.193333333333335	45.04666666666667	45.07333333333333	45.21333333333333	45.06666666666667	45.04	45.3	45.12	45.086666666666666	44.92	44.57333333333333	42.906666666666666	0.0
0.0	42.93333333333333	44.35333333333333	44.76	44.8	45.06666666666667	45.013333333333335	45.18666666666667	45.093333333333334	45.36666666666667	44.92666666666667	45.18	45.13333333333333	45.1	44.92666666666667	45.14666666666667	45.0	45.13333333333333	44.84	45.11333333333334	45.26	45.00666666666667	45.22	44.986666666666665	44.74666666666667	44.74	44.94	45.053333333333335	45.11333333333334	45.333333333333336	45.306666666666665	45.14666666666667	44.92	44.84	44.25333333333333	42.89333333333333	0.0
0.0	42.76	44.026666666666664	44.486666666666665	44.593333333333334	44.77333333333333	45.026666666666664	45.12	44.78	45.07333333333333	44.88666666666666	44.64	45.126666666666665	44.906666666666666	44.693333333333335	44.99333333333333	44.766666666666666	44.82666666666667	44.873333333333335	45.08	45.18666666666667	44.653333333333336	44.913333333333334	44.72	44.586666666666666	44.86	44.82	45.03333333333333	44.8	44.72	44.92	44.63333333333333	44.473333333333336	44.62	43.88666666666666	42.946666666666665	0.0
0.0	42.82	44.29333333333334	44.46	44.986666666666665	44.946666666666665	44.766666666666666	44.913333333333334	45.04	44.78666666666667	44.913333333333334	44.74666666666667	44.986666666666665	44.946666666666665	45.00666666666667	44.913333333333334	44.82	45.093333333333334	44.946666666666665	44.75333333333333	44.77333333333333	44.95333333333333	44.77333333333333	44.79333333333334	44.96	44.693333333333335	44.846666666666664	44.85333333333333	44.92666666666667	45.00666666666667	44.82	45.04	44.833333333333336	44.766666666666666	44.04666666666667	42.82666666666667	0.0
0.0	42.86666666666667	44.32666666666667	44.76	44.99333333333333	44.9	45.093333333333334	44.99333333333333	45.03333333333333	45.13333333333333	45.04666666666667	44.986666666666665	45.08	44.99333333333333	45.026666666666664	45.0	44.973333333333336	45.13333333333333	45.20666666666666	45.02	45.13333333333333	45.04666666666667	45.13333333333333	45.11333333333334	44.82	45.14666666666667	44.986666666666665	45.11333333333334	45.053333333333335	45.14	44.913333333333334	45.06	45.053333333333335	44.72666666666667	44.766666666666666	42.96666666666667	0.0
0.0	43.53333333333333	44.82	44.99333333333333	45.126666666666665	45.88666666666666	45.666666666666664	45.513333333333335	45.58	45.406666666666666	45.50666666666667	45.64666666666667	45.806666666666665	45.58	45.71333333333333	45.89333333333333	45.84	45.56666666666667	45.446666666666665	45.42666666666667	45.39333333333333	45.39333333333333	45.586666666666666	45.6	45.61333333333334	45.56	45.46666666666667	45.27333333333333	45.49333333333333	45.68	45.42	45.346666666666664	45.24666666666667	45.17333333333333	44.66	43.5	0.0
0.0	43.0	44.24666666666667	44.54	44.64	45.07333333333333	44.79333333333334	45.10666666666667	44.96666666666667	44.89333333333333	45.36666666666667	44.68666666666667	44.913333333333334	45.22	45.013333333333335	45.026666666666664	45.18666666666667	44.873333333333335	45.14666666666667	45.13333333333333	45.166666666666664	45.04	44.88	44.85333333333333	45.18	44.99333333333333	44.85333333333333	45.02	44.693333333333335	45.193333333333335	44.72666666666667	44.833333333333336	44.75333333333333	44.44	44.21333333333333	43.03333333333333	0.0
0.0	42.7	44.473333333333336	44.67333333333333	45.25333333333333	45.38666666666666	44.78666666666667	45.093333333333334	45.04666666666667	45.36	45.28666666666667	45.07333333333333	45.04666666666667	45.16	44.913333333333334	45.03333333333333	45.21333333333333	45.28666666666667	45.086666666666666	45.3	45.00666666666667	44.906666666666666	44.94	45.18	45.08	44.99333333333333	44.92	44.906666666666666	44.77333333333333	44.79333333333334	44.96666666666667	45.00666666666667	44.96666666666667	45.1	44.29333333333334	42.99333333333333	0.0
0.0	43.32	44.64	44.906666666666666	45.126666666666665	45.12	45.2	45.24666666666667	45.13333333333333	45.086666666666666	44.99333333333333	45.193333333333335	45.43333333333333	45.306666666666665	45.08	45.013333333333335	45.44	45.24	45.16	44.88666666666666	45.166666666666664	45.473333333333336	45.36666666666667	45.29333333333334	45.32	45.17333333333333	45.12	45.026666666666664	45.13333333333333	45.10666666666667	45.04666666666667	45.373333333333335	45.086666666666666	45.013333333333335	44.49333333333333	43.25333333333333	0.0
0.0	42.78666666666667	44.35333333333333	44.61333333333334	44.92	45.06	45.04666666666667	45.053333333333335	45.25333333333333	45.28666666666667	45.25333333333333	45.07333333333333	45.1	44.99333333333333	44.95333333333333	45.06666666666667	44.81333333333333	44.94	44.86666666666667	45.04666666666667	44.973333333333336	45.10666666666667	45.28666666666667	45.153333333333336	45.1	45.013333333333335	45.053333333333335	45.00666666666667	44.86666666666667	44.88	45.166666666666664	44.94	45.13333333333333	44.733333333333334	44.68	42.9	0.0
0.0	42.72666666666667	44.373333333333335	44.846666666666664	44.766666666666666	45.03333333333333	45.24666666666667	44.82666666666667	45.03333333333333	44.96666666666667	45.193333333333335	45.0	45.18666666666667	45.14	45.21333333333333	44.96666666666667	45.166666666666664	44.846666666666664	45.08	45.166666666666664	45.153333333333336	45.2	45.32	45.36666666666667	44.99333333333333	44.96666666666667	44.78666666666667	45.22666666666667	44.88666666666666	45.053333333333335	45.07333333333333	44.9	44.986666666666665	44.806666666666665	44.32666666666667	42.79333333333334	0.0
0.0	42.78	44.12	44.92666666666667	44.873333333333335	45.00666666666667	44.946666666666665	44.88666666666666	44.89333333333333	44.76	44.70666666666666	44.79333333333334	44.86666666666667	44.88666666666666	45.126666666666665	44.82666666666667	44.92666666666667	45.026666666666664	45.06666666666667	44.70666666666666	45.04	44.946666666666665	44.86666666666667	45.07333333333333	45.13333333333333	44.986666666666665	45.08	44.95333333333333	44.74	44.79333333333334	44.79333333333334	44.833333333333336	44.77333333333333	44.413333333333334	44.193333333333335	42.72666666666667	0.0
0.0	42.913333333333334	44.56666666666667	44.733333333333334	44.70666666666666	44.68666666666667	44.666666666666664	44.89333333333333	44.553333333333335	44.72	44.76	44.833333333333336	45.013333333333335	44.78666666666667	44.74	44.74	45.093333333333334	44.9	44.99333333333333	44.693333333333335	45.07333333333333	45.13333333333333	44.76	44.88666666666666	45.053333333333335	45.00666666666667	44.86	44.61333333333334	45.25333333333333	44.79333333333334	45.14	44.93333333333333	44.68666666666667	44.5	44.28	42.78	0.0
0.0	42.72	44.24	44.8	44.71333333333333	44.67333333333333	44.82666666666667	44.873333333333335	44.81333333333333	44.653333333333336	44.653333333333336	44.82	44.79333333333334	44.9	44.81333333333333	44.86	44.57333333333333	44.873333333333335	44.733333333333334	44.8	44.806666666666665	44.64	44.62	44.93333333333333	45.0	44.70666666666666	44.906666666666666	44.82	44.76	44.72666666666667	44.526666666666664	44.84	44.9	44.346666666666664	44.08	42.98	0.0
0.0	42.96666666666667	44.58	44.553333333333335	44.99333333333333	45.13333333333333	44.99333333333333	45.266666666666666	45.04666666666667	45.08	44.93333333333333	45.22666666666667	44.88	45.153333333333336	45.446666666666665	45.22666666666667	44.8	45.18	45.24666666666667	45.14666666666667	45.04	44.96	44.96666666666667	44.96666666666667	45.0	45.166666666666664	44.766666666666666	45.16	44.833333333333336	45.00666666666667	45.22666666666667	45.38	45.04	44.7	44.63333333333333	43.22666666666667	0.0
0.0	43.306666666666665	44.693333333333335	45.093333333333334	45.026666666666664	45.04	45.10666666666667	45.18666666666667	45.153333333333336	45.34	45.013333333333335	45.14666666666667	45.3	45.35333333333333	45.43333333333333	45.28666666666667	45.28666666666667	45.42	45.78	45.39333333333333	45.54	45.153333333333336	45.24666666666667	45.42	45.24666666666667	45.70666666666666	45.21333333333333	45.27333333333333	45.2	45.026666666666664	44.96	45.25333333333333	45.02	45.11333333333334	44.77333333333333	43.46	0.0
0.0	43.14666666666667	44.60666666666667	44.593333333333334	44.693333333333335	44.89333333333333	45.24666666666667	45.086666666666666	44.81333333333333	44.81333333333333	44.986666666666665	44.99333333333333	45.14666666666667	45.06666666666667	45.18666666666667	45.126666666666665	45.17333333333333	44.88	44.93333333333333	45.06666666666667	45.32	45.12	45.06666666666667	45.093333333333334	45.16	45.10666666666667	45.22666666666667	45.153333333333336	45.04666666666667	44.96666666666667	44.96666666666667	45.17333333333333	45.153333333333336	44.626666666666665	44.56666666666667	43.04666666666667	0.0
0.0	42.653333333333336	44.22	44.72	44.586666666666666	45.0	44.86	44.94	45.07333333333333	45.18666666666667	44.946666666666665	45.13333333333333	45.22666666666667	44.913333333333334	44.906666666666666	44.986666666666665	44.78666666666667	44.92	44.78	45.026666666666664	45.06	44.98	45.03333333333333	44.89333333333333	44.766666666666666	45.02	44.96	45.166666666666664	44.81333333333333	45.026666666666664	44.92666666666667	45.04	44.86666666666667	44.74	44.766666666666666	43.053333333333335	0.0
0.0	42.946666666666665	44.306666666666665	44.36	44.586666666666666	44.64666666666667	44.78	44.92	44.82	44.666666666666664	45.34	44.96	45.03333333333333	44.96	44.72666666666667	44.96666666666667	45.07333333333333	44.94	44.72	45.086666666666666	44.77333333333333	44.89333333333333	44.8	44.913333333333334	44.77333333333333	45.093333333333334	44.71333333333333	44.986666666666665	44.98	45.04	45.093333333333334	44.79333333333334	44.81333333333333	44.946666666666665	44.306666666666665	42.733333333333334	0.0
0.0	42.75333333333333	44.31333333333333	44.9	44.82666666666667	44.99333333333333	44.92666666666667	44.82	44.913333333333334	44.77333333333333	45.08	44.82	45.093333333333334	45.093333333333334	44.85333333333333	44.986666666666665	44.95333333333333	45.24666666666667	44.986666666666665	44.82666666666667	45.02	45.07333333333333	45.17333333333333	45.31333333333333	45.04666666666667	45.18	44.77333333333333	44.96666666666667	45.20666666666666	45.166666666666664	44.93333333333333	45.193333333333335	45.13333333333333	44.92	44.25333333333333	42.92	0.0
0.0	42.906666666666666	44.306666666666665	44.50666666666667	44.626666666666665	44.96	44.84	44.82	44.906666666666666	44.89333333333333	44.7	44.486666666666665	44.93333333333333	45.12	45.12	44.973333333333336	44.82	45.026666666666664	44.88666666666666	44.64	45.026666666666664	44.946666666666665	45.06666666666667	44.72	44.733333333333334	45.12	44.96	45.31333333333333	44.92666666666667	45.153333333333336	44.986666666666665	45.17333333333333	44.78666666666667	44.74	44.21333333333333	42.86666666666667	0.0
0.0	42.79333333333334	44.553333333333335	44.92	45.12	45.10666666666667	45.406666666666666	45.333333333333336	45.06666666666667	45.27333333333333	45.013333333333335	45.346666666666664	45.2	45.28666666666667	45.26	45.42666666666667	45.49333333333333	45.13333333333333	45.27333333333333	45.4	45.42	45.29333333333334	45.413333333333334	45.68666666666667	45.68	45.38666666666666	45.446666666666665	45.08	45.2	45.29333333333334	45.46666666666667	45.093333333333334	44.9	45.06	44.71333333333333	43.36666666666667	0.0
0.0	42.986666666666665	44.2	44.50666666666667	45.126666666666665	45.04666666666667	44.89333333333333	44.873333333333335	45.026666666666664	45.25333333333333	44.92	45.00666666666667	45.14	45.13333333333333	45.24	45.153333333333336	45.166666666666664	45.13333333333333	44.9	44.81333333333333	44.78666666666667	44.626666666666665	44.70666666666666	45.08	45.16	45.07333333333333	44.473333333333336	44.84	44.61333333333334	44.82	44.63333333333333	44.9	44.8	44.32666666666667	44.18666666666667	42.766666666666666	0.0
0.0	42.82666666666667	43.86	44.666666666666664	44.84	44.68	44.81333333333333	44.99333333333333	44.8	44.846666666666664	44.72	44.9	44.61333333333334	44.78666666666667	44.66	44.78	44.96	44.946666666666665	44.946666666666665	44.986666666666665	45.193333333333335	45.03333333333333	44.93333333333333	44.70666666666666	44.79333333333334	44.98	44.913333333333334	44.86666666666667	44.64666666666667	45.053333333333335	45.126666666666665	45.04	44.693333333333335	44.446666666666665	43.96	42.593333333333334	0.0
0.0	43.35333333333333	44.593333333333334	44.79333333333334	45.233333333333334	45.333333333333336	45.093333333333334	45.02	44.96666666666667	45.11333333333334	45.29333333333334	45.026666666666664	45.36	45.53333333333333	45.4	45.35333333333333	45.373333333333335	45.3	45.2	45.35333333333333	44.92666666666667	44.986666666666665	45.346666666666664	45.12	45.10666666666667	45.026666666666664	45.193333333333335	45.06666666666667	45.21333333333333	45.21333333333333	45.10666666666667	44.96666666666667	44.986666666666665	45.08	44.39333333333333	43.013333333333335	0.0
0.0	43.25333333333333	44.53333333333333	44.61333333333334	44.973333333333336	44.8	44.89333333333333	45.266666666666666	45.06666666666667	44.98	45.14	45.25333333333333	45.02	45.03333333333333	45.053333333333335	45.3	45.166666666666664	45.093333333333334	44.92666666666667	44.833333333333336	45.013333333333335	45.12	45.1	44.99333333333333	44.86	45.11333333333334	45.29333333333334	45.22	44.86	45.053333333333335	44.79333333333334	45.086666666666666	45.06666666666667	44.86666666666667	44.57333333333333	42.72666666666667	0.0
0.0	43.35333333333333	44.586666666666666	44.56	44.79333333333334	44.833333333333336	45.10666666666667	45.06	44.873333333333335	45.08	44.986666666666665	45.21333333333333	45.10666666666667	45.26	45.29333333333334	45.22666666666667	45.13333333333333	45.03333333333333	45.25333333333333	44.89333333333333	45.18	44.946666666666665	45.193333333333335	45.27333333333333	45.013333333333335	45.126666666666665	44.92	45.39333333333333	45.18	45.03333333333333	45.3	44.946666666666665	44.846666666666664	44.913333333333334	44.22666666666667	43.00666666666667	0.0
0.0	42.77333333333333	44.12	44.61333333333334	44.873333333333335	44.693333333333335	44.906666666666666	45.07333333333333	45.08	44.79333333333334	44.74666666666667	44.86	44.45333333333333	44.58	44.61333333333334	44.88	44.72666666666667	44.89333333333333	44.75333333333333	44.74666666666667	44.58	44.64666666666667	44.71333333333333	44.74	44.89333333333333	45.02	45.14	44.88	44.99333333333333	44.86666666666667	44.8	44.626666666666665	44.96	44.70666666666666	44.32666666666667	42.71333333333333	0.0
0.0	42.833333333333336	44.03333333333333	44.50666666666667	44.71333333333333	44.766666666666666	44.82666666666667	44.88	44.98	44.99333333333333	45.24666666666667	44.86666666666667	44.72	45.04666666666667	44.89333333333333	45.04666666666667	45.17333333333333	44.733333333333334	44.95333333333333	44.973333333333336	44.733333333333334	44.906666666666666	44.96	44.95333333333333	44.79333333333334	44.96	44.89333333333333	44.9	45.02	45.013333333333335	44.75333333333333	44.85333333333333	45.086666666666666	44.72666666666667	44.266666666666666	42.94	0.0
0.0	42.86	44.17333333333333	44.75333333333333	44.906666666666666	44.93333333333333	44.99333333333333	44.88666666666666	44.94	45.16	45.013333333333335	45.17333333333333	44.99333333333333	45.0	45.053333333333335	44.68666666666667	44.60666666666667	44.88666666666666	44.78	44.973333333333336	45.04	45.086666666666666	44.873333333333335	44.986666666666665	45.126666666666665	45.00666666666667	45.1	45.04	44.99333333333333	44.81333333333333	44.86666666666667	44.586666666666666	44.733333333333334	44.86	44.266666666666666	42.733333333333334	0.0
0.0	43.24	44.48	44.873333333333335	45.08	45.28	45.126666666666665	44.88	45.00666666666667	44.92666666666667	44.846666666666664	45.14666666666667	44.95333333333333	44.986666666666665	44.653333333333336	44.92666666666667	44.92666666666667	44.92666666666667	44.873333333333335	45.02	44.913333333333334	44.96	44.93333333333333	45.31333333333333	45.17333333333333	45.373333333333335	45.1	45.07333333333333	45.026666666666664	44.913333333333334	44.86666666666667	44.77333333333333	44.9	44.86666666666667	44.266666666666666	42.913333333333334	0.0
0.0	43.153333333333336	44.36	44.76	45.07333333333333	45.11333333333334	45.38	44.92	45.446666666666665	45.22666666666667	44.946666666666665	45.18	45.093333333333334	45.07333333333333	45.00666666666667	45.26	45.10666666666667	45.04	45.06666666666667	45.306666666666665	45.00666666666667	45.373333333333335	45.22	45.18	45.27333333333333	45.17333333333333	45.14	45.266666666666666	44.96	44.92	45.11333333333334	45.2	44.833333333333336	44.84	44.553333333333335	43.07333333333333	0.0
0.0	42.68	44.08	45.04666666666667	45.0	44.96666666666667	44.873333333333335	45.02	44.89333333333333	44.88	44.833333333333336	45.06	44.96666666666667	44.973333333333336	45.07333333333333	45.03333333333333	44.92666666666667	45.06	44.92	44.906666666666666	45.08	44.693333333333335	44.973333333333336	44.733333333333334	44.88	44.946666666666665	44.74	44.98	45.1	45.04	44.9	45.02	45.10666666666667	45.08	44.4	43.0	0.0
0.0	42.766666666666666	44.43333333333333	44.74666666666667	44.973333333333336	44.986666666666665	44.67333333333333	45.053333333333335	45.166666666666664	45.27333333333333	44.85333333333333	44.906666666666666	45.086666666666666	44.99333333333333	44.96666666666667	44.913333333333334	44.93333333333333	45.12	44.78	44.84	44.89333333333333	44.78666666666667	44.733333333333334	44.67333333333333	44.85333333333333	45.093333333333334	45.14	45.13333333333333	44.88666666666666	44.873333333333335	45.02	45.0	44.8	44.71333333333333	44.346666666666664	42.913333333333334	0.0
0.0	42.92666666666667	44.03333333333333	44.553333333333335	44.71333333333333	45.11333333333334	44.92	45.06	45.193333333333335	45.013333333333335	45.053333333333335	44.873333333333335	45.18666666666667	45.10666666666667	44.96666666666667	45.08	44.946666666666665	45.00666666666667	45.11333333333334	45.35333333333333	45.02	45.12	45.10666666666667	44.873333333333335	44.526666666666664	44.833333333333336	44.846666666666664	44.82	44.88666666666666	44.913333333333334	45.06666666666667	44.693333333333335	45.14	44.50666666666667	43.94	42.98	0.0
0.0	42.64	44.21333333333333	44.526666666666664	45.053333333333335	45.1	45.1	45.013333333333335	44.833333333333336	44.973333333333336	44.72666666666667	44.88666666666666	45.1	45.21333333333333	45.00666666666667	45.26	44.94	45.24	45.093333333333334	44.86666666666667	45.086666666666666	45.35333333333333	45.08	45.07333333333333	45.20666666666666	45.06	45.24666666666667	44.946666666666665	44.98	45.013333333333335	45.18666666666667	45.04	44.96666666666667	44.54666666666667	44.38666666666666	42.77333333333333	0.0
0.0	42.74666666666667	44.013333333333335	44.38	44.38	44.56666666666667	44.46	44.5	44.49333333333333	44.50666666666667	44.57333333333333	44.49333333333333	44.50666666666667	44.25333333333333	44.68	44.733333333333334	44.72666666666667	44.48	44.66	44.58	44.63333333333333	44.4	44.70666666666666	44.67333333333333	44.6	44.6	44.7	44.74666666666667	44.64	44.586666666666666	44.49333333333333	44.38	44.32666666666667	44.48	44.11333333333334	42.89333333333333	0.0
0.0	42.96	44.413333333333334	44.89333333333333	45.053333333333335	45.28	45.18	45.39333333333333	45.36666666666667	45.21333333333333	45.166666666666664	45.38666666666666	45.43333333333333	45.66	45.38666666666666	45.21333333333333	45.18	45.28	45.28	45.42666666666667	45.486666666666665	45.14666666666667	45.346666666666664	45.46	45.22	45.54	45.26	45.27333333333333	45.38	45.25333333333333	45.42666666666667	45.413333333333334	45.11333333333334	44.79333333333334	44.67333333333333	43.18666666666667	0.0
0.0	43.07333333333333	44.26	44.48	44.52	45.21333333333333	44.78	44.72666666666667	44.67333333333333	45.04666666666667	44.84	45.026666666666664	45.04666666666667	44.77333333333333	44.946666666666665	44.92	44.93333333333333	45.1	45.14	45.02	44.60666666666667	45.07333333333333	45.11333333333334	44.986666666666665	45.04666666666667	45.20666666666666	45.04	44.92	44.98	44.82666666666667	44.86666666666667	44.68	44.79333333333334	44.66	44.333333333333336	42.68666666666667	0.0
0.0	42.96666666666667	44.58	44.88666666666666	44.99333333333333	45.02	45.08	45.06666666666667	45.21333333333333	45.32	45.11333333333334	44.846666666666664	44.9	45.1	45.08	45.27333333333333	45.13333333333333	45.10666666666667	44.98	45.053333333333335	44.89333333333333	45.31333333333333	45.013333333333335	45.093333333333334	45.086666666666666	45.17333333333333	44.88666666666666	45.29333333333334	45.12	45.08	44.906666666666666	45.233333333333334	44.82666666666667	45.2	44.35333333333333	42.99333333333333	0.0
0.0	42.85333333333333	44.56666666666667	44.946666666666665	44.98	44.99333333333333	44.986666666666665	44.81333333333333	45.20666666666666	45.153333333333336	45.04666666666667	45.03333333333333	44.86	45.093333333333334	45.12	45.50666666666667	45.093333333333334	45.04666666666667	44.88	44.846666666666664	45.22666666666667	44.986666666666665	44.88666666666666	44.72666666666667	45.02	44.7	44.84	44.806666666666665	45.03333333333333	45.10666666666667	44.906666666666666	45.12	44.75333333333333	44.486666666666665	44.193333333333335	43.093333333333334	0.0
0.0	42.66	44.1	44.306666666666665	44.66	45.04	44.95333333333333	44.846666666666664	45.12	45.093333333333334	44.64	44.78666666666667	44.75333333333333	44.92666666666667	44.67333333333333	44.56	45.026666666666664	44.82	44.78	44.82666666666667	45.2	44.74	44.79333333333334	45.10666666666667	45.18	44.906666666666666	44.92	45.053333333333335	44.77333333333333	44.93333333333333	44.89333333333333	44.873333333333335	44.906666666666666	44.733333333333334	44.28	42.81333333333333	0.0
0.0	43.06	44.38666666666666	44.833333333333336	44.92	44.53333333333333	44.913333333333334	44.906666666666666	45.013333333333335	45.17333333333333	45.12	45.28	44.846666666666664	44.72	44.973333333333336	45.02	45.093333333333334	44.88	44.88	44.86666666666667	45.08	45.20666666666666	45.053333333333335	44.873333333333335	44.986666666666665	44.96	45.126666666666665	45.36	44.86	44.96666666666667	44.68666666666667	44.873333333333335	44.72666666666667	44.84	44.093333333333334	42.86666666666667	0.0
0.0	42.78666666666667	44.17333333333333	44.76	44.666666666666664	44.96	44.806666666666665	44.82666666666667	44.88	44.84	44.593333333333334	45.08	44.92	44.8	45.22	44.58	44.93333333333333	45.06	44.74666666666667	44.77333333333333	44.74	44.85333333333333	44.79333333333334	45.166666666666664	44.85333333333333	44.86	44.76	44.626666666666665	45.18	44.9	45.02	45.14666666666667	45.00666666666667	44.81333333333333	44.053333333333335	42.92666666666667	0.0
0.0	42.67333333333333	44.02	44.70666666666666	44.56	44.833333333333336	44.75333333333333	44.846666666666664	44.9	44.82666666666667	44.63333333333333	44.973333333333336	45.02	44.626666666666665	44.72666666666667	45.00666666666667	44.68666666666667	44.92	44.693333333333335	44.833333333333336	44.57333333333333	44.84	44.526666666666664	44.74	44.86	44.446666666666665	44.53333333333333	44.70666666666666	44.64666666666667	44.63333333333333	44.586666666666666	44.95333333333333	44.5	44.553333333333335	44.17333333333333	42.653333333333336	0.0
0.0	42.79333333333334	44.76	44.79333333333334	44.96666666666667	44.92	45.2	45.04	44.62	44.973333333333336	45.16	45.13333333333333	45.27333333333333	45.093333333333334	45.026666666666664	44.86666666666667	45.053333333333335	45.166666666666664	44.84	45.22666666666667	45.346666666666664	44.986666666666665	45.14	45.17333333333333	44.92	45.18666666666667	45.02	44.88666666666666	44.806666666666665	44.873333333333335	45.1	45.17333333333333	45.22	44.766666666666666	44.14	42.846666666666664	0.0
0.0	42.946666666666665	44.373333333333335	44.8	44.96666666666667	45.08	45.14666666666667	45.22666666666667	45.03333333333333	45.053333333333335	44.986666666666665	44.986666666666665	44.67333333333333	44.85333333333333	45.32666666666667	45.17333333333333	45.18666666666667	45.02	45.233333333333334	44.98	45.153333333333336	44.986666666666665	44.906666666666666	44.8	45.28	45.153333333333336	45.25333333333333	45.013333333333335	45.053333333333335	45.07333333333333	45.10666666666667	45.02	45.153333333333336	44.906666666666666	44.48	42.946666666666665	0.0
0.0	42.99333333333333	44.5	44.806666666666665	44.766666666666666	44.973333333333336	45.11333333333334	45.306666666666665	44.92666666666667	45.54666666666667	45.04666666666667	45.093333333333334	45.38666666666666	45.086666666666666	44.89333333333333	44.873333333333335	45.1	45.02	44.96	45.026666666666664	44.88666666666666	44.733333333333334	45.06666666666667	45.126666666666665	45.00666666666667	44.96666666666667	44.96666666666667	45.013333333333335	44.86666666666667	44.986666666666665	45.28	45.38	45.06666666666667	44.74	44.26	43.06	0.0
0.0	43.093333333333334	44.553333333333335	44.526666666666664	44.74	44.82666666666667	44.82666666666667	44.96	45.00666666666667	44.99333333333333	44.88	44.806666666666665	44.92666666666667	44.74666666666667	44.61333333333334	44.946666666666665	44.98	44.9	44.94	44.88666666666666	44.89333333333333	44.833333333333336	44.86666666666667	44.85333333333333	44.88666666666666	44.9	44.92	44.54666666666667	44.67333333333333	44.88	44.56666666666667	44.86666666666667	44.593333333333334	44.49333333333333	44.16	42.906666666666666	0.0
0.0	42.92666666666667	44.46666666666667	45.06666666666667	45.10666666666667	45.013333333333335	45.31333333333333	45.053333333333335	45.473333333333336	45.586666666666666	45.17333333333333	45.10666666666667	45.18	45.18	45.28	45.36666666666667	45.45333333333333	45.153333333333336	44.99333333333333	45.24666666666667	45.38	45.36	44.873333333333335	45.20666666666666	45.446666666666665	45.43333333333333	45.093333333333334	45.12	45.193333333333335	45.16	44.81333333333333	45.00666666666667	45.03333333333333	44.8	44.486666666666665	42.986666666666665	0.0
0.0	42.913333333333334	44.266666666666666	44.68	45.13333333333333	45.04	44.973333333333336	44.70666666666666	44.806666666666665	45.0	44.84	45.093333333333334	44.78	44.96	45.1	45.586666666666666	45.1	44.88	44.86	44.586666666666666	44.92	45.166666666666664	44.96666666666667	45.03333333333333	45.00666666666667	44.973333333333336	44.95333333333333	44.88	44.82666666666667	45.04	45.02	45.20666666666666	45.233333333333334	44.973333333333336	44.32	42.8	0.0
0.0	42.8	44.3	44.75333333333333	44.99333333333333	45.18666666666667	45.02	45.14	44.82	44.79333333333334	45.166666666666664	44.906666666666666	44.93333333333333	45.026666666666664	44.74666666666667	44.74	44.75333333333333	44.78	44.693333333333335	44.873333333333335	44.71333333333333	44.79333333333334	45.13333333333333	44.95333333333333	44.92666666666667	44.98	45.06666666666667	44.806666666666665	44.973333333333336	44.846666666666664	45.193333333333335	44.88666666666666	44.946666666666665	44.99333333333333	44.18666666666667	43.04	0.0
0.0	42.36	43.61333333333334	44.31333333333333	44.4	44.79333333333334	44.49333333333333	44.72666666666667	44.72	44.61333333333334	44.63333333333333	44.54	44.75333333333333	44.64666666666667	44.67333333333333	44.873333333333335	44.63333333333333	44.586666666666666	44.46666666666667	44.66	44.9	44.9	44.75333333333333	44.986666666666665	45.10666666666667	44.9	44.84	44.526666666666664	44.72666666666667	44.72666666666667	44.513333333333335	44.81333333333333	44.38	44.406666666666666	44.02	42.79333333333334	0.0
0.0	42.913333333333334	44.16	44.98	44.733333333333334	45.0	45.21333333333333	44.89333333333333	44.96666666666667	45.18	44.986666666666665	45.21333333333333	44.81333333333333	44.64	45.14666666666667	44.76	44.93333333333333	45.17333333333333	45.1	45.22666666666667	45.1	45.06666666666667	45.013333333333335	44.93333333333333	44.906666666666666	45.06	45.12	45.14666666666667	45.03333333333333	44.593333333333334	44.72	44.74666666666667	44.6	44.49333333333333	44.333333333333336	42.88	0.0
0.0	43.13333333333333	44.42	44.98	45.06	45.0	45.1	44.986666666666665	45.193333333333335	45.42	45.406666666666666	45.54	45.333333333333336	45.27333333333333	45.11333333333334	45.20666666666666	45.086666666666666	45.3	45.26	45.26	45.21333333333333	45.346666666666664	45.16	45.406666666666666	45.21333333333333	44.806666666666665	45.62	45.29333333333334	45.306666666666665	45.166666666666664	45.27333333333333	45.36	45.26	44.88666666666666	44.46666666666667	43.22	0.0
0.0	42.766666666666666	44.126666666666665	44.486666666666665	44.85333333333333	44.666666666666664	45.18666666666667	44.77333333333333	44.9	44.75333333333333	44.913333333333334	44.88666666666666	44.86666666666667	44.68666666666667	44.89333333333333	44.61333333333334	44.85333333333333	45.04	44.873333333333335	44.60666666666667	44.85333333333333	44.70666666666666	44.58	44.79333333333334	44.82	45.0	44.66	44.733333333333334	44.9	44.92666666666667	44.85333333333333	44.986666666666665	44.766666666666666	44.56	44.04	42.72	0.0
0.0	43.03333333333333	44.1	44.49333333333333	44.49333333333333	44.54	44.873333333333335	44.86666666666667	44.98	44.84	45.28	44.96666666666667	45.093333333333334	44.913333333333334	45.04666666666667	44.92	45.10666666666667	44.85333333333333	44.82	44.973333333333336	44.806666666666665	44.7	44.52	44.77333333333333	44.74	44.986666666666665	44.873333333333335	44.873333333333335	44.95333333333333	44.82	44.846666666666664	44.86	44.93333333333333	44.85333333333333	44.166666666666664	42.74666666666667	0.0
0.0	43.04	44.586666666666666	44.42	44.79333333333334	44.74	44.86	45.06	44.88666666666666	45.27333333333333	45.22	44.766666666666666	44.92	45.24	45.06	44.873333333333335	44.626666666666665	45.04	44.92	45.013333333333335	45.126666666666665	45.06	44.78666666666667	45.10666666666667	45.32666666666667	45.31333333333333	44.99333333333333	44.95333333333333	44.766666666666666	44.653333333333336	44.8	45.14	44.78666666666667	44.50666666666667	44.43333333333333	42.84	0.0
0.0	42.86666666666667	44.266666666666666	44.57333333333333	44.48	44.766666666666666	44.75333333333333	44.76	44.846666666666664	45.026666666666664	44.95333333333333	44.92666666666667	44.626666666666665	44.86	44.68	44.93333333333333	44.7	44.89333333333333	44.72	44.75333333333333	45.06666666666667	44.86	44.733333333333334	44.693333333333335	44.78666666666667	45.04	44.88666666666666	44.906666666666666	44.96	45.02	44.986666666666665	44.766666666666666	44.66	44.74666666666667	44.34	43.12	0.0
0.0	42.78	44.67333333333333	44.72	44.85333333333333	45.04	44.96666666666667	45.053333333333335	44.74	45.153333333333336	45.233333333333334	45.14666666666667	45.11333333333334	45.39333333333333	45.1	44.86	45.04	45.06666666666667	45.24	45.22666666666667	45.126666666666665	45.20666666666666	45.10666666666667	44.906666666666666	45.126666666666665	45.12	44.92666666666667	45.32	44.806666666666665	44.96	45.14666666666667	45.28	45.14	44.94	44.38	43.02	0.0
0.0	42.72	44.086666666666666	44.8	45.06	44.946666666666665	44.64	44.9	44.733333333333334	45.306666666666665	45.266666666666666	45.27333333333333	44.72	45.14666666666667	45.21333333333333	45.18666666666667	45.06	44.84	44.88666666666666	45.0	45.093333333333334	44.74	45.02	45.093333333333334	44.88	44.946666666666665	45.17333333333333	45.17333333333333	45.07333333333333	45.07333333333333	45.1	44.846666666666664	45.0	44.626666666666665	44.31333333333333	42.72	0.0
0.0	42.766666666666666	44.46666666666667	44.44	44.906666666666666	44.82666666666667	44.82666666666667	44.96666666666667	44.9	44.85333333333333	44.693333333333335	44.88666666666666	45.00666666666667	44.88	44.93333333333333	44.88	45.14666666666667	45.166666666666664	44.833333333333336	44.766666666666666	44.92666666666667	45.053333333333335	44.81333333333333	44.81333333333333	44.86	44.92	44.94	44.92666666666667	45.06	44.72666666666667	44.92	45.06666666666667	44.7	44.586666666666666	44.3	42.833333333333336	0.0
0.0	43.13333333333333	44.58	44.96	44.89333333333333	45.306666666666665	45.02	45.03333333333333	44.82666666666667	45.13333333333333	45.053333333333335	44.986666666666665	44.99333333333333	45.16	45.373333333333335	45.53333333333333	45.06	45.4	45.486666666666665	45.38666666666666	45.53333333333333	44.92666666666667	45.22	45.24	45.16	45.17333333333333	45.0	45.36666666666667	45.26	45.153333333333336	45.06666666666667	45.07333333333333	44.94	44.733333333333334	44.54	42.906666666666666	0.0
0.0	42.913333333333334	44.32666666666667	44.54	44.98	44.906666666666666	44.973333333333336	45.00666666666667	44.88	44.693333333333335	44.81333333333333	45.03333333333333	44.8	44.906666666666666	44.806666666666665	45.18666666666667	44.67333333333333	44.86	44.62	44.486666666666665	44.96	44.98	45.0	44.84	45.026666666666664	44.84	44.72	44.82666666666667	45.11333333333334	44.82	45.166666666666664	44.57333333333333	44.54666666666667	44.79333333333334	44.406666666666666	43.086666666666666	0.0
0.0	42.71333333333333	43.973333333333336	44.46666666666667	44.6	45.03333333333333	45.12	44.833333333333336	45.013333333333335	45.25333333333333	45.22	45.22666666666667	44.94	44.96	44.78666666666667	44.77333333333333	44.79333333333334	44.88	44.873333333333335	45.06666666666667	45.07333333333333	44.89333333333333	44.61333333333334	44.81333333333333	44.77333333333333	44.74666666666667	45.14	44.79333333333334	44.833333333333336	44.93333333333333	44.61333333333334	44.99333333333333	44.666666666666664	44.586666666666666	44.04	42.52	0.0
0.0	42.71333333333333	43.96666666666667	44.46	44.526666666666664	44.9	44.986666666666665	44.96	44.653333333333336	44.67333333333333	44.626666666666665	44.946666666666665	44.93333333333333	44.92	44.653333333333336	45.026666666666664	44.7	44.973333333333336	45.2	45.14666666666667	45.02	44.79333333333334	45.08	44.94	44.76	44.833333333333336	44.98	44.733333333333334	44.72	44.98	44.766666666666666	44.72	44.806666666666665	44.44	43.8	42.486666666666665	0.0
0.0	42.54666666666667	44.526666666666664	44.78	44.86666666666667	44.89333333333333	45.0	44.86666666666667	44.79333333333334	44.86666666666667	45.02	44.79333333333334	44.96666666666667	44.6	44.89333333333333	44.82666666666667	44.84	44.913333333333334	44.86666666666667	44.92666666666667	44.85333333333333	45.086666666666666	45.17333333333333	44.95333333333333	44.913333333333334	44.71333333333333	44.49333333333333	44.84	44.93333333333333	44.85333333333333	44.78666666666667	45.06666666666667	44.873333333333335	44.473333333333336	43.99333333333333	42.85333333333333	0.0
0.0	42.406666666666666	43.873333333333335	44.233333333333334	44.56	44.79333333333334	44.733333333333334	44.7	44.526666666666664	44.61333333333334	44.79333333333334	44.61333333333334	44.39333333333333	44.32	44.46666666666667	44.413333333333334	44.42666666666667	44.68666666666667	44.906666666666666	44.61333333333334	44.74	44.626666666666665	44.513333333333335	44.806666666666665	44.45333333333333	44.473333333333336	44.373333333333335	44.526666666666664	44.373333333333335	44.833333333333336	44.72	44.72	44.46666666666667	44.446666666666665	44.02	42.43333333333333	0.0
0.0	42.373333333333335	43.82	44.54	44.61333333333334	44.66	44.586666666666666	44.96666666666667	44.86666666666667	45.126666666666665	44.70666666666666	44.61333333333334	44.58	44.78	44.593333333333334	44.57333333333333	44.64	44.766666666666666	44.846666666666664	44.74666666666667	44.61333333333334	44.526666666666664	44.52	44.63333333333333	44.53333333333333	44.986666666666665	44.873333333333335	44.72666666666667	44.4	44.733333333333334	44.60666666666667	44.473333333333336	44.45333333333333	44.166666666666664	44.06666666666667	42.766666666666666	0.0
0.0	42.78	43.986666666666665	44.68	44.626666666666665	44.526666666666664	44.733333333333334	44.72	44.75333333333333	44.86666666666667	45.04	44.6	44.71333333333333	45.04666666666667	44.82	45.14	44.986666666666665	44.81333333333333	44.806666666666665	44.72	44.93333333333333	44.666666666666664	44.86666666666667	44.64666666666667	44.66	44.86666666666667	44.63333333333333	44.74	44.82666666666667	44.986666666666665	44.77333333333333	44.9	44.34	44.38	44.36	42.82	0.0
0.0	42.8	44.00666666666667	44.27333333333333	44.82666666666667	44.77333333333333	44.56	44.766666666666666	44.913333333333334	44.95333333333333	44.84	44.74	44.57333333333333	44.93333333333333	44.84	44.986666666666665	44.79333333333334	45.00666666666667	44.56666666666667	44.89333333333333	45.026666666666664	44.46666666666667	44.666666666666664	44.75333333333333	44.82	44.873333333333335	44.873333333333335	44.88666666666666	44.9	45.08	44.693333333333335	45.17333333333333	44.77333333333333	44.666666666666664	43.99333333333333	42.626666666666665	0.0
0.0	42.66	43.913333333333334	44.42	44.36666666666667	44.766666666666666	44.653333333333336	44.60666666666667	44.38	44.88666666666666	44.833333333333336	44.72666666666667	44.21333333333333	44.62	44.57333333333333	44.733333333333334	44.58	44.593333333333334	44.53333333333333	44.86666666666667	44.7	44.88666666666666	44.806666666666665	44.52	44.62	44.6	44.50666666666667	44.74666666666667	44.76	44.626666666666665	44.72666666666667	44.50666666666667	44.513333333333335	44.43333333333333	43.92	42.586666666666666	0.0
0.0	43.193333333333335	44.20666666666666	44.84	44.88666666666666	44.57333333333333	44.8	44.733333333333334	44.77333333333333	44.82	44.86	44.84	44.48	44.74	45.03333333333333	44.873333333333335	45.166666666666664	45.16	44.67333333333333	44.9	44.81333333333333	44.64666666666667	44.43333333333333	44.76	44.9	45.00666666666667	44.86	44.70666666666666	44.81333333333333	44.973333333333336	44.81333333333333	44.693333333333335	44.806666666666665	44.486666666666665	44.333333333333336	43.03333333333333	0.0
0.0	42.93333333333333	44.43333333333333	44.806666666666665	44.86	44.82	45.193333333333335	44.92666666666667	45.14666666666667	44.94	45.026666666666664	44.74666666666667	45.153333333333336	45.32666666666667	45.0	45.086666666666666	45.193333333333335	45.026666666666664	45.29333333333334	45.27333333333333	44.85333333333333	44.913333333333334	44.96666666666667	45.07333333333333	45.14	44.95333333333333	44.95333333333333	44.766666666666666	45.126666666666665	44.85333333333333	44.833333333333336	44.74666666666667	44.846666666666664	44.61333333333334	44.086666666666666	43.086666666666666	0.0
0.0	42.766666666666666	44.38	44.77333333333333	44.77333333333333	44.593333333333334	44.88	44.806666666666665	44.92666666666667	45.14666666666667	45.126666666666665	44.77333333333333	45.16	44.88666666666666	45.1	44.72	44.78	45.093333333333334	45.053333333333335	44.81333333333333	45.126666666666665	44.88	45.04	44.96	45.233333333333334	45.06666666666667	44.873333333333335	44.873333333333335	45.00666666666667	44.8	44.986666666666665	44.873333333333335	45.1	44.96666666666667	44.28666666666667	43.22666666666667	0.0
0.0	42.906666666666666	44.2	44.82666666666667	44.806666666666665	45.07333333333333	45.24	44.766666666666666	45.14	45.086666666666666	45.38	45.46	45.193333333333335	44.89333333333333	45.21333333333333	44.973333333333336	45.32	45.153333333333336	45.2	45.56666666666667	45.21333333333333	44.946666666666665	44.873333333333335	45.08	44.94	45.22666666666667	45.11333333333334	45.086666666666666	45.093333333333334	45.22666666666667	45.00666666666667	44.79333333333334	44.906666666666666	44.873333333333335	44.49333333333333	43.266666666666666	0.0
0.0	42.693333333333335	44.22	44.25333333333333	44.24	44.43333333333333	44.67333333333333	44.88	44.92	44.586666666666666	44.806666666666665	44.94	44.85333333333333	44.406666666666666	44.95333333333333	44.72666666666667	44.70666666666666	44.72666666666667	44.873333333333335	44.63333333333333	44.48	44.50666666666667	44.63333333333333	44.49333333333333	44.74	44.63333333333333	44.586666666666666	44.39333333333333	44.473333333333336	44.42	44.57333333333333	44.60666666666667	44.63333333333333	44.593333333333334	43.973333333333336	42.53333333333333	0.0
0.0	42.82	44.4	44.71333333333333	44.88	45.28666666666667	45.10666666666667	45.13333333333333	44.86	44.92	45.1	45.11333333333334	45.0	45.13333333333333	44.96	45.14666666666667	45.22	45.13333333333333	45.06	45.24666666666667	45.57333333333333	45.306666666666665	45.08	44.75333333333333	44.846666666666664	45.07333333333333	44.82	45.06666666666667	45.06666666666667	45.06	45.02	44.946666666666665	44.626666666666665	44.72	44.34	42.92666666666667	0.0
0.0	43.00666666666667	44.24	44.38666666666666	44.67333333333333	44.72	44.75333333333333	44.78666666666667	45.04666666666667	45.06	45.02	45.0	45.13333333333333	45.04	45.026666666666664	44.9	44.92666666666667	45.17333333333333	44.99333333333333	44.986666666666665	44.986666666666665	45.06	44.846666666666664	44.986666666666665	45.166666666666664	45.06	44.833333333333336	44.72666666666667	44.70666666666666	44.93333333333333	44.733333333333334	44.66	44.92	44.79333333333334	44.10666666666667	42.61333333333334	0.0
0.0	42.946666666666665	44.07333333333333	44.86666666666667	44.66	44.846666666666664	44.85333333333333	44.54666666666667	44.85333333333333	45.053333333333335	44.873333333333335	44.93333333333333	44.846666666666664	44.96	44.92	44.973333333333336	44.626666666666665	44.72	44.873333333333335	44.626666666666665	44.833333333333336	44.873333333333335	44.94	44.79333333333334	44.906666666666666	44.833333333333336	44.84	44.906666666666666	44.6	44.626666666666665	45.02	44.68666666666667	44.653333333333336	44.48	44.233333333333334	42.88	0.0
0.0	42.973333333333336	44.24	44.77333333333333	44.846666666666664	45.086666666666666	45.02	44.873333333333335	45.06	44.9	44.92666666666667	45.11333333333334	45.28	45.20666666666666	45.07333333333333	45.07333333333333	45.27333333333333	44.95333333333333	45.0	45.26	45.11333333333334	45.00666666666667	44.79333333333334	44.72666666666667	45.193333333333335	45.42	45.04666666666667	45.22666666666667	44.973333333333336	45.38666666666666	45.166666666666664	44.89333333333333	44.68666666666667	44.56666666666667	44.29333333333334	42.77333333333333	0.0
0.0	42.946666666666665	44.04	44.63333333333333	44.446666666666665	44.89333333333333	44.6	44.913333333333334	44.71333333333333	44.8	44.71333333333333	44.53333333333333	44.77333333333333	45.086666666666666	44.92666666666667	44.86	44.74666666666667	44.846666666666664	44.76	44.72	44.513333333333335	44.64666666666667	44.79333333333334	44.66	44.70666666666666	44.9	44.67333333333333	44.66	44.666666666666664	44.74	44.94	44.81333333333333	44.766666666666666	44.513333333333335	44.04666666666667	42.84	0.0
0.0	43.126666666666665	44.54	44.68666666666667	44.95333333333333	44.74	44.75333333333333	44.78	45.053333333333335	44.89333333333333	44.806666666666665	44.70666666666666	45.10666666666667	44.986666666666665	45.08	44.70666666666666	44.82	44.846666666666664	44.653333333333336	45.053333333333335	44.82666666666667	45.08	44.92666666666667	45.04	44.593333333333334	45.0	45.00666666666667	45.20666666666666	45.166666666666664	44.99333333333333	45.126666666666665	44.906666666666666	45.153333333333336	44.88666666666666	44.193333333333335	42.946666666666665	0.0
0.0	42.88	44.29333333333334	44.74666666666667	44.99333333333333	44.66	44.913333333333334	44.75333333333333	45.07333333333333	44.94	45.053333333333335	44.8	44.94	44.84	44.96666666666667	45.03333333333333	44.913333333333334	44.6	44.78	44.873333333333335	45.12	45.086666666666666	45.32666666666667	45.17333333333333	45.1	45.02	44.96666666666667	45.02	45.04	44.96666666666667	45.06666666666667	44.79333333333334	44.66	44.8	43.88666666666666	42.986666666666665	0.0
0.0	42.94	43.92666666666667	44.846666666666664	44.93333333333333	45.03333333333333	45.166666666666664	44.98	45.126666666666665	44.973333333333336	44.973333333333336	44.82666666666667	44.99333333333333	45.12	45.03333333333333	45.04	44.88666666666666	45.06	45.04666666666667	45.03333333333333	45.24666666666667	45.34	44.96666666666667	44.99333333333333	45.00666666666667	44.99333333333333	45.1	45.28666666666667	45.166666666666664	45.346666666666664	44.82666666666667	45.053333333333335	44.94	44.8	44.6	42.9	0.0
0.0	43.07333333333333	44.373333333333335	44.86666666666667	44.74666666666667	45.00666666666667	44.9	45.086666666666666	44.7	44.413333333333334	44.693333333333335	44.99333333333333	44.8	44.7	44.593333333333334	44.81333333333333	44.78666666666667	44.85333333333333	44.68	44.71333333333333	44.906666666666666	44.71333333333333	44.4	44.75333333333333	45.126666666666665	44.85333333333333	44.71333333333333	44.68	44.86	44.60666666666667	44.71333333333333	44.72	44.593333333333334	44.693333333333335	44.20666666666666	42.74	0.0
0.0	42.89333333333333	44.153333333333336	44.54666666666667	44.64	44.986666666666665	44.846666666666664	44.72666666666667	44.946666666666665	44.76	44.93333333333333	45.1	44.67333333333333	44.66	44.89333333333333	44.82666666666667	44.806666666666665	44.89333333333333	44.63333333333333	44.553333333333335	44.70666666666666	44.96666666666667	44.74	45.053333333333335	44.82666666666667	44.98	44.95333333333333	44.54	44.74	44.8	44.906666666666666	44.6	44.68	44.42666666666667	44.10666666666667	42.806666666666665	0.0
0.0	43.25333333333333	44.63333333333333	45.08	45.16	45.25333333333333	45.14666666666667	44.873333333333335	45.06666666666667	45.42	45.153333333333336	45.13333333333333	44.88666666666666	45.053333333333335	45.18	45.026666666666664	45.513333333333335	45.02	45.20666666666666	45.14666666666667	45.13333333333333	45.35333333333333	45.153333333333336	45.053333333333335	45.42	45.12	45.24666666666667	45.373333333333335	45.18666666666667	44.86	45.06	44.88666666666666	44.75333333333333	44.9	44.68	43.31333333333333	0.0
0.0	43.0	44.27333333333333	45.00666666666667	45.093333333333334	45.02	44.96	45.06666666666667	44.9	44.873333333333335	45.24666666666667	45.126666666666665	44.78666666666667	44.9	45.22666666666667	45.26	45.10666666666667	45.093333333333334	44.88	44.986666666666665	44.906666666666666	45.14666666666667	45.013333333333335	45.02	45.266666666666666	45.06	45.24	45.18	45.06	45.07333333333333	45.14666666666667	44.99333333333333	44.74	44.733333333333334	44.2	42.99333333333333	0.0
0.0	42.72666666666667	44.43333333333333	44.99333333333333	45.06	44.68666666666667	45.0	45.00666666666667	45.24666666666667	45.08	45.013333333333335	45.306666666666665	44.99333333333333	45.11333333333334	45.06666666666667	45.13333333333333	44.86666666666667	45.04666666666667	44.99333333333333	45.07333333333333	45.06	45.16	44.88666666666666	45.086666666666666	45.093333333333334	45.153333333333336	44.96	44.906666666666666	44.973333333333336	44.833333333333336	45.1	44.846666666666664	44.74	44.71333333333333	44.12	42.99333333333333	0.0
0.0	42.693333333333335	44.3	44.82	44.7	44.68	44.79333333333334	44.74666666666667	45.013333333333335	45.28	45.04666666666667	44.8	45.02	45.086666666666666	44.78	44.833333333333336	44.94	44.96666666666667	44.96666666666667	44.653333333333336	45.06666666666667	44.95333333333333	44.986666666666665	45.02	45.04	44.85333333333333	44.81333333333333	45.06	44.88666666666666	45.16	45.07333333333333	44.833333333333336	44.96	44.52	44.29333333333334	42.94	0.0
0.0	42.82666666666667	44.36666666666667	44.98	44.666666666666664	45.2	44.946666666666665	45.126666666666665	45.04666666666667	45.086666666666666	44.92666666666667	44.973333333333336	45.21333333333333	45.00666666666667	45.21333333333333	45.373333333333335	44.973333333333336	45.02	45.013333333333335	45.026666666666664	44.86	45.03333333333333	45.06666666666667	44.77333333333333	44.86	45.03333333333333	44.88666666666666	45.11333333333334	44.84	44.72666666666667	45.04666666666667	45.07333333333333	44.82666666666667	44.68	44.266666666666666	42.92	0.0
0.0	42.76	44.1	44.233333333333334	44.42666666666667	44.63333333333333	44.79333333333334	44.64	45.06666666666667	44.906666666666666	44.50666666666667	44.34	44.61333333333334	44.82666666666667	45.07333333333333	45.02	45.00666666666667	44.653333333333336	44.806666666666665	44.8	44.64666666666667	44.74666666666667	44.74666666666667	44.70666666666666	44.846666666666664	44.68	44.5	44.74	44.84	45.04666666666667	44.693333333333335	44.53333333333333	44.8	44.54	44.3	42.946666666666665	0.0
0.0	42.81333333333333	44.06	44.68666666666667	44.99333333333333	45.04	44.846666666666664	44.70666666666666	44.833333333333336	44.72	44.54	44.7	44.78666666666667	45.11333333333334	45.04666666666667	45.06666666666667	44.86666666666667	44.99333333333333	44.96	44.92666666666667	45.04666666666667	45.00666666666667	44.77333333333333	44.64	45.18	44.9	45.03333333333333	45.026666666666664	45.166666666666664	45.04666666666667	45.24666666666667	44.96	45.14666666666667	44.74666666666667	44.35333333333333	43.12	0.0
0.0	43.013333333333335	44.42	44.82666666666667	44.67333333333333	45.093333333333334	45.306666666666665	45.04	44.86	45.00666666666667	45.35333333333333	45.126666666666665	45.28	45.00666666666667	45.266666666666666	45.04666666666667	45.17333333333333	45.11333333333334	45.306666666666665	45.166666666666664	45.06666666666667	45.35333333333333	45.42666666666667	45.086666666666666	45.0	45.18666666666667	45.25333333333333	45.20666666666666	45.14666666666667	45.31333333333333	44.86666666666667	45.18	45.153333333333336	44.92666666666667	44.53333333333333	43.2	0.0
0.0	42.84	44.266666666666666	44.513333333333335	44.93333333333333	44.72	44.92	45.14	45.12	44.873333333333335	44.86	45.08	44.666666666666664	44.86666666666667	44.99333333333333	44.873333333333335	45.473333333333336	45.333333333333336	45.086666666666666	45.053333333333335	44.92666666666667	44.78666666666667	45.0	45.346666666666664	44.973333333333336	45.06	45.34	45.2	44.96666666666667	45.07333333333333	45.04	44.68666666666667	44.593333333333334	44.333333333333336	44.29333333333334	42.78666666666667	0.0
0.0	42.62	44.35333333333333	44.346666666666664	44.766666666666666	44.64	44.60666666666667	44.666666666666664	44.873333333333335	44.8	44.56	44.946666666666665	44.67333333333333	44.74666666666667	44.78666666666667	44.82666666666667	44.88666666666666	44.67333333333333	44.733333333333334	44.63333333333333	44.7	44.86666666666667	44.68	45.02	45.013333333333335	44.72666666666667	44.74666666666667	44.74	44.61333333333334	44.54	45.266666666666666	44.82666666666667	44.82666666666667	44.67333333333333	44.31333333333333	42.806666666666665	0.0
0.0	42.71333333333333	43.98	44.42	44.75333333333333	44.873333333333335	44.986666666666665	44.96666666666667	45.07333333333333	45.08	44.75333333333333	44.99333333333333	45.16	44.98	45.153333333333336	45.04	44.86666666666667	45.126666666666665	45.04666666666667	44.946666666666665	45.013333333333335	44.92	45.07333333333333	44.71333333333333	44.946666666666665	45.166666666666664	45.12	45.06666666666667	45.1	44.77333333333333	45.026666666666664	44.93333333333333	45.053333333333335	44.72	44.28666666666667	42.946666666666665	0.0
0.0	42.89333333333333	44.07333333333333	44.64666666666667	44.79333333333334	44.72666666666667	45.46666666666667	44.82	44.79333333333334	44.96	45.11333333333334	45.18666666666667	45.39333333333333	45.08	45.10666666666667	45.24666666666667	45.11333333333334	44.99333333333333	44.78666666666667	44.88	44.846666666666664	45.086666666666666	44.96666666666667	45.07333333333333	45.026666666666664	44.766666666666666	44.98	45.06	45.06666666666667	44.99333333333333	45.07333333333333	45.013333333333335	44.64666666666667	44.85333333333333	44.44	42.88	0.0
0.0	42.873333333333335	44.166666666666664	44.6	44.693333333333335	44.74	44.806666666666665	44.82666666666667	45.14666666666667	45.06	44.94	44.593333333333334	44.72666666666667	44.77333333333333	44.54	44.68666666666667	44.85333333333333	45.06	44.653333333333336	44.43333333333333	44.653333333333336	44.733333333333334	44.593333333333334	44.586666666666666	44.6	44.96666666666667	44.86666666666667	44.906666666666666	44.833333333333336	44.64666666666667	44.46	44.78666666666667	44.56	44.513333333333335	43.946666666666665	42.70666666666666	0.0
0.0	43.28	44.22	44.88666666666666	45.013333333333335	44.94	44.85333333333333	45.32	45.20666666666666	45.166666666666664	44.94	45.22666666666667	45.22666666666667	45.03333333333333	45.0	45.053333333333335	44.973333333333336	44.85333333333333	44.86666666666667	45.233333333333334	45.08	44.68	45.32666666666667	45.373333333333335	45.36	45.20666666666666	44.986666666666665	45.266666666666666	45.26	45.28666666666667	45.25333333333333	45.14	44.733333333333334	44.82	44.34	42.8	0.0
0.0	42.84	44.28666666666667	44.75333333333333	44.733333333333334	44.833333333333336	44.70666666666666	44.92	44.67333333333333	44.79333333333334	44.946666666666665	44.92666666666667	44.9	44.99333333333333	44.63333333333333	44.666666666666664	44.68666666666667	44.78	45.086666666666666	44.78666666666667	44.76	44.82666666666667	44.44	44.84	45.026666666666664	45.10666666666667	44.84	44.77333333333333	44.81333333333333	44.92	44.85333333333333	44.86	44.553333333333335	44.56666666666667	44.20666666666666	42.79333333333334	0.0
0.0	42.593333333333334	44.586666666666666	45.18	45.10666666666667	45.21333333333333	45.406666666666666	45.333333333333336	45.24666666666667	45.193333333333335	44.79333333333334	45.10666666666667	45.08	44.96	45.1	45.053333333333335	45.013333333333335	44.913333333333334	44.86666666666667	45.28666666666667	44.95333333333333	45.07333333333333	44.88	45.08	45.126666666666665	45.026666666666664	45.17333333333333	45.06	45.11333333333334	44.986666666666665	44.973333333333336	44.78666666666667	44.666666666666664	44.56	44.29333333333334	43.25333333333333	0.0
0.0	42.56666666666667	43.92	44.5	44.57333333333333	44.89333333333333	44.96666666666667	44.76	44.92	45.06	45.153333333333336	44.75333333333333	44.766666666666666	44.6	44.43333333333333	44.75333333333333	44.52	44.526666666666664	44.67333333333333	44.53333333333333	44.96	44.76	44.766666666666666	44.48	44.906666666666666	44.76	44.81333333333333	45.233333333333334	44.86	44.526666666666664	44.95333333333333	44.693333333333335	44.7	44.38666666666666	44.10666666666667	42.72666666666667	0.0
0.0	42.82	44.24	44.733333333333334	44.70666666666666	44.85333333333333	45.04	45.16	45.10666666666667	44.766666666666666	44.77333333333333	44.906666666666666	45.166666666666664	44.72666666666667	45.14	44.833333333333336	44.946666666666665	45.10666666666667	44.92666666666667	45.053333333333335	45.333333333333336	44.906666666666666	45.02	45.026666666666664	45.18666666666667	45.00666666666667	45.06	45.04	45.46666666666667	45.1	45.013333333333335	44.77333333333333	44.84	44.7	44.24666666666667	42.913333333333334	0.0
0.0	43.026666666666664	44.486666666666665	44.733333333333334	45.093333333333334	45.03333333333333	44.906666666666666	44.70666666666666	44.79333333333334	44.82666666666667	44.94	45.12	45.22	45.053333333333335	45.1	45.00666666666667	45.406666666666666	45.28666666666667	45.42666666666667	45.46666666666667	45.10666666666667	45.10666666666667	45.2	45.166666666666664	45.06	44.99333333333333	45.10666666666667	45.16	44.8	45.10666666666667	44.81333333333333	45.06	44.78666666666667	44.84	44.513333333333335	43.093333333333334	0.0
0.0	43.20666666666666	44.67333333333333	45.093333333333334	45.17333333333333	45.27333333333333	45.46666666666667	45.38	45.653333333333336	45.42666666666667	45.38666666666666	45.593333333333334	45.6	45.68666666666667	45.45333333333333	45.42	45.406666666666666	45.36	45.28	45.57333333333333	45.14666666666667	45.446666666666665	45.346666666666664	45.473333333333336	45.7	45.58	45.346666666666664	45.61333333333334	45.7	45.68666666666667	45.473333333333336	45.56	45.233333333333334	45.13333333333333	44.92	43.266666666666666	0.0
0.0	42.913333333333334	44.32666666666667	44.58	44.93333333333333	44.82666666666667	44.86666666666667	44.77333333333333	44.733333333333334	44.92	45.18	45.013333333333335	45.14666666666667	45.07333333333333	45.086666666666666	45.18	45.07333333333333	44.92	45.22666666666667	45.126666666666665	44.84	44.64666666666667	45.07333333333333	44.973333333333336	45.013333333333335	44.833333333333336	44.913333333333334	45.18	44.95333333333333	44.74	44.62	44.85333333333333	44.49333333333333	44.446666666666665	44.28	42.833333333333336	0.0
0.0	42.846666666666664	44.12	44.27333333333333	44.473333333333336	44.63333333333333	44.61333333333334	44.85333333333333	44.586666666666666	44.61333333333334	44.89333333333333	44.6	44.8	44.77333333333333	44.766666666666666	44.946666666666665	44.74	44.413333333333334	44.56666666666667	44.64	44.913333333333334	44.766666666666666	44.833333333333336	44.553333333333335	44.78	44.7	44.70666666666666	44.5	44.60666666666667	44.70666666666666	45.04	44.78666666666667	44.806666666666665	44.266666666666666	43.94	42.766666666666666	0.0
0.0	42.653333333333336	44.446666666666665	44.92	45.18666666666667	45.06	44.9	45.07333333333333	45.00666666666667	45.17333333333333	45.46666666666667	45.27333333333333	45.54666666666667	45.166666666666664	45.24	45.17333333333333	45.013333333333335	45.013333333333335	45.266666666666666	45.07333333333333	45.26	45.233333333333334	44.833333333333336	45.2	45.053333333333335	45.21333333333333	45.00666666666667	44.93333333333333	45.02	45.13333333333333	45.22	44.96	45.1	44.946666666666665	44.446666666666665	42.92	0.0
0.0	42.62	44.06	44.593333333333334	44.50666666666667	44.88666666666666	45.0	44.94	44.88	45.086666666666666	44.806666666666665	44.70666666666666	44.8	44.89333333333333	44.986666666666665	44.54	45.21333333333333	45.00666666666667	44.99333333333333	44.71333333333333	44.806666666666665	44.81333333333333	44.99333333333333	44.846666666666664	44.9	44.96	45.24	45.00666666666667	45.013333333333335	44.93333333333333	45.28666666666667	45.026666666666664	44.9	44.26	44.26	42.9	0.0
0.0	42.78	44.18	44.653333333333336	44.82	44.75333333333333	44.79333333333334	44.71333333333333	44.586666666666666	44.62	44.86666666666667	44.733333333333334	44.81333333333333	44.9	44.67333333333333	44.84	45.0	44.86666666666667	44.81333333333333	44.82	45.026666666666664	45.06666666666667	44.75333333333333	44.913333333333334	44.946666666666665	44.8	45.086666666666666	45.306666666666665	44.946666666666665	44.74	45.02	44.78	44.333333333333336	44.593333333333334	44.04666666666667	42.75333333333333	0.0
0.0	42.74666666666667	44.22666666666667	44.54	44.86666666666667	44.74666666666667	44.693333333333335	44.78	44.6	44.78666666666667	44.99333333333333	44.8	44.72	44.913333333333334	45.17333333333333	44.86	44.806666666666665	44.92666666666667	44.78	44.64	45.07333333333333	44.85333333333333	44.86666666666667	44.7	44.92666666666667	44.8	44.72	44.86	44.82	45.13333333333333	44.9	45.00666666666667	44.973333333333336	44.86	44.02	43.00666666666667	0.0
0.0	42.96	44.32	44.946666666666665	44.986666666666665	44.96666666666667	45.22	45.333333333333336	45.24	45.31333333333333	45.013333333333335	44.96	44.89333333333333	45.14	45.14	45.126666666666665	45.14666666666667	45.04666666666667	45.2	45.053333333333335	45.46	45.13333333333333	45.04	44.93333333333333	44.96666666666667	45.053333333333335	45.24	45.093333333333334	45.00666666666667	45.153333333333336	45.26	44.89333333333333	44.74	44.766666666666666	44.56	42.79333333333334	0.0
0.0	42.626666666666665	44.473333333333336	44.586666666666666	44.78666666666667	44.986666666666665	45.0	44.99333333333333	44.82666666666667	45.25333333333333	44.95333333333333	45.25333333333333	45.14	44.95333333333333	45.053333333333335	44.98	44.96	45.07333333333333	45.013333333333335	45.06666666666667	45.44	45.14	45.04666666666667	44.95333333333333	44.77333333333333	45.14666666666667	45.10666666666667	45.10666666666667	45.193333333333335	45.20666666666666	45.06666666666667	44.93333333333333	44.92	45.26	44.26	43.0	0.0
0.0	42.74666666666667	44.24666666666667	44.846666666666664	45.093333333333334	44.86666666666667	45.49333333333333	45.3	45.08	45.153333333333336	45.026666666666664	45.1	44.74	45.11333333333334	45.16	44.74666666666667	45.21333333333333	45.14	44.76	45.28	44.986666666666665	45.06	44.88	45.04666666666667	44.86666666666667	44.92	44.88	44.6	45.266666666666666	44.86666666666667	44.78666666666667	44.94	44.64666666666667	44.54	44.28666666666667	43.04	0.0
0.0	42.75333333333333	44.06666666666667	44.75333333333333	44.666666666666664	44.74	44.72666666666667	44.72666666666667	44.89333333333333	44.68	44.86666666666667	44.67333333333333	45.14	44.81333333333333	44.85333333333333	44.806666666666665	44.6	44.67333333333333	44.666666666666664	44.76	44.593333333333334	44.77333333333333	44.8	44.82666666666667	44.92	44.81333333333333	44.61333333333334	44.82666666666667	44.89333333333333	44.906666666666666	45.24	44.71333333333333	44.626666666666665	44.68	44.04666666666667	42.88666666666666	0.0
0.0	42.95333333333333	44.32	44.693333333333335	44.84	44.96666666666667	45.126666666666665	45.08	45.24	44.75333333333333	44.86666666666667	44.89333333333333	45.04	44.906666666666666	45.306666666666665	45.333333333333336	45.24666666666667	45.46	45.42666666666667	45.4	45.053333333333335	45.08	45.346666666666664	45.233333333333334	44.81333333333333	44.846666666666664	45.166666666666664	45.4	45.18	45.086666666666666	45.28	45.07333333333333	45.28666666666667	45.07333333333333	44.36	42.98	0.0
0.0	42.96666666666667	44.28666666666667	44.486666666666665	44.806666666666665	44.7	44.99333333333333	44.973333333333336	45.13333333333333	44.92666666666667	45.093333333333334	44.833333333333336	44.86666666666667	45.00666666666667	45.24666666666667	45.153333333333336	45.24	44.86666666666667	45.093333333333334	44.79333333333334	44.986666666666665	44.74	44.873333333333335	44.973333333333336	45.07333333333333	45.266666666666666	45.20666666666666	45.04	44.72666666666667	44.806666666666665	44.88666666666666	45.086666666666666	44.8	44.693333333333335	44.70666666666666	42.68666666666667	0.0
0.0	42.68	44.1	44.74666666666667	45.053333333333335	44.75333333333333	45.10666666666667	45.03333333333333	44.913333333333334	44.81333333333333	45.0	45.1	44.946666666666665	44.86	44.86666666666667	44.986666666666665	45.126666666666665	44.86666666666667	45.04666666666667	45.03333333333333	45.026666666666664	45.153333333333336	45.22	45.18666666666667	44.74	45.02	44.913333333333334	45.06	45.06666666666667	44.986666666666665	45.013333333333335	44.88	44.806666666666665	44.78	44.54	43.013333333333335	0.0
0.0	43.013333333333335	44.34	44.84	44.75333333333333	44.78666666666667	44.873333333333335	45.04	45.14666666666667	45.0	45.03333333333333	45.093333333333334	45.12	45.0	44.873333333333335	44.9	44.99333333333333	45.266666666666666	45.093333333333334	45.093333333333334	45.24666666666667	45.166666666666664	44.92	45.126666666666665	44.99333333333333	45.166666666666664	44.986666666666665	45.10666666666667	44.8	45.126666666666665	44.946666666666665	45.1	45.266666666666666	45.06	44.42	42.76	0.0
0.0	43.22666666666667	44.58	45.27333333333333	44.96	45.04666666666667	45.16	45.14	45.32	45.233333333333334	45.21333333333333	45.10666666666667	45.233333333333334	45.44	45.07333333333333	44.86	45.38	44.98	45.18666666666667	45.20666666666666	45.25333333333333	45.166666666666664	45.193333333333335	45.10666666666667	45.2	45.013333333333335	45.14	45.08	45.21333333333333	45.14	45.266666666666666	44.96	44.81333333333333	44.766666666666666	44.413333333333334	43.49333333333333	0.0
0.0	43.026666666666664	44.36666666666667	44.84	45.38	45.6	45.42	45.373333333333335	45.35333333333333	45.16	45.446666666666665	45.2	45.48	45.25333333333333	45.0	45.21333333333333	45.16	45.39333333333333	45.26	45.16	44.96666666666667	45.08	45.266666666666666	45.18	45.486666666666665	44.973333333333336	45.18	45.03333333333333	45.38	45.306666666666665	44.913333333333334	45.00666666666667	44.946666666666665	44.79333333333334	44.32	43.04	0.0
0.0	42.66	44.17333333333333	44.71333333333333	44.74666666666667	44.98	44.85333333333333	44.79333333333334	44.733333333333334	44.49333333333333	44.99333333333333	44.79333333333334	44.846666666666664	44.973333333333336	44.833333333333336	44.906666666666666	44.76	44.78666666666667	44.553333333333335	44.8	44.82	44.84	44.82	45.053333333333335	44.733333333333334	44.88	44.95333333333333	45.233333333333334	45.166666666666664	44.99333333333333	44.78	45.04	44.89333333333333	44.86	44.406666666666666	42.88666666666666	0.0
0.0	43.053333333333335	44.6	45.1	44.99333333333333	45.22	45.0	45.053333333333335	45.06	45.346666666666664	45.013333333333335	45.28666666666667	45.25333333333333	45.333333333333336	44.96666666666667	45.18	45.4	45.153333333333336	45.28	45.306666666666665	45.306666666666665	44.92666666666667	45.333333333333336	45.11333333333334	45.14	45.18666666666667	45.14666666666667	45.17333333333333	45.1	45.14666666666667	45.08	45.0	45.04	45.03333333333333	44.166666666666664	42.766666666666666	0.0
0.0	43.026666666666664	44.46666666666667	44.98	45.24666666666667	45.153333333333336	45.32666666666667	45.2	45.086666666666666	45.22	45.053333333333335	45.03333333333333	45.153333333333336	45.406666666666666	44.92	45.126666666666665	45.06	45.24666666666667	45.10666666666667	44.946666666666665	45.18666666666667	45.25333333333333	44.9	45.1	45.3	45.17333333333333	45.14666666666667	45.22	44.92666666666667	45.013333333333335	44.96666666666667	45.126666666666665	44.986666666666665	45.13333333333333	44.57333333333333	43.03333333333333	0.0
0.0	42.53333333333333	43.92	44.653333333333336	44.67333333333333	44.66	44.593333333333334	44.9	45.126666666666665	45.026666666666664	44.846666666666664	44.913333333333334	45.2	45.026666666666664	44.78666666666667	44.84	44.586666666666666	45.0	44.54666666666667	44.64666666666667	44.61333333333334	44.66	44.58	44.77333333333333	44.71333333333333	44.806666666666665	44.56666666666667	44.85333333333333	44.766666666666666	44.54666666666667	44.486666666666665	44.693333333333335	44.89333333333333	44.68666666666667	43.94	42.71333333333333	0.0
0.0	42.56666666666667	44.06	44.34	44.50666666666667	44.62	44.95333333333333	45.07333333333333	44.8	45.02	44.766666666666666	44.6	45.02	45.11333333333334	44.75333333333333	45.04	44.82666666666667	44.8	44.553333333333335	44.77333333333333	44.99333333333333	44.66	44.88666666666666	44.846666666666664	45.04	45.04	44.873333333333335	44.96666666666667	44.72666666666667	44.86666666666667	44.586666666666666	44.68666666666667	44.473333333333336	44.666666666666664	44.10666666666667	42.593333333333334	0.0
0.0	42.4	43.78666666666667	44.18666666666667	44.32666666666667	44.43333333333333	44.53333333333333	44.42666666666667	44.16	44.3	44.45333333333333	44.7	44.653333333333336	44.68	44.76	44.64666666666667	44.62	44.74666666666667	44.54666666666667	44.39333333333333	44.74666666666667	44.78	44.42	44.75333333333333	44.50666666666667	45.04	44.666666666666664	44.553333333333335	44.78	44.906666666666666	44.68	44.446666666666665	44.126666666666665	44.24	43.92	42.553333333333335	0.0
0.0	43.166666666666664	44.593333333333334	45.0	45.04666666666667	44.82	44.95333333333333	45.16	45.06666666666667	45.08	45.20666666666666	45.28	45.11333333333334	45.07333333333333	44.986666666666665	45.14666666666667	45.07333333333333	45.11333333333334	45.03333333333333	44.94	45.06	45.00666666666667	45.11333333333334	45.18	45.17333333333333	45.10666666666667	44.95333333333333	44.85333333333333	45.28666666666667	45.14666666666667	45.24666666666667	45.21333333333333	44.68666666666667	44.8	44.486666666666665	42.75333333333333	0.0
0.0	42.96	44.473333333333336	44.79333333333334	44.64	45.0	44.96666666666667	44.833333333333336	44.94	45.04666666666667	44.98	45.11333333333334	45.193333333333335	44.7	44.693333333333335	44.88666666666666	45.03333333333333	44.95333333333333	45.14	44.946666666666665	44.806666666666665	44.94	45.18666666666667	45.04666666666667	44.88	45.11333333333334	44.846666666666664	44.78666666666667	45.27333333333333	44.946666666666665	44.946666666666665	44.93333333333333	44.7	44.62	44.26	43.04666666666667	0.0
0.0	42.85333333333333	44.486666666666665	44.78666666666667	45.38666666666666	44.88666666666666	45.03333333333333	45.14666666666667	45.20666666666666	45.086666666666666	45.38	45.28666666666667	45.39333333333333	45.12	45.54666666666667	45.126666666666665	45.26	44.9	45.38666666666666	45.13333333333333	45.46666666666667	45.053333333333335	45.00666666666667	44.88666666666666	45.25333333333333	45.25333333333333	45.32	45.193333333333335	45.266666666666666	45.126666666666665	44.88	45.21333333333333	45.333333333333336	45.03333333333333	44.373333333333335	43.17333333333333	0.0
0.0	42.78666666666667	44.25333333333333	44.553333333333335	44.93333333333333	44.74666666666667	44.946666666666665	45.03333333333333	45.093333333333334	44.94	44.48	44.873333333333335	44.61333333333334	44.64666666666667	44.733333333333334	45.13333333333333	44.85333333333333	44.82666666666667	45.18666666666667	44.82666666666667	44.906666666666666	44.93333333333333	45.053333333333335	44.653333333333336	44.78	44.89333333333333	44.98	44.833333333333336	44.56	44.946666666666665	44.8	44.9	45.086666666666666	44.5	44.126666666666665	42.913333333333334	0.0
0.0	42.86666666666667	43.85333333333333	44.28666666666667	44.71333333333333	44.846666666666664	45.06666666666667	44.94	44.98	44.77333333333333	44.873333333333335	44.53333333333333	44.54666666666667	44.98	44.8	44.86666666666667	44.693333333333335	44.56666666666667	44.64	44.78666666666667	44.906666666666666	44.92	44.78	44.67333333333333	44.593333333333334	44.96	44.906666666666666	44.64666666666667	44.873333333333335	44.766666666666666	44.653333333333336	44.373333333333335	44.593333333333334	44.68	44.08	42.39333333333333	0.0
0.0	42.946666666666665	44.026666666666664	44.38	44.86666666666667	45.233333333333334	44.64666666666667	44.6	44.79333333333334	44.86666666666667	44.72666666666667	44.526666666666664	44.7	44.98	45.233333333333334	45.03333333333333	45.306666666666665	45.1	44.82	44.666666666666664	44.766666666666666	44.733333333333334	44.526666666666664	44.79333333333334	45.24	44.89333333333333	45.03333333333333	44.92666666666667	44.79333333333334	44.973333333333336	44.74666666666667	44.56666666666667	44.75333333333333	44.54666666666667	43.913333333333334	42.733333333333334	0.0
0.0	43.11333333333334	44.32	44.526666666666664	44.78666666666667	44.85333333333333	44.61333333333334	44.766666666666666	44.913333333333334	44.64	44.85333333333333	44.846666666666664	44.82	44.64666666666667	44.74	45.013333333333335	44.906666666666666	44.94	44.98	44.98	44.88666666666666	44.653333333333336	44.526666666666664	45.06	45.026666666666664	44.946666666666665	45.06	44.98	45.06666666666667	45.026666666666664	44.98	45.04	44.78666666666667	44.906666666666666	44.233333333333334	43.07333333333333	0.0
0.0	42.72666666666667	44.166666666666664	44.25333333333333	45.17333333333333	44.63333333333333	44.75333333333333	44.45333333333333	44.42666666666667	44.58	44.68	44.48	44.60666666666667	45.1	44.94	44.56	44.593333333333334	44.76	44.806666666666665	45.04666666666667	45.06666666666667	44.92	44.56	44.873333333333335	44.82666666666667	44.44	44.7	44.82666666666667	44.72666666666667	44.81333333333333	44.74666666666667	44.64	44.56666666666667	44.60666666666667	44.07333333333333	42.77333333333333	0.0
0.0	43.06	44.39333333333333	44.78	44.85333333333333	44.94	45.10666666666667	45.12	44.92666666666667	45.0	45.14	45.14	45.36666666666667	44.92666666666667	45.16	44.78666666666667	44.78666666666667	45.08	45.10666666666667	45.02	45.086666666666666	45.086666666666666	45.21333333333333	45.07333333333333	45.11333333333334	44.72666666666667	45.18666666666667	45.053333333333335	44.946666666666665	45.27333333333333	45.26	45.22	45.2	44.873333333333335	44.57333333333333	43.053333333333335	0.0
0.0	42.88666666666666	44.306666666666665	44.71333333333333	45.026666666666664	44.986666666666665	45.026666666666664	45.0	45.093333333333334	45.166666666666664	44.96	45.013333333333335	45.12	44.81333333333333	44.92666666666667	44.766666666666666	45.18666666666667	45.08	44.88666666666666	45.06666666666667	44.88	45.24	44.946666666666665	44.85333333333333	45.22	45.06	44.946666666666665	45.093333333333334	45.17333333333333	44.86666666666667	45.14	44.733333333333334	44.81333333333333	44.95333333333333	44.26	42.913333333333334	0.0
0.0	42.766666666666666	44.36666666666667	44.38	44.72	44.86666666666667	45.27333333333333	45.3	45.25333333333333	45.1	45.013333333333335	45.413333333333334	45.166666666666664	45.06666666666667	45.11333333333334	45.10666666666667	44.96666666666667	45.3	44.93333333333333	45.08	45.026666666666664	45.10666666666667	45.28	45.233333333333334	44.96666666666667	44.986666666666665	44.913333333333334	45.10666666666667	44.93333333333333	45.18666666666667	44.92666666666667	44.733333333333334	44.846666666666664	44.74666666666667	43.98	42.9	0.0
0.0	42.586666666666666	43.946666666666665	44.9	45.02	44.88666666666666	45.04	44.86666666666667	44.74666666666667	45.32666666666667	44.986666666666665	45.12	45.03333333333333	44.92666666666667	45.03333333333333	45.13333333333333	44.98	45.093333333333334	45.013333333333335	45.14666666666667	44.873333333333335	44.92	44.95333333333333	44.913333333333334	44.806666666666665	45.28666666666667	45.2	45.12	45.22666666666667	45.29333333333334	45.14666666666667	45.14666666666667	44.96	44.46666666666667	44.086666666666666	43.02	0.0
0.0	42.84	44.653333333333336	45.24666666666667	45.086666666666666	45.28666666666667	45.06666666666667	45.24666666666667	45.5	45.48	45.4	44.9	45.166666666666664	45.193333333333335	45.38	44.96	44.94	45.03333333333333	45.026666666666664	45.28666666666667	45.413333333333334	45.32	45.06	45.06666666666667	45.17333333333333	45.053333333333335	45.04	45.02	45.07333333333333	45.20666666666666	45.04	45.31333333333333	44.85333333333333	45.18	44.38666666666666	43.153333333333336	0.0
0.0	42.67333333333333	44.266666666666666	44.66	44.78	45.026666666666664	44.833333333333336	44.63333333333333	44.78	44.52	44.553333333333335	44.986666666666665	45.153333333333336	44.593333333333334	44.93333333333333	44.693333333333335	44.693333333333335	44.733333333333334	44.8	45.06	44.96	44.52	45.026666666666664	44.766666666666666	45.3	45.053333333333335	44.86	45.02	44.833333333333336	44.586666666666666	45.053333333333335	44.82	44.9	44.626666666666665	44.446666666666665	42.77333333333333	0.0
0.0	42.86	43.86666666666667	44.38666666666666	44.513333333333335	44.68	44.446666666666665	44.50666666666667	44.81333333333333	44.81333333333333	44.71333333333333	44.29333333333334	44.60666666666667	44.593333333333334	44.626666666666665	45.07333333333333	44.64	44.46666666666667	44.68666666666667	44.82666666666667	44.71333333333333	44.766666666666666	44.45333333333333	44.77333333333333	44.70666666666666	44.74666666666667	44.66	45.04	44.6	44.77333333333333	44.78666666666667	44.513333333333335	44.5	44.53333333333333	43.9	42.653333333333336	0.0
0.0	42.93333333333333	43.873333333333335	44.31333333333333	45.013333333333335	44.72	44.846666666666664	45.04	44.82666666666667	44.85333333333333	45.17333333333333	45.21333333333333	44.86	45.13333333333333	45.04666666666667	44.74666666666667	44.61333333333334	44.913333333333334	44.66	44.666666666666664	44.806666666666665	45.1	45.126666666666665	45.18	45.026666666666664	45.06	44.89333333333333	44.98	45.0	45.233333333333334	44.946666666666665	45.08	44.68666666666667	44.28666666666667	43.89333333333333	42.333333333333336	0.0
0.0	43.17333333333333	44.586666666666666	44.77333333333333	44.833333333333336	44.77333333333333	44.94	44.89333333333333	44.96666666666667	44.94	45.36666666666667	44.873333333333335	44.67333333333333	44.906666666666666	44.86666666666667	45.24666666666667	44.986666666666665	45.24	45.02	45.02	44.88666666666666	44.96	44.85333333333333	44.973333333333336	44.95333333333333	44.946666666666665	44.99333333333333	44.906666666666666	44.946666666666665	44.75333333333333	45.0	44.846666666666664	45.42	44.973333333333336	44.53333333333333	42.79333333333334	0.0
0.0	42.913333333333334	44.22666666666667	44.6	44.57333333333333	44.68	45.03333333333333	45.086666666666666	44.88	44.70666666666666	44.946666666666665	44.96666666666667	44.733333333333334	45.11333333333334	45.20666666666666	45.00666666666667	44.84	44.60666666666667	44.82666666666667	45.026666666666664	44.68	44.81333333333333	45.093333333333334	45.1	44.84	45.03333333333333	45.03333333333333	44.94	45.02	44.74	44.74666666666667	44.84	44.806666666666665	44.68	44.20666666666666	42.81333333333333	0.0
0.0	42.766666666666666	44.28	44.6	44.653333333333336	44.45333333333333	44.626666666666665	44.82	44.62	44.74	44.846666666666664	45.1	45.11333333333334	44.64	44.973333333333336	44.86	44.79333333333334	45.04	44.74666666666667	44.72	44.88	44.88666666666666	45.00666666666667	45.013333333333335	44.67333333333333	44.94	44.78	45.026666666666664	44.96666666666667	44.67333333333333	44.86666666666667	44.693333333333335	44.973333333333336	44.63333333333333	44.18	42.7	0.0
0.0	42.946666666666665	44.58	44.79333333333334	44.72	44.62	44.79333333333334	45.11333333333334	45.02	44.74	44.81333333333333	45.17333333333333	45.14666666666667	44.89333333333333	44.74	44.94	45.126666666666665	44.77333333333333	44.79333333333334	44.766666666666666	44.93333333333333	45.04666666666667	44.76	44.99333333333333	44.71333333333333	44.88666666666666	44.76	44.946666666666665	45.02	45.026666666666664	44.82	44.79333333333334	45.08	44.78	44.166666666666664	43.00666666666667	0.0
0.0	42.43333333333333	43.78666666666667	44.053333333333335	44.61333333333334	44.593333333333334	44.586666666666666	44.49333333333333	44.56666666666667	44.52	44.72666666666667	44.39333333333333	44.5	44.86666666666667	44.473333333333336	44.68	44.553333333333335	44.54	44.70666666666666	44.45333333333333	44.46666666666667	44.42666666666667	44.52	44.333333333333336	44.57333333333333	44.71333333333333	44.39333333333333	44.473333333333336	44.053333333333335	44.57333333333333	44.52	44.68666666666667	44.666666666666664	44.31333333333333	44.153333333333336	42.82666666666667	0.0
0.0	43.04	44.74	44.72666666666667	44.833333333333336	45.1	45.413333333333334	45.1	44.99333333333333	45.24666666666667	44.986666666666665	44.96	45.153333333333336	45.29333333333334	45.12	45.126666666666665	45.35333333333333	44.986666666666665	45.5	45.14666666666667	45.56	45.3	45.14666666666667	45.48	45.52	45.63333333333333	45.406666666666666	45.12	45.22666666666667	45.26	44.913333333333334	44.913333333333334	45.12	44.84	44.38666666666666	43.24	0.0
0.0	42.66	44.26	44.66	44.78	45.1	44.78666666666667	45.406666666666666	45.06	45.25333333333333	44.833333333333336	44.84	44.96666666666667	45.166666666666664	44.913333333333334	44.68666666666667	45.27333333333333	45.32	44.96666666666667	44.98	44.96666666666667	44.86	44.85333333333333	44.88666666666666	44.806666666666665	45.03333333333333	44.86	45.0	44.873333333333335	45.00666666666667	44.71333333333333	45.0	44.626666666666665	44.513333333333335	44.64	42.92	0.0
0.0	42.81333333333333	44.22666666666667	44.88	44.96	45.10666666666667	45.233333333333334	44.85333333333333	45.0	45.24666666666667	45.36666666666667	44.93333333333333	45.27333333333333	45.00666666666667	44.94	45.21333333333333	44.79333333333334	44.78666666666667	44.98	44.85333333333333	44.96666666666667	45.166666666666664	45.1	44.77333333333333	44.96	44.693333333333335	44.74666666666667	44.92666666666667	45.086666666666666	44.946666666666665	45.093333333333334	44.86	45.013333333333335	44.833333333333336	44.26	42.78	0.0
0.0	42.96	44.36	45.04	45.22	44.92666666666667	44.92	44.946666666666665	45.053333333333335	45.17333333333333	45.11333333333334	44.96	44.89333333333333	45.11333333333334	45.153333333333336	45.02	45.093333333333334	45.31333333333333	45.013333333333335	44.906666666666666	45.486666666666665	45.0	45.373333333333335	45.08	45.06	45.17333333333333	45.08	45.12	45.24	45.13333333333333	45.61333333333334	44.9	44.846666666666664	44.92	44.50666666666667	43.166666666666664	0.0
0.0	43.27333333333333	43.92	44.36	44.42666666666667	44.72	44.60666666666667	44.486666666666665	44.74	44.85333333333333	44.78666666666667	44.593333333333334	45.0	44.74666666666667	45.04	44.806666666666665	45.06	45.12	45.36666666666667	44.7	44.81333333333333	44.67333333333333	44.846666666666664	44.86	44.56	44.71333333333333	45.12	44.81333333333333	44.85333333333333	44.973333333333336	44.833333333333336	44.66	44.74	44.82666666666667	44.333333333333336	42.94	0.0
0.0	42.93333333333333	44.02	44.473333333333336	44.7	45.04666666666667	44.846666666666664	44.68	44.99333333333333	44.806666666666665	44.693333333333335	44.46666666666667	44.766666666666666	44.806666666666665	44.9	45.153333333333336	44.88666666666666	44.6	44.653333333333336	45.02	44.94	45.086666666666666	44.84	44.77333333333333	44.54	44.99333333333333	44.68666666666667	44.82666666666667	44.7	44.906666666666666	45.14666666666667	44.72	44.86666666666667	44.846666666666664	44.07333333333333	42.76	0.0
0.0	42.973333333333336	44.58	44.89333333333333	45.28	45.28666666666667	45.233333333333334	45.166666666666664	45.22666666666667	45.16	45.2	45.10666666666667	45.10666666666667	44.99333333333333	44.833333333333336	45.04	45.21333333333333	44.973333333333336	44.85333333333333	45.17333333333333	45.0	44.86666666666667	44.78666666666667	45.013333333333335	44.92	44.72	44.99333333333333	45.24	45.14	45.11333333333334	45.0	44.61333333333334	44.8	44.56666666666667	44.473333333333336	42.84	0.0
0.0	42.96	44.35333333333333	44.77333333333333	44.946666666666665	45.0	45.34	44.64	44.78666666666667	44.68	45.053333333333335	44.78666666666667	44.973333333333336	44.7	44.913333333333334	45.053333333333335	45.11333333333334	44.85333333333333	44.64	44.75333333333333	44.913333333333334	44.946666666666665	44.72	45.0	45.24666666666667	45.013333333333335	45.06666666666667	45.17333333333333	45.233333333333334	44.95333333333333	45.0	44.72666666666667	44.78666666666667	44.593333333333334	44.64	42.89333333333333	0.0
0.0	43.20666666666666	44.473333333333336	44.82666666666667	45.193333333333335	45.26	45.38	45.50666666666667	45.42	45.22	45.07333333333333	45.14	45.53333333333333	45.17333333333333	45.126666666666665	45.38666666666666	45.36666666666667	45.14	45.18666666666667	45.4	45.12	44.973333333333336	45.04	45.193333333333335	45.35333333333333	45.68666666666667	45.406666666666666	45.14	45.34	45.333333333333336	45.14	45.32666666666667	45.10666666666667	44.82666666666667	44.513333333333335	43.013333333333335	0.0
0.0	42.81333333333333	44.20666666666666	44.70666666666666	44.8	45.03333333333333	45.24	45.12	45.14666666666667	44.846666666666664	44.94	45.12	44.93333333333333	45.14666666666667	45.026666666666664	45.14	44.833333333333336	44.92	45.03333333333333	44.89333333333333	44.74666666666667	45.12	45.08	45.22	45.03333333333333	45.373333333333335	44.93333333333333	44.64	44.82	44.86666666666667	44.85333333333333	45.053333333333335	45.02	44.72666666666667	44.4	42.99333333333333	0.0
0.0	42.94	44.126666666666665	44.833333333333336	44.8	44.86666666666667	44.68	44.89333333333333	44.84	44.95333333333333	45.29333333333334	44.986666666666665	45.18666666666667	44.906666666666666	45.06666666666667	45.2	45.093333333333334	45.053333333333335	45.07333333333333	44.833333333333336	45.166666666666664	45.22	45.24666666666667	45.35333333333333	44.96666666666667	45.35333333333333	44.913333333333334	45.02	45.11333333333334	45.373333333333335	45.14666666666667	44.72666666666667	45.086666666666666	45.02	44.32	43.21333333333333	0.0
0.0	42.71333333333333	44.053333333333335	44.20666666666666	44.95333333333333	44.846666666666664	44.846666666666664	44.75333333333333	44.72666666666667	44.806666666666665	44.78666666666667	44.913333333333334	44.986666666666665	45.04	44.833333333333336	44.666666666666664	45.08	44.63333333333333	44.72	44.79333333333334	44.733333333333334	45.20666666666666	45.053333333333335	45.026666666666664	44.846666666666664	44.82	44.833333333333336	44.8	45.07333333333333	45.02	44.96666666666667	44.54666666666667	44.7	44.88	44.373333333333335	42.75333333333333	0.0
0.0	42.92	44.35333333333333	44.64666666666667	44.98	45.166666666666664	44.986666666666665	44.873333333333335	45.086666666666666	45.28	45.31333333333333	45.20666666666666	44.913333333333334	44.92666666666667	45.193333333333335	45.28	45.20666666666666	44.86	44.96666666666667	45.32666666666667	45.266666666666666	45.233333333333334	44.99333333333333	44.88666666666666	45.18666666666667	45.16	45.11333333333334	45.00666666666667	45.06666666666667	45.1	45.193333333333335	44.76	44.92	45.04	44.446666666666665	43.02	0.0
0.0	42.57333333333333	44.053333333333335	44.25333333333333	45.0	44.67333333333333	44.8	44.78666666666667	44.57333333333333	44.53333333333333	44.58	44.71333333333333	44.79333333333334	44.93333333333333	45.18	44.68	45.06	45.013333333333335	44.946666666666665	44.92	44.8	44.79333333333334	44.78	44.92	45.06666666666667	45.21333333333333	44.75333333333333	45.093333333333334	44.58	44.666666666666664	44.833333333333336	44.93333333333333	44.88666666666666	44.94	44.07333333333333	42.8	0.0
0.0	43.026666666666664	44.28	44.48	44.67333333333333	44.74666666666667	44.986666666666665	44.653333333333336	44.58	44.586666666666666	45.10666666666667	44.913333333333334	45.24666666666667	44.9	44.593333333333334	44.68666666666667	44.75333333333333	44.86	44.653333333333336	44.9	45.00666666666667	44.67333333333333	44.84	44.806666666666665	44.86666666666667	44.733333333333334	44.806666666666665	44.806666666666665	44.86666666666667	44.9	44.973333333333336	45.053333333333335	44.626666666666665	44.513333333333335	44.22666666666667	43.07333333333333	0.0
0.0	42.626666666666665	43.833333333333336	44.56	44.653333333333336	44.71333333333333	44.77333333333333	44.62	44.86666666666667	44.82666666666667	44.62	44.84	45.153333333333336	44.94	44.89333333333333	44.693333333333335	44.85333333333333	44.72666666666667	44.82	44.81333333333333	44.63333333333333	44.70666666666666	44.78666666666667	44.81333333333333	44.71333333333333	44.88666666666666	44.94	44.52	44.81333333333333	44.72	44.68	44.72	44.64666666666667	44.20666666666666	44.3	42.8	0.0
0.0	42.78666666666667	44.266666666666666	44.806666666666665	44.86	44.873333333333335	44.84	44.86666666666667	44.86666666666667	44.66	44.9	44.906666666666666	44.913333333333334	44.95333333333333	44.806666666666665	45.06	44.58	44.85333333333333	44.67333333333333	45.166666666666664	44.96666666666667	45.13333333333333	45.04	44.92	44.74	44.93333333333333	44.95333333333333	45.06	44.88666666666666	45.14	44.946666666666665	44.81333333333333	44.806666666666665	44.89333333333333	44.18666666666667	42.71333333333333	0.0
0.0	42.92	44.27333333333333	44.68	45.053333333333335	44.67333333333333	44.81333333333333	44.81333333333333	44.72	45.1	44.74	45.093333333333334	44.92	44.89333333333333	45.04	44.82	45.08	44.9	44.84	44.946666666666665	45.07333333333333	44.88666666666666	44.98	44.67333333333333	44.81333333333333	44.56	44.86666666666667	44.61333333333334	44.57333333333333	44.873333333333335	45.11333333333334	44.95333333333333	44.70666666666666	44.7	44.086666666666666	42.86	0.0
0.0	42.78666666666667	44.14	44.74	44.99333333333333	45.053333333333335	45.193333333333335	45.06	44.88	44.84	45.086666666666666	44.96666666666667	44.733333333333334	44.63333333333333	44.76	44.82666666666667	44.81333333333333	44.806666666666665	44.89333333333333	44.986666666666665	44.906666666666666	44.873333333333335	44.626666666666665	44.86666666666667	44.78	44.94	44.913333333333334	44.78	44.68	44.74	44.906666666666666	45.126666666666665	44.68666666666667	44.70666666666666	44.38	42.806666666666665	0.0
0.0	43.20666666666666	44.486666666666665	44.81333333333333	44.986666666666665	44.93333333333333	44.82666666666667	44.70666666666666	44.75333333333333	44.93333333333333	45.14666666666667	45.04666666666667	45.266666666666666	44.986666666666665	44.94	44.94	45.12	45.06	44.906666666666666	45.21333333333333	45.28666666666667	45.22	45.1	44.833333333333336	44.873333333333335	45.166666666666664	45.04666666666667	45.25333333333333	45.21333333333333	44.84	45.14666666666667	44.76	44.67333333333333	44.74	44.16	43.03333333333333	0.0
0.0	42.96	44.12	44.68666666666667	44.68666666666667	44.70666666666666	44.56	44.57333333333333	45.093333333333334	44.60666666666667	44.86	44.89333333333333	44.85333333333333	44.586666666666666	44.66	44.75333333333333	44.61333333333334	45.06666666666667	44.8	44.66	44.98	44.82	44.78	44.70666666666666	44.74	44.68	44.74	44.68666666666667	44.58	44.88666666666666	44.79333333333334	44.586666666666666	44.42	44.086666666666666	44.026666666666664	42.733333333333334	0.0
0.0	42.626666666666665	44.06666666666667	44.42	44.74666666666667	44.486666666666665	44.913333333333334	44.70666666666666	44.61333333333334	44.78	44.75333333333333	44.513333333333335	44.72	44.79333333333334	44.626666666666665	44.95333333333333	44.82666666666667	44.86	45.013333333333335	44.986666666666665	44.70666666666666	44.89333333333333	44.86666666666667	44.78666666666667	44.833333333333336	44.66	44.78	44.67333333333333	44.56	44.74666666666667	44.85333333333333	44.64666666666667	44.32	44.17333333333333	43.906666666666666	42.733333333333334	0.0
0.0	42.8	44.32	44.806666666666665	44.873333333333335	44.846666666666664	44.96666666666667	44.85333333333333	45.10666666666667	45.03333333333333	44.71333333333333	44.906666666666666	45.32	45.06	44.873333333333335	45.18666666666667	44.67333333333333	44.96	45.14	44.9	44.946666666666665	44.67333333333333	45.03333333333333	45.02	44.93333333333333	45.1	45.013333333333335	45.093333333333334	44.88	44.99333333333333	44.93333333333333	44.766666666666666	44.85333333333333	44.75333333333333	44.733333333333334	42.873333333333335	0.0
0.0	43.00666666666667	44.35333333333333	44.76	45.13333333333333	45.22	45.11333333333334	45.093333333333334	45.22	45.14666666666667	45.28	45.233333333333334	45.22666666666667	45.32	45.06	45.35333333333333	45.03333333333333	44.86	44.78	44.973333333333336	45.34	45.266666666666666	45.346666666666664	45.28	45.27333333333333	45.0	45.18	45.04666666666667	45.06666666666667	44.846666666666664	45.16	45.06666666666667	44.9	44.92666666666667	44.373333333333335	42.973333333333336	0.0
0.0	42.89333333333333	44.29333333333334	44.78	44.733333333333334	44.88666666666666	44.693333333333335	44.92	44.92666666666667	45.08	44.96	44.92	45.29333333333334	45.06666666666667	45.266666666666666	44.82666666666667	45.13333333333333	44.93333333333333	44.906666666666666	45.06	45.026666666666664	45.193333333333335	44.88666666666666	45.29333333333334	44.98	45.093333333333334	45.3	45.29333333333334	45.1	45.03333333333333	44.96	44.906666666666666	44.86	44.84	44.12	43.026666666666664	0.0
0.0	42.733333333333334	44.1	44.526666666666664	44.62	44.78	44.9	45.10666666666667	45.11333333333334	44.873333333333335	45.16	45.053333333333335	44.92666666666667	45.04666666666667	45.11333333333334	44.89333333333333	44.593333333333334	44.79333333333334	44.88666666666666	44.873333333333335	44.9	45.16	44.946666666666665	44.973333333333336	44.86666666666667	44.98	44.84	44.85333333333333	44.626666666666665	44.71333333333333	44.78666666666667	45.08	45.11333333333334	44.57333333333333	44.406666666666666	42.82666666666667	0.0
0.0	42.95333333333333	43.96666666666667	44.486666666666665	44.70666666666666	44.7	44.54	44.86	44.74666666666667	44.36	45.04	44.846666666666664	45.06	45.11333333333334	45.14	44.75333333333333	44.88	44.72	44.733333333333334	44.82	44.76	44.75333333333333	44.86666666666667	44.95333333333333	44.653333333333336	45.08	44.906666666666666	44.64666666666667	44.733333333333334	44.63333333333333	44.66	44.7	44.72666666666667	44.333333333333336	43.86666666666667	42.54	0.0
0.0	42.98	44.1	44.5	44.84	44.76	44.79333333333334	44.78666666666667	44.54666666666667	44.82666666666667	44.54666666666667	45.16	44.85333333333333	44.82	44.78	44.68666666666667	44.82666666666667	44.56666666666667	44.81333333333333	44.78	44.54	44.46	44.9	44.98	44.70666666666666	44.82666666666667	44.81333333333333	44.84	44.733333333333334	44.9	44.873333333333335	44.86	44.88666666666666	44.72666666666667	44.38666666666666	42.873333333333335	0.0
0.0	43.02	44.54666666666667	44.82666666666667	45.04666666666667	44.8	44.98	44.96	45.00666666666667	44.88	45.086666666666666	45.153333333333336	45.04	44.89333333333333	44.99333333333333	44.82	44.94	44.873333333333335	44.86666666666667	44.78	44.81333333333333	45.026666666666664	45.1	45.00666666666667	44.98	45.16	44.986666666666665	45.153333333333336	44.93333333333333	44.666666666666664	44.86	45.093333333333334	44.67333333333333	44.68666666666667	44.053333333333335	42.693333333333335	0.0
0.0	43.06666666666667	44.60666666666667	44.873333333333335	44.68	44.84	44.71333333333333	44.95333333333333	45.166666666666664	44.873333333333335	45.026666666666664	44.8	44.78	45.153333333333336	44.913333333333334	44.63333333333333	45.06	44.82666666666667	44.82	44.88	44.99333333333333	45.126666666666665	44.88	44.906666666666666	45.24	45.17333333333333	45.04666666666667	45.12	45.026666666666664	45.03333333333333	44.96	44.74	44.653333333333336	44.5	44.193333333333335	42.68666666666667	0.0
0.0	43.24666666666667	44.593333333333334	44.78	44.84	44.88666666666666	44.946666666666665	45.38	45.18666666666667	45.02	45.04	44.81333333333333	44.96	45.013333333333335	45.013333333333335	44.93333333333333	45.18666666666667	45.17333333333333	45.18	45.10666666666667	45.08	45.053333333333335	45.026666666666664	44.9	44.833333333333336	45.0	44.96666666666667	45.04	45.18	45.22666666666667	45.14666666666667	45.46666666666667	45.26	45.00666666666667	44.36	42.846666666666664	0.0
