0.0	56.38666666666666	64.54	69.52666666666667	73.32	76.4	78.50666666666666	80.39333333333333	82.25333333333333	83.20666666666666	83.76	85.22	85.77333333333333	86.54	86.77333333333333	86.92666666666666	87.43333333333334	87.67333333333333	87.75333333333333	87.76666666666667	87.14	86.96	86.21333333333334	86.62666666666667	85.78	84.88	83.64	82.31333333333333	81.25333333333333	79.74	78.12	76.17333333333333	72.93333333333334	69.47333333333333	64.44666666666667	56.46	0.0
0.0	56.39333333333333	64.59333333333333	69.65333333333334	73.56	76.22666666666667	78.42666666666666	79.92	81.25333333333333	82.99333333333334	84.01333333333334	84.55333333333333	85.43333333333334	85.41333333333333	86.38	86.77333333333333	86.8	87.26666666666667	86.84666666666666	87.02	86.62666666666667	86.26666666666667	85.99333333333334	85.11333333333333	84.52666666666667	83.86666666666666	83.14	82.16666666666667	81.04	79.53333333333333	77.62	76.24666666666667	73.12	69.82666666666667	64.62666666666667	56.593333333333334	0.0
0.0	56.46666666666667	64.83333333333333	69.8	73.23333333333333	75.92666666666666	78.24666666666667	79.83333333333333	81.86666666666666	82.46666666666667	83.68	85.06666666666666	85.41333333333333	86.29333333333334	86.60666666666667	87.03333333333333	87.05333333333333	87.54666666666667	87.26666666666667	86.97333333333333	86.7	87.13333333333334	86.51333333333334	86.37333333333333	85.64	84.96	84.19333333333333	82.56666666666666	81.05333333333333	79.37333333333333	77.67333333333333	75.88666666666667	73.02666666666667	69.39333333333333	64.54666666666667	56.486666666666665	0.0
0.0	56.50666666666667	64.54666666666667	69.11333333333333	72.56666666666666	75.40666666666667	77.68	79.66	81.22666666666667	82.07333333333334	83.37333333333333	84.14	85.13333333333334	85.24	85.96	86.54	86.93333333333334	87.00666666666666	86.48	86.78666666666666	87.28	86.63333333333334	86.3	85.68	85.41333333333333	84.76666666666667	83.67333333333333	82.5	81.39333333333333	79.55333333333333	77.38666666666667	75.55333333333333	73.3	69.85333333333334	64.48	56.5	0.0
0.0	56.53333333333333	64.2	69.10666666666667	72.88	75.60666666666667	78.02666666666667	79.88	81.18	82.57333333333334	83.75333333333333	84.34666666666666	85.44	85.92666666666666	86.19333333333333	86.49333333333334	86.64666666666666	86.70666666666666	86.74	86.80666666666667	86.70666666666666	86.77333333333333	86.71333333333334	85.81333333333333	85.07333333333334	84.50666666666666	83.86	82.56	81.12666666666667	79.60666666666667	78.16666666666667	76.07333333333334	72.97333333333333	69.44666666666667	64.38666666666667	56.22	0.0
0.0	56.45333333333333	64.66	69.39333333333333	73.38666666666667	75.76666666666667	78.18666666666667	79.97333333333333	81.59333333333333	82.65333333333334	84.08666666666667	84.76	85.02	85.90666666666667	86.40666666666667	86.49333333333334	86.78666666666666	87.32	87.24666666666667	87.58666666666667	87.42	86.91333333333333	86.33333333333333	85.78	84.98666666666666	84.51333333333334	83.08666666666667	82.18666666666667	81.26666666666667	79.88	78.30666666666667	75.96	73.09333333333333	70.1	64.64666666666666	56.693333333333335	0.0
0.0	56.833333333333336	65.09333333333333	69.3	73.23333333333333	75.89333333333333	78.21333333333334	80.05333333333333	81.64666666666666	82.38666666666667	83.49333333333334	84.43333333333334	84.98	85.64666666666666	86.17333333333333	86.86666666666666	87.34	87.47333333333333	87.84	87.46666666666667	87.12	86.94	86.42	85.65333333333334	85.39333333333333	84.62	83.98	82.89333333333333	81.83333333333333	80.0	78.26	75.94	73.34666666666666	70.0	64.58	56.84	0.0
0.0	57.013333333333335	65.22666666666667	70.0	73.22666666666667	76.21333333333334	78.48666666666666	79.79333333333334	81.30666666666667	82.6	83.77333333333333	85.28	85.63333333333334	85.95333333333333	86.06666666666666	87.03333333333333	86.71333333333334	86.53333333333333	87.00666666666666	86.80666666666667	86.86	86.59333333333333	86.25333333333333	85.81333333333333	85.76666666666667	84.39333333333333	83.49333333333334	82.48	81.33333333333333	80.23333333333333	77.99333333333334	76.24666666666667	73.13333333333334	69.45333333333333	64.68666666666667	56.86666666666667	0.0
0.0	56.74666666666667	64.56666666666666	69.58	72.83333333333333	76.20666666666666	78.41333333333333	79.96666666666667	81.66666666666667	82.94666666666667	84.24666666666667	85.19333333333333	85.54	85.91333333333333	86.30666666666667	86.72666666666667	87.11333333333333	86.86	86.83333333333333	86.62	86.53333333333333	86.49333333333334	86.06666666666666	85.5	84.68	83.85333333333334	83.38	82.42	80.87333333333333	79.74666666666667	78.03333333333333	75.79333333333334	73.04666666666667	69.32	64.34	56.25333333333333	0.0
0.0	56.32666666666667	64.45333333333333	69.30666666666667	72.9	75.98666666666666	78.46	79.86666666666666	81.78666666666666	82.83333333333333	84.96666666666667	85.43333333333334	86.11333333333333	86.38666666666667	86.58	87.03333333333333	86.99333333333334	87.46666666666667	87.86666666666666	87.49333333333334	87.06	86.70666666666666	86.27333333333333	85.88	85.54666666666667	84.82666666666667	83.56666666666666	82.42	80.85333333333334	79.7	77.94666666666667	75.84	72.97333333333333	69.39333333333333	64.76666666666667	56.57333333333333	0.0
0.0	56.82666666666667	64.32	69.42666666666666	72.36	75.56666666666666	77.72	79.36	80.73333333333333	82.36	83.48666666666666	84.32666666666667	84.56666666666666	85.64666666666666	85.89333333333333	86.38666666666667	86.4	86.48	86.7	86.47333333333333	86.4	86.32	86.16666666666667	85.48666666666666	85.1	84.02	83.38666666666667	82.23333333333333	81.12	79.58	78.07333333333334	76.08	73.41333333333333	69.67333333333333	64.57333333333334	56.513333333333335	0.0
0.0	56.31333333333333	64.66	69.56	73.44	75.55333333333333	78.0	80.19333333333333	81.61333333333333	82.74	83.58	84.50666666666666	85.06666666666666	85.60666666666667	86.14666666666666	86.48	86.58	86.94	86.86	86.7	86.55333333333333	86.15333333333334	85.97333333333333	85.96	84.70666666666666	84.06666666666666	83.28	81.7	80.90666666666667	79.41333333333333	77.56	75.78666666666666	73.01333333333334	69.25333333333333	64.47333333333333	56.653333333333336	0.0
0.0	56.78666666666667	65.02	70.53333333333333	73.47333333333333	76.42666666666666	78.85333333333334	80.53333333333333	82.20666666666666	83.6	84.38666666666667	85.37333333333333	86.24666666666667	86.81333333333333	87.45333333333333	87.68666666666667	87.74	87.83333333333333	87.8	87.6	87.89333333333333	87.81333333333333	87.45333333333333	87.08666666666667	85.77333333333333	85.29333333333334	84.22666666666667	83.15333333333334	82.10666666666667	80.75333333333333	78.5	76.49333333333334	73.96666666666667	70.27333333333333	65.24	56.78	0.0
0.0	56.446666666666665	64.48666666666666	69.67333333333333	73.44	76.22666666666667	78.58	80.07333333333334	81.68	82.58	83.72666666666667	85.1	85.25333333333333	86.37333333333333	86.41333333333333	86.92	87.24	87.64666666666666	87.45333333333333	87.48	86.77333333333333	86.54	86.44666666666667	86.01333333333334	85.50666666666666	84.57333333333334	83.92	82.60666666666667	81.34666666666666	79.78666666666666	78.21333333333334	75.88	73.24666666666667	69.23333333333333	64.59333333333333	56.79333333333334	0.0
0.0	56.46	64.4	69.58	73.28	75.71333333333334	77.98666666666666	79.86	81.02666666666667	82.66	83.42666666666666	84.16666666666667	85.10666666666667	85.47333333333333	86.28666666666666	86.28	86.7	86.93333333333334	86.69333333333333	86.94	86.83333333333333	86.28666666666666	85.99333333333334	85.40666666666667	84.92666666666666	84.4	83.83333333333333	82.56666666666666	80.94666666666667	79.78	78.06	75.82	72.98666666666666	69.51333333333334	64.54	56.46666666666667	0.0
0.0	56.61333333333334	64.53333333333333	69.30666666666667	72.89333333333333	75.71333333333334	77.92666666666666	80.06666666666666	80.91333333333333	81.84	83.00666666666666	84.23333333333333	85.1	85.57333333333334	86.04666666666667	86.26	86.80666666666667	86.89333333333333	87.1	87.24	86.84	86.33333333333333	86.3	85.66	85.08	84.21333333333334	83.15333333333334	82.42666666666666	81.22	80.02	78.11333333333333	75.79333333333334	72.56666666666666	69.4	64.41333333333333	56.74666666666667	0.0
0.0	56.52	64.56	69.63333333333334	73.23333333333333	76.02	78.10666666666667	79.88666666666667	81.89333333333333	82.73333333333333	83.69333333333333	85.20666666666666	85.74	86.19333333333333	86.70666666666666	86.89333333333333	87.44	87.49333333333334	87.0	87.39333333333333	86.92666666666666	86.51333333333334	86.34666666666666	85.74666666666667	85.44	84.8	83.73333333333333	82.72666666666667	81.54	79.89333333333333	78.08666666666667	75.78666666666666	73.20666666666666	69.42	64.14666666666666	56.3	0.0
0.0	56.62	64.59333333333333	69.84666666666666	73.33333333333333	76.01333333333334	77.76	79.69333333333333	80.93333333333334	82.26	83.41333333333333	84.7	85.06666666666666	85.58666666666667	86.24	86.61333333333333	87.19333333333333	86.64	86.60666666666667	86.69333333333333	86.72	86.50666666666666	85.8	85.38666666666667	85.2	84.58	83.64	82.42	81.27333333333333	79.69333333333333	78.02666666666667	75.9	73.18666666666667	69.6	64.74666666666667	56.63333333333333	0.0
0.0	56.5	64.06	69.09333333333333	73.07333333333334	75.98	77.90666666666667	79.88	81.36666666666666	82.66	83.56666666666666	84.51333333333334	85.2	85.84	86.22	86.68666666666667	87.18666666666667	86.82	86.26666666666667	87.00666666666666	86.45333333333333	86.27333333333333	85.90666666666667	85.48	85.25333333333333	84.38666666666667	83.17333333333333	82.1	80.70666666666666	79.58	78.30666666666667	75.56	73.46	69.57333333333334	64.48666666666666	56.473333333333336	0.0
0.0	56.43333333333333	64.64666666666666	69.3	72.78	75.81333333333333	78.12	79.66666666666667	81.17333333333333	81.9	83.36666666666666	84.56	84.61333333333333	85.78666666666666	86.63333333333334	86.60666666666667	86.77333333333333	87.20666666666666	86.92	86.67333333333333	86.62666666666667	86.85333333333334	86.53333333333333	86.08	85.19333333333333	84.38	84.19333333333333	82.83333333333333	81.67333333333333	79.59333333333333	78.16666666666667	75.78	72.96666666666667	69.57333333333334	64.50666666666666	56.64666666666667	0.0
0.0	56.42	64.19333333333333	69.00666666666666	72.80666666666667	75.34	77.22666666666667	79.44666666666667	80.83333333333333	82.00666666666666	82.89333333333333	83.95333333333333	84.91333333333333	85.28666666666666	85.73333333333333	86.08666666666667	86.34	86.58	86.92	87.01333333333334	86.78666666666666	86.04	86.0	85.65333333333334	85.03333333333333	83.83333333333333	82.92666666666666	81.83333333333333	80.76666666666667	79.11333333333333	77.69333333333333	75.74666666666667	73.24666666666667	68.96666666666667	64.73333333333333	56.513333333333335	0.0
0.0	56.58	64.98	69.90666666666667	73.51333333333334	76.38666666666667	78.32	80.34666666666666	81.43333333333334	82.68	84.05333333333333	84.90666666666667	85.86	86.38	86.75333333333333	87.08	87.25333333333333	87.08	87.13333333333334	87.04	86.82	86.16	85.82	85.64	85.36666666666666	84.67333333333333	83.92666666666666	83.01333333333334	81.84	79.99333333333334	78.4	75.92	73.18666666666667	70.06666666666666	64.57333333333334	56.846666666666664	0.0
0.0	57.04	64.93333333333334	69.68666666666667	73.72	76.38	78.47333333333333	79.90666666666667	81.57333333333334	82.97333333333333	83.88666666666667	85.12	85.90666666666667	86.35333333333334	86.95333333333333	87.48666666666666	87.30666666666667	87.36666666666666	87.66	87.32666666666667	87.3	86.94666666666667	86.55333333333333	86.28666666666666	85.5	84.89333333333333	84.06666666666666	82.62	81.38666666666667	79.68	77.79333333333334	75.31333333333333	72.51333333333334	69.66	64.6	56.626666666666665	0.0
0.0	56.68	64.69333333333333	69.36666666666666	72.92666666666666	75.77333333333333	78.25333333333333	79.91333333333333	81.58	82.77333333333333	83.75333333333333	84.37333333333333	85.42666666666666	85.44	86.08	86.70666666666666	86.98666666666666	87.20666666666666	87.10666666666667	86.94666666666667	86.7	86.55333333333333	86.45333333333333	85.54666666666667	85.14666666666666	84.27333333333333	83.36666666666666	82.55333333333333	81.58	80.24666666666667	78.28666666666666	75.92666666666666	73.0	69.49333333333334	64.52666666666667	57.24666666666667	0.0
0.0	56.81333333333333	65.0	70.06	73.70666666666666	76.07333333333334	78.44666666666667	80.05333333333333	81.88	83.02	83.94666666666667	85.04666666666667	85.73333333333333	86.22666666666667	86.54666666666667	86.72	86.90666666666667	87.01333333333334	86.89333333333333	86.70666666666666	86.88666666666667	86.46	86.20666666666666	85.76	85.16	84.36666666666666	83.74	83.01333333333334	80.93333333333334	79.42666666666666	77.96	75.78666666666666	73.04	69.99333333333334	64.38	56.48	0.0
0.0	56.693333333333335	64.50666666666666	69.60666666666667	72.82666666666667	75.48666666666666	78.06	80.08666666666667	81.46666666666667	82.84	84.02666666666667	84.69333333333333	85.42666666666666	85.76666666666667	86.52	86.69333333333333	86.86	87.26	87.31333333333333	87.46	87.00666666666666	86.60666666666667	85.74	85.72	85.49333333333334	84.58	83.62	82.58666666666667	81.33333333333333	80.16666666666667	78.82	76.2	73.58666666666667	70.07333333333334	64.71333333333334	56.473333333333336	0.0
0.0	56.413333333333334	64.54	69.77333333333333	73.16666666666667	75.62	77.94666666666667	80.08	81.02666666666667	82.3	83.48666666666666	83.90666666666667	84.40666666666667	85.15333333333334	85.79333333333334	86.38	86.8	86.28	86.10666666666667	86.47333333333333	85.84666666666666	85.52666666666667	85.53333333333333	84.97333333333333	84.43333333333334	84.17333333333333	83.5	82.38	81.47333333333333	79.8	77.91333333333333	75.88666666666667	72.83333333333333	69.48666666666666	64.69333333333333	56.74	0.0
0.0	56.50666666666667	64.61333333333333	69.66666666666667	73.20666666666666	76.14	78.10666666666667	79.88666666666667	81.34	82.72	84.0	84.74666666666667	85.93333333333334	86.20666666666666	86.29333333333334	86.64	86.82666666666667	86.82	87.02	86.80666666666667	86.8	86.61333333333333	86.00666666666666	85.46	85.21333333333334	84.43333333333334	83.78	82.69333333333333	81.56	80.06666666666666	77.82	75.90666666666667	73.4	70.00666666666666	64.74	56.58	0.0
0.0	56.85333333333333	64.66666666666667	69.92666666666666	72.80666666666667	75.80666666666667	77.95333333333333	79.82	81.18	82.54	83.75333333333333	84.74	85.66	86.04666666666667	86.66666666666667	86.86666666666666	86.92	86.72666666666667	86.72666666666667	86.64	86.84	86.42666666666666	85.94666666666667	85.68666666666667	85.07333333333334	84.28666666666666	82.98666666666666	82.28666666666666	81.22	79.42	77.72	75.68	72.78	69.29333333333334	64.28666666666666	56.60666666666667	0.0
0.0	56.52	64.32	69.13333333333334	72.69333333333333	75.81333333333333	77.56666666666666	79.51333333333334	80.88666666666667	82.56666666666666	83.07333333333334	83.87333333333333	85.1	85.20666666666666	86.05333333333333	86.42666666666666	86.74666666666667	87.03333333333333	87.04666666666667	86.88666666666667	86.58666666666667	86.26666666666667	86.40666666666667	85.99333333333334	84.99333333333334	84.42	83.6	82.36666666666666	80.7	79.60666666666667	77.23333333333333	74.92666666666666	72.24666666666667	69.42666666666666	64.36666666666666	56.5	0.0
0.0	56.57333333333333	64.12666666666667	69.34666666666666	72.82	75.67333333333333	78.07333333333334	80.19333333333333	81.24	82.65333333333334	83.65333333333334	84.63333333333334	85.25333333333333	85.56666666666666	85.92	86.44	86.96	87.22	86.95333333333333	86.55333333333333	86.52	86.64666666666666	86.11333333333333	85.61333333333333	85.88666666666667	84.65333333333334	83.31333333333333	82.71333333333334	81.47333333333333	79.89333333333333	78.26	76.00666666666666	73.27333333333333	69.55333333333333	64.90666666666667	56.54	0.0
0.0	56.413333333333334	64.62	69.70666666666666	73.8	75.86	77.90666666666667	80.22	81.8	83.0	84.20666666666666	84.72	85.57333333333334	85.89333333333333	86.40666666666667	86.94666666666667	87.39333333333333	87.82	87.26	87.14666666666666	87.25333333333333	87.08	86.77333333333333	85.91333333333333	85.54666666666667	84.69333333333333	83.7	82.42666666666666	81.15333333333334	79.9	78.43333333333334	76.18666666666667	73.28	69.67333333333333	64.41333333333333	56.48	0.0
0.0	56.81333333333333	64.24666666666667	69.41333333333333	72.97333333333333	75.58666666666667	77.73333333333333	79.50666666666666	80.83333333333333	81.72666666666667	82.93333333333334	84.24666666666667	84.85333333333334	85.03333333333333	85.88666666666667	86.45333333333333	86.63333333333334	87.12666666666667	87.02	86.64	86.25333333333333	86.36666666666666	86.03333333333333	85.6	85.19333333333333	84.02	83.29333333333334	82.25333333333333	81.0	79.46	77.80666666666667	75.66	73.01333333333334	69.78	64.69333333333333	56.653333333333336	0.0
0.0	56.266666666666666	64.64666666666666	69.87333333333333	73.40666666666667	75.89333333333333	78.35333333333334	79.63333333333334	80.91333333333333	82.37333333333333	83.46666666666667	84.28666666666666	84.76666666666667	85.49333333333334	85.64666666666666	86.25333333333333	86.49333333333334	86.81333333333333	87.2	86.76	86.71333333333334	86.42	86.31333333333333	85.75333333333333	84.88666666666667	84.26	83.63333333333334	82.66	81.56666666666666	80.55333333333333	78.61333333333333	76.37333333333333	73.78666666666666	69.70666666666666	65.08	56.60666666666667	0.0
0.0	56.693333333333335	64.83333333333333	69.54666666666667	73.02	75.97333333333333	77.77333333333333	79.64666666666666	81.28666666666666	82.84	83.64	84.48	85.1	85.64666666666666	86.21333333333334	86.74	87.16666666666667	86.82666666666667	87.21333333333334	86.66666666666667	86.54	86.32	85.82	85.46	84.78	84.06666666666666	83.67333333333333	82.22666666666667	80.78666666666666	79.55333333333333	77.8	76.1	73.56666666666666	69.82	64.58666666666667	56.86	0.0
0.0	56.54666666666667	64.6	69.29333333333334	73.16	76.22	78.24	79.72666666666667	81.19333333333333	82.34	83.39333333333333	84.36	84.84	85.88666666666667	86.34666666666666	86.92666666666666	87.16	87.30666666666667	87.12666666666667	87.08666666666667	87.01333333333334	86.88666666666667	86.04	85.78666666666666	84.91333333333333	84.17333333333333	83.62666666666667	82.64666666666666	81.2	79.51333333333334	77.79333333333334	75.95333333333333	73.17333333333333	69.38	64.44666666666667	56.36666666666667	0.0
0.0	56.306666666666665	64.54	69.99333333333334	73.2	76.48	78.62666666666667	80.35333333333334	81.66	83.14	84.33333333333333	85.34666666666666	85.98666666666666	86.94	86.90666666666667	87.29333333333334	87.55333333333333	87.64666666666666	87.68666666666667	87.36	87.49333333333334	87.05333333333333	86.32666666666667	86.22666666666667	85.56666666666666	84.83333333333333	83.68	82.79333333333334	81.63333333333334	79.78	78.14	75.98	72.93333333333334	69.77333333333333	64.64	56.50666666666667	0.0
0.0	56.56	65.02	69.66	73.22	75.96	77.94	80.00666666666666	81.63333333333334	82.62	83.56666666666666	84.57333333333334	85.32	86.28	86.48	87.36	88.05333333333333	87.45333333333333	86.99333333333334	86.93333333333334	87.02	86.68	86.39333333333333	85.99333333333334	85.02	84.75333333333333	84.11333333333333	82.88	81.36666666666666	80.15333333333334	78.42	76.21333333333334	73.83333333333333	70.16	64.86666666666666	56.8	0.0
0.0	56.3	64.04	68.83333333333333	72.52666666666667	75.06	77.28	79.0	80.79333333333334	82.32666666666667	83.28	84.32666666666667	85.48	86.14666666666666	86.45333333333333	86.36666666666666	86.45333333333333	86.98	86.83333333333333	87.06	86.84	86.96	86.02666666666667	85.74	85.36666666666666	84.2	83.64	82.46	81.27333333333333	79.48	77.65333333333334	75.74666666666667	72.9	69.45333333333333	64.52	56.22666666666667	0.0
0.0	56.413333333333334	64.7	69.99333333333334	73.33333333333333	75.90666666666667	77.60666666666667	79.91333333333333	81.76666666666667	82.8	84.05333333333333	84.38666666666667	85.42	86.15333333333334	86.58666666666667	86.52666666666667	87.14666666666666	87.03333333333333	87.17333333333333	87.1	87.0	86.70666666666666	86.63333333333334	86.06	85.12	84.74	84.08	82.92666666666666	81.67333333333333	80.35333333333334	78.13333333333334	75.84666666666666	73.17333333333333	69.84666666666666	65.19333333333333	57.086666666666666	0.0
0.0	56.44	64.36	69.24666666666667	72.86666666666666	75.46666666666667	77.58666666666667	79.57333333333334	81.36666666666666	82.25333333333333	83.63333333333334	83.92	85.1	85.3	85.6	86.18	86.45333333333333	87.34	87.06	86.62666666666667	86.64666666666666	86.18	85.59333333333333	85.44666666666667	85.16	84.06666666666666	82.99333333333334	82.42666666666666	81.29333333333334	79.80666666666667	77.78666666666666	75.48666666666666	72.81333333333333	69.33333333333333	64.76666666666667	56.666666666666664	0.0
0.0	56.5	64.50666666666666	69.7	72.93333333333334	75.63333333333334	78.08666666666667	79.99333333333334	81.63333333333334	83.32666666666667	83.98	84.56666666666666	85.37333333333333	86.03333333333333	86.23333333333333	86.94666666666667	86.96	86.99333333333334	86.74666666666667	86.66666666666667	86.63333333333334	86.44666666666667	86.03333333333333	86.07333333333334	85.24	84.85333333333334	83.73333333333333	82.64	81.15333333333334	79.72	77.57333333333334	76.03333333333333	73.03333333333333	69.45333333333333	64.44666666666667	56.7	0.0
0.0	56.413333333333334	64.66666666666667	69.66666666666667	73.55333333333333	76.25333333333333	78.16666666666667	80.18	81.85333333333334	83.22666666666667	84.18666666666667	84.94	85.59333333333333	86.00666666666666	86.43333333333334	87.19333333333333	86.92666666666666	87.22666666666667	87.13333333333334	87.04	86.95333333333333	87.24	86.37333333333333	86.47333333333333	85.5	84.78666666666666	84.06666666666666	83.26666666666667	81.78	80.20666666666666	78.05333333333333	75.87333333333333	73.16	69.86666666666666	64.59333333333333	56.63333333333333	0.0
0.0	56.72	64.86666666666666	69.55333333333333	73.18666666666667	75.90666666666667	78.04	79.48666666666666	81.18666666666667	82.35333333333334	83.02666666666667	84.29333333333334	85.44666666666667	86.41333333333333	86.73333333333333	87.20666666666666	87.24666666666667	87.18666666666667	87.01333333333334	87.39333333333333	86.59333333333333	86.26666666666667	85.98	85.47333333333333	85.26666666666667	84.37333333333333	83.60666666666667	82.36666666666666	81.52666666666667	79.98666666666666	78.36666666666666	76.13333333333334	73.19333333333333	69.42	64.62666666666667	56.513333333333335	0.0
0.0	56.89333333333333	64.26666666666667	69.02	72.84666666666666	75.44	77.42666666666666	79.28	80.71333333333334	82.12666666666667	83.39333333333333	84.45333333333333	85.30666666666667	85.48666666666666	86.27333333333333	86.61333333333333	86.72	86.87333333333333	86.67333333333333	86.7	86.68	86.10666666666667	85.80666666666667	85.31333333333333	84.84666666666666	84.06666666666666	82.98	82.61333333333333	81.5	80.11333333333333	78.28666666666666	76.06666666666666	73.06	69.4	64.39333333333333	56.39333333333333	0.0
0.0	56.74	64.83333333333333	69.55333333333333	72.98	75.86666666666666	77.9	79.80666666666667	81.43333333333334	82.57333333333334	83.36666666666666	84.46666666666667	84.89333333333333	85.70666666666666	86.46	86.60666666666667	87.21333333333334	87.15333333333334	87.32666666666667	87.1	86.81333333333333	86.23333333333333	85.82666666666667	85.74666666666667	85.1	84.03333333333333	83.52666666666667	82.31333333333333	81.25333333333333	80.03333333333333	77.68666666666667	76.06666666666666	73.37333333333333	69.54666666666667	64.67333333333333	56.46	0.0
0.0	56.50666666666667	64.5	69.58666666666667	72.88	75.33333333333333	77.71333333333334	79.56	80.89333333333333	82.54	83.64666666666666	84.26666666666667	85.59333333333333	85.91333333333333	85.95333333333333	86.92	87.20666666666666	86.88	87.44	87.26	86.73333333333333	86.87333333333333	86.24666666666667	85.70666666666666	85.47333333333333	84.78666666666666	83.48666666666666	82.22	81.23333333333333	79.76	77.87333333333333	75.45333333333333	72.88	69.5	64.76	56.806666666666665	0.0
0.0	56.42	64.43333333333334	69.59333333333333	72.51333333333334	75.45333333333333	77.81333333333333	79.41333333333333	81.09333333333333	82.38	83.37333333333333	84.19333333333333	84.97333333333333	86.18666666666667	86.50666666666666	86.32666666666667	86.92666666666666	86.98	86.69333333333333	86.46	86.18666666666667	86.12	85.85333333333334	85.43333333333334	84.74	83.92	83.01333333333334	82.08	80.84666666666666	79.66666666666667	77.82666666666667	75.9	72.73333333333333	69.39333333333333	64.59333333333333	56.7	0.0
0.0	56.68666666666667	64.9	70.23333333333333	73.46666666666667	76.17333333333333	78.74	80.05333333333333	81.96666666666667	83.14666666666666	84.36	85.13333333333334	86.00666666666666	86.42	87.21333333333334	87.2	87.38666666666667	87.48666666666666	87.74	87.43333333333334	87.08	86.68	86.59333333333333	86.19333333333333	85.6	84.97333333333333	83.78666666666666	82.79333333333334	81.52	79.84666666666666	78.29333333333334	76.03333333333333	73.5	69.93333333333334	64.76666666666667	56.946666666666665	0.0
0.0	56.32	64.82666666666667	70.24666666666667	73.27333333333333	76.30666666666667	78.62	80.26	81.50666666666666	83.26666666666667	84.26	85.24666666666667	85.96666666666667	86.18666666666667	86.61333333333333	86.94	87.49333333333334	87.36666666666666	87.68	87.47333333333333	87.28	86.96	86.53333333333333	85.64666666666666	85.48	84.63333333333334	83.91333333333333	82.72	81.20666666666666	79.86	78.27333333333333	75.98666666666666	73.12	69.70666666666666	64.58	56.7	0.0
0.0	56.733333333333334	64.92	69.78	73.78666666666666	75.92666666666666	78.07333333333334	80.0	81.41333333333333	82.57333333333334	83.72	84.78	85.56	85.92	86.61333333333333	87.42	87.28666666666666	87.24	87.08666666666667	86.9	86.71333333333334	86.11333333333333	85.95333333333333	85.54	84.75333333333333	84.22666666666667	83.20666666666666	82.43333333333334	81.13333333333334	79.70666666666666	77.72666666666667	76.10666666666667	73.04666666666667	69.26666666666667	64.56666666666666	56.486666666666665	0.0
0.0	56.666666666666664	64.48	69.57333333333334	73.54	75.82	78.51333333333334	80.18666666666667	81.42	82.84666666666666	83.42666666666666	84.45333333333333	85.42	86.44666666666667	87.0	87.11333333333333	87.45333333333333	87.28666666666666	87.33333333333333	87.10666666666667	86.62	86.61333333333333	86.14	85.4	84.99333333333334	83.82	83.34666666666666	82.40666666666667	81.25333333333333	79.50666666666666	77.62666666666667	75.93333333333334	73.09333333333333	69.78	64.46666666666667	56.32666666666667	0.0
0.0	56.67333333333333	64.56	69.48	72.92666666666666	76.46	78.28666666666666	80.08	81.57333333333334	82.82666666666667	83.65333333333334	84.52	85.42	86.44	86.74666666666667	86.67333333333333	86.90666666666667	87.42	87.13333333333334	87.24	86.78	86.56666666666666	86.32	86.06	85.5	84.7	83.33333333333333	82.66666666666667	81.26666666666667	80.36666666666666	78.14	76.36666666666666	73.69333333333333	69.87333333333333	64.76666666666667	56.58	0.0
0.0	56.52	64.44666666666667	69.94666666666667	73.62666666666667	76.18666666666667	78.0	79.49333333333334	81.31333333333333	82.63333333333334	83.83333333333333	84.13333333333334	85.00666666666666	86.02666666666667	86.4	87.11333333333333	87.01333333333334	86.94	86.99333333333334	86.95333333333333	87.00666666666666	86.95333333333333	86.55333333333333	85.72666666666667	85.82666666666667	84.93333333333334	84.20666666666666	83.17333333333333	81.16	80.24	78.19333333333333	76.20666666666666	73.39333333333333	69.83333333333333	64.9	56.76	0.0
0.0	56.766666666666666	64.63333333333334	69.76	73.29333333333334	75.8	78.05333333333333	79.7	81.29333333333334	82.70666666666666	83.69333333333333	84.67333333333333	85.46	85.8	86.50666666666666	86.97333333333333	87.31333333333333	87.12666666666667	87.14	87.52	87.52666666666667	86.93333333333334	86.43333333333334	86.04	85.49333333333334	84.48	83.66666666666667	82.65333333333334	80.92666666666666	79.89333333333333	78.18666666666667	76.2	73.25333333333333	69.63333333333334	64.68	57.00666666666667	0.0
0.0	56.95333333333333	64.60666666666667	69.40666666666667	73.16	75.62	77.6	79.34666666666666	81.11333333333333	82.4	83.48666666666666	84.80666666666667	85.11333333333333	85.48666666666666	86.06666666666666	86.63333333333334	86.54666666666667	87.04	87.23333333333333	86.82	86.75333333333333	86.58666666666667	86.34666666666666	85.9	85.52	84.36	84.04	82.81333333333333	81.87333333333333	80.11333333333333	78.32666666666667	76.08	73.44	69.75333333333333	64.96666666666667	56.61333333333334	0.0
0.0	56.5	64.52	70.19333333333333	73.4	76.4	78.33333333333333	79.99333333333334	81.58666666666667	82.50666666666666	83.84666666666666	84.57333333333334	85.24	86.36666666666666	86.86	87.22666666666667	86.76	87.16666666666667	87.39333333333333	87.58666666666667	86.98666666666666	86.70666666666666	86.36666666666666	86.09333333333333	85.6	85.04666666666667	83.74666666666667	82.56	81.54666666666667	79.99333333333334	77.9	76.12	72.99333333333334	69.58	64.48666666666666	56.57333333333333	0.0
0.0	56.56	64.64666666666666	69.38666666666667	73.28	76.08	78.2	80.12	81.75333333333333	83.03333333333333	83.90666666666667	84.89333333333333	84.87333333333333	85.66666666666667	86.58666666666667	86.87333333333333	86.81333333333333	87.31333333333333	87.05333333333333	87.18	87.00666666666666	86.82666666666667	86.52666666666667	85.97333333333333	85.33333333333333	84.8	84.16	82.6	81.30666666666667	79.74666666666667	78.58	76.06	73.45333333333333	70.07333333333334	64.76666666666667	56.973333333333336	0.0
0.0	56.32666666666667	64.19333333333333	69.27333333333333	72.88	75.66	77.54	79.12	80.64	82.09333333333333	83.13333333333334	83.76	84.48666666666666	85.43333333333334	85.96	86.20666666666666	86.72666666666667	86.70666666666666	86.49333333333334	86.58666666666667	85.94666666666667	85.85333333333334	85.57333333333334	85.36	84.49333333333334	83.87333333333333	83.22	81.8	80.84	79.37333333333333	77.57333333333334	75.42	72.94	69.42	64.22666666666667	56.68666666666667	0.0
0.0	56.553333333333335	64.66	69.80666666666667	73.71333333333334	76.00666666666666	77.98666666666666	80.01333333333334	81.48666666666666	82.5	83.39333333333333	84.21333333333334	85.12666666666667	86.06666666666666	86.75333333333333	86.79333333333334	87.32666666666667	87.24	87.44	87.4	87.22	86.76666666666667	86.43333333333334	85.88666666666667	85.36	84.70666666666666	83.78	82.70666666666666	81.36666666666666	79.74	78.08666666666667	75.86	73.45333333333333	69.62	64.54	56.60666666666667	0.0
0.0	56.57333333333333	64.6	69.41333333333333	73.5	75.94666666666667	77.84666666666666	79.86666666666666	81.52	82.41333333333333	83.83333333333333	84.74666666666667	85.66	86.18	86.62666666666667	86.7	87.19333333333333	86.76	87.32666666666667	87.03333333333333	86.64	86.82	86.59333333333333	85.78	85.30666666666667	84.80666666666667	83.73333333333333	82.74666666666667	81.56666666666666	80.14	78.37333333333333	75.88666666666667	73.27333333333333	69.82	64.76	56.86	0.0
0.0	56.61333333333334	64.08	69.39333333333333	72.88	75.78666666666666	77.96666666666667	79.68666666666667	81.33333333333333	82.42666666666666	83.08	84.19333333333333	84.92	85.62	85.85333333333334	86.2	86.48666666666666	86.43333333333334	87.1	86.94	86.82	86.39333333333333	86.15333333333334	85.72666666666667	84.61333333333333	83.8	83.10666666666667	82.16666666666667	80.64	79.24666666666667	77.78666666666666	75.34666666666666	72.45333333333333	69.00666666666666	64.18	56.653333333333336	0.0
0.0	56.53333333333333	64.20666666666666	69.24666666666667	73.25333333333333	75.48666666666666	77.71333333333334	79.34	80.68666666666667	81.96	83.18	84.09333333333333	85.01333333333334	85.5	86.04666666666667	86.08	86.38	86.52666666666667	86.47333333333333	86.67333333333333	86.73333333333333	86.13333333333334	85.86666666666666	85.66	84.96	84.54	83.37333333333333	82.38	80.89333333333333	79.30666666666667	77.64666666666666	75.62	72.84	69.17333333333333	64.32666666666667	56.43333333333333	0.0
0.0	56.86	64.53333333333333	69.68666666666667	72.45333333333333	75.46666666666667	77.75333333333333	79.97333333333333	81.42666666666666	82.62	83.7	84.90666666666667	85.12666666666667	86.07333333333334	86.06666666666666	86.31333333333333	86.8	86.66	86.9	86.42666666666666	86.11333333333333	86.2	85.46	85.31333333333333	84.57333333333334	84.16666666666667	82.94	81.84	81.18666666666667	79.49333333333334	78.21333333333334	75.56	72.94	69.4	64.17333333333333	56.413333333333334	0.0
0.0	56.64	65.15333333333334	69.80666666666667	73.46666666666667	75.62	77.68	79.34	80.96	82.02	82.74666666666667	83.78	84.42666666666666	85.33333333333333	85.66666666666667	86.11333333333333	87.12666666666667	86.95333333333333	86.68	86.86	86.57333333333334	86.75333333333333	86.18	85.34	84.9	84.01333333333334	83.08	82.34	80.68666666666667	79.68666666666667	78.18666666666667	75.66	73.16	69.3	64.27333333333333	56.24666666666667	0.0
0.0	56.72	64.31333333333333	69.57333333333334	72.92	75.66	77.79333333333334	79.67333333333333	81.5	82.52	83.92	84.67333333333333	85.35333333333334	85.83333333333333	86.12	86.64666666666666	87.14	86.84666666666666	87.20666666666666	86.94	86.65333333333334	86.62666666666667	86.48	85.62	85.31333333333333	84.96	83.94666666666667	82.84666666666666	81.51333333333334	80.16	78.31333333333333	76.36666666666666	73.15333333333334	69.94666666666667	64.77333333333333	56.486666666666665	0.0
0.0	56.08	64.64	69.47333333333333	73.26	76.04666666666667	78.16	80.44666666666667	81.45333333333333	82.46	83.74666666666667	84.69333333333333	85.32	86.10666666666667	86.89333333333333	87.16	87.47333333333333	87.65333333333334	87.82	87.64666666666666	87.41333333333333	87.33333333333333	86.99333333333334	85.94666666666667	85.12	84.22	83.48666666666666	82.28	80.98	79.65333333333334	77.80666666666667	75.62	73.02	69.88666666666667	64.61333333333333	56.4	0.0
0.0	56.553333333333335	64.46	69.29333333333334	72.62666666666667	75.44666666666667	77.82	79.92	81.26	81.99333333333334	83.26	84.26	84.86	85.47333333333333	85.78	86.23333333333333	86.33333333333333	86.79333333333334	86.59333333333333	86.46666666666667	86.36	86.14	85.96	85.51333333333334	85.13333333333334	84.87333333333333	83.22666666666667	82.70666666666666	81.32666666666667	79.78	77.98	75.74	73.23333333333333	69.61333333333333	64.69333333333333	56.58	0.0
0.0	56.49333333333333	64.38666666666667	69.44666666666667	72.96666666666667	75.83333333333333	77.90666666666667	79.54666666666667	81.08666666666667	82.20666666666666	83.34666666666666	84.36	85.04666666666667	85.3	86.17333333333333	86.12666666666667	86.22	86.68	86.82	87.08	86.70666666666666	86.37333333333333	86.0	85.56666666666666	85.04	84.49333333333334	83.27333333333333	82.32666666666667	81.28666666666666	79.94	78.00666666666666	76.19333333333333	72.62	69.48	64.21333333333334	56.44	0.0
0.0	56.553333333333335	64.35333333333334	69.38	73.11333333333333	76.09333333333333	77.79333333333334	79.66	81.28666666666666	82.17333333333333	83.27333333333333	84.32666666666667	84.62	85.22	85.63333333333334	85.93333333333334	86.54	86.46	86.68666666666667	86.52666666666667	86.32	85.90666666666667	85.93333333333334	85.21333333333334	84.75333333333333	84.0	83.54	82.5	81.31333333333333	79.63333333333334	77.58666666666667	75.16666666666667	72.95333333333333	69.17333333333333	64.3	56.62	0.0
0.0	56.50666666666667	64.37333333333333	69.48666666666666	73.23333333333333	75.92666666666666	77.98	79.69333333333333	81.32	82.13333333333334	83.44	84.17333333333333	85.17333333333333	85.85333333333334	86.04666666666667	86.51333333333334	87.05333333333333	87.03333333333333	87.01333333333334	87.18666666666667	86.74	86.64	85.94666666666667	85.6	85.31333333333333	84.52666666666667	83.64	82.41333333333333	81.46666666666667	80.06666666666666	77.91333333333333	75.62666666666667	72.88	69.5	64.76666666666667	56.76	0.0
0.0	56.20666666666666	64.54	69.26666666666667	73.02666666666667	75.84	78.22	79.72666666666667	81.38666666666667	82.91333333333333	83.47333333333333	84.43333333333334	85.06666666666666	85.75333333333333	86.55333333333333	86.52666666666667	87.06	87.01333333333334	87.54	87.52666666666667	86.78	86.86	86.52	86.06666666666666	85.43333333333334	84.68666666666667	83.92	82.84666666666666	81.56666666666666	80.14666666666666	78.81333333333333	76.34666666666666	73.44666666666667	69.70666666666666	64.16	56.64666666666667	0.0
0.0	56.553333333333335	64.56666666666666	69.68666666666667	73.24666666666667	75.89333333333333	77.86666666666666	79.75333333333333	81.10666666666667	82.36666666666666	83.45333333333333	84.35333333333334	85.18	85.79333333333334	86.31333333333333	86.62	86.95333333333333	87.12666666666667	86.73333333333333	87.04666666666667	86.68666666666667	86.75333333333333	86.38	85.98	84.83333333333333	84.28666666666666	83.32	82.80666666666667	81.61333333333333	79.64	77.76	75.89333333333333	73.14	69.08	64.89333333333333	56.306666666666665	0.0
0.0	57.10666666666667	65.01333333333334	70.16	73.24666666666667	76.26666666666667	78.62666666666667	80.12	82.09333333333333	83.49333333333334	83.73333333333333	84.71333333333334	85.43333333333334	86.06666666666666	86.70666666666666	87.09333333333333	87.32	87.52666666666667	87.66666666666667	87.06666666666666	86.90666666666667	86.75333333333333	86.54666666666667	86.17333333333333	85.32666666666667	84.62666666666667	83.66	83.06666666666666	81.6	80.06	78.45333333333333	76.05333333333333	73.38666666666667	70.04666666666667	64.78666666666666	56.82666666666667	0.0
0.0	56.653333333333336	64.9	69.6	73.58	75.97333333333333	78.05333333333333	79.96666666666667	81.24666666666667	82.70666666666666	83.78	84.92666666666666	85.31333333333333	85.74666666666667	86.50666666666666	86.86	86.74	86.64666666666666	86.74666666666667	86.56666666666666	86.64	86.39333333333333	85.93333333333334	85.71333333333334	84.86666666666666	84.72666666666667	83.36666666666666	82.74	81.10666666666667	79.89333333333333	77.97333333333333	75.94	73.08666666666667	69.46	64.87333333333333	56.64	0.0
0.0	56.66	64.98	70.03333333333333	73.70666666666666	76.43333333333334	78.32	80.00666666666666	81.53333333333333	82.52	84.06	84.97333333333333	85.52666666666667	85.86666666666666	86.39333333333333	86.59333333333333	86.89333333333333	87.08666666666667	87.35333333333334	87.4	87.32666666666667	86.89333333333333	86.8	86.03333333333333	85.49333333333334	84.76666666666667	84.36666666666666	82.81333333333333	81.66666666666667	80.44666666666667	78.59333333333333	76.19333333333333	73.38	69.95333333333333	64.92666666666666	56.62	0.0
0.0	56.9	64.85333333333334	69.55333333333333	73.15333333333334	75.82	78.08666666666667	79.98666666666666	81.70666666666666	82.98	83.96666666666667	84.63333333333334	85.25333333333333	85.68	86.52	86.72	87.04666666666667	87.18	87.61333333333333	87.55333333333333	87.23333333333333	87.10666666666667	86.60666666666667	86.16	85.78	84.66	84.23333333333333	83.15333333333334	82.38	80.58	78.81333333333333	76.76666666666667	74.24	69.93333333333334	65.22666666666667	56.63333333333333	0.0
0.0	55.9	64.05333333333333	68.92666666666666	72.70666666666666	75.06	77.18	79.35333333333334	81.12	82.18	83.08666666666667	84.1	84.59333333333333	85.26666666666667	85.71333333333334	86.14666666666666	86.27333333333333	86.46666666666667	86.68	86.66	86.32	86.03333333333333	85.54	85.26666666666667	84.99333333333334	84.29333333333334	83.58666666666667	82.17333333333333	81.27333333333333	79.29333333333334	78.08	75.68666666666667	72.85333333333334	69.50666666666666	64.41333333333333	56.72666666666667	0.0
0.0	56.88	64.44666666666667	69.63333333333334	73.18666666666667	76.20666666666666	78.67333333333333	80.44666666666667	81.54	82.76666666666667	83.54666666666667	84.51333333333334	85.23333333333333	85.82	86.09333333333333	86.57333333333334	87.28666666666666	87.62666666666667	87.04666666666667	86.87333333333333	86.76666666666667	86.81333333333333	86.49333333333334	85.85333333333334	84.98	84.62666666666667	83.38	82.51333333333334	80.71333333333334	79.70666666666666	77.93333333333334	75.7	73.15333333333334	69.4	64.28	56.54666666666667	0.0
0.0	56.58	65.08	69.54	73.20666666666666	76.14	78.21333333333334	79.77333333333333	81.06666666666666	82.48666666666666	83.40666666666667	84.46666666666667	85.59333333333333	85.94	86.35333333333334	86.64	86.68666666666667	86.77333333333333	86.91333333333333	87.13333333333334	86.4	86.33333333333333	86.18	85.56	84.48666666666666	83.81333333333333	83.4	82.66	81.23333333333333	79.62666666666667	77.80666666666667	75.85333333333334	73.3	69.91333333333333	64.72666666666667	56.946666666666665	0.0
0.0	56.413333333333334	64.82666666666667	69.79333333333334	73.06666666666666	75.96666666666667	78.31333333333333	79.96	81.19333333333333	82.62666666666667	83.46	84.68	85.08	85.46666666666667	85.9	86.54666666666667	87.12666666666667	87.18666666666667	87.26666666666667	87.20666666666666	86.90666666666667	86.62666666666667	86.10666666666667	85.92666666666666	85.56	84.86666666666666	84.26666666666667	83.2	81.28666666666666	80.02	78.06666666666666	75.7	73.3	69.90666666666667	64.83333333333333	56.79333333333334	0.0
0.0	56.72666666666667	65.10666666666667	69.84	73.96666666666667	76.59333333333333	78.44	79.87333333333333	81.58666666666667	83.02666666666667	84.04	84.75333333333333	85.17333333333333	86.14666666666666	86.50666666666666	87.10666666666667	87.16666666666667	87.47333333333333	87.14	87.52	87.16	87.06666666666666	86.50666666666666	85.84666666666666	85.40666666666667	85.34666666666666	84.02666666666667	82.55333333333333	81.66666666666667	80.17333333333333	78.34	76.16	73.5	70.0	64.24666666666667	56.38	0.0
0.0	56.57333333333333	64.53333333333333	69.62	73.4	76.22666666666667	78.26666666666667	80.12666666666667	81.22666666666667	82.61333333333333	83.57333333333334	84.70666666666666	85.49333333333334	85.54	86.48	86.66666666666667	87.06666666666666	86.92666666666666	87.22666666666667	87.22	87.35333333333334	87.04	86.13333333333334	86.06666666666666	85.17333333333333	84.56	83.62	82.04	81.59333333333333	79.68666666666667	77.77333333333333	75.58666666666667	73.50666666666666	69.78	64.57333333333334	56.74	0.0
0.0	56.04666666666667	64.66	69.57333333333334	72.8	76.00666666666666	77.16666666666667	79.59333333333333	80.94666666666667	82.21333333333334	83.2	84.21333333333334	85.34	86.04	86.62666666666667	86.67333333333333	87.16666666666667	86.77333333333333	86.91333333333333	86.49333333333334	86.5	86.67333333333333	86.38666666666667	86.00666666666666	85.28	84.57333333333334	83.88666666666667	82.78666666666666	81.56666666666666	79.64666666666666	77.72	75.80666666666667	72.94	69.68	64.6	56.74666666666667	0.0
0.0	56.846666666666664	64.39333333333333	69.8	73.07333333333334	75.9	77.94666666666667	79.62666666666667	80.81333333333333	82.51333333333334	83.12	84.53333333333333	85.29333333333334	85.70666666666666	86.36666666666666	86.79333333333334	87.06666666666666	86.98666666666666	87.4	87.5	87.1	86.98	86.69333333333333	86.04	85.77333333333333	85.24	84.22666666666667	82.88666666666667	81.42666666666666	80.29333333333334	78.56	76.23333333333333	73.47333333333333	70.15333333333334	65.15333333333334	56.806666666666665	0.0
0.0	56.50666666666667	64.53333333333333	69.26	73.02666666666667	75.8	77.97333333333333	79.35333333333334	80.72666666666667	82.26	83.69333333333333	84.46666666666667	85.28666666666666	85.80666666666667	86.28666666666666	86.12	86.5	86.78666666666666	86.94666666666667	87.18	86.48666666666666	86.16	85.29333333333334	85.2	84.83333333333333	84.08	82.97333333333333	82.19333333333333	81.12666666666667	79.71333333333334	78.33333333333333	75.95333333333333	73.2	69.42	64.62	56.71333333333333	0.0
0.0	56.64	65.02666666666667	69.67333333333333	73.12666666666667	76.04666666666667	78.22	79.88666666666667	81.22666666666667	82.92666666666666	83.90666666666667	84.63333333333334	85.20666666666666	85.84666666666666	86.4	86.62666666666667	87.06	87.22666666666667	87.84666666666666	87.78	87.54	87.38	87.14	86.29333333333334	85.93333333333334	84.82	83.84666666666666	82.62	81.49333333333334	80.45333333333333	78.54	76.16	73.0	69.58666666666667	64.74666666666667	56.406666666666666	0.0
0.0	56.72666666666667	64.30666666666667	70.0	73.38666666666667	75.86	77.94	79.9	81.82666666666667	83.04666666666667	83.73333333333333	84.52	85.2	85.85333333333334	86.69333333333333	86.62	87.10666666666667	87.08	87.24666666666667	87.03333333333333	86.96	86.94	86.38666666666667	86.12	85.45333333333333	84.85333333333334	83.73333333333333	82.94666666666667	81.44666666666667	80.21333333333334	78.15333333333334	75.76666666666667	73.06	69.54	64.61333333333333	56.43333333333333	0.0
0.0	56.406666666666666	64.22666666666667	69.61333333333333	73.22666666666667	75.69333333333333	77.74	79.82	81.36	82.53333333333333	83.96	84.94666666666667	85.13333333333334	85.76666666666667	86.06	86.49333333333334	86.79333333333334	86.77333333333333	86.92666666666666	87.48	87.34	86.94666666666667	86.3	85.89333333333333	85.10666666666667	84.70666666666666	83.66666666666667	82.94	81.86	79.62	77.94	75.83333333333333	72.92666666666666	69.39333333333333	64.62	56.66	0.0
0.0	56.45333333333333	64.58666666666667	69.7	72.79333333333334	75.86666666666666	78.28666666666666	79.98666666666666	81.47333333333333	82.84666666666666	83.98666666666666	84.8	85.32	86.36666666666666	86.01333333333334	86.56	87.03333333333333	87.08	87.15333333333334	86.87333333333333	86.87333333333333	86.52	86.26666666666667	85.63333333333334	85.47333333333333	84.33333333333333	83.38666666666667	82.83333333333333	81.2	79.91333333333333	78.20666666666666	75.68666666666667	73.38666666666667	70.11333333333333	65.14	56.82666666666667	0.0
0.0	56.72	64.44666666666667	69.51333333333334	72.86666666666666	76.01333333333334	78.09333333333333	79.61333333333333	81.35333333333334	82.52	83.26	84.02	85.22	86.0	86.2	86.67333333333333	87.02	87.4	87.14	87.08666666666667	87.28666666666666	86.59333333333333	86.43333333333334	85.94666666666667	85.25333333333333	84.29333333333334	83.52	82.48	80.97333333333333	79.60666666666667	78.18666666666667	75.57333333333334	72.67333333333333	69.51333333333334	64.81333333333333	56.77333333333333	0.0
0.0	56.806666666666665	64.82	69.45333333333333	73.24	75.67333333333333	77.62	79.58	81.05333333333333	82.74	83.68666666666667	84.57333333333334	85.36	85.84666666666666	86.26	86.95333333333333	87.11333333333333	87.30666666666667	87.54666666666667	87.06666666666666	86.65333333333334	87.06666666666666	86.58666666666667	86.04666666666667	85.55333333333333	84.95333333333333	83.94666666666667	82.64666666666666	81.71333333333334	79.70666666666666	78.25333333333333	75.92666666666666	73.24666666666667	69.59333333333333	64.36666666666666	56.22666666666667	0.0
0.0	56.44	64.59333333333333	69.77333333333333	73.23333333333333	75.82666666666667	78.31333333333333	80.14666666666666	81.56666666666666	82.45333333333333	83.71333333333334	84.56666666666666	85.41333333333333	85.64666666666666	86.78666666666666	87.03333333333333	87.24	87.85333333333334	87.68666666666667	87.27333333333333	87.52	87.24	86.6	86.31333333333333	85.83333333333333	85.22	84.29333333333334	82.88666666666667	81.58	80.08	78.44666666666667	76.09333333333333	73.30666666666667	69.8	64.50666666666666	56.513333333333335	0.0
0.0	56.67333333333333	64.42	69.47333333333333	72.92666666666666	75.61333333333333	77.86666666666666	79.78	81.03333333333333	81.97333333333333	83.37333333333333	84.20666666666666	85.20666666666666	85.58	85.78666666666666	86.33333333333333	86.40666666666667	86.44666666666667	86.56666666666666	86.60666666666667	86.50666666666666	85.74666666666667	85.29333333333334	84.96	84.48666666666666	83.88	82.48666666666666	81.96	80.91333333333333	79.98666666666666	77.86666666666666	76.06666666666666	73.1	69.68	64.05333333333333	56.10666666666667	0.0
0.0	56.77333333333333	64.78	69.38666666666667	73.23333333333333	76.36666666666666	78.36666666666666	80.18	81.29333333333334	83.1	83.66	84.83333333333333	85.36	85.79333333333334	86.35333333333334	86.5	87.13333333333334	87.32	87.54	87.59333333333333	87.4	86.82	86.36	85.69333333333333	85.24	84.84	83.5	82.71333333333334	81.57333333333334	79.98666666666666	78.23333333333333	75.94	73.12	69.96666666666667	64.94666666666667	56.82666666666667	0.0
0.0	56.78666666666667	64.76666666666667	69.98	73.44666666666667	76.45333333333333	78.62	80.31333333333333	81.44	82.64666666666666	83.50666666666666	84.23333333333333	84.58	85.52666666666667	86.09333333333333	86.25333333333333	86.62666666666667	86.63333333333334	85.92	86.59333333333333	86.65333333333334	85.94666666666667	85.88666666666667	85.60666666666667	84.78666666666666	83.8	83.04	82.08666666666667	80.60666666666667	79.20666666666666	77.76666666666667	75.56	72.81333333333333	69.33333333333333	64.54	56.586666666666666	0.0
0.0	56.57333333333333	64.80666666666667	69.54666666666667	73.18	75.95333333333333	78.33333333333333	79.84666666666666	81.56666666666666	82.54	83.46	84.44	85.55333333333333	85.88666666666667	86.62	86.52	87.53333333333333	87.31333333333333	87.32	87.81333333333333	87.61333333333333	87.06	86.22	85.86	85.46	84.89333333333333	83.67333333333333	82.78	81.62666666666667	80.26666666666667	77.88	75.84666666666666	72.96	69.31333333333333	63.946666666666665	56.38666666666666	0.0
0.0	56.446666666666665	64.27333333333333	69.32	73.17333333333333	75.92	77.78	79.94	81.15333333333334	82.21333333333334	83.42666666666666	84.44666666666667	85.11333333333333	85.16666666666667	85.82	85.82	86.37333333333333	86.58666666666667	86.56	86.74	86.36	86.34	85.82	85.64	84.42666666666666	84.12	82.87333333333333	82.22	80.56	79.71333333333334	78.06	75.88666666666667	73.6	69.62	64.6	56.5	0.0
0.0	56.56666666666667	64.6	69.32	73.02	75.98	77.95333333333333	79.63333333333334	81.14	82.35333333333334	83.46666666666667	84.54	85.47333333333333	85.98	86.64	86.54	86.63333333333334	87.32	87.52	87.36	87.16	87.02	86.68666666666667	86.44	85.76	84.80666666666667	83.90666666666667	82.84	81.38666666666667	79.61333333333333	78.24666666666667	75.77333333333333	72.98	69.80666666666667	64.32	56.593333333333334	0.0
0.0	56.666666666666664	64.98	69.92	73.88666666666667	76.17333333333333	78.67333333333333	80.27333333333333	81.32	82.32	83.57333333333334	84.62	85.54666666666667	86.36	86.58	86.96666666666667	87.11333333333333	87.38	88.06666666666666	87.66	87.3	86.88666666666667	86.7	86.06666666666666	85.65333333333334	84.57333333333334	83.98	82.4	81.47333333333333	79.91333333333333	78.34	75.96666666666667	73.34	69.12666666666667	64.64666666666666	56.60666666666667	0.0
0.0	56.35333333333333	64.5	69.44	73.18	75.46666666666667	77.55333333333333	79.59333333333333	81.05333333333333	82.50666666666666	83.49333333333334	84.34	84.96	85.96	86.16	86.48666666666666	87.01333333333334	87.13333333333334	87.33333333333333	86.92666666666666	86.44666666666667	86.60666666666667	86.11333333333333	85.62666666666667	84.81333333333333	84.35333333333334	83.3	82.46	81.33333333333333	79.52666666666667	77.63333333333334	75.67333333333333	72.92	69.50666666666666	64.64666666666666	56.62	0.0
0.0	56.44	64.08	69.05333333333333	72.71333333333334	75.66666666666667	78.01333333333334	79.69333333333333	80.94	82.87333333333333	83.4	84.2	84.92	85.84	86.14666666666666	86.62666666666667	86.74	86.67333333333333	87.08666666666667	87.07333333333334	87.03333333333333	86.28	86.2	85.96666666666667	84.99333333333334	84.33333333333333	83.24666666666667	82.43333333333334	81.1	79.86666666666666	77.47333333333333	75.92	73.12	69.85333333333334	64.65333333333334	56.406666666666666	0.0
0.0	56.28666666666667	64.58666666666667	69.48	72.84	75.44	77.84	79.55333333333333	81.34	82.64	83.90666666666667	84.88	85.94666666666667	86.50666666666666	86.99333333333334	86.66666666666667	87.36	87.08666666666667	87.28	87.18666666666667	87.71333333333334	87.15333333333334	86.39333333333333	86.02	85.44	84.63333333333334	83.42	82.35333333333334	81.01333333333334	79.68666666666667	78.3	76.22666666666667	73.53333333333333	70.16	64.49333333333334	56.11333333333334	0.0
0.0	56.82666666666667	65.00666666666666	69.84	73.69333333333333	75.99333333333334	77.92	80.31333333333333	81.73333333333333	82.46666666666667	83.56666666666666	84.48	84.92666666666666	85.62	86.12666666666667	86.89333333333333	86.44666666666667	87.20666666666666	87.36	87.14	87.16	86.92	86.52	86.16666666666667	85.41333333333333	84.46	84.28	83.24	81.96666666666667	80.31333333333333	78.40666666666667	75.84666666666666	72.72	69.44	64.7	56.85333333333333	0.0
0.0	56.76	64.89333333333333	69.48666666666666	72.94	75.78	78.14	79.96666666666667	81.42666666666666	82.74	84.16666666666667	85.02666666666667	85.66666666666667	86.31333333333333	86.75333333333333	86.76	86.92666666666666	87.22666666666667	87.13333333333334	86.91333333333333	86.76	86.64666666666666	86.02	85.17333333333333	84.57333333333334	84.35333333333334	83.61333333333333	82.74	81.44666666666667	79.94666666666667	78.04666666666667	76.05333333333333	73.22	70.16666666666667	64.70666666666666	56.486666666666665	0.0
0.0	56.36666666666667	64.56	69.46	72.87333333333333	75.53333333333333	78.21333333333334	80.16	81.39333333333333	82.57333333333334	83.48666666666666	84.54666666666667	85.15333333333334	85.06	85.92666666666666	86.54666666666667	86.86666666666666	86.93333333333334	86.62666666666667	86.6	86.90666666666667	86.56	86.48	85.68	85.52666666666667	84.26666666666667	83.3	82.47333333333333	81.15333333333334	79.65333333333334	78.01333333333334	75.79333333333334	72.57333333333334	69.46666666666667	64.10666666666667	56.473333333333336	0.0
0.0	56.44	64.46666666666667	68.88666666666667	72.56666666666666	75.00666666666666	77.68	79.11333333333333	80.80666666666667	81.92	83.26666666666667	84.21333333333334	85.02	85.24	85.87333333333333	86.28	86.60666666666667	86.46	86.53333333333333	86.89333333333333	86.23333333333333	85.78	85.63333333333334	84.98	84.82666666666667	84.0	83.29333333333334	82.47333333333333	81.55333333333333	79.77333333333333	77.8	75.60666666666667	72.8	69.14	63.78666666666667	56.26	0.0
0.0	56.63333333333333	64.5	69.59333333333333	72.74666666666667	75.76	78.37333333333333	79.9	81.35333333333334	82.80666666666667	83.61333333333333	84.81333333333333	85.48	85.92	86.6	86.82666666666667	87.04666666666667	87.46666666666667	87.43333333333334	87.27333333333333	87.08	87.07333333333334	86.57333333333334	86.34666666666666	85.26666666666667	84.36	83.48666666666666	82.68	81.24	79.66666666666667	77.88	75.62	73.09333333333333	69.53333333333333	64.68666666666667	56.24666666666667	0.0
0.0	56.666666666666664	64.28666666666666	69.2	72.6	75.42	77.72	79.32666666666667	80.69333333333333	82.04	83.3	84.26	85.35333333333334	85.95333333333333	86.57333333333334	86.24	86.58	86.79333333333334	86.68666666666667	86.94666666666667	86.7	86.33333333333333	85.99333333333334	85.74	84.97333333333333	83.96666666666667	83.31333333333333	82.62	81.32	79.62666666666667	78.32	75.77333333333333	73.21333333333334	69.26	64.34666666666666	56.31333333333333	0.0
0.0	56.54666666666667	64.46	69.68666666666667	73.26	75.67333333333333	77.91333333333333	79.66	80.66	82.15333333333334	83.32	84.14666666666666	84.57333333333334	85.79333333333334	86.09333333333333	86.61333333333333	87.07333333333334	87.04666666666667	86.98	86.99333333333334	86.90666666666667	86.60666666666667	86.12666666666667	85.64	85.12	84.69333333333333	83.60666666666667	82.62	81.18666666666667	79.77333333333333	78.16666666666667	75.94	72.77333333333333	69.52	64.58666666666667	56.653333333333336	0.0
0.0	56.49333333333333	64.35333333333334	69.28666666666666	72.64666666666666	75.55333333333333	77.76666666666667	79.78	81.54666666666667	82.34666666666666	83.59333333333333	84.23333333333333	84.73333333333333	85.42666666666666	85.72666666666667	86.32	86.84666666666666	86.81333333333333	86.68	86.70666666666666	86.5	86.32	85.86666666666666	85.53333333333333	85.24	83.94	82.79333333333334	81.65333333333334	80.93333333333334	79.67333333333333	77.80666666666667	76.06	73.1	69.38	64.57333333333334	56.45333333333333	0.0
0.0	56.986666666666665	64.76	69.38	72.84	75.22	77.82666666666667	79.62666666666667	81.23333333333333	82.28666666666666	83.13333333333334	84.3	84.88	85.23333333333333	85.66666666666667	86.11333333333333	86.45333333333333	86.78666666666666	86.81333333333333	87.06666666666666	86.83333333333333	86.40666666666667	85.85333333333334	85.46666666666667	84.86666666666666	84.0	83.28666666666666	82.05333333333333	80.89333333333333	79.6	77.62	75.72666666666667	72.86666666666666	69.52	64.56	56.54666666666667	0.0
0.0	56.48	64.61333333333333	69.54	72.96	75.58	77.44666666666667	79.15333333333334	80.18666666666667	81.79333333333334	83.16666666666667	83.96	84.81333333333333	85.28666666666666	85.8	86.00666666666666	86.19333333333333	86.24666666666667	86.58666666666667	86.4	86.56666666666666	86.08666666666667	85.62	85.03333333333333	84.66666666666667	83.88666666666667	83.04	82.2	81.02	79.31333333333333	77.98666666666666	75.42666666666666	72.61333333333333	69.55333333333333	64.34666666666666	56.46666666666667	0.0
0.0	56.56666666666667	64.7	69.45333333333333	73.29333333333334	76.00666666666666	77.68666666666667	79.92666666666666	81.57333333333334	82.78	83.6	84.64666666666666	85.0	85.98666666666666	86.10666666666667	86.48	87.04	86.81333333333333	87.22666666666667	87.3	86.8	86.95333333333333	85.76666666666667	85.46666666666667	84.98666666666666	84.22666666666667	83.82	82.56	81.54	79.91333333333333	78.00666666666666	75.56	72.91333333333333	69.56666666666666	64.43333333333334	56.9	0.0
0.0	56.75333333333333	65.08666666666667	69.83333333333333	73.46	76.21333333333334	78.02	80.04	81.19333333333333	82.75333333333333	83.59333333333333	84.45333333333333	85.62666666666667	86.42666666666666	86.68666666666667	86.79333333333334	87.15333333333334	87.14	86.95333333333333	87.10666666666667	87.11333333333333	86.6	86.31333333333333	85.88	85.21333333333334	84.60666666666667	83.24666666666667	82.56666666666666	81.28666666666666	79.81333333333333	77.92	75.85333333333334	73.22	69.86666666666666	64.74	56.70666666666666	0.0
0.0	56.94	64.76666666666667	69.92	73.16	76.25333333333333	78.22	80.14666666666666	81.42	82.84666666666666	84.14666666666666	84.77333333333333	85.86	86.15333333333334	86.38	86.70666666666666	87.24666666666667	87.11333333333333	87.24666666666667	87.46	87.47333333333333	87.1	86.62666666666667	85.95333333333333	85.02666666666667	84.7	83.85333333333334	82.89333333333333	81.8	80.26	78.15333333333334	76.3	73.13333333333334	69.70666666666666	64.90666666666667	56.7	0.0
0.0	56.78666666666667	64.92666666666666	70.42	73.54666666666667	76.07333333333334	78.42666666666666	79.54666666666667	81.48666666666666	82.85333333333334	83.93333333333334	84.54666666666667	85.04666666666667	85.94	86.19333333333333	86.72	87.18666666666667	86.92666666666666	86.9	87.3	87.02	86.90666666666667	86.57333333333334	85.92	85.40666666666667	84.86	83.67333333333333	82.44666666666667	81.50666666666666	79.89333333333333	77.97333333333333	76.16666666666667	73.1	69.98666666666666	64.88666666666667	56.61333333333334	0.0
0.0	56.42666666666667	64.30666666666667	69.72	72.94	75.92	78.16666666666667	79.73333333333333	81.24666666666667	82.33333333333333	83.45333333333333	84.28666666666666	84.87333333333333	85.1	86.09333333333333	86.44666666666667	86.62666666666667	86.55333333333333	87.06666666666666	86.93333333333334	87.1	86.62666666666667	86.54	86.09333333333333	85.24	84.48	83.74666666666667	82.79333333333334	81.66666666666667	79.94666666666667	78.22	76.68	73.67333333333333	69.73333333333333	64.80666666666667	56.64666666666667	0.0
0.0	56.233333333333334	64.3	69.4	72.8	75.40666666666667	77.56	79.09333333333333	80.49333333333334	81.52	82.86666666666666	83.98	84.67333333333333	85.36666666666666	85.7	86.16	86.94666666666667	86.47333333333333	86.69333333333333	86.85333333333334	86.93333333333334	86.50666666666666	86.34666666666666	85.58666666666667	84.70666666666666	83.98	82.95333333333333	82.17333333333333	80.86	79.26666666666667	77.8	75.67333333333333	72.99333333333334	69.32666666666667	64.19333333333333	56.026666666666664	0.0
0.0	56.58	64.6	69.57333333333334	73.19333333333333	75.96	78.11333333333333	79.92666666666666	81.25333333333333	82.41333333333333	83.51333333333334	84.75333333333333	85.52666666666667	86.22666666666667	86.62	86.84	87.34666666666666	87.36	87.18	87.28666666666666	87.18666666666667	86.89333333333333	86.48666666666666	86.04666666666667	85.49333333333334	84.76666666666667	83.51333333333334	82.42	80.89333333333333	80.15333333333334	78.04	75.92666666666666	73.44666666666667	69.49333333333334	64.92	56.70666666666666	0.0
0.0	56.38	64.46666666666667	69.64666666666666	73.18	76.4	78.44	80.34	81.80666666666667	83.04666666666667	83.91333333333333	84.60666666666667	85.48	86.11333333333333	86.07333333333334	87.00666666666666	86.68666666666667	87.43333333333334	87.18	87.40666666666667	87.09333333333333	86.55333333333333	86.42	85.89333333333333	85.64666666666666	84.98	84.00666666666666	83.22666666666667	81.54666666666667	80.28666666666666	78.31333333333333	76.2	73.47333333333333	69.42666666666666	64.62666666666667	56.766666666666666	0.0
0.0	56.44	64.26	69.21333333333334	72.63333333333334	75.92	78.18	80.24666666666667	81.48	82.78666666666666	83.88666666666667	84.27333333333333	85.37333333333333	85.15333333333334	86.12666666666667	86.66	87.02666666666667	87.32	87.67333333333333	87.4	86.96666666666667	86.81333333333333	86.48	86.20666666666666	85.62666666666667	84.66666666666667	83.61333333333333	82.48	81.64666666666666	79.79333333333334	78.14	75.82666666666667	73.41333333333333	69.36666666666666	64.63333333333334	56.5	0.0
0.0	56.72	64.72	70.24	73.38	76.08	78.29333333333334	80.24	81.08666666666667	82.81333333333333	83.55333333333333	84.1	85.31333333333333	85.64	86.15333333333334	86.88	87.07333333333334	87.2	87.24	87.28666666666666	87.27333333333333	86.76	86.27333333333333	86.04	85.39333333333333	84.47333333333333	84.25333333333333	82.72666666666667	81.52666666666667	79.98666666666666	77.95333333333333	75.99333333333334	73.32	69.77333333333333	64.42	56.54666666666667	0.0
0.0	57.2	64.53333333333333	69.02666666666667	72.64666666666666	75.36	77.45333333333333	79.38	81.01333333333334	82.22666666666667	82.89333333333333	83.73333333333333	84.82	85.1	85.86666666666666	86.5	86.75333333333333	86.47333333333333	86.49333333333334	86.44	86.2	86.50666666666666	85.86666666666666	85.50666666666666	85.29333333333334	84.47333333333333	83.62	82.99333333333334	81.31333333333333	80.06666666666666	77.72	76.08	73.08666666666667	69.71333333333334	64.7	56.50666666666667	0.0
0.0	56.48	64.62666666666667	69.56	73.39333333333333	76.02666666666667	78.3	80.31333333333333	81.32	82.98	84.22666666666667	85.08666666666667	85.48	86.51333333333334	86.84	87.27333333333333	87.35333333333334	87.5	87.56666666666666	87.71333333333334	87.77333333333333	87.21333333333334	86.46	85.92	85.58	84.69333333333333	83.94666666666667	83.00666666666666	81.89333333333333	80.45333333333333	78.60666666666667	76.18	73.42	69.67333333333333	64.8	56.413333333333334	0.0
0.0	56.74	64.78	69.27333333333333	73.09333333333333	76.37333333333333	77.94666666666667	80.0	81.48	82.77333333333333	83.96	84.63333333333334	85.18666666666667	85.59333333333333	86.13333333333334	86.19333333333333	86.66	86.81333333333333	86.47333333333333	86.67333333333333	86.9	86.63333333333334	86.64666666666666	86.28666666666666	85.22	84.80666666666667	83.44666666666667	82.56	80.95333333333333	79.82666666666667	78.08666666666667	75.70666666666666	72.88	69.54666666666667	64.77333333333333	56.79333333333334	0.0
0.0	56.54666666666667	64.50666666666666	69.68	73.57333333333334	75.95333333333333	78.4	79.54	81.45333333333333	82.76	83.78666666666666	84.76	85.45333333333333	86.03333333333333	86.58666666666667	86.82	87.24666666666667	87.27333333333333	87.4	87.08666666666667	87.11333333333333	86.94	86.60666666666667	86.06666666666666	85.44	84.66666666666667	84.11333333333333	83.1	81.76666666666667	80.62	78.44666666666667	76.31333333333333	73.24666666666667	69.81333333333333	64.57333333333334	56.42666666666667	0.0
0.0	56.266666666666666	64.46666666666667	69.48	72.95333333333333	75.47333333333333	77.82	79.38666666666667	80.97333333333333	82.4	83.51333333333334	84.52666666666667	85.32666666666667	85.78666666666666	86.3	86.92666666666666	87.02	87.52	87.39333333333333	86.96	87.10666666666667	86.95333333333333	86.6	85.84666666666666	85.05333333333333	84.68	83.92	82.77333333333333	81.34	80.08	78.53333333333333	76.64666666666666	73.47333333333333	69.92	64.60666666666667	56.473333333333336	0.0
0.0	56.58	64.32666666666667	69.29333333333334	72.63333333333334	75.56	77.56	79.24666666666667	80.82	81.72666666666667	82.90666666666667	83.54	84.73333333333333	85.12	85.60666666666667	86.04666666666667	86.36	86.66666666666667	86.66	86.68	86.39333333333333	86.16666666666667	85.77333333333333	85.64	84.76	84.05333333333333	83.60666666666667	82.64666666666666	81.36	79.36	77.73333333333333	75.16	73.10666666666667	69.5	64.16666666666667	56.17333333333333	0.0
0.0	56.46	64.56666666666666	69.32	73.12666666666667	75.84666666666666	77.96666666666667	80.10666666666667	81.38666666666667	82.65333333333334	83.56	84.33333333333333	84.84	85.71333333333334	86.53333333333333	86.56	86.84666666666666	86.68666666666667	86.48	86.87333333333333	86.88666666666667	86.35333333333334	85.78	85.52	84.39333333333333	83.76	82.96	82.09333333333333	80.70666666666666	79.61333333333333	77.85333333333334	75.5	73.12	69.19333333333333	64.30666666666667	56.53333333333333	0.0
0.0	56.46	64.78	69.54666666666667	73.39333333333333	76.28	78.20666666666666	79.96666666666667	81.64	82.48666666666666	83.57333333333334	83.92666666666666	85.06666666666666	85.93333333333334	86.39333333333333	86.8	87.00666666666666	87.02	86.63333333333334	87.08666666666667	86.64	86.31333333333333	85.85333333333334	85.24	84.96	84.03333333333333	83.24666666666667	82.50666666666666	81.33333333333333	79.44666666666667	77.92	76.02	73.26	69.79333333333334	64.60666666666667	56.25333333333333	0.0
0.0	56.70666666666666	64.78	69.56	73.04666666666667	75.63333333333334	77.99333333333334	79.65333333333334	81.58	81.99333333333334	83.68	84.18	85.02	85.54	86.08666666666667	86.32666666666667	86.83333333333333	86.75333333333333	86.79333333333334	86.30666666666667	86.58	86.64666666666666	86.4	85.9	85.28666666666666	84.38666666666667	83.54666666666667	82.66	81.18666666666667	80.18666666666667	78.36	75.9	73.04	69.81333333333333	64.81333333333333	56.906666666666666	0.0
0.0	56.24	64.34666666666666	69.14	72.92666666666666	75.68	77.9	79.48	81.09333333333333	81.90666666666667	83.16	84.26	85.38	85.68	86.22	86.34666666666666	86.6	86.91333333333333	86.76	86.58	86.82	86.74	86.18	85.71333333333334	85.05333333333333	84.45333333333333	83.47333333333333	81.97333333333333	80.66666666666667	79.66	77.54666666666667	74.87333333333333	72.84666666666666	69.12	64.14	56.18666666666667	0.0
0.0	56.44	64.66666666666667	69.45333333333333	73.00666666666666	75.38666666666667	77.98	79.56	80.71333333333334	82.74	83.66	84.06	84.37333333333333	85.42666666666666	86.12	86.13333333333334	86.50666666666666	86.17333333333333	86.33333333333333	86.50666666666666	86.58	86.68666666666667	86.01333333333334	85.69333333333333	85.02666666666667	84.07333333333334	83.45333333333333	82.29333333333334	80.98	79.79333333333334	78.00666666666666	75.65333333333334	73.08	69.28	64.29333333333334	56.68	0.0
0.0	56.5	64.73333333333333	69.62666666666667	73.29333333333334	75.76	78.22	80.04	81.30666666666667	82.66	83.58	84.11333333333333	84.63333333333334	85.58666666666667	85.76	86.23333333333333	86.67333333333333	86.7	87.06	86.81333333333333	86.75333333333333	86.52	86.11333333333333	85.72	85.34666666666666	84.32666666666667	83.24666666666667	82.51333333333334	81.38666666666667	79.66666666666667	78.00666666666666	75.66	72.74	69.28666666666666	64.57333333333334	56.54666666666667	0.0
0.0	56.53333333333333	64.78	69.56	72.94666666666667	75.72666666666667	78.01333333333334	79.82	81.28	82.40666666666667	83.36	84.34	84.97333333333333	86.19333333333333	85.9	86.69333333333333	87.00666666666666	86.98	86.98666666666666	87.06	86.96666666666667	86.87333333333333	86.39333333333333	86.19333333333333	84.98666666666666	84.32666666666667	83.20666666666666	82.52666666666667	81.20666666666666	79.81333333333333	77.9	75.66666666666667	73.08666666666667	69.96	64.72	56.526666666666664	0.0
0.0	56.54666666666667	64.74	69.86	73.03333333333333	76.13333333333334	78.18	80.12	81.26	82.24	83.13333333333334	84.18666666666667	85.16666666666667	85.66	86.34666666666666	86.78666666666666	87.25333333333333	87.29333333333334	86.86666666666666	87.26	86.78	86.38666666666667	86.11333333333333	86.29333333333334	85.16666666666667	84.27333333333333	83.61333333333333	82.43333333333334	80.68666666666667	79.35333333333334	77.93333333333334	75.44	73.3	69.48	64.94	56.66	0.0
0.0	56.67333333333333	64.92	70.34666666666666	73.78	76.16	78.30666666666667	79.84666666666666	81.50666666666666	82.93333333333334	83.81333333333333	84.75333333333333	85.76666666666667	86.22666666666667	86.45333333333333	86.58666666666667	87.41333333333333	87.60666666666667	87.31333333333333	87.15333333333334	87.20666666666666	86.68666666666667	86.6	85.86	85.14666666666666	84.72666666666667	83.78666666666666	82.61333333333333	80.98666666666666	79.33333333333333	77.96666666666667	75.92666666666666	73.26	69.74	64.42	56.58	0.0
0.0	56.38	64.72666666666667	69.94666666666667	73.18666666666667	75.56666666666666	77.68	79.69333333333333	80.78	82.73333333333333	83.81333333333333	85.1	86.02666666666667	86.27333333333333	86.69333333333333	86.77333333333333	87.38	87.39333333333333	87.63333333333334	86.94666666666667	87.25333333333333	86.94	86.22666666666667	85.61333333333333	85.06	84.30666666666667	83.52	82.27333333333333	81.12666666666667	79.45333333333333	77.54666666666667	75.38666666666667	72.76666666666667	69.40666666666667	64.50666666666666	56.626666666666665	0.0
0.0	56.64	64.06	68.90666666666667	72.4	75.06	77.14666666666666	79.43333333333334	80.64666666666666	82.22	83.05333333333333	83.95333333333333	84.66666666666667	84.96	85.90666666666667	86.43333333333334	86.78666666666666	86.77333333333333	86.93333333333334	86.69333333333333	86.78666666666666	86.58666666666667	86.1	85.94	85.39333333333333	84.34	83.51333333333334	82.3	81.53333333333333	79.48666666666666	77.46	75.54666666666667	73.07333333333334	69.18666666666667	64.41333333333333	56.39333333333333	0.0
0.0	56.7	64.27333333333333	69.44	73.25333333333333	75.80666666666667	78.4	79.96666666666667	81.24	82.14666666666666	83.16666666666667	84.42	85.0	86.12666666666667	86.54666666666667	86.74666666666667	87.16666666666667	86.90666666666667	87.14666666666666	86.86666666666666	86.81333333333333	86.19333333333333	85.69333333333333	85.21333333333334	84.74666666666667	84.12666666666667	83.53333333333333	82.34666666666666	81.40666666666667	79.86666666666666	77.91333333333333	75.58666666666667	73.02666666666667	69.27333333333333	64.56	56.86	0.0
0.0	56.63333333333333	64.41333333333333	69.28666666666666	73.12666666666667	75.91333333333333	77.89333333333333	79.9	81.42666666666666	82.26	83.50666666666666	84.36	85.32666666666667	85.60666666666667	86.13333333333334	86.22666666666667	86.44666666666667	86.98	87.04	87.44	86.72666666666667	86.38666666666667	86.11333333333333	86.01333333333334	85.25333333333333	84.58	83.72666666666667	82.75333333333333	81.23333333333333	79.81333333333333	78.16666666666667	76.05333333333333	73.38666666666667	69.76	64.56666666666666	56.54	0.0
0.0	56.72666666666667	64.72	69.7	73.34	75.90666666666667	78.21333333333334	79.96666666666667	81.7	82.35333333333334	83.61333333333333	84.93333333333334	85.42	85.78	86.04666666666667	86.69333333333333	86.71333333333334	86.58	87.41333333333333	86.53333333333333	86.72	86.32666666666667	85.59333333333333	85.22666666666667	84.67333333333333	83.77333333333333	82.98	82.2	81.09333333333333	79.7	77.68	75.79333333333334	72.92	69.67333333333333	64.74	56.9	0.0
0.0	56.75333333333333	64.55333333333333	69.6	72.92666666666666	75.89333333333333	78.01333333333334	79.74	81.27333333333333	82.83333333333333	83.5	84.45333333333333	85.48666666666666	85.87333333333333	86.39333333333333	86.86	86.86	87.12666666666667	87.12	86.56666666666666	86.68	86.51333333333334	86.26	85.68	85.72	84.59333333333333	83.83333333333333	82.78666666666666	81.62666666666667	80.00666666666666	78.58666666666667	75.9	73.53333333333333	69.6	65.12	56.20666666666666	0.0
0.0	56.626666666666665	64.54	69.35333333333334	73.03333333333333	75.46	78.26666666666667	79.7	81.80666666666667	82.96	83.64666666666666	84.32666666666667	85.18666666666667	85.74666666666667	86.16666666666667	86.58666666666667	86.98	87.18666666666667	87.23333333333333	86.95333333333333	86.86666666666666	86.45333333333333	86.12666666666667	85.93333333333334	85.21333333333334	84.56666666666666	83.51333333333334	81.93333333333334	80.66	79.48	77.57333333333334	75.80666666666667	73.26	69.52666666666667	64.11333333333333	56.666666666666664	0.0
0.0	56.35333333333333	64.34	69.06666666666666	72.32666666666667	75.60666666666667	77.57333333333334	79.82666666666667	80.91333333333333	82.61333333333333	83.76	84.87333333333333	85.17333333333333	85.66	86.4	86.76666666666667	86.89333333333333	87.06	87.18666666666667	87.18	86.96	86.77333333333333	86.37333333333333	86.13333333333334	85.67333333333333	84.8	84.21333333333334	82.79333333333334	81.34	79.52	77.78	75.86	73.0	69.45333333333333	64.71333333333334	56.39333333333333	0.0
0.0	56.76	64.34	69.70666666666666	73.24	75.88	77.63333333333334	79.46	81.36	82.68666666666667	83.28666666666666	84.32	84.8	85.72666666666667	86.3	86.61333333333333	86.60666666666667	87.04666666666667	86.90666666666667	87.34	87.11333333333333	86.79333333333334	86.36666666666666	86.29333333333334	85.29333333333334	84.43333333333334	83.12	82.56	81.1	79.78666666666666	77.94666666666667	75.27333333333333	72.89333333333333	69.29333333333334	64.75333333333333	56.70666666666666	0.0
0.0	56.413333333333334	64.66	69.8	73.29333333333334	75.76	77.7	79.5	80.78666666666666	82.51333333333334	83.67333333333333	84.07333333333334	84.79333333333334	85.76666666666667	86.62666666666667	86.83333333333333	87.11333333333333	87.09333333333333	87.36666666666666	87.36	86.63333333333334	86.58666666666667	86.50666666666666	86.12666666666667	85.44666666666667	84.73333333333333	83.81333333333333	82.52	81.46	79.86666666666666	78.1	76.12666666666667	73.10666666666667	69.34	64.04	56.20666666666666	0.0
0.0	56.526666666666664	64.56666666666666	69.56666666666666	73.72	76.15333333333334	78.38666666666667	80.05333333333333	81.39333333333333	82.6	83.58666666666667	84.45333333333333	85.31333333333333	85.18	86.06	86.6	86.99333333333334	87.71333333333334	87.35333333333334	87.12666666666667	87.30666666666667	86.84	85.97333333333333	85.82	85.1	84.42	84.16666666666667	82.64	81.44	80.24	78.55333333333333	76.22666666666667	73.20666666666666	69.53333333333333	64.66	56.79333333333334	0.0
0.0	56.68	64.80666666666667	69.74	73.29333333333334	75.89333333333333	78.16	80.06	82.06	83.1	84.28666666666666	85.16666666666667	85.95333333333333	86.34666666666666	87.20666666666666	87.46	87.63333333333334	87.52666666666667	87.47333333333333	87.36666666666666	87.37333333333333	86.65333333333334	86.58666666666667	85.96	85.24666666666667	84.52666666666667	83.58	82.97333333333333	81.8	79.79333333333334	78.05333333333333	75.74	72.94666666666667	69.9	64.94	56.71333333333333	0.0
0.0	56.486666666666665	64.76	69.83333333333333	73.12	75.96	78.26	80.12666666666667	81.83333333333333	82.51333333333334	83.82	84.7	85.75333333333333	86.22	86.68666666666667	86.79333333333334	86.88	87.34666666666666	86.97333333333333	86.88666666666667	86.76666666666667	86.00666666666666	86.26	85.74666666666667	84.71333333333334	84.24666666666667	83.08	82.33333333333333	81.41333333333333	79.72	77.56	76.10666666666667	73.29333333333334	69.61333333333333	64.79333333333334	56.62	0.0
0.0	56.406666666666666	64.52666666666667	68.95333333333333	72.49333333333334	75.1	77.62666666666667	79.6	80.55333333333333	82.0	83.22666666666667	83.84	84.56	85.44666666666667	86.37333333333333	86.42	86.55333333333333	86.79333333333334	86.85333333333334	86.68	86.75333333333333	86.21333333333334	86.12666666666667	85.23333333333333	84.70666666666666	84.08666666666667	83.32	82.12666666666667	81.02666666666667	79.26666666666667	77.38666666666667	75.04666666666667	72.59333333333333	68.91333333333333	63.946666666666665	56.28	0.0
0.0	56.626666666666665	64.48666666666666	69.82666666666667	73.55333333333333	76.54666666666667	78.38666666666667	80.3	81.55333333333333	82.75333333333333	83.7	84.65333333333334	85.08666666666667	85.93333333333334	86.42666666666666	86.58	86.39333333333333	86.52	86.66	86.86666666666666	86.35333333333334	86.55333333333333	86.66666666666667	85.62	85.10666666666667	83.63333333333334	83.52	82.56666666666666	80.97333333333333	80.06666666666666	78.20666666666666	75.72666666666667	73.32666666666667	69.98	64.53333333333333	56.95333333333333	0.0
0.0	56.60666666666667	64.79333333333334	69.59333333333333	73.62	76.0	78.31333333333333	80.24666666666667	81.28	82.71333333333334	83.90666666666667	84.42666666666666	84.94	85.94666666666667	86.3	87.00666666666666	87.04666666666667	86.63333333333334	86.72666666666667	86.75333333333333	86.51333333333334	86.62666666666667	85.88666666666667	85.62	84.68	83.92666666666666	83.48666666666666	81.84666666666666	80.59333333333333	79.40666666666667	77.72	75.56	73.10666666666667	69.52666666666667	64.58	56.6	0.0
0.0	56.6	64.85333333333334	69.75333333333333	73.52	76.15333333333334	78.26666666666667	80.24	81.99333333333334	82.98666666666666	84.12666666666667	85.06	85.37333333333333	86.34666666666666	86.80666666666667	87.24	87.64	87.66666666666667	87.23333333333333	87.46666666666667	87.02	87.29333333333334	87.05333333333333	86.32666666666667	85.90666666666667	84.64666666666666	83.85333333333334	82.63333333333334	81.38	79.73333333333333	78.14666666666666	75.99333333333334	73.22	69.53333333333333	64.49333333333334	56.54666666666667	0.0
0.0	56.5	64.28666666666666	69.44	73.25333333333333	75.63333333333334	78.25333333333333	79.87333333333333	81.68	82.98	83.69333333333333	84.51333333333334	85.24666666666667	85.59333333333333	86.26666666666667	86.72666666666667	87.02666666666667	87.14666666666666	87.62666666666667	87.14666666666666	86.96	86.59333333333333	86.47333333333333	86.38666666666667	84.86666666666666	84.50666666666666	83.56	82.82	81.34666666666666	80.58666666666667	78.41333333333333	76.32666666666667	73.24	69.74	64.76	56.84	0.0
0.0	56.54	64.32666666666667	69.84	73.12666666666667	76.0	78.26	80.21333333333334	81.77333333333333	82.98	83.91333333333333	84.82	85.52	85.94	86.48	87.12	87.34666666666666	86.96666666666667	87.38666666666667	87.31333333333333	87.16666666666667	86.82666666666667	86.49333333333334	85.96666666666667	84.92666666666666	83.91333333333333	83.39333333333333	82.54666666666667	81.41333333333333	80.06666666666666	77.82	75.98666666666666	73.35333333333334	69.40666666666667	64.08666666666667	56.333333333333336	0.0
0.0	56.473333333333336	64.47333333333333	68.96	72.64	75.42666666666666	77.56666666666666	79.74	80.54	82.04666666666667	83.00666666666666	84.19333333333333	84.95333333333333	85.70666666666666	86.4	86.36	86.52666666666667	86.8	86.70666666666666	86.91333333333333	86.3	86.56	86.06	85.54666666666667	85.2	84.58	83.54666666666667	82.08	81.18666666666667	79.36	77.96666666666667	75.63333333333334	73.19333333333333	69.57333333333334	64.70666666666666	56.49333333333333	0.0
0.0	56.6	64.70666666666666	69.46666666666667	73.16666666666667	75.78666666666666	78.2	79.66	81.18666666666667	82.24666666666667	83.61333333333333	84.57333333333334	85.41333333333333	85.78	86.5	87.19333333333333	86.58	87.29333333333334	87.08666666666667	87.05333333333333	86.97333333333333	86.48666666666666	86.37333333333333	85.85333333333334	85.56	84.61333333333333	83.71333333333334	82.63333333333334	81.38666666666667	79.82666666666667	77.98666666666666	75.68666666666667	72.86	69.82	64.78666666666666	56.85333333333333	0.0
0.0	56.78666666666667	65.1	70.28	73.81333333333333	76.20666666666666	78.2	80.24	81.75333333333333	82.81333333333333	84.12666666666667	84.74	85.72	86.30666666666667	86.45333333333333	86.88	87.28	87.2	87.55333333333333	87.29333333333334	87.07333333333334	87.14666666666666	86.64666666666666	85.96666666666667	85.9	85.08	84.11333333333333	82.77333333333333	81.42	80.08	78.42666666666666	76.04666666666667	73.06	69.92666666666666	64.64666666666666	56.66	0.0
0.0	56.64666666666667	64.21333333333334	69.31333333333333	73.21333333333334	75.36	77.97333333333333	79.48666666666666	81.38666666666667	82.59333333333333	83.43333333333334	84.18	84.88666666666667	85.38666666666667	85.49333333333334	86.02666666666667	86.5	86.42	86.29333333333334	86.66666666666667	86.37333333333333	85.94	85.76	85.42666666666666	85.01333333333334	84.25333333333333	82.76666666666667	81.83333333333333	80.56666666666666	79.16	77.32	75.34666666666666	72.52	69.27333333333333	64.58666666666667	56.42666666666667	0.0
0.0	56.86	64.60666666666667	69.66666666666667	73.64	76.56666666666666	78.54	80.64	81.94666666666667	82.88	84.15333333333334	84.54666666666667	85.68666666666667	86.14	86.63333333333334	87.15333333333334	87.26	87.24666666666667	87.18	87.42	87.09333333333333	86.90666666666667	86.42666666666666	86.0	85.45333333333333	84.78	84.21333333333334	82.96666666666667	81.62666666666667	80.1	78.42666666666666	76.10666666666667	73.29333333333334	69.57333333333334	64.42	56.46	0.0
0.0	56.67333333333333	64.22666666666667	68.86	72.86666666666666	75.52	77.66	79.33333333333333	81.26	82.14	83.24	83.79333333333334	84.68	85.14	85.70666666666666	85.98666666666666	86.60666666666667	86.52	86.28	86.84	86.76	86.16666666666667	86.18666666666667	85.57333333333334	84.46	84.05333333333333	82.9	82.16666666666667	80.8	79.28666666666666	77.48666666666666	74.82666666666667	72.42	68.95333333333333	64.48666666666666	56.63333333333333	0.0
0.0	56.56	64.67333333333333	69.46666666666667	72.83333333333333	76.14	78.19333333333333	80.02	81.8	82.92	84.05333333333333	84.87333333333333	85.53333333333333	86.36	86.68	87.40666666666667	87.22	87.35333333333334	87.63333333333334	87.45333333333333	87.47333333333333	87.2	87.13333333333334	86.22	85.62666666666667	84.73333333333333	83.63333333333334	82.6	81.52	79.95333333333333	78.28	75.84666666666666	73.0	69.66666666666667	64.68	56.593333333333334	0.0
0.0	56.74666666666667	64.98666666666666	70.01333333333334	73.0	76.07333333333334	78.14	80.05333333333333	81.33333333333333	82.43333333333334	83.72	84.58666666666667	85.12666666666667	85.84666666666666	86.36666666666666	86.68666666666667	87.45333333333333	86.9	86.88666666666667	87.01333333333334	87.22	86.76	86.17333333333333	85.52	85.00666666666666	84.14666666666666	83.48666666666666	82.62	81.66666666666667	80.21333333333334	78.72666666666667	76.24666666666667	73.42666666666666	69.54	64.88666666666667	56.49333333333333	0.0
0.0	57.06666666666667	65.17333333333333	69.56666666666666	73.55333333333333	76.10666666666667	78.54	80.1	81.22	82.69333333333333	83.36	84.33333333333333	85.42	85.92666666666666	86.34666666666666	86.95333333333333	86.79333333333334	87.25333333333333	87.44	87.11333333333333	87.2	87.03333333333333	86.9	86.38	85.94666666666667	85.29333333333334	84.28666666666666	83.28666666666666	82.0	80.39333333333333	78.64666666666666	76.31333333333333	73.44	69.52666666666667	65.08666666666667	56.75333333333333	0.0
0.0	56.973333333333336	64.87333333333333	69.66666666666667	73.13333333333334	76.25333333333333	78.14	80.15333333333334	81.65333333333334	83.18	84.1	84.80666666666667	85.92	86.68	87.14	87.48666666666666	87.79333333333334	88.04666666666667	88.38666666666667	88.40666666666667	88.18666666666667	87.54666666666667	87.25333333333333	86.58	86.12	85.22666666666667	83.93333333333334	83.52	81.66	80.01333333333334	78.12666666666667	75.89333333333333	73.28	70.02666666666667	65.05333333333333	56.68666666666667	0.0
0.0	56.68	64.28666666666666	69.84	73.22666666666667	75.54	78.1	79.72666666666667	80.97333333333333	82.22666666666667	83.08	84.02	84.26	85.22	85.63333333333334	86.34666666666666	86.45333333333333	86.78	86.45333333333333	86.24	86.42666666666666	86.62	86.2	85.8	84.88666666666667	84.08666666666667	83.44	82.58	81.38	79.66	78.02666666666667	75.78	72.95333333333333	69.46	64.74	56.60666666666667	0.0
0.0	56.486666666666665	64.50666666666666	69.68666666666667	73.3	75.8	77.96666666666667	79.70666666666666	81.14	81.82	83.02666666666667	83.80666666666667	84.88666666666667	85.44	85.9	86.38666666666667	86.85333333333334	87.0	86.88	87.00666666666666	86.80666666666667	86.24	86.34666666666666	85.43333333333334	85.02	83.85333333333334	83.69333333333333	82.26	80.88666666666667	79.21333333333334	77.49333333333334	75.23333333333333	72.37333333333333	69.01333333333334	64.3	56.28	0.0
0.0	56.46666666666667	64.48666666666666	69.77333333333333	73.31333333333333	76.21333333333334	78.31333333333333	80.26	82.1	82.81333333333333	83.80666666666667	84.56	84.91333333333333	85.76666666666667	86.88666666666667	87.06	87.62666666666667	87.09333333333333	87.29333333333334	87.18666666666667	86.94	86.67333333333333	86.52666666666667	86.52	85.91333333333333	84.99333333333334	84.04	82.90666666666667	81.73333333333333	80.45333333333333	78.59333333333333	76.18666666666667	73.52666666666667	69.97333333333333	64.83333333333333	56.846666666666664	0.0
0.0	56.593333333333334	64.87333333333333	69.42666666666666	73.24	75.98	78.14	79.96666666666667	81.39333333333333	82.43333333333334	83.46	84.28666666666666	85.44666666666667	85.97333333333333	86.37333333333333	86.71333333333334	86.41333333333333	86.66666666666667	86.64	86.41333333333333	86.0	85.99333333333334	85.56	84.94	85.01333333333334	84.46666666666667	83.49333333333334	82.39333333333333	80.87333333333333	79.52	77.96666666666667	75.48666666666666	72.95333333333333	69.17333333333333	64.40666666666667	56.28666666666667	0.0
0.0	56.486666666666665	64.87333333333333	69.60666666666667	73.24	76.03333333333333	78.36	79.58666666666667	81.84666666666666	82.96	84.04	84.98	85.64666666666666	86.4	86.82666666666667	86.67333333333333	87.38666666666667	87.64666666666666	87.33333333333333	87.12666666666667	86.82666666666667	86.76666666666667	86.1	85.92	84.87333333333333	84.30666666666667	83.58666666666667	82.42	81.16	79.80666666666667	78.21333333333334	76.04	73.63333333333334	69.84	64.88	56.586666666666666	0.0
0.0	56.28666666666667	64.42	69.61333333333333	73.31333333333333	75.97333333333333	78.30666666666667	79.66666666666667	81.23333333333333	82.58666666666667	83.54	84.20666666666666	85.08	85.87333333333333	86.16666666666667	86.35333333333334	87.18666666666667	87.10666666666667	87.17333333333333	87.08	87.26666666666667	87.16666666666667	86.94	86.14666666666666	85.56666666666666	84.88	83.79333333333334	82.84	81.28	79.95333333333333	78.19333333333333	76.10666666666667	73.19333333333333	69.94	64.86	56.666666666666664	0.0
0.0	56.68	64.57333333333334	69.44	73.02	75.92	77.78666666666666	79.72	81.09333333333333	82.51333333333334	83.52	84.42	85.81333333333333	85.97333333333333	86.80666666666667	86.73333333333333	87.00666666666666	87.21333333333334	87.41333333333333	87.33333333333333	87.1	86.78	86.54	85.92666666666666	85.75333333333333	84.76666666666667	83.86	82.74	81.26	80.12	78.08666666666667	75.9	73.4	69.68666666666667	64.86	56.913333333333334	0.0
0.0	56.6	64.32	69.25333333333333	72.61333333333333	75.32	77.58	79.62666666666667	80.78666666666666	82.12666666666667	82.84666666666666	84.03333333333333	85.07333333333334	85.36666666666666	85.94	86.42666666666666	86.55333333333333	86.71333333333334	86.43333333333334	86.38666666666667	86.36666666666666	86.11333333333333	86.00666666666666	85.53333333333333	84.95333333333333	83.93333333333334	83.29333333333334	81.58666666666667	80.7	79.47333333333333	77.6	74.87333333333333	72.56666666666666	68.88666666666667	64.47333333333333	56.29333333333334	0.0
0.0	56.586666666666666	64.84666666666666	69.82	73.44666666666667	76.10666666666667	78.04	80.18	81.38666666666667	82.76	83.66	84.6	84.98	85.78	86.16666666666667	86.18666666666667	86.58666666666667	86.89333333333333	87.0	87.24	86.79333333333334	86.65333333333334	86.40666666666667	85.82666666666667	85.26	84.36	83.52666666666667	82.27333333333333	81.12	79.56666666666666	77.84666666666666	75.74666666666667	72.89333333333333	69.13333333333334	64.57333333333334	56.666666666666664	0.0
0.0	56.306666666666665	64.49333333333334	69.31333333333333	72.6	75.90666666666667	77.92666666666666	79.87333333333333	81.34666666666666	82.16	83.54	84.44	85.46666666666667	86.08	86.54666666666667	86.72666666666667	87.02	86.7	87.24	86.98	86.92666666666666	86.6	85.58666666666667	85.4	84.80666666666667	83.96	83.42	82.39333333333333	81.14	79.95333333333333	78.08	75.86666666666666	72.95333333333333	69.66666666666667	64.6	56.38	0.0
0.0	56.74666666666667	64.82666666666667	69.45333333333333	72.67333333333333	75.24	77.62	79.46	80.88666666666667	82.16666666666667	83.11333333333333	83.85333333333334	84.78666666666666	85.42666666666666	85.64666666666666	86.36666666666666	86.76	86.72666666666667	86.76	86.43333333333334	86.32	85.96	86.05333333333333	85.37333333333333	84.92666666666666	84.42	83.75333333333333	82.68	80.94	79.64	78.2	76.04	73.57333333333334	70.02	64.76666666666667	56.60666666666667	0.0
0.0	56.626666666666665	64.70666666666666	69.45333333333333	73.18666666666667	75.63333333333334	78.08666666666667	79.46666666666667	81.11333333333333	82.64666666666666	83.68666666666667	84.80666666666667	85.34	85.94	86.38666666666667	86.78666666666666	86.94	86.94	86.84666666666666	87.02666666666667	86.66	86.68	86.06666666666666	85.74	85.41333333333333	84.84	83.39333333333333	82.58666666666667	80.92	79.59333333333333	78.02666666666667	75.79333333333334	72.86	69.28	64.52	56.52	0.0
0.0	56.68666666666667	64.36666666666666	69.24	73.02666666666667	75.92	78.3	79.79333333333334	81.8	82.84	83.85333333333334	84.88666666666667	85.51333333333334	85.90666666666667	86.43333333333334	86.56666666666666	86.72666666666667	86.91333333333333	87.03333333333333	86.96666666666667	87.07333333333334	86.32	86.52	85.60666666666667	85.34666666666666	84.56	83.82	82.36	81.10666666666667	79.42	77.35333333333334	75.54666666666667	72.97333333333333	69.4	64.76666666666667	56.86666666666667	0.0
0.0	56.6	64.31333333333333	69.57333333333334	72.58666666666667	75.41333333333333	77.69333333333333	79.84666666666666	81.19333333333333	82.26666666666667	83.97333333333333	84.77333333333333	85.48666666666666	85.58	86.48	86.46666666666667	86.92	87.09333333333333	87.20666666666666	87.25333333333333	86.80666666666667	86.63333333333334	86.2	85.90666666666667	85.7	84.75333333333333	83.59333333333333	82.72666666666667	81.02666666666667	79.56	77.81333333333333	75.45333333333333	72.30666666666667	69.22666666666667	65.06666666666666	56.84	0.0
0.0	56.58	64.33333333333333	69.72	72.94	75.75333333333333	77.92666666666666	80.18	81.5	82.27333333333333	83.4	84.53333333333333	85.5	86.49333333333334	86.92666666666666	87.18666666666667	86.93333333333334	87.04	87.38666666666667	87.40666666666667	87.06666666666666	86.66	85.96	86.01333333333334	85.12666666666667	84.15333333333334	83.84666666666666	82.32	81.39333333333333	79.79333333333334	78.57333333333334	76.11333333333333	73.30666666666667	69.82	64.74666666666667	56.82666666666667	0.0
0.0	56.70666666666666	64.80666666666667	69.83333333333333	73.23333333333333	76.08	78.07333333333334	79.84	80.96666666666667	83.00666666666666	84.0	84.7	85.41333333333333	85.70666666666666	86.52	86.57333333333334	86.44666666666667	86.7	87.24666666666667	87.20666666666666	86.98666666666666	86.89333333333333	86.52666666666667	86.06	85.56666666666666	84.89333333333333	84.16	82.65333333333334	81.71333333333334	80.24	78.08666666666667	75.76666666666667	73.08666666666667	69.68666666666667	64.57333333333334	56.60666666666667	0.0
0.0	56.44	64.51333333333334	69.78666666666666	73.07333333333334	75.42	77.65333333333334	79.92	81.22	82.35333333333334	83.61333333333333	84.34666666666666	85.38666666666667	86.15333333333334	86.34	86.98666666666666	86.85333333333334	87.21333333333334	86.98666666666666	86.82	86.84	86.21333333333334	85.8	85.1	84.25333333333333	84.21333333333334	83.32	82.15333333333334	81.06	79.63333333333334	78.20666666666666	76.1	73.17333333333333	69.56	65.0	56.96666666666667	0.0
0.0	56.58	64.75333333333333	69.62666666666667	73.00666666666666	75.84	78.28	79.55333333333333	81.53333333333333	82.58	83.68	84.83333333333333	85.65333333333334	86.06666666666666	86.49333333333334	86.93333333333334	86.69333333333333	86.67333333333333	86.74666666666667	87.20666666666666	86.9	86.83333333333333	86.66666666666667	86.06666666666666	85.07333333333334	84.07333333333334	83.13333333333334	82.38666666666667	80.95333333333333	79.62	77.9	76.12	73.72	70.16666666666667	64.82666666666667	56.74	0.0
0.0	56.553333333333335	64.55333333333333	69.58666666666667	73.06	75.28666666666666	78.05333333333333	80.1	81.38	82.69333333333333	83.56666666666666	84.58666666666667	85.38	86.02666666666667	86.63333333333334	87.11333333333333	87.37333333333333	87.54	87.62666666666667	87.12666666666667	87.28	86.65333333333334	86.56666666666666	86.38	85.72666666666667	84.53333333333333	83.82	82.6	81.17333333333333	79.44666666666667	78.27333333333333	75.76	73.2	69.67333333333333	64.9	56.35333333333333	0.0
0.0	56.72	64.57333333333334	69.56	73.44666666666667	75.98666666666666	78.19333333333333	80.04	81.4	82.64	83.72	84.81333333333333	85.34	85.57333333333334	86.38	86.83333333333333	86.97333333333333	87.47333333333333	87.56666666666666	87.31333333333333	87.17333333333333	87.06	86.34666666666666	85.86666666666666	85.1	84.57333333333334	83.66	82.46	81.34666666666666	80.42	78.64	76.44	73.09333333333333	69.75333333333333	64.85333333333334	56.77333333333333	0.0
0.0	56.28	64.5	69.33333333333333	72.66666666666667	76.11333333333333	78.03333333333333	79.97333333333333	81.5	82.92666666666666	84.16	84.74	85.53333333333333	85.97333333333333	86.26666666666667	86.94	87.28666666666666	87.36	87.45333333333333	87.56	87.65333333333334	87.24	87.10666666666667	86.16666666666667	85.84666666666666	84.8	83.97333333333333	83.17333333333333	81.51333333333334	79.86	78.22666666666667	75.96	73.1	69.33333333333333	64.54666666666667	56.38	0.0
0.0	56.24	64.42	69.40666666666667	73.07333333333334	75.72666666666667	77.79333333333334	79.66666666666667	81.12	81.92	83.14	84.52	85.07333333333334	85.65333333333334	86.28	86.72666666666667	87.02666666666667	87.55333333333333	87.23333333333333	87.2	86.84666666666666	86.54	86.6	85.84666666666666	85.56666666666666	84.49333333333334	83.64	82.6	81.2	80.06	78.30666666666667	76.16	73.38666666666667	70.02666666666667	64.58	56.54	0.0
0.0	56.46	64.67333333333333	69.38666666666667	72.89333333333333	75.4	77.80666666666667	78.99333333333334	80.5	81.96	82.78666666666666	83.68666666666667	84.74	85.49333333333334	85.85333333333334	86.10666666666667	86.31333333333333	86.40666666666667	86.58	86.47333333333333	86.54666666666667	85.96666666666667	85.77333333333333	85.45333333333333	85.04666666666667	84.22	83.25333333333333	82.30666666666667	80.93333333333334	79.4	77.89333333333333	75.88	72.93333333333334	69.67333333333333	64.40666666666667	56.36666666666667	0.0
0.0	56.373333333333335	64.11333333333333	69.0	72.78	75.63333333333334	77.94666666666667	79.37333333333333	80.99333333333334	82.5	83.34666666666666	84.42	84.91333333333333	85.41333333333333	85.94	86.00666666666666	86.72666666666667	87.05333333333333	87.30666666666667	87.48	87.48666666666666	87.25333333333333	86.77333333333333	86.19333333333333	85.6	84.60666666666667	84.1	82.52	81.50666666666666	79.66	77.61333333333333	75.88	73.03333333333333	69.66666666666667	64.38666666666667	56.266666666666666	0.0
0.0	56.906666666666666	64.76	69.90666666666667	73.55333333333333	76.40666666666667	78.78666666666666	80.46666666666667	82.09333333333333	83.38666666666667	84.26666666666667	85.52666666666667	85.94	86.56666666666666	87.35333333333334	87.55333333333333	87.6	88.02	87.60666666666667	87.68666666666667	87.18666666666667	87.55333333333333	87.4	86.3	85.85333333333334	84.69333333333333	84.18	82.89333333333333	81.98	79.82	78.28666666666666	76.06	73.35333333333334	69.81333333333333	64.7	56.56666666666667	0.0
