-0.8879012345679007
-0.8920987654320974
-0.9046913580246906
-0.9019753086419743
-0.8965432098765421
-0.9022222222222211
-0.9044444444444436
-0.89111111111111
-0.902469135802468
-0.8792592592592585
-0.9066666666666657
-0.8985185185185175
-0.9101234567901227
-0.9160493827160483
-0.9113580246913568
-0.9083950617283941
-0.8758024691358016
-0.8950617283950606
-0.9199999999999993
-0.8928395061728386
-0.908148148148147
-0.8888888888888884
-0.906666666666666
-0.8918518518518515
-0.8839506172839496
-0.8834567901234565
-0.9051851851851842
-0.9014814814814806
-0.9049382716049372
-0.8980246913580239
-0.8938271604938263
-0.8958024691358014
-0.9039506172839495
-0.9123456790123449
-0.9034567901234557
-0.8938271604938263
-0.8883950617283943
-0.9143209876543197
-0.9140740740740734
-0.9130864197530855
-0.8992592592592581
-0.892592592592592
-0.9138271604938261
-0.8896296296296288
-0.9017283950617276
-0.9017283950617273
-0.9091358024691347
-0.9039506172839495
-0.917037037037036
-0.8876543209876536
-0.8854320987654313
-0.9046913580246906
-0.9185185185185177
-0.9098765432098753
-0.8879012345679005
-0.9113580246913571
-0.9069135802469126
-0.9017283950617273
-0.8995061728395052
-0.8903703703703694
-0.8874074074074065
-0.8827160493827152
-0.8883950617283941
-0.9051851851851842
-0.917037037037036
-0.8953086419753081
-0.8940740740740731
-0.8841975308641967
-0.8948148148148141
-0.8958024691358014
-0.9101234567901226
-0.9074074074074064
-0.9017283950617275
-0.8923456790123447
-0.9138271604938262
-0.9056790123456778
-0.9111111111111103
-0.9074074074074064
-0.9049382716049372
-0.9076543209876532
-0.8997530864197519
-0.8977777777777766
-0.8965432098765421
-0.9004938271604929
-0.8930864197530852
-0.8943209876543199
-0.8883950617283943
-0.8898765432098753
-0.9002469135802461
-0.8972839506172829
-0.8913580246913568
-0.9037037037037025
-0.8911111111111103
-0.8933333333333325
-0.8770370370370364
-0.9049382716049374
-0.888148148148147
-0.9083950617283941
-0.9034567901234561
-0.9007407407407398
-0.8888888888888874
-0.9256790123456782
-0.8906172839506165
-0.9002469135802454
-0.8955555555555543
-0.8911111111111101
-0.9217283950617275
-0.9128395061728386
-0.8846913580246906
-0.8972839506172829
-0.8849382716049373
-0.8987654320987647
-0.8992592592592583
-0.8948148148148143
-0.9076543209876534
-0.8987654320987645
-0.9054320987654311
-0.9034567901234556
-0.8883950617283941
-0.9167901234567891
-0.899999999999999
-0.8940740740740734
-0.9143209876543199
-0.9209876543209865
-0.8982716049382704
-0.8856790123456783
-0.8812345679012339
-0.897037037037036
-0.9081481481481473
-0.8997530864197523
-0.9096296296296288
-0.8861728395061719
-0.899999999999999
-0.9079012345679003
-0.8982716049382709
-0.9014814814814802
-0.9037037037037029
-0.8728395061728383
-0.8967901234567891
-0.8913580246913568
-0.903703703703703
-0.9091358024691353
-0.8950617283950608
-0.897777777777777
-0.9130864197530858
-0.8925925925925913
-0.8982716049382709
-0.9014814814814804
-0.9034567901234559
-0.9204938271604929
-0.9012345679012335
-0.8925925925925918
-0.8879012345679007
-0.8879012345679007
-0.8928395061728387
-0.8972839506172835
-0.8930864197530854
-0.9019753086419746
-0.8925925925925916
-0.9237037037037029
-0.8888888888888884
-0.9098765432098755
-0.9160493827160485
-0.9037037037037025
-0.8980246913580239
-0.9098765432098761
-0.8953086419753078
-0.8999999999999992
-0.892098765432098
-0.8960493827160483
-0.901234567901234
-0.8990123456790113
-0.9017283950617276
-0.8965432098765423
-0.9066666666666657
-0.9182716049382708
-0.9177777777777769
-0.8898765432098751
-0.8997530864197519
-0.892098765432098
-0.9004938271604928
-0.9135802469135791
-0.8958024691358016
-0.9106172839506166
-0.8928395061728386
-0.9061728395061719
-0.9012345679012337
-0.897777777777777
-0.8975308641975303
-0.9029629629629621
-0.8841975308641963
-0.8871604938271596
