-0.9972222222222221
-0.986111111111111
-0.9972222222222221
-0.9722222222222221
-0.9972222222222221
-0.9972222222222221
-0.9944444444444445
-1.0
-1.0
-1.0
-1.0
-1.0
-1.0
-1.0
-1.0
-0.9472222222222222
-1.0
-1.0
-0.9888888888888889
-0.9972222222222221
-1.0
-0.9944444444444445
-0.9777777777777779
-0.9555555555555557
-1.0
-0.9888888888888889
-1.0
-1.0
-1.0
-0.9972222222222221
-0.9777777777777779
-0.9916666666666666
-0.9805555555555555
-1.0
-1.0
-0.9944444444444445
-1.0
-1.0
-1.0
-0.9944444444444445
-1.0
-1.0
-1.0
-0.9972222222222221
-0.9722222222222221
-0.9583333333333334
-1.0
-1.0
-1.0
-1.0
-0.986111111111111
-1.0
-1.0
-0.9888888888888889
-1.0
-1.0
-0.986111111111111
-1.0
-0.9972222222222221
-1.0
-0.9805555555555555
-0.986111111111111
-1.0
-0.9666666666666666
-0.986111111111111
-1.0
-0.9694444444444444
-0.9916666666666668
-0.986111111111111
-1.0
-0.9444444444444444
-0.986111111111111
-1.0
-1.0
-1.0
-1.0
-1.0
-0.9972222222222221
-0.9972222222222221
-1.0
-1.0
-0.9972222222222221
-1.0
-0.9722222222222223
-1.0
-0.9944444444444445
-1.0
-0.986111111111111
-0.9666666666666666
-1.0
-1.0
-0.9722222222222223
-0.9972222222222221
-1.0
-0.9916666666666668
-0.9888888888888889
