-1.0
-1.0
-1.0
-0.95
-1.0
-1.0
-1.0
-1.0
-1.0
-0.9888888888888889
-1.0
-1.0
-0.9972222222222221
-1.0
-0.986111111111111
-1.0
-1.0
-1.0
-1.0
-1.0
-1.0
-1.0
-1.0
-1.0
-0.9972222222222221
-1.0
-1.0
-1.0
-0.986111111111111
-0.9944444444444445
-1.0
-1.0
-0.9972222222222221
-1.0
-1.0
-1.0
-0.986111111111111
-1.0
-1.0
-1.0
-1.0
-0.9972222222222221
-1.0
-1.0
-0.9805555555555555
-0.986111111111111
-0.9888888888888889
-0.986111111111111
-0.9916666666666668
-1.0
-0.9638888888888889
-1.0
-1.0
-0.9972222222222221
-1.0
-1.0
-1.0
-1.0
-0.9888888888888889
-1.0
-1.0
-1.0
-0.9944444444444445
-1.0
-1.0
-1.0
-0.9694444444444444
-1.0
-0.9888888888888889
-1.0
-1.0
-0.9944444444444445
-1.0
-1.0
-1.0
-0.9888888888888889
-1.0
-1.0
-1.0
-1.0
-1.0
-1.0
-1.0
-1.0
-1.0
-0.986111111111111
-1.0
-1.0
-1.0
-1.0
-0.9972222222222221
-0.9722222222222221
-0.9972222222222221
-1.0
-1.0
-1.0
