-0.9055555555555556
-0.9972222222222221
-1.0
-0.9888888888888889
-0.9527777777777778
-0.9944444444444445
-0.9916666666666668
-0.9777777777777779
-0.9361111111111111
-0.9833333333333332
-0.9944444444444445
-0.9833333333333332
-0.9805555555555557
-0.9916666666666666
-0.9972222222222221
-0.9583333333333334
-0.9361111111111111
-0.986111111111111
-0.9916666666666668
-0.9694444444444444
-0.9305555555555556
-0.9416666666666668
-0.9555555555555555
-0.9722222222222223
-0.9916666666666668
-0.9805555555555555
-0.9805555555555557
-0.9916666666666668
-0.9972222222222221
-0.975
-0.9694444444444444
-0.9972222222222221
-1.0
-0.9194444444444445
-0.9805555555555555
-0.8694444444444445
-1.0
-0.9972222222222221
-0.986111111111111
-1.0
-1.0
-0.925
-0.9333333333333333
-0.9805555555555555
-0.9722222222222221
-0.9805555555555557
-0.9444444444444444
-0.9666666666666668
-0.9972222222222221
-0.9527777777777778
-0.925
-0.9833333333333334
-0.9
-0.9416666666666667
-0.9944444444444445
-0.9888888888888889
-0.9972222222222221
-0.8805555555555555
-0.9888888888888889
-0.961111111111111
-0.9972222222222221
-0.9722222222222223
-0.875
-0.9888888888888889
-0.95
-0.9888888888888889
-0.9583333333333333
-1.0
-1.0
-1.0
-0.9888888888888889
-1.0
-0.9166666666666667
-0.9916666666666668
-1.0
-0.975
-0.9583333333333333
-0.9666666666666666
-1.0
-0.961111111111111
-1.0
-0.9833333333333334
-0.9944444444444445
-0.9944444444444445
-0.9583333333333334
-0.9722222222222221
-1.0
-1.0
-0.9972222222222221
-0.961111111111111
-1.0
-0.9333333333333332
-0.9666666666666668
-0.9944444444444445
-0.9638888888888889
-0.9888888888888889
