-0.7805555555555556
-0.888888888888889
-0.2777777777777778
-0.8416666666666668
-0.5972222222222221
-0.7416666666666666
-0.5805555555555556
-0.38055555555555554
-0.7777777777777778
-0.7111111111111111
-0.4
-0.17222222222222222
-0.5472222222222223
-0.075
-0.5222222222222223
-0.7833333333333333
-0.5555555555555556
-0.7833333333333333
-0.4527777777777778
-0.5472222222222223
-0.6944444444444444
-0.6777777777777778
-0.48611111111111116
-0.6777777777777778
-0.6555555555555556
-0.6027777777777777
-0.725
-0.8388888888888889
-0.9583333333333333
-0.4611111111111111
-0.4305555555555555
-0.8194444444444444
-0.725
-0.5944444444444444
-0.7833333333333333
-0.6611111111111111
-0.19444444444444448
-0.725
-0.5111111111111112
-0.3416666666666667
-0.6249999999999999
-0.36666666666666664
-0.8833333333333334
-0.6583333333333333
-0.5333333333333333
-0.16944444444444445
-0.26111111111111107
-0.23888888888888885
-0.7583333333333333
-0.7861111111111111
-0.5583333333333333
-0.6166666666666667
-0.6166666666666666
-0.48611111111111105
-0.8
-0.5138888888888888
-0.5416666666666667
-0.4916666666666667
-0.7222222222222221
-0.7388888888888888
-0.28055555555555556
-0.6666666666666666
-0.6444444444444445
-0.6583333333333333
-0.6472222222222223
-0.7972222222222223
-0.8194444444444444
-0.5138888888888888
-0.7444444444444444
-0.5805555555555555
-0.2
-0.9388888888888889
-0.6083333333333333
-0.6805555555555556
-0.7472222222222222
-0.6666666666666667
-0.7333333333333333
-0.6888888888888889
-0.7027777777777777
-0.31666666666666665
-0.5361111111111111
-0.7916666666666667
-0.6777777777777778
-0.5861111111111111
-0.736111111111111
-0.08333333333333334
-0.7055555555555555
-0.7861111111111111
-0.7722222222222224
-0.1638888888888889
-0.7444444444444446
-0.8
-0.5722222222222222
-0.15
-0.875
-0.6138888888888888
