-0.4416666666666666
-0.7833333333333334
-0.6527777777777778
-0.31111111111111117
-0.8472222222222221
-0.8333333333333333
-0.5694444444444444
-0.5555555555555556
-0.08611111111111111
-0.37222222222222223
-0.26944444444444443
-0.6
-0.7861111111111112
-0.16388888888888892
-0.27222222222222225
-0.09722222222222224
-0.8277777777777778
-0.35555555555555557
0.11944444444444444
-0.43888888888888883
0.35833333333333334
-0.45
-0.02499999999999999
-0.5666666666666667
-0.10833333333333335
-0.2916666666666667
-0.25
-0.23888888888888887
-0.3611111111111111
-0.663888888888889
-0.6527777777777779
-0.11944444444444446
-0.18055555555555552
-0.8305555555555555
-0.36944444444444446
-0.39444444444444443
-0.6166666666666666
0.2361111111111111
-0.45555555555555555
-0.45555555555555555
-0.39722222222222225
-0.12222222222222223
-0.4916666666666666
-0.663888888888889
-0.5888888888888888
-0.075
-0.6888888888888889
-0.6277777777777778
-0.008333333333333335
-0.5416666666666666
-0.18055555555555555
-0.4527777777777778
-0.8222222222222223
-0.21388888888888888
-0.4722222222222222
-0.6805555555555556
-0.6888888888888889
-0.03333333333333333
-0.25833333333333336
-0.5166666666666667
-0.5083333333333333
-0.538888888888889
-0.4
-0.175
0.019444444444444438
-0.5861111111111111
-0.5888888888888889
-0.7277777777777779
-0.6972222222222222
-0.27222222222222225
-0.43611111111111106
-0.225
-0.08611111111111111
-0.5666666666666667
-0.6555555555555556
-0.17777777777777776
-0.625
-0.5027777777777777
-0.5527777777777778
0.14166666666666666
-0.55
-0.22222222222222224
-0.3861111111111111
-0.8583333333333334
-0.6277777777777779
-0.4916666666666666
-0.8416666666666666
-0.5
-0.7111111111111111
-0.4972222222222221
-0.2888888888888889
-0.3555555555555555
0.008333333333333331
-0.13611111111111113
-0.5583333333333333
-0.6777777777777778
