0.20555555555555555
-0.01111111111111111
0.5666666666666667
0.3277777777777778
0.4416666666666666
0.08611111111111111
0.3027777777777777
0.5083333333333334
-0.22499999999999995
0.6888888888888889
0.836111111111111
0.09444444444444444
0.5527777777777778
-0.04722222222222223
0.6416666666666667
0.8944444444444445
-0.16111111111111112
0.6555555555555556
0.024999999999999994
0.3388888888888889
0.7888888888888889
0.5416666666666666
0.6694444444444444
0.7111111111111111
0.3166666666666667
0.8
0.45
0.975
0.08888888888888889
0.7694444444444444
0.26944444444444443
0.7833333333333334
0.5888888888888888
0.3666666666666667
0.6416666666666667
0.788888888888889
0.18055555555555558
0.65
0.875
0.43888888888888883
-0.05555555555555556
0.9777777777777779
0.022222222222222227
0.2638888888888889
0.08611111111111111
0.5833333333333333
0.5277777777777779
0.030555555555555558
0.26111111111111107
0.10833333333333332
0.6805555555555556
0.913888888888889
0.9666666666666666
0.788888888888889
-0.055555555555555546
0.42777777777777776
-0.6
0.75
-0.11944444444444444
0.22777777777777777
0.7055555555555555
0.24722222222222223
0.07777777777777778
0.05555555555555556
0.6055555555555555
0.525
0.48611111111111105
0.11666666666666665
0.19166666666666668
0.45
0.8638888888888889
0.18333333333333335
0.8277777777777778
0.8861111111111111
0.5916666666666666
0.775
1.0
0.8194444444444444
0.7972222222222222
-0.06944444444444445
0.18611111111111112
0.9722222222222221
0.9666666666666668
0.9361111111111111
-0.23055555555555554
0.9694444444444444
0.8583333333333334
0.6694444444444445
0.26944444444444443
-0.125
0.1388888888888889
0.49444444444444446
0.5138888888888888
0.6555555555555556
0.15555555555555556
0.5694444444444444
