-0.19722222222222222
0.7583333333333333
0.26666666666666666
0.9111111111111112
-0.12777777777777777
0.875
0.45
0.9083333333333334
0.9305555555555556
0.6083333333333333
0.025000000000000005
0.19444444444444445
0.7666666666666667
0.6277777777777778
0.5777777777777777
0.5916666666666666
0.6222222222222221
0.7222222222222222
0.3194444444444445
0.8166666666666668
0.8638888888888889
0.7861111111111112
-0.06944444444444445
0.525
0.9805555555555557
0.7222222222222222
0.7694444444444445
0.9333333333333332
0.14444444444444443
0.525
0.02777777777777778
0.20833333333333331
0.7333333333333333
0.25
0.9166666666666667
0.7694444444444445
0.4305555555555555
0.7972222222222222
0.8388888888888889
0.3472222222222222
0.861111111111111
-0.13055555555555556
0.6722222222222223
0.8583333333333334
0.3305555555555556
0.836111111111111
0.475
0.46944444444444444
0.46388888888888885
0.025000000000000005
0.2
0.13333333333333336
0.638888888888889
0.663888888888889
0.26666666666666666
0.9277777777777778
0.17222222222222222
0.6333333333333334
0.9361111111111111
0.3083333333333333
0.8555555555555555
0.6944444444444444
0.8305555555555555
0.9027777777777779
0.6361111111111112
-0.15
0.8777777777777779
0.11666666666666667
0.5277777777777778
0.9277777777777777
0.7083333333333334
0.9083333333333332
0.42777777777777776
0.2944444444444444
0.17222222222222222
0.8583333333333334
0.2833333333333333
0.7388888888888889
0.7694444444444444
0.225
0.7388888888888889
0.9916666666666668
0.6166666666666666
0.3
0.9944444444444445
0.9944444444444445
0.8388888888888889
0.6972222222222222
0.7805555555555556
0.3777777777777778
0.4222222222222222
0.20277777777777778
0.5833333333333334
0.3694444444444444
0.41944444444444445
0.17222222222222222
