0.9027777777777779
0.8
0.9305555555555556
1.0
0.8111111111111111
0.9694444444444447
0.6277777777777778
0.9111111111111111
0.9444444444444444
0.9138888888888888
0.9722222222222223
0.7888888888888889
0.961111111111111
1.0
0.6472222222222223
0.9527777777777778
0.9694444444444444
1.0
0.925
1.0
0.8388888888888889
1.0
0.3555555555555555
0.8777777777777777
1.0
0.9972222222222221
0.9888888888888889
0.9222222222222222
0.7194444444444444
1.0
0.9388888888888888
0.913888888888889
1.0
0.9277777777777778
0.9638888888888889
0.9722222222222221
0.9694444444444444
0.9333333333333332
1.0
0.8666666666666666
0.9388888888888889
1.0
0.9888888888888889
0.8722222222222221
1.0
0.9805555555555555
1.0
1.0
0.9777777777777779
0.913888888888889
1.0
0.9944444444444445
0.8916666666666668
0.975
0.9305555555555556
1.0
0.888888888888889
0.5833333333333334
1.0
1.0
1.0
1.0
0.9888888888888889
0.6388888888888888
0.975
0.9805555555555555
0.9
0.9916666666666668
0.49444444444444446
0.9583333333333334
0.8138888888888889
0.975
0.5833333333333334
0.9388888888888889
0.7444444444444445
0.925
0.9944444444444445
0.9277777777777778
1.0
0.8444444444444444
0.9083333333333334
0.6444444444444444
0.9416666666666668
0.8944444444444445
0.8861111111111111
0.9666666666666668
0.9
1.0
0.5472222222222223
0.9777777777777779
0.9361111111111111
0.9888888888888889
0.986111111111111
0.9555555555555555
0.49722222222222223
0.8666666666666666
