1.0
1.0
0.9805555555555555
0.986111111111111
0.9888888888888889
1.0
0.9972222222222221
1.0
1.0
1.0
0.9666666666666666
0.986111111111111
1.0
1.0
0.8388888888888889
1.0
1.0
1.0
1.0
1.0
0.888888888888889
0.9638888888888889
0.975
1.0
0.9972222222222221
0.986111111111111
0.9888888888888889
1.0
0.975
1.0
1.0
1.0
0.9944444444444445
0.9972222222222221
1.0
0.8583333333333334
1.0
0.9944444444444445
1.0
0.9972222222222221
0.9888888888888889
1.0
1.0
1.0
1.0
1.0
1.0
1.0
1.0
1.0
1.0
1.0
1.0
0.986111111111111
0.7527777777777778
0.8638888888888889
1.0
0.8722222222222223
0.961111111111111
1.0
1.0
0.9916666666666668
0.9944444444444445
1.0
0.9833333333333334
0.9972222222222221
0.9888888888888889
1.0
1.0
0.9944444444444445
0.9916666666666668
0.9972222222222221
0.85
0.986111111111111
0.9916666666666668
0.9805555555555557
1.0
0.9722222222222221
1.0
1.0
0.9944444444444445
0.9222222222222222
1.0
1.0
1.0
0.9416666666666667
0.9888888888888889
1.0
1.0
0.9416666666666667
0.9805555555555555
0.9944444444444445
1.0
1.0
1.0
0.961111111111111
