0.9194444444444445
0.7027777777777777
0.6833333333333333
0.9
1.0
0.961111111111111
0.9777777777777776
0.9888888888888889
0.9888888888888889
0.9972222222222221
0.9944444444444445
0.9916666666666668
0.975
0.9472222222222222
0.9027777777777777
0.9666666666666668
1.0
0.9805555555555555
0.9416666666666668
1.0
0.611111111111111
0.9888888888888889
0.9777777777777779
1.0
1.0
0.8805555555555555
0.9666666666666668
0.6777777777777777
0.9972222222222221
0.9888888888888889
0.9972222222222221
1.0
0.8472222222222221
1.0
1.0
0.8666666666666666
0.9222222222222222
1.0
0.9944444444444445
1.0
0.9472222222222222
1.0
1.0
0.8777777777777777
0.9638888888888889
1.0
0.9888888888888889
1.0
0.925
0.7
1.0
0.9944444444444445
1.0
0.9805555555555555
0.95
0.986111111111111
1.0
0.9833333333333332
0.9972222222222221
0.9361111111111111
1.0
0.9805555555555555
1.0
0.9666666666666668
0.986111111111111
1.0
0.8722222222222223
1.0
0.9944444444444445
0.9833333333333332
0.7555555555555555
0.925
0.9638888888888889
0.9888888888888889
1.0
1.0
0.9083333333333332
0.9972222222222221
0.975
0.8833333333333332
0.9361111111111111
1.0
1.0
0.9944444444444445
0.9027777777777779
0.9944444444444445
0.9694444444444444
0.9777777777777779
0.9944444444444445
1.0
0.8916666666666666
0.961111111111111
0.836111111111111
1.0
0.9416666666666667
1.0
