0.8805555555555549
0.8572222222222221
0.884444444444444
0.8955555555555551
0.8616666666666661
0.883333333333333
0.8949999999999992
0.8622222222222216
0.8888888888888884
0.8577777777777774
0.8922222222222218
0.8472222222222221
0.8644444444444441
0.8866666666666662
0.906666666666666
0.8638888888888883
0.8633333333333328
0.8499999999999999
0.8849999999999997
0.8655555555555553
0.8916666666666658
0.8844444444444443
0.8772222222222216
0.8761111111111106
0.8544444444444443
0.9133333333333329
0.8733333333333326
0.8911111111111107
0.8855555555555549
0.8727777777777774
0.8855555555555549
0.8672222222222217
0.910555555555555
0.8766666666666663
0.887222222222222
0.8555555555555548
0.8638888888888885
0.8805555555555551
0.883333333333333
0.8972222222222218
0.8649999999999995
0.860555555555555
0.8927777777777776
0.893888888888888
0.9027777777777771
0.8727777777777771
0.8955555555555554
0.8855555555555551
0.8694444444444442
0.8711111111111108
0.9016666666666662
0.8622222222222216
0.8899999999999995
0.8788888888888883
0.8783333333333329
0.8516666666666661
0.8822222222222219
0.8905555555555551
0.9033333333333329
0.9149999999999993
0.8772222222222221
0.8849999999999995
0.8811111111111104
0.8877777777777774
0.8738888888888884
0.881666666666666
0.8961111111111104
0.8777777777777771
0.8827777777777771
0.8627777777777778
0.8755555555555552
0.8944444444444436
0.9011111111111104
0.897222222222222
0.8677777777777773
0.8683333333333332
0.8927777777777774
0.8749999999999996
0.8677777777777774
0.8916666666666663
0.9022222222222216
0.886111111111111
0.876666666666666
0.9011111111111108
0.8927777777777773
0.877222222222222
0.8616666666666665
0.8799999999999994
0.8672222222222216
0.880555555555555
0.8616666666666661
0.8794444444444438
0.8927777777777776
0.8855555555555554
0.8561111111111107
0.869444444444444
0.8788888888888883
0.8522222222222221
0.8799999999999996
0.8833333333333332
0.844444444444444
0.8899999999999997
0.865555555555555
0.8944444444444438
0.8705555555555549
0.8844444444444437
0.8783333333333327
0.8866666666666664
0.889444444444444
0.8572222222222219
0.9083333333333325
0.8899999999999995
0.8883333333333329
0.8727777777777774
0.8877777777777773
0.8499999999999998
0.8699999999999993
0.8855555555555553
0.8816666666666663
0.8788888888888886
0.8905555555555548
0.8683333333333332
0.8716666666666666
0.885555555555555
0.8694444444444441
0.8494444444444439
0.851111111111111
0.902222222222222
