0.6666666666666672
0.6527777777777779
0.6444444444444442
0.6805555555555552
0.6488888888888888
0.6733333333333333
0.6555555555555556
0.6438888888888888
0.6805555555555556
0.6494444444444443
0.6655555555555557
0.6616666666666664
0.6266666666666669
0.5972222222222221
0.6611111111111109
0.6822222222222223
0.625
0.6549999999999997
0.6577777777777776
0.6583333333333333
0.5988888888888888
0.6827777777777777
0.6349999999999999
0.6461111111111112
0.6727777777777776
0.638333333333333
0.668888888888889
0.5811111111111111
0.7166666666666667
0.6861111111111111
0.6599999999999997
0.68
0.6861111111111111
0.6516666666666664
0.7305555555555554
0.653888888888889
0.6555555555555554
0.5933333333333332
0.6327777777777778
0.6633333333333333
0.671111111111111
0.656111111111111
0.6799999999999997
0.6416666666666664
0.6644444444444443
0.696666666666667
0.6772222222222222
0.6811111111111107
0.700555555555555
0.6527777777777777
0.663333333333333
0.6411111111111112
0.6655555555555551
0.6644444444444443
0.7066666666666663
0.6316666666666664
0.6161111111111112
0.6333333333333333
0.6155555555555556
0.6272222222222222
0.6461111111111112
0.6555555555555556
0.6716666666666664
0.6705555555555555
0.6638888888888885
0.6677777777777771
0.686111111111111
0.6794444444444442
0.6488888888888888
0.6622222222222222
0.6377777777777777
0.5999999999999998
0.6605555555555555
0.6716666666666663
0.6638888888888885
0.656111111111111
0.653333333333333
0.6744444444444444
0.6977777777777776
0.6555555555555557
0.6461111111111112
0.638333333333333
0.7066666666666664
0.7183333333333332
0.697222222222222
0.6744444444444443
0.6577777777777779
0.688333333333333
0.6811111111111111
0.6527777777777777
0.7199999999999998
0.7149999999999995
0.6094444444444443
0.6333333333333333
0.6877777777777773
0.675
0.6794444444444445
0.6805555555555555
0.678333333333333
0.6455555555555554
0.6827777777777777
0.6677777777777777
0.6272222222222219
0.613888888888889
0.6083333333333336
0.6622222222222222
0.6833333333333331
0.6699999999999998
0.6472222222222221
0.6949999999999998
0.6633333333333334
0.6911111111111109
0.6377777777777778
0.6638888888888885
0.6783333333333332
0.6694444444444444
0.6366666666666666
0.6805555555555552
0.6522222222222221
0.6861111111111109
0.6772222222222223
0.6633333333333331
0.6194444444444445
0.6022222222222223
0.6883333333333331
0.6333333333333333
0.6222222222222219
0.6399999999999998
