0.7988888888888885
0.8116666666666661
0.8422222222222215
0.8327777777777773
0.8077777777777772
0.8227777777777774
0.851666666666666
0.8249999999999997
0.8072222222222218
0.8261111111111107
0.8283333333333326
0.8222222222222219
0.8316666666666666
0.7749999999999996
0.7994444444444443
0.824444444444444
0.8133333333333327
0.7849999999999998
0.848333333333333
0.832222222222222
0.8272222222222219
0.8222222222222215
0.8383333333333328
0.8127777777777778
0.8044444444444442
0.7911111111111108
0.7911111111111108
0.8538888888888887
0.8199999999999993
0.8133333333333331
0.8472222222222218
0.820555555555555
0.7999999999999997
0.8322222222222218
0.7927777777777771
0.836666666666666
0.8055555555555555
0.8322222222222219
0.8066666666666662
0.8094444444444444
0.8461111111111107
0.8127777777777776
0.8305555555555554
0.8227777777777774
0.8399999999999994
0.8333333333333328
0.8294444444444439
0.8172222222222217
0.8372222222222219
0.8072222222222218
0.8249999999999996
0.8033333333333332
0.8255555555555552
0.7783333333333329
0.818333333333333
0.8011111111111106
0.7972222222222217
0.8133333333333329
0.7894444444444442
0.8011111111111109
0.7744444444444442
0.8061111111111107
0.8233333333333328
0.8349999999999999
0.8099999999999997
0.8277777777777772
0.8438888888888882
0.7972222222222216
0.8083333333333335
0.8077777777777776
0.8199999999999996
0.8183333333333331
0.8072222222222222
0.8216666666666661
0.823333333333333
0.7999999999999994
0.8749999999999994
0.8361111111111108
0.836666666666666
0.7905555555555555
0.7972222222222217
0.8327777777777774
0.7677777777777779
0.8288888888888883
0.8233333333333326
0.7933333333333331
0.7883333333333336
0.7766666666666664
0.7977777777777775
0.7938888888888885
0.7844444444444441
0.8416666666666666
0.7999999999999998
0.8494444444444441
0.8127777777777774
0.8455555555555548
0.833333333333333
0.8099999999999996
0.8244444444444441
0.8027777777777776
0.8072222222222217
0.7988888888888888
0.757222222222222
0.8311111111111105
0.8227777777777772
0.8299999999999996
0.8194444444444442
0.8422222222222218
0.8405555555555553
0.8349999999999994
0.8411111111111105
0.8388888888888885
0.8327777777777773
0.8027777777777775
0.8227777777777768
0.8216666666666664
0.829444444444444
0.7744444444444437
0.8483333333333327
0.807222222222222
0.8366666666666659
0.8199999999999997
0.8355555555555552
0.8088888888888885
0.8022222222222218
0.825555555555555
0.8194444444444442
0.8461111111111108
