-0.8866666666666656
-0.9266666666666659
-0.9111111111111104
-0.9127777777777769
-0.901666666666666
-0.9044444444444436
-0.8999999999999989
-0.9116666666666657
-0.9094444444444437
-0.9166666666666662
-0.9027777777777772
-0.8961111111111103
-0.9066666666666662
-0.8966666666666658
-0.895555555555555
-0.9149999999999988
-0.9055555555555547
-0.9172222222222217
-0.9061111111111105
-0.9061111111111109
-0.8988888888888882
-0.9144444444444436
-0.8866666666666658
-0.9022222222222215
-0.9083333333333329
-0.9022222222222211
-0.9199999999999993
-0.9033333333333323
-0.8983333333333328
-0.8972222222222215
-0.9044444444444437
-0.9188888888888878
-0.9249999999999993
-0.8961111111111104
-0.9061111111111102
-0.8744444444444436
-0.9022222222222213
-0.8938888888888883
-0.9244444444444436
-0.8833333333333325
-0.9205555555555551
-0.9066666666666658
-0.9055555555555547
-0.9172222222222214
-0.913888888888888
-0.911666666666666
-0.9188888888888884
-0.9177777777777772
-0.906666666666666
-0.8994444444444442
-0.9111111111111104
-0.9266666666666658
-0.8838888888888884
-0.9083333333333325
-0.9072222222222213
-0.9088888888888883
-0.8861111111111104
-0.912777777777777
-0.9083333333333325
-0.9022222222222213
-0.9011111111111104
-0.9033333333333325
-0.8911111111111104
-0.9038888888888882
-0.8949999999999995
-0.9088888888888882
-0.9249999999999992
-0.913888888888888
-0.8922222222222213
-0.9083333333333323
-0.9011111111111105
-0.8955555555555548
-0.9144444444444438
-0.9083333333333325
-0.9088888888888882
-0.9027777777777771
-0.8977777777777771
-0.926666666666666
-0.9155555555555549
-0.8822222222222219
-0.9244444444444436
-0.8983333333333324
-0.9199999999999996
-0.9205555555555546
-0.9194444444444436
-0.897777777777777
-0.9033333333333328
-0.8966666666666657
-0.891666666666666
-0.9038888888888882
-0.913888888888888
-0.8983333333333328
-0.9177777777777767
-0.9155555555555549
-0.9172222222222214
-0.9194444444444437
-0.9183333333333327
-0.9133333333333329
-0.8999999999999991
-0.9155555555555547
-0.9099999999999995
-0.9133333333333329
-0.9022222222222213
-0.8972222222222215
-0.8977777777777771
-0.8944444444444437
-0.913333333333333
-0.9188888888888883
-0.9016666666666663
-0.8966666666666662
-0.9111111111111103
-0.9161111111111101
-0.8988888888888883
-0.916666666666666
-0.9083333333333325
-0.8838888888888887
-0.8833333333333325
-0.9049999999999991
-0.9144444444444438
-0.8966666666666658
-0.8944444444444437
-0.9405555555555548
-0.9133333333333329
-0.9038888888888876
-0.9033333333333324
-0.9105555555555549
-0.8977777777777773
-0.8977777777777773
