-0.8638888888888886
-0.8155555555555551
-0.8427777777777776
-0.8438888888888885
-0.825555555555555
-0.8438888888888885
-0.8549999999999994
-0.857777777777777
-0.8377777777777774
-0.8449999999999993
-0.808333333333333
-0.8588888888888883
-0.857777777777777
-0.8383333333333326
-0.8399999999999994
-0.8538888888888881
-0.8749999999999991
-0.8327777777777773
-0.848888888888888
-0.8377777777777774
-0.8694444444444437
-0.842222222222222
-0.8538888888888881
-0.8372222222222219
-0.848888888888888
-0.8527777777777774
-0.8338888888888887
-0.8355555555555552
-0.8344444444444441
-0.8616666666666661
-0.8433333333333328
-0.851666666666666
-0.8511111111111102
-0.8327777777777774
-0.8433333333333328
-0.8249999999999998
-0.8411111111111106
-0.849444444444444
-0.8511111111111103
-0.8377777777777772
-0.8249999999999997
-0.8272222222222219
-0.8494444444444436
-0.8383333333333328
-0.8255555555555547
-0.8511111111111107
-0.836666666666666
-0.8527777777777775
-0.8283333333333327
-0.8405555555555553
-0.8405555555555552
-0.8272222222222219
-0.8588888888888886
-0.8133333333333332
-0.8622222222222214
-0.842222222222222
-0.8327777777777773
-0.841666666666666
-0.8416666666666663
-0.8388888888888882
-0.8333333333333328
-0.8016666666666664
-0.8722222222222216
-0.8077777777777773
-0.820555555555555
-0.8177777777777774
-0.8316666666666659
-0.8722222222222216
-0.8577777777777772
-0.8294444444444441
-0.8083333333333331
-0.8388888888888885
-0.8416666666666663
-0.852777777777777
-0.868888888888888
-0.8722222222222215
-0.833333333333333
-0.8416666666666659
-0.8216666666666664
-0.8411111111111108
-0.8427777777777774
-0.8299999999999996
-0.8272222222222213
-0.8411111111111107
-0.836666666666666
-0.8155555555555553
-0.8749999999999994
-0.8333333333333327
-0.8488888888888882
-0.8311111111111105
-0.838333333333333
-0.83611111111111
-0.8616666666666662
-0.837222222222222
-0.8344444444444441
-0.860555555555555
-0.8477777777777775
-0.8433333333333328
-0.8505555555555552
-0.833888888888888
-0.8133333333333329
-0.8344444444444438
-0.8311111111111101
-0.859444444444444
-0.8366666666666657
-0.8444444444444439
-0.8433333333333324
-0.8277777777777777
-0.8244444444444439
-0.8361111111111108
-0.8549999999999994
-0.8511111111111107
-0.8216666666666664
-0.8555555555555553
-0.8605555555555553
-0.8372222222222215
-0.8522222222222219
-0.8283333333333331
-0.8477777777777773
-0.8366666666666663
-0.8633333333333322
-0.865555555555555
-0.8599999999999995
-0.8072222222222217
-0.829444444444444
-0.863333333333333
-0.8355555555555552
-0.8366666666666663
