-0.8899999999999996
-0.8472222222222214
-0.8883333333333324
-0.9038888888888877
-0.8799999999999994
-0.8633333333333326
-0.8561111111111106
-0.8538888888888881
-0.8627777777777774
-0.8822222222222211
-0.8783333333333327
-0.8799999999999994
-0.8749999999999991
-0.848333333333333
-0.867777777777777
-0.891666666666666
-0.8683333333333328
-0.8566666666666659
-0.8733333333333329
-0.882222222222222
-0.8599999999999993
-0.8666666666666661
-0.8461111111111105
-0.8783333333333327
-0.8844444444444443
-0.885555555555555
-0.875555555555555
-0.8638888888888883
-0.8394444444444439
-0.8672222222222215
-0.8799999999999993
-0.8922222222222216
-0.8888888888888882
-0.8961111111111103
-0.861666666666666
-0.8711111111111102
-0.8733333333333326
-0.8783333333333324
-0.8833333333333327
-0.8599999999999991
-0.8855555555555549
-0.8855555555555548
-0.8616666666666662
-0.8766666666666656
-0.8905555555555549
-0.8772222222222219
-0.8783333333333325
-0.8694444444444437
-0.8966666666666658
-0.8772222222222211
-0.8838888888888883
-0.8761111111111107
-0.8583333333333327
-0.881666666666666
-0.8772222222222211
-0.895555555555555
-0.892777777777777
-0.8533333333333327
-0.8588888888888878
-0.8838888888888883
-0.8633333333333328
-0.8655555555555545
-0.8733333333333326
-0.8783333333333327
-0.8811111111111103
-0.8855555555555545
-0.8722222222222215
-0.8866666666666662
-0.8788888888888882
-0.8788888888888884
-0.8611111111111106
-0.8633333333333327
-0.8688888888888886
-0.852777777777777
-0.8566666666666659
-0.850555555555555
-0.8805555555555548
-0.8744444444444435
-0.8772222222222216
-0.8694444444444436
-0.8855555555555549
-0.888888888888888
-0.8644444444444439
-0.8905555555555548
-0.8766666666666657
-0.8811111111111103
-0.8688888888888883
-0.8805555555555548
-0.8761111111111102
-0.8927777777777771
-0.8838888888888883
-0.8577777777777773
-0.8544444444444439
-0.8911111111111104
-0.8855555555555545
-0.8755555555555545
-0.8683333333333327
-0.8461111111111108
-0.8816666666666658
-0.8577777777777774
-0.8772222222222212
-0.8911111111111104
-0.8588888888888883
-0.8661111111111106
-0.8666666666666658
-0.8899999999999991
-0.888888888888888
-0.846666666666666
-0.8883333333333325
-0.857222222222222
-0.8555555555555546
-0.891666666666666
-0.8644444444444437
-0.8683333333333327
-0.8838888888888882
-0.8722222222222216
-0.8611111111111107
-0.8661111111111106
-0.8577777777777773
-0.8794444444444437
-0.8666666666666661
-0.874999999999999
-0.8861111111111104
-0.8711111111111106
-0.861666666666666
-0.8605555555555552
-0.8988888888888884
-0.883333333333333
