-0.7200000000000004
-0.7316666666666666
-0.7583333333333333
-0.7133333333333333
-0.7283333333333332
-0.7583333333333327
-0.7600000000000001
-0.7499999999999999
-0.757777777777778
-0.766111111111111
-0.7699999999999996
-0.743333333333333
-0.7277777777777775
-0.7411111111111112
-0.7049999999999996
-0.792222222222222
-0.763333333333333
-0.7455555555555553
-0.707777777777778
-0.7149999999999995
-0.7427777777777774
-0.7527777777777774
-0.7577777777777776
-0.73
-0.7444444444444442
-0.7044444444444445
-0.7166666666666666
-0.7294444444444445
-0.7294444444444443
-0.7422222222222223
-0.7711111111111112
-0.7394444444444442
-0.7661111111111112
-0.737222222222222
-0.7688888888888886
-0.7416666666666666
-0.7322222222222223
-0.7483333333333333
-0.7416666666666663
-0.7483333333333327
-0.7677777777777779
-0.7744444444444443
-0.7038888888888889
-0.7555555555555555
-0.7205555555555556
-0.7516666666666665
-0.7366666666666665
-0.7133333333333333
-0.7205555555555553
-0.7216666666666666
-0.6988888888888889
-0.7244444444444444
-0.7944444444444443
-0.7533333333333333
-0.7522222222222221
-0.7472222222222222
-0.7349999999999994
-0.7466666666666666
-0.7199999999999998
-0.7672222222222225
-0.7344444444444446
-0.7277777777777775
-0.718888888888889
-0.7544444444444441
-0.7066666666666666
-0.7372222222222219
-0.7366666666666666
-0.696111111111111
-0.7372222222222221
-0.7344444444444445
-0.7544444444444447
-0.7149999999999999
-0.7455555555555554
-0.7577777777777773
-0.7427777777777778
-0.7311111111111112
-0.6888888888888887
-0.727222222222222
-0.7199999999999999
-0.778333333333333
-0.736111111111111
-0.746111111111111
-0.7516666666666665
-0.75
-0.7316666666666669
-0.7361111111111107
-0.7322222222222224
-0.7799999999999997
-0.741666666666666
-0.7683333333333333
-0.7233333333333333
-0.7672222222222218
-0.7261111111111108
-0.7494444444444442
-0.7561111111111108
-0.7416666666666666
-0.7455555555555554
-0.7277777777777775
-0.6988888888888884
-0.7455555555555553
-0.7416666666666666
-0.7272222222222225
-0.7505555555555553
-0.758888888888889
-0.748888888888889
-0.7416666666666663
-0.7244444444444443
-0.7611111111111107
-0.7577777777777777
-0.7083333333333333
-0.7572222222222219
-0.8033333333333332
-0.7333333333333332
-0.7305555555555552
-0.7172222222222224
-0.7288888888888891
-0.7711111111111107
-0.7494444444444442
-0.7594444444444441
-0.7411111111111107
-0.7350000000000001
-0.707222222222222
-0.7227777777777777
-0.7644444444444441
-0.7127777777777774
-0.707777777777778
-0.7305555555555554
-0.7455555555555554
