-0.9222222222222216
-0.9294444444444436
-0.9233333333333329
-0.9155555555555546
-0.9049999999999992
-0.9161111111111105
-0.9216666666666659
-0.9016666666666663
-0.8949999999999995
-0.9244444444444438
-0.8949999999999992
-0.9266666666666659
-0.9094444444444438
-0.9122222222222214
-0.9166666666666662
-0.9172222222222214
-0.9127777777777771
-0.9161111111111101
-0.9283333333333325
-0.927777777777777
-0.9033333333333328
-0.9144444444444437
-0.9111111111111103
-0.9127777777777772
-0.9094444444444436
-0.9144444444444438
-0.921666666666666
-0.9061111111111104
-0.9077777777777769
-0.9011111111111108
-0.8955555555555545
-0.9172222222222217
-0.9155555555555547
-0.907777777777777
-0.9083333333333328
-0.8988888888888884
-0.9122222222222216
-0.9094444444444434
-0.9288888888888883
-0.9288888888888881
-0.9044444444444437
-0.9049999999999995
-0.9144444444444436
-0.9188888888888879
-0.916666666666666
-0.9166666666666663
-0.9038888888888882
-0.9238888888888881
-0.9172222222222214
-0.9022222222222216
-0.9272222222222213
-0.905555555555555
-0.9227777777777768
-0.927777777777777
-0.9322222222222212
-0.9011111111111104
-0.930555555555555
-0.9183333333333326
-0.9233333333333327
-0.9061111111111105
-0.8977777777777769
-0.9122222222222217
-0.9233333333333329
-0.921666666666666
-0.9305555555555547
-0.9138888888888882
-0.9161111111111103
-0.9161111111111108
-0.8988888888888883
-0.9199999999999995
-0.8988888888888882
-0.9183333333333329
-0.9222222222222214
-0.923888888888888
-0.901666666666666
-0.9072222222222213
-0.9216666666666657
-0.9294444444444439
-0.9072222222222216
-0.912777777777777
-0.919444444444444
-0.9222222222222218
-0.9022222222222213
-0.915555555555555
-0.9188888888888879
-0.8883333333333325
-0.9272222222222213
-0.9161111111111103
-0.9055555555555549
-0.9183333333333327
-0.9227777777777775
-0.9149999999999993
-0.9244444444444436
-0.9088888888888882
-0.9144444444444437
-0.9205555555555547
-0.8988888888888884
-0.9094444444444436
-0.9005555555555547
-0.9144444444444437
-0.9172222222222216
-0.9183333333333329
-0.9205555555555546
-0.9205555555555549
-0.9199999999999995
-0.8933333333333328
-0.9199999999999992
-0.9361111111111106
-0.910555555555555
-0.9211111111111101
-0.8905555555555551
-0.9105555555555547
-0.9311111111111104
-0.8999999999999991
-0.9294444444444436
-0.9311111111111107
-0.929999999999999
-0.9144444444444437
-0.9222222222222217
-0.9088888888888882
-0.9333333333333326
-0.9216666666666662
-0.9277777777777771
-0.9177777777777769
-0.9183333333333326
-0.9211111111111104
-0.9188888888888883
-0.9022222222222218
