-0.9805555555555552
-0.9733333333333328
-0.973333333333333
-0.9722222222222215
-0.977222222222222
-0.9705555555555552
-0.9788888888888885
-0.9716666666666662
-0.9738888888888885
-0.9633333333333328
-0.9688888888888886
-0.9694444444444439
-0.9761111111111108
-0.9794444444444441
-0.9627777777777773
-0.9694444444444441
-0.9749999999999994
-0.9727777777777775
-0.978333333333333
-0.9716666666666661
-0.9672222222222218
-0.9733333333333327
-0.9666666666666665
-0.978333333333333
-0.9655555555555554
-0.9688888888888885
-0.9699999999999995
-0.975555555555555
-0.9716666666666661
-0.964444444444444
-0.9749999999999995
-0.9683333333333332
-0.9749999999999995
-0.9744444444444439
-0.9783333333333328
-0.9738888888888886
-0.968333333333333
-0.9638888888888885
-0.9661111111111107
-0.9688888888888885
-0.9749999999999994
-0.9727777777777773
-0.9738888888888886
-0.971666666666666
-0.9761111111111107
-0.9727777777777774
-0.9694444444444439
-0.966666666666666
-0.9677777777777772
-0.9727777777777774
-0.969444444444444
-0.9749999999999995
-0.969444444444444
-0.9677777777777772
-0.9683333333333328
-0.964444444444444
-0.9649999999999994
-0.979444444444444
-0.9633333333333327
-0.9733333333333328
-0.9638888888888885
-0.968333333333333
-0.9633333333333328
-0.975555555555555
-0.9733333333333328
-0.9688888888888885
-0.959444444444444
-0.9688888888888882
-0.979444444444444
-0.9683333333333328
-0.9622222222222219
-0.974444444444444
-0.961666666666666
-0.9738888888888885
-0.9727777777777773
-0.9672222222222218
-0.9649999999999993
-0.9738888888888885
-0.9711111111111106
-0.9749999999999995
-0.976111111111111
-0.9666666666666663
-0.9755555555555552
-0.9711111111111107
-0.9716666666666662
-0.9772222222222219
-0.9738888888888885
-0.9672222222222218
-0.9755555555555552
-0.974444444444444
-0.9761111111111107
-0.9727777777777773
-0.9761111111111107
-0.9649999999999994
-0.9755555555555552
-0.974444444444444
-0.9699999999999994
-0.9722222222222215
-0.9649999999999994
-0.9861111111111107
-0.9788888888888886
-0.9711111111111107
-0.9705555555555552
-0.9711111111111105
-0.969444444444444
-0.9683333333333328
-0.9749999999999998
-0.9827777777777775
-0.9733333333333328
-0.9755555555555552
-0.9811111111111108
-0.9638888888888885
-0.973333333333333
-0.969444444444444
-0.972222222222222
-0.9722222222222218
-0.9749999999999994
-0.966666666666666
-0.968333333333333
-0.9649999999999995
-0.970555555555555
-0.9649999999999994
-0.9683333333333328
-0.9611111111111108
-0.9799999999999995
-0.9627777777777773
-0.9755555555555552
-0.9738888888888885
